2000
494	36	0.36593
301	68	0.536515
418	44	0.405778
171	5	0.0795453
293	2	0.167167
112	86	0.974392
367	36	0.67229
55	3	0.0678645
407	106	0.262662
378	17	0.631433
51	14	0.590174
336	25	0.776168
219	96	0.725307
421	38	0.335583
272	0	0.128014
190	118	0.866895
378	15	0.0479259
469	239	0.659866
201	134	0.97678
425	254	0.91748
143	42	0.55451
226	115	0.917936
210	38	0.668211
296	75	0.633812
106	4	0.153449
280	94	0.535247
205	18	0.784093
143	9	0.78236
360	37	0.211985
149	98	0.87248
314	10	0.200071
198	46	0.619234
265	12	0.0644079
172	116	0.717665
243	8	0.191924
75	28	0.804736
498	313	0.745823
61	3	0.971698
458	47	0.887953
408	17	0.111239
290	79	0.386363
191	65	0.556672
280	121	0.485411
241	23	0.675974
444	41	0.165347
80	27	0.611136
95	6	0.408457
217	16	0.880468
320	15	0.150859
245	16	0.899903
258	28	0.19451
118	8	0.474951
381	239	0.906989
282	81	0.324433
200	115	0.921617
124	60	0.764042
344	16	0.796159
397	11	0.934057
326	8	0.0739342
387	163	0.909888
114	1	0.0987859
399	226	0.937721
341	100	0.402707
481	92	0.191507
346	217	0.934664
398	82	0.524345
444	30	0.381597
326	60	0.976696
310	0	0.286313
416	298	0.730823
453	67	0.163483
500	379	0.785725
98	24	0.340797
214	84	0.939918
415	245	0.872044
347	3	0.0318253
487	92	0.241477
271	1	0.0103184
332	136	0.502812
102	3	0.630078
186	19	0.151286
408	86	0.273452
242	35	0.153692
432	78	0.377678
430	215	0.930853
191	109	0.891058
326	66	0.300241
143	56	0.965639
489	134	0.588485
402	206	0.807608
187	141	0.868935
213	2	0.0880033
130	62	0.506021
478	61	0.7842
173	22	0.390323
277	30	0.17743
244	90	0.897792
191	104	0.871528
452	93	0.254156
70	1	0.0184803
364	156	0.572182
101	9	0.465471
195	19	0.904371
424	22	0.0660842
209	31	0.178446
135	5	0.901256
444	239	0.651913
310	3	0.0650872
61	3	0.268331
473	59	0.494495
417	124	0.442952
350	189	0.70481
342	209	0.71365
132	55	0.756831
274	83	0.656142
500	81	0.755563
128	39	0.706672
169	106	0.696105
317	18	0.974771
320	77	0.579686
399	199	0.899568
71	0	0.221489
263	66	0.632027
228	84	0.401152
357	71	0.212063
308	3	0.96041
424	139	0.639412
70	0	0.198475
126	120	0.976141
331	63	0.950274
438	43	0.100958
280	1	0.154308
171	43	0.741569
324	23	0.492569
205	53	0.427557
80	3	0.298445
365	17	0.111207
362	25	0.106067
61	3	0.231668
491	131	0.643833
248	14	0.144701
381	54	0.638401
64	1	0.178192
380	108	0.729633
495	30	0.909086
183	94	0.883511
307	61	0.555446
229	127	0.675493
57	28	0.519212
409	132	0.518248
199	65	0.497084
474	20	0.786646
180	102	0.570513
384	64	0.182955
371	121	0.894336
388	148	0.501558
181	22	0.40262
301	65	0.320039
195	41	0.253736
314	5	0.0335427
137	38	0.39408
460	38	0.394159
426	110	0.38907
476	3	0.935583
334	190	0.866365
205	38	0.483858
234	83	0.962856
317	13	0.13142
159	88	0.715806
200	12	0.48964
238	47	0.440332
443	147	0.371575
441	83	0.297502
432	157	0.952768
99	13	0.14497
134	30	0.882687
389	132	0.415397
107	16	0.253987
386	10	0.296678
317	160	0.73432
443	1	0.0175436
119	31	0.440616
108	68	0.794925
289	135	0.948516
181	28	0.42497
349	36	0.166443
92	2	0.415083
131	16	0.203899
69	4	0.249185
458	340	0.775322
166	33	0.199796
151	17	0.183189
110	6	0.0945704
495	8	0.401145
448	47	0.205276
205	67	0.550031
120	34	0.932311
168	14	0.396714
176	1	0.0346905
343	15	0.412417
100	0	0.0138795
96	7	0.750077
217	67	0.968468
499	43	0.129753
134	6	0.33793
443	58	0.940345
480	297	0.838628
267	15	0.058666
129	53	0.555053
452	129	0.968529
246	21	0.813111
302	64	0.690028
190	155	0.941268
401	146	0.469445
377	69	0.723808
100	5	0.0678616
419	20	0.20583
407	199	0.550182
244	0	0.0247132
387	40	0.428427
488	274	0.641776
230	9	0.700332
255	72	0.676718
334	78	0.31491
116	2	0.669789
202	9	0.0834513
306	43	0.238618
134	3	0.214733
98	35	0.439074
331	137	0.669208
399	37	0.524896
397	14	0.0829606
132	95	0.802157
148	42	0.352048
321	80	0.635274
185	48	0.582565
109	13	0.987577
325	14	0.25247
359	11	0.0477917
381	31	0.223527
467	13	0.153916
76	2	0.144882
136	31	0.783884
442	119	0.511763
380	259	0.924626
353	36	0.28654
342	165	0.560946
117	19	0.397491
233	50	0.536688
431	19	0.0873008
273	113	0.648433
479	108	0.57058
337	178	0.906314
280	27	0.132968
65	1	0.845097
113	17	0.212291
407	159	0.763423
182	32	0.644568
496	119	0.676203
75	44	0.917542
125	15	0.133959
378	86	0.436633
233	139	0.838189
446	150	0.56501
387	17	0.477614
479	127	0.713944
231	37	0.32148
462	57	0.712731
209	67	0.683507
325	152	0.757115
226	12	0.225458
285	125	0.812392
343	98	0.670647
201	125	0.852144
455	254	0.656809
214	94	0.760779
434	32	0.855491
239	139	0.919957
129	0	0.732262
260	37	0.266955
342	68	0.963543
472	134	0.292099
193	42	0.712275
129	24	0.383485
309	31	0.559915
330	76	0.925988
466	254	0.740184
286	38	0.174056
339	5	0.0614088
434	215	0.743145
87	20	0.296606
176	8	0.797933
56	1	0.0777681
247	27	0.498714
259	12	0.0685734
241	96	0.751193
83	9	0.41323
311	16	0.101264
111	5	0.221377
102	3	0.492855
282	61	0.263791
203	0	0.0103632
195	23	0.128356
418	33	0.528756
156	49	0.587864
95	28	0.302811
457	76	0.658697
117	23	0.565424
204	2	0.0805447
125	36	0.698096
72	0	0.968941
499	135	0.683906
468	21	0.055491
215	63	0.788636
262	2	0.0288835
151	36	0.668663
411	55	0.165791
424	50	0.502995
441	158	0.468759
466	100	0.399595
465	7	0.248128
197	44	0.57303
464	97	0.294829
499	28	0.110056
87	15	0.322584
459	141	0.454502
218	21	0.109861
95	16	0.18885
290	69	0.817333
113	0	0.101295
361	2	0.0793337
426	88	0.762643
191	22	0.3309
57	28	0.96561
331	68	0.391782
327	255	0.928098
110	24	0.643518
68	1	0.0301357
359	280	0.859154
246	46	0.254657
257	105	0.663173
497	23	0.955479
223	9	0.618685
178	0	0.58346
258	134	0.971888
487	91	0.193303
496	20	0.350372
391	25	0.11014
143	27	0.587639
69	22	0.947597
439	20	0.0932918
434	13	0.566547
395	110	0.332338
497	0	0.0131293
339	3	0.593675
132	16	0.405246
287	133	0.83957
477	62	0.647556
344	24	0.39017
454	272	0.625702
492	113	0.841656
77	0	0.556593
155	18	0.464492
337	179	0.582384
313	198	0.798282
162	55	0.722244
91	1	0.882391
407	287	0.776237
456	187	0.545802
276	190	0.693695
422	58	0.232019
283	97	0.75564
88	37	0.687054
432	8	0.040485
340	1	0.371282
118	34	0.557702
231	129	0.593636
382	42	0.237393
54	3	0.13406
182	60	0.450856
380	23	0.656966
73	9	0.926335
323	105	0.419285
237	45	0.194685
471	36	0.340862
336	27	0.942275
69	51	0.796915
205	132	0.890903
285	174	0.618531
440	188	0.718046
326	41	0.243604
385	0	0.0633228
290	176	0.787098
450	87	0.86721
353	256	0.752504
292	40	0.275053
339	248	0.826248
195	97	0.97897
117	9	0.39282
306	68	0.441156
449	20	0.256372
469	293	0.756835
243	57	0.296464
323	59	0.488082
334	197	0.674461
240	39	0.184708
210	39	0.266355
124	40	0.902375
244	74	0.529978
393	235	0.724152
330	29	0.115513
398	82	0.219326
399	158	0.691253
408	2	0.031061
70	17	0.976144
91	34	0.45979
350	70	0.213975
154	87	0.952016
468	3	0.0546391
495	226	0.616509
440	120	0.317381
88	11	0.249183
279	145	0.721288
225	2	0.123287
314	139	0.776577
255	20	0.108238
250	129	0.55305
194	58	0.502944
148	22	0.572084
361	157	0.454779
142	10	0.147194
483	314	0.749605
448	167	0.773233
274	18	0.18805
453	391	0.949816
445	0	0.0208986
171	74	0.884077
52	1	0.468067
371	128	0.562687
392	88	0.553792
305	69	0.2936
56	3	0.1825
112	21	0.298362
292	84	0.358685
289	21	0.120096
228	1	0.220638
205	11	0.672094
428	112	0.795764
221	181	0.983499
73	42	0.947576
193	19	0.89492
155	56	0.830025
403	80	0.340606
327	18	0.338778
403	17	0.493975
100	11	0.23066
477	235	0.923461
471	249	0.811563
307	23	0.236313
447	414	0.94968
365	271	0.876327
238	8	0.219514
364	33	0.318773
442	20	0.152632
141	81	0.849111
464	27	0.158267
298	21	0.147227
469	16	0.210916
60	3	0.846742
264	52	0.33126
292	227	0.850298
428	81	0.297156
86	7	0.379558
384	30	0.301699
498	20	0.923053
276	204	0.878522
240	46	0.20011
108	31	0.330197
341	16	0.0518092
248	85	0.408064
395	254	0.967245
452	14	0.231799
371	40	0.282955
415	183	0.607182
380	218	0.592916
136	45	0.426224
404	0	0.254192
114	40	0.677312
215	45	0.334727
101	72	0.824091
428	166	0.63336
365	2	0.0234876
380	29	0.127874
186	125	0.874544
464	38	0.254993
124	43	0.40714
241	13	0.832937
370	12	0.131316
375	86	0.835079
75	10	0.157287
257	22	0.26451
265	4	0.150971
222	106	0.533129
465	113	0.502475
401	179	0.745649
294	5	0.475096
251	82	0.44625
271	4	0.214643
121	9	0.361611
167	25	0.760058
134	47	0.691184
133	38	0.460451
428	91	0.512458
360	17	0.430423
53	27	0.644288
261	27	0.219519
76	59	0.842615
472	132	0.793948
300	6	0.092245
146	55	0.534205
106	1	0.29023
237	6	0.37215
441	247	0.823209
418	133	0.710338
421	113	0.538257
313	140	0.646849
472	15	0.0411518
264	106	0.640432
137	63	0.693246
282	47	0.275226
316	278	0.911432
272	1	0.0655497
56	0	0.271793
224	88	0.58197
267	118	0.604839
146	18	0.510612
326	2	0.291276
200	3	0.284958
487	183	0.791771
386	127	0.420644
378	78	0.380849
379	32	0.839725
59	0	0.164468
145	7	0.76847
467	136	0.486604
203	64	0.448115
85	22	0.709138
229	34	0.455809
447	12	0.0524672
240	13	0.738198
280	97	0.987228
355	77	0.429585
208	124	0.773441
100	1	0.10827
327	127	0.910796
463	234	0.964409
244	55	0.559388
188	177	0.988506
440	328	0.84314
135	37	0.463405
126	33	0.732264
188	0	0.0686819
414	32	0.468779
224	10	0.921831
463	100	0.269193
476	57	0.375887
263	69	0.374339
282	70	0.673968
437	220	0.674019
359	100	0.894056
407	316	0.853619
276	184	0.899324
90	26	0.481347
225	12	0.171121
290	48	0.422104
112	38	0.837113
174	15	0.0976433
135	28	0.327397
93	15	0.394092
309	30	0.895205
137	26	0.468429
154	58	0.961059
342	27	0.243873
148	81	0.745139
68	13	0.500728
236	8	0.818881
500	5	0.0423816
356	1	0.0120287
105	72	0.708399
127	84	0.805138
51	7	0.363445
337	1	0.121175
438	20	0.0749498
357	280	0.843851
464	33	0.0872211
165	3	0.0411351
339	57	0.765686
314	5	0.0429173
250	41	0.320735
111	13	0.811637
370	203	0.707955
241	90	0.7142
475	109	0.300122
91	19	0.972783
139	75	0.651648
238	6	0.0859573
317	150	0.643581
81	43	0.90879
252	38	0.222967
240	3	0.554883
186	70	0.417689
401	102	0.322492
293	115	0.841233
461	179	0.622399
442	223	0.582355
409	97	0.360511
351	25	0.329626
198	191	0.975378
214	41	0.596939
395	17	0.401107
98	10	0.287989
448	11	0.126985
365	85	0.825188
221	5	0.197383
131	58	0.541424
199	10	0.22544
370	17	0.593719
337	55	0.296151
293	81	0.290254
220	27	0.254715
272	41	0.506192
252	6	0.0514925
326	7	0.0409918
175	13	0.46637
460	71	0.198095
173	44	0.286872
397	30	0.0763207
364	93	0.880533
113	36	0.740579
144	2	0.337118
227	66	0.525791
372	29	0.388528
165	148	0.942752
174	31	0.609992
365	32	0.303168
221	105	0.590645
91	6	0.600268
152	44	0.617811
300	84	0.317854
378	192	0.642913
247	43	0.217775
364	14	0.084492
497	361	0.918199
369	41	0.515193
266	11	0.0712949
436	96	0.254173
265	53	0.772563
245	51	0.68078
273	146	0.795806
333	79	0.288876
254	25	0.106164
152	25	0.553176
288	51	0.208417
314	5	0.0164419
421	51	0.580419
458	18	0.0845287
362	45	0.334093
135	109	0.878966
107	5	0.183778
138	63	0.863249
302	151	0.934365
244	10	0.842563
391	3	0.461082
249	115	0.693306
471	29	0.709694
220	10	0.307994
394	27	0.302635
109	75	0.712364
52	18	0.551354
232	67	0.328934
155	97	0.789118
272	85	0.386587
227	38	0.258013
291	117	0.954752
435	34	0.879458
224	46	0.365222
276	25	0.339839
398	272	0.947324
349	19	0.0685729
161	42	0.453583
106	13	0.133238
443	48	0.593245
307	12	0.0543793
480	77	0.492798
468	53	0.149703
486	1	0.120863
183	66	0.917786
279	174	0.702164
51	8	0.321429
82	41	0.877938
432	115	0.762396
441	355	0.918305
275	46	0.662855
287	59	0.474277
417	162	0.652796
63	28	0.545328
264	30	0.822276
295	18	0.447885
57	31	0.816569
80	47	0.789895
472	85	0.193389
182	6	0.774093
285	112	0.547628
341	166	0.614316
422	145	0.595011
92	13	0.260114
71	21	0.673963
308	31	0.498425
132	8	0.405243
317	14	0.486071
263	10	0.267186
220	7	0.550816
329	245	0.808115
250	17	0.117831
84	21	0.796371
85	25	0.644021
51	6	0.345379
66	16	0.242826
184	86	0.775233
170	130	0.778
300	2	0.0691664
93	24	0.374105
324	2	0.145224
253	97	0.571488
386	7	0.0458585
438	8	0.0327765
149	65	0.792654
84	0	0.3113
351	90	0.746548
122	31	0.43207
131	106	0.920738
403	11	0.202496
398	151	0.456806
428	23	0.118222
304	49	0.276707
418	31	0.789756
434	136	0.36253
111	12	0.148658
459	19	0.398345
491	160	0.497257
276	20	0.649371
158	57	0.476114
468	173	0.881026
148	28	0.625617
331	290	0.934883
94	36	0.467989
58	26	0.592457
262	48	0.532751
103	7	0.0812393
282	45	0.583798
472	124	0.620504
178	117	0.964998
207	129	0.812883
421	325	0.860538
494	250	0.855044
309	81	0.4076
64	9	0.528716
485	49	0.176817
109	36	0.533517
462	129	0.340242
217	89	0.706003
179	67	0.848104
371	34	0.590793
290	19	0.757754
302	133	0.482501
444	275	0.698584
365	148	0.775399
253	27	0.830344
164	19	0.232354
372	175	0.509384
483	425	0.882185
338	66	0.275736
57	4	0.601333
322	7	0.0457829
98	12	0.415357
332	171	0.9731
309	7	0.517811
329	95	0.675167
186	96	0.571756
52	1	0.336878
369	152	0.957535
309	119	0.932163
128	2	0.0232334
370	21	0.751445
472	230	0.880957
245	92	0.986498
444	30	0.136671
57	19	0.628229
68	1	0.0198317
222	100	0.491164
119	10	0.145852
57	9	0.420694
299	0	0.644639
222	1	0.0234259
450	303	0.70904
328	61	0.828162
416	110	0.374968
361	26	0.212678
489	212	0.525282
275	10	0.574913
379	1	0.0214744
160	10	0.309903
366	103	0.499916
441	98	0.495289
54	32	0.663671
98	32	0.935234
460	6	0.235024
355	165	0.599077
261	27	0.260616
328	107	0.349989
221	103	0.535082
445	72	0.454628
472	83	0.963947
54	3	0.170657
301	118	0.860704
139	39	0.958856
255	3	0.0325097
86	52	0.777072
310	47	0.604792
467	152	0.535972
98	22	0.984881
67	6	0.246803
114	19	0.392864
434	2	0.0311735
458	62	0.365063
334	43	0.75395
83	14	0.287243
352	38	0.265131
190	66	0.405354
401	239	0.783094
472	12	0.0482631
419	21	0.060633
411	51	0.303655
447	69	0.200526
485	4	0.0729556
382	60	0.218232
366	193	0.608799
447	11	0.273084
465	150	0.70446
488	26	0.18409
61	7	0.503127
214	12	0.0578414
398	8	0.036416
53	16	0.565181
170	67	0.474572
243	14	0.521315
411	100	0.654823
453	212	0.53386
142	58	0.89694
276	236	0.975466
127	41	0.434238
105	46	0.657183
326	53	0.403934
417	18	0.747804
97	70	0.79855
139	2	0.100361
152	26	0.407325
219	40	0.23203
264	57	0.366971
283	102	0.618253
168	13	0.676931
201	123	0.774222
92	16	0.330889
207	92	0.659863
233	76	0.485864
288	65	0.594107
352	76	0.482748
393	44	0.695752
58	10	0.329878
362	65	0.31146
51	8	0.912144
480	181	0.460029
112	13	0.364457
430	59	0.719368
423	60	0.305795
221	32	0.812084
423	19	0.220539
293	8	0.574721
167	74	0.493495
150	40	0.420318
212	11	0.462573
95	21	0.673425
274	16	0.310694
147	16	0.190936
226	46	0.242522
270	6	0.290643
372	0	0.0298399
184	34	0.288789
289	13	0.513865
454	35	0.418057
85	47	0.777677
230	118	0.83125
463	13	0.0704231
313	91	0.464045
244	153	0.86543
121	53	0.963137
469	86	0.399285
340	47	0.195677
344	44	0.302419
275	14	0.333859
267	5	0.0260376
368	34	0.824623
186	135	0.813636
277	65	0.961442
84	15	0.235497
450	107	0.493215
159	16	0.104933
159	15	0.672521
363	4	0.032898
422	62	0.364074
420	77	0.245295
423	131	0.574983
235	163	0.85572
62	40	0.8029
74	5	0.0792641
62	26	0.978742
164	155	0.946693
482	300	0.884634
351	90	0.355331
139	60	0.679479
391	286	0.989425
396	18	0.189102
240	23	0.123602
130	42	0.737349
373	30	0.694753
306	94	0.830364
346	18	0.421088
333	17	0.727109
284	233	0.97488
97	0	0.0639657
316	53	0.326758
252	0	0.05158
311	71	0.470885
284	7	0.235201
213	16	0.52714
470	214	0.480703
168	14	0.698774
51	10	0.400538
247	207	0.942607
362	148	0.525107
62	12	0.910768
370	96	0.263962
351	68	0.20457
445	96	0.55244
400	316	0.936098
90	13	0.72366
470	41	0.291437
342	57	0.217668
394	75	0.81786
231	47	0.416202
344	28	0.509329
150	26	0.20007
101	5	0.15974
129	34	0.302395
190	4	0.785957
316	91	0.582192
395	52	0.518245
170	1	0.0324797
76	47	0.777584
490	429	0.899735
289	103	0.804183
54	18	0.54856
387	2	0.0100356
88	36	0.710901
113	59	0.575854
184	8	0.127349
257	20	0.0990355
115	10	0.155
351	0	0.0786664
116	3	0.128177
242	11	0.542397
325	184	0.635349
420	85	0.575529
99	7	0.578818
237	30	0.207367
184	23	0.271317
184	2	0.0248593
494	152	0.651688
315	62	0.243835
332	27	0.308757
338	187	0.593212
300	49	0.639951
163	67	0.446342
411	172	0.475838
325	33	0.715183
160	134	0.95088
288	47	0.27446
223	9	0.321405
153	46	0.380348
73	8	0.968838
264	10	0.896811
133	47	0.846452
276	132	0.985537
359	163	0.691184
413	46	0.972384
225	13	0.251023
377	46	0.290422
418	180	0.477097
254	84	0.844918
399	40	0.691647
57	2	0.135312
71	6	0.459275
268	68	0.312523
468	186	0.519038
56	31	0.653335
209	1	0.0529181
304	151	0.864144
238	123	0.608123
396	115	0.821889
63	8	0.6627
63	9	0.340006
182	20	0.239393
129	4	0.305865
186	14	0.658981
491	206	0.502778
449	224	0.783911
491	25	0.060111
231	41	0.885854
257	26	0.74979
313	73	0.404245
288	54	0.665578
267	31	0.339911
426	27	0.178744
256	51	0.252112
58	34	0.902253
90	20	0.254623
304	44	0.508141
176	114	0.834477
269	112	0.640927
243	2	0.030793
218	130	0.868283
111	16	0.160044
103	10	0.741225
116	11	0.195776
368	49	0.792179
367	188	0.658219
319	6	0.750518
254	34	0.228516
319	133	0.883812
440	7	0.693379
377	199	0.753852
96	15	0.283326
426	23	0.120555
317	33	0.308262
260	138	0.922862
263	87	0.375474
296	36	0.128068
145	77	0.738449
76	2	0.545621
376	28	0.191081
158	28	0.503458
403	49	0.64254
226	44	0.653747
483	11	0.220212
101	22	0.882893
144	58	0.606578
53	2	0.266096
78	33	0.554183
491	299	0.865245
439	193	0.484502
193	37	0.371417
243	2	0.779249
208	87	0.898364
194	18	0.190552
405	76	0.526297
61	12	0.442137
447	354	0.796221
376	25	0.157988
427	31	0.414026
125	66	0.955192
129	94	0.75214
272	5	0.0753495
76	2	0.0492061
125	104	0.91029
431	35	0.310307
65	16	0.283258
80	3	0.279444
223	62	0.409311
468	93	0.647935
59	6	0.637693
345	117	0.701704
100	8	0.089184
436	48	0.122688
102	47	0.611744
391	106	0.535633
64	18	0.338457
53	21	0.794657
192	7	0.113931
248	4	0.0445145
215	31	0.48347
96	24	0.534597
324	246	0.945528
270	90	0.901685
77	40	0.546505
318	190	0.630355
152	18	0.755618
224	108	0.565178
118	20	0.623673
355	218	0.808629
68	27	0.686545
460	11	0.5402
450	340	0.83093
253	20	0.434184
177	12	0.183885
209	52	0.464111
268	207	0.785495
68	1	0.794748
319	18	0.450792
195	37	0.286291
448	215	0.757758
88	1	0.0518623
108	15	0.334877
487	49	0.743625
306	59	0.292426
110	22	0.224686
261	52	0.393124
291	66	0.379589
284	70	0.295945
337	229	0.91304
133	32	0.378197
465	193	0.738019
247	87	0.690996
218	30	0.171016
435	49	0.473477
308	20	0.445657
447	70	0.567598
456	116	0.294998
285	25	0.433788
413	239	0.774339
322	47	0.36919
426	122	0.37831
126	28	0.360296
317	84	0.309006
460	146	0.406155
355	48	0.196632
172	4	0.398764
407	20	0.0501725
422	180	0.672358
292	18	0.43905
500	300	0.857324
259	9	0.205538
110	19	0.898079
418	1	0.302689
343	71	0.264155
369	72	0.399019
378	121	0.532889
454	274	0.774561
158	1	0.113143
132	12	0.418739
223	18	0.359035
488	15	0.814659
115	41	0.464629
258	41	0.284606
258	38	0.395184
246	36	0.249379
332	85	0.564845
196	42	0.488188
384	144	0.530304
96	6	0.326646
489	6	0.0154141
370	89	0.499879
354	27	0.0995767
375	338	0.947402
421	297	0.813786
323	49	0.705372
103	1	0.0753508
421	11	0.41016
154	68	0.632559
115	72	0.953471
251	11	0.230525
56	8	0.447005
230	30	0.853785
299	93	0.418616
345	78	0.742239
227	44	0.971193
478	171	0.585904
192	49	0.632285
331	35	0.165339
197	73	0.554983
421	83	0.895909
228	63	0.354799
82	5	0.386878
500	37	0.471493
206	47	0.599533
285	18	0.0895005
193	49	0.591573
382	62	0.310394
124	1	0.0990352
362	24	0.466367
373	29	0.115628
450	240	0.543422
322	48	0.459905
204	6	0.134952
134	8	0.260218
111	5	0.197886
394	245	0.955559
208	4	0.695275
188	74	0.429616
483	333	0.758357
368	78	0.52914
96	8	0.300821
411	37	0.259471
86	44	0.758096
163	56	0.663643
387	1	0.0564561
166	1	0.0534667
488	240	0.693175
379	160	0.546213
208	18	0.924302
210	124	0.907266
430	200	0.689668
333	55	0.301804
145	10	0.24852
246	86	0.940275
212	131	0.734571
155	99	0.727643
52	1	0.375271
375	86	0.460328
115	9	0.210617
84	37	0.957417
282	116	0.416735
376	142	0.603423
126	53	0.845583
193	42	0.641994
259	70	0.36529
476	131	0.876151
379	117	0.628146
480	6	0.75545
247	42	0.615803
386	21	0.0785811
66	15	0.654618
302	15	0.515379
317	2	0.112164
74	17	0.476406
92	31	0.435819
273	40	0.425625
232	47	0.84599
292	49	0.191281
227	144	0.801651
236	111	0.50646
458	131	0.430194
447	366	0.948882
276	61	0.543694
341	65	0.355939
475	127	0.770924
385	96	0.863852
387	182	0.481169
265	46	0.587341
271	158	0.744458
334	297	0.961917
193	11	0.264838
223	132	0.740183
145	13	0.306891
197	62	0.800207
271	169	0.639758
492	3	0.351754
441	18	0.395696
459	258	0.604997
76	7	0.0930732
83	1	0.427474
139	3	0.064351
89	33	0.807183
287	23	0.285479
191	99	0.55078
361	34	0.119209
173	143	0.885238
212	14	0.715615
226	81	0.906306
130	29	0.359194
297	32	0.511232
175	16	0.521445
174	24	0.144507
162	25	0.837194
225	13	0.112211
192	34	0.522491
487	16	0.181346
430	21	0.0621756
375	11	0.202114
304	23	0.17415
281	7	0.123828
430	338	0.81718
400	65	0.699254
224	66	0.647692
63	1	0.661502
454	88	0.487388
149	44	0.47738
176	34	0.367622
262	2	0.226511
420	24	0.131929
459	267	0.868626
158	18	0.462115
170	2	0.0300935
321	22	0.156993
90	13	0.193228
170	129	0.874784
450	187	0.499939
212	25	0.494825
53	1	0.593879
431	183	0.585055
271	30	0.19543
257	1	0.0420662
346	101	0.562111
281	45	0.25129
249	22	0.0966722
137	46	0.933032
176	48	0.581321
231	52	0.435359
153	4	0.760638
315	73	0.593023
435	144	0.517264
219	18	0.166897
333	51	0.610528
58	9	0.650474
138	61	0.935301
371	32	0.131862
441	148	0.359783
275	141	0.6915
401	7	0.828179
234	37	0.55299
333	15	0.0499946
357	95	0.743261
66	16	0.856424
128	83	0.875511
81	10	0.394916
491	243	0.860744
239	22	0.469458
491	82	0.211347
410	335	0.901209
224	12	0.145659
321	92	0.539042
179	31	0.336513
313	6	0.80551
245	73	0.641691
421	20	0.0553604
242	12	0.619962
328	27	0.219879
405	102	0.460183
240	76	0.409484
108	16	0.978611
155	25	0.707883
419	22	0.1038
68	6	0.125266
284	88	0.599614
135	56	0.510167
343	34	0.105409
81	26	0.475244
253	34	0.186435
233	121	0.730311
223	15	0.155148
165	14	0.892206
392	0	0.0269124
80	2	0.0445127
65	12	0.239704
298	64	0.53359
406	325	0.851351
236	65	0.783069
76	5	0.714645
461	132	0.828081
105	0	0.0536112
249	8	0.280772
63	47	0.915243
239	142	0.710857
465	88	0.555569
240	68	0.802552
126	29	0.326436
105	9	0.279596
243	17	0.0839395
198	38	0.801415
150	47	0.520961
161	48	0.444509
398	353	0.915203
449	333	0.947222
337	85	0.338742
457	241	0.951451
127	49	0.526525
394	268	0.975789
84	12	0.495928
141	28	0.849113
58	6	0.117908
467	303	0.68731
474	137	0.901217
370	41	0.114344
238	67	0.779807
362	102	0.298099
325	174	0.537188
324	88	0.893194
138	38	0.493793
62	1	0.191046
298	114	0.816009
274	45	0.517022
272	75	0.418008
480	403	0.975108
250	26	0.388677
217	60	0.881248
442	38	0.642141
307	182	0.870279
379	50	0.224931
479	50	0.19286
179	68	0.913621
475	87	0.808914
68	9	0.286616
358	291	0.872832
331	81	0.314795
309	35	0.788628
405	253	0.958072
62	19	0.894983
407	220	0.564038
101	26	0.422493
139	16	0.229146
340	55	0.37727
373	1	0.0137641
126	44	0.708607
315	0	0.149205
326	68	0.591953
154	40	0.526282
151	7	0.0494737
499	72	0.50135
287	137	0.87106
399	48	0.448363
356	3	0.827684
200	6	0.0399798
187	50	0.626605
268	93	0.981384
341	0	0.639345
465	183	0.412087
133	10	0.254939
322	34	0.190226
296	248	0.900535
491	40	0.9213
127	12	0.302349
391	272	0.77978
121	23	0.251881
422	28	0.620967
440	34	0.108041
190	60	0.664244
82	1	0.042162
102	78	0.862336
212	83	0.956754
424	92	0.783592
100	69	0.981999
124	0	0.061492
124	24	0.24662
398	65	0.307347
466	101	0.954015
487	78	0.214754
322	13	0.0821848
487	237	0.527073
170	56	0.549203
174	32	0.322353
314	220	0.824883
225	0	0.0507794
253	21	0.170196
255	17	0.316297
471	6	0.331452
106	3	0.276308
74	6	0.597192
206	94	0.520904
149	44	0.548853
437	270	0.737942
88	6	0.23341
78	36	0.693538
232	0	0.375707
354	160	0.571569
110	13	0.398326
387	4	0.0144195
222	155	0.906019
166	75	0.491989
232	29	0.21166
306	215	0.849792
233	6	0.59268
382	48	0.150252
64	5	0.259199
354	88	0.561023
108	56	0.555711
206	20	0.305678
282	7	0.821006
408	29	0.51866
222	139	0.682001
336	19	0.167255
387	39	0.4523
358	117	0.348579
69	13	0.224644
380	71	0.940994
185	54	0.562195
362	90	0.930169
313	42	0.905328
384	85	0.692082
314	107	0.926053
89	3	0.100391
256	169	0.743824
418	58	0.302795
144	88	0.78541
269	43	0.859209
274	52	0.216129
472	33	0.1031
291	29	0.193828
75	11	0.389849
89	2	0.33572
317	3	0.176359
447	46	0.225892
153	36	0.432425
474	3	0.0186114
304	199	0.890004
97	0	0.171669
203	37	0.32721
55	15	0.862358
432	18	0.0502795
389	169	0.434737
73	10	0.165467
500	2	0.220033
108	14	0.217851
107	43	0.754737
68	21	0.421206
270	5	0.341031
487	419	0.880279
152	84	0.714817
448	66	0.436018
266	7	0.0314922
306	107	0.690664
396	311	0.855245
299	122	0.442472
332	93	0.506236
54	0	0.92537
89	2	0.0352772
467	28	0.0745583
155	14	0.181069
420	71	0.397681
235	1	0.0379788
55	26	0.795611
476	108	0.440037
74	18	0.898756
175	59	0.694152
338	38	0.271592
345	55	0.16908
296	53	0.689949
222	100	0.558446
62	6	0.728586
306	7	0.0515886
254	1	0.0542193
396	95	0.299505
314	81	0.597991
182	4	0.238039
349	161	0.845664
434	169	0.556206
226	125	0.969397
344	55	0.576599
449	80	0.185702
489	178	0.601353
128	71	0.892394
113	31	0.743903
202	27	0.509453
324	276	0.907416
357	48	0.889876
202	35	0.346206
145	31	0.776706
80	35	0.961863
384	130	0.76738
486	45	0.269905
121	10	0.242878
229	63	0.469613
82	21	0.550841
202	142	0.863743
56	7	0.137067
216	120	0.835059
485	54	0.766691
88	0	0.103762
357	34	0.681269
151	45	0.535261
457	248	0.62285
151	68	0.456739
158	4	0.632805
188	33	0.208571
74	8	0.829301
385	8	0.0856576
321	79	0.530268
250	31	0.133846
168	70	0.758249
418	32	0.283884
133	27	0.435138
56	14	0.381097
289	32	0.248923
468	338	0.960458
383	140	0.696183
91	9	0.242948
411	54	0.323795
85	4	0.151161
157	0	0.185396
217	1	0.282799
206	24	0.83393
153	79	0.865336
446	6	0.0991635
327	109	0.498992
165	19	0.409078
305	57	0.340064
56	7	0.469151
428	123	0.529025
270	9	0.0336731
68	5	0.511472
67	5	0.226375
286	40	0.490198
119	21	0.399901
303	182	0.682873
87	41	0.880852
385	13	0.453492
223	21	0.192864
78	24	0.801176
136	42	0.616313
345	14	0.069158
178	0	0.282791
398	60	0.449809
161	28	0.283492
131	77	0.965807
265	8	0.111722
403	178	0.516307
215	38	0.586572
61	29	0.606875
446	318	0.966042
201	35	0.311975
117	2	0.0319987
298	4	0.398192
306	66	0.668383
326	148	0.55005
299	25	0.735893
141	91	0.801316
86	33	0.771885
381	202	0.953595
79	14	0.29538
117	3	0.316838
349	8	0.0277599
415	46	0.667731
106	5	0.19143
64	30	0.630297
287	39	0.273498
247	81	0.399889
376	266	0.901732
477	80	0.358774
275	78	0.388013
267	104	0.625766
228	32	0.27061
260	62	0.840813
92	80	0.966339
100	31	0.558877
94	18	0.875874
449	217	0.853416
278	33	0.21296
336	69	0.439958
253	81	0.361054
144	65	0.704336
240	99	0.524074
262	140	0.661533
120	0	0.0159702
204	34	0.910912
421	39	0.277169
188	29	0.191889
68	8	0.340407
428	254	0.750849
321	34	0.930928
331	20	0.649811
426	3	0.269449
72	19	0.288861
279	33	0.255399
210	34	0.278014
431	10	0.392876
321	70	0.441901
241	182	0.889354
399	2	0.299808
208	23	0.175222
441	101	0.775844
431	88	0.423568
114	59	0.716837
207	132	0.836636
286	1	0.331913
487	254	0.579463
207	28	0.451604
413	44	0.443368
463	103	0.838557
481	248	0.574846
354	49	0.476434
466	268	0.971793
306	39	0.216923
327	126	0.556501
363	4	0.409144
238	15	0.0819197
374	1	0.364681
204	1	0.315976
189	71	0.694285
413	79	0.863329
324	7	0.438803
270	27	0.236263
202	59	0.955851
366	209	0.752339
222	104	0.922691
447	167	0.760942
187	103	0.666266
128	86	0.957597
66	14	0.427546
234	2	0.021378
475	283	0.699664
342	13	0.0906669
328	10	0.117154
150	0	0.0192263
377	107	0.488528
157	18	0.597985
69	2	0.504982
326	95	0.793417
186	52	0.630694
172	13	0.1846
352	3	0.412822
403	84	0.968272
120	2	0.268855
402	265	0.840919
136	73	0.889987
70	18	0.352078
125	11	0.385712
425	33	0.191323
359	5	0.0427864
106	8	0.327941
221	27	0.137283
398	92	0.40716
312	119	0.780256
364	278	0.946132
268	105	0.91896
251	0	0.527222
330	21	0.373676
72	2	0.0869456
308	56	0.192988
317	211	0.909531
134	1	0.78432
215	196	0.981446
235	88	0.896403
227	69	0.314377
51	1	0.714965
112	51	0.907911
472	136	0.405608
471	51	0.83779
314	15	0.709503
444	124	0.347381
126	11	0.451102
371	8	0.0441494
450	426	0.959757
139	1	0.897072
337	58	0.761828
395	120	0.57692
347	65	0.315129
218	111	0.944568
123	17	0.913917
148	67	0.46289
261	142	0.68087
430	3	0.0413985
300	13	0.0667111
164	138	0.960771
437	1	0.0602917
494	222	0.71546
211	67	0.650563
261	36	0.321166
242	89	0.501955
310	70	0.457623
102	17	0.498029
291	13	0.0948194
475	98	0.722521
93	24	0.315538
61	28	0.747109
324	76	0.242613
135	52	0.547003
443	191	0.774533
181	82	0.607845
159	53	0.851748
150	3	0.0787162
155	5	0.329186
230	57	0.385068
118	43	0.838454
310	5	0.424978
240	10	0.181572
363	68	0.574909
412	152	0.404099
173	92	0.863497
433	86	0.763533
462	76	0.262179
119	2	0.148095
112	2	0.262383
96	14	0.978247
233	94	0.466458
353	81	0.532774
439	103	0.626547
473	77	0.502618
496	327	0.704246
298	174	0.900618
253	11	0.495158
285	95	0.726923
161	71	0.447478
143	11	0.21229
146	61	0.859389
209	13	0.648128
145	48	0.368931
257	10	0.0900806
61	6	0.142622
68	8	0.438841
310	55	0.566209
70	12	0.435118
77	41	0.694565
407	4	0.0152326
209	59	0.398575
446	8	0.0742599
478	66	0.708522
390	113	0.475623
189	53	0.774245
428	37	0.242575
93	47	0.601536
340	43	0.658412
51	33	0.951123
463	13	0.179691
308	85	0.955619
322	18	0.121249
180	3	0.113808
476	279	0.601674
212	27	0.505465
152	19	0.202638
151	2	0.0303526
481	462	0.970969
148	10	0.311944
498	73	0.174988
394	22	0.260556
72	12	0.409257
327	56	0.209632
68	9	0.26101
309	60	0.212346
69	2	0.117892
420	5	0.393055
59	17	0.365179
253	46	0.849706
112	8	0.0936713
286	16	0.188459
226	91	0.701214
133	9	0.0814073
276	24	0.376833
408	35	0.369429
81	60	0.835687
102	25	0.335977
113	4	0.190779
158	14	0.310416
287	5	0.0641661
384	77	0.363524
201	55	0.296576
160	35	0.408701
233	22	0.572187
77	9	0.255908
358	175	0.596242
417	76	0.279639
232	22	0.232253
116	67	0.638059
161	56	0.517767
345	13	0.0391941
382	11	0.182379
447	56	0.211947
92	0	0.796648
166	115	0.858178
131	35	0.429285
212	133	0.817437
206	63	0.535002
449	90	0.384171
380	73	0.555317
394	66	0.937475
127	22	0.342287
422	98	0.795567
441	25	0.0789933
55	0	0.0246173
364	75	0.273566
477	47	0.928885
369	1	0.013809
368	20	0.079747
417	240	0.775166
341	35	0.209501
454	214	0.529419
485	161	0.790272
360	20	0.0559592
212	8	0.210559
276	82	0.571309
169	34	0.601515
448	1	0.606063
322	11	0.155736
190	14	0.0836301
242	26	0.644581
385	10	0.11694
143	8	0.38447
433	132	0.795565
180	61	0.382771
181	68	0.509681
333	138	0.762176
373	276	0.957841
50	45	0.951699
111	83	0.781783
360	116	0.714358
478	300	0.788332
184	67	0.411545
294	62	0.316898
444	231	0.61407
363	23	0.244972
74	0	0.208182
355	125	0.791818
180	1	0.0363525
480	1	0.0211631
347	277	0.812054
429	122	0.31729
90	36	0.869894
454	50	0.203596
225	109	0.959574
401	102	0.255736
69	3	0.0643856
84	53	0.665847
265	7	0.0686601
71	6	0.250121
183	62	0.450681
140	10	0.431579
336	45	0.178328
418	20	0.131426
98	34	0.967185
263	110	0.689055
160	72	0.795282
425	266	0.762364
53	4	0.558449
247	92	0.442396
65	15	0.367898
92	24	0.721567
481	295	0.67141
233	22	0.295572
177	14	0.592192
360	60	0.260268
61	39	0.955981
150	3	0.110206
297	8	0.137067
100	74	0.835088
404	143	0.688378
480	54	0.213919
376	132	0.642404
459	34	0.435698
360	10	0.219026
216	20	0.252448
158	14	0.434498
141	66	0.760728
203	4	0.0446835
318	54	0.526907
163	24	0.154674
338	165	0.693845
148	7	0.0807967
116	4	0.205015
208	40	0.252463
363	124	0.390704
313	135	0.861092
141	20	0.392619
242	138	0.761906
492	6	0.0596277
109	66	0.686633
331	17	0.124017
409	65	0.846226
422	171	0.927487
239	127	0.913209
147	64	0.86254
323	108	0.483463
132	23	0.21675
51	13	0.721317
70	52	0.977374
435	188	0.499164
390	203	0.561826
332	178	0.725457
305	188	0.658421
472	7	0.168409
426	107	0.699207
213	0	0.202763
156	74	0.602149
274	10	0.0462983
145	88	0.77766
493	228	0.491548
150	3	0.154518
350	43	0.622726
369	33	0.767088
244	80	0.4718
230	7	0.558171
248	50	0.851161
331	3	0.114819
85	3	0.505482
190	64	0.402809
220	56	0.26571
445	66	0.381524
302	42	0.653705
337	288	0.875496
371	82	0.896403
459	65	0.40599
214	96	0.938359
109	9	0.391131
444	119	0.294766
