3500
295	41	0.956723
480	13	0.0459098
418	5	0.913569
121	26	0.412457
373	139	0.704833
172	7	0.275896
291	148	0.612422
393	278	0.8124
231	53	0.960688
129	49	0.982222
111	56	0.543348
403	302	0.937392
73	9	0.555388
322	53	0.818741
470	121	0.407234
60	8	0.250329
393	9	0.191813
150	90	0.768108
147	49	0.34961
110	5	0.132759
291	106	0.525266
111	42	0.485556
448	19	0.681462
193	62	0.507947
104	27	0.584838
62	9	0.311926
211	36	0.557627
250	30	0.56789
298	64	0.745224
116	73	0.929977
449	64	0.149896
121	21	0.8694
92	70	0.933317
96	3	0.0639242
459	50	0.586812
159	6	0.0549413
287	0	0.0127341
193	12	0.250431
132	18	0.341026
235	8	0.190361
409	94	0.505801
130	13	0.134011
127	24	0.386452
131	48	0.407544
458	89	0.385897
181	2	0.0526832
321	160	0.746395
231	152	0.859019
74	1	0.853729
454	190	0.813711
137	71	0.553819
365	182	0.785018
190	25	0.834084
333	131	0.570535
148	22	0.177727
491	7	0.32168
152	47	0.47935
305	121	0.446599
192	1	0.0870637
378	94	0.371272
148	12	0.0973625
213	109	0.685304
321	93	0.371483
112	60	0.650753
223	42	0.607192
179	1	0.32232
456	136	0.391326
242	36	0.235918
369	121	0.932992
379	34	0.341581
118	39	0.424436
222	17	0.103735
455	378	0.980023
279	58	0.455365
313	139	0.506104
142	9	0.848347
381	194	0.523905
349	115	0.505435
238	1	0.953635
211	108	0.940746
264	53	0.294654
295	64	0.780009
491	35	0.0787555
139	10	0.169845
189	5	0.203883
52	7	0.180269
495	105	0.714309
291	87	0.46235
356	118	0.375916
71	40	0.616939
113	12	0.171598
316	25	0.837529
333	191	0.702241
209	51	0.661623
267	1	0.600075
65	27	0.725796
487	129	0.456753
446	7	0.0340288
270	62	0.649803
384	182	0.588212
307	3	0.304517
430	25	0.155248
321	27	0.792197
405	24	0.708405
280	94	0.438007
170	0	0.0144202
418	12	0.183114
186	46	0.380623
267	197	0.908398
163	25	0.250407
456	4	0.23235
225	163	0.916083
58	26	0.472114
104	2	0.03799
356	214	0.781364
92	3	0.411844
115	81	0.871063
147	38	0.637074
451	8	0.153288
485	46	0.178626
102	3	0.0431511
495	10	0.902284
218	149	0.723438
110	50	0.694337
267	144	0.711224
441	186	0.533538
497	261	0.590745
316	176	0.765874
61	13	0.699183
115	45	0.805758
482	123	0.631232
404	263	0.667265
348	15	0.143445
366	179	0.977085
201	72	0.733279
252	197	0.799396
399	99	0.355886
321	120	0.406769
219	127	0.856984
61	13	0.561948
202	32	0.236125
499	274	0.985942
452	67	0.293781
104	31	0.580039
135	14	0.358718
500	80	0.242689
492	138	0.504584
171	12	0.103072
265	10	0.0776841
260	136	0.883736
354	139	0.573484
496	25	0.213458
391	214	0.911121
387	88	0.403226
297	15	0.216482
228	9	0.448729
265	77	0.872534
470	3	0.0643966
385	24	0.370302
419	18	0.221921
267	128	0.94503
72	8	0.859657
450	87	0.257802
434	0	0.0229305
409	41	0.375985
154	1	0.137686
403	250	0.859856
294	176	0.876746
227	81	0.985262
114	95	0.894651
353	57	0.195809
400	12	0.492393
444	265	0.972989
222	43	0.202837
97	23	0.674448
500	29	0.0932985
423	72	0.30648
372	105	0.775661
412	69	0.573498
362	109	0.410216
174	58	0.856289
113	30	0.541099
312	166	0.816852
289	0	0.0141928
342	36	0.219983
98	9	0.169309
355	31	0.162565
225	17	0.330255
326	62	0.702558
148	53	0.382913
427	86	0.439142
434	403	0.949039
426	125	0.612389
408	147	0.546961
296	52	0.446915
112	50	0.499872
212	84	0.79017
402	28	0.186702
257	34	0.438795
66	32	0.597622
148	93	0.665052
53	32	0.619393
183	114	0.919339
344	13	0.140548
484	84	0.239211
119	7	0.209664
487	310	0.894426
138	6	0.197162
425	42	0.116633
70	52	0.916844
370	30	0.727214
472	198	0.65426
110	65	0.76402
279	195	0.911197
135	1	0.0381795
152	122	0.962099
83	1	0.0736051
383	304	0.960152
205	2	0.330153
481	97	0.332854
152	16	0.230086
354	79	0.453705
154	3	0.504103
383	63	0.644734
59	44	0.855079
384	139	0.646546
120	41	0.440126
485	361	0.975637
292	137	0.482314
270	3	0.196476
495	394	0.853382
328	39	0.329923
217	5	0.849329
150	75	0.564565
493	169	0.379838
406	142	0.510304
333	125	0.728252
435	101	0.653529
281	142	0.583949
313	211	0.722139
338	46	0.141387
386	88	0.571914
445	117	0.277314
100	3	0.03796
158	37	0.599232
428	3	0.339821
378	47	0.639106
476	335	0.764005
409	126	0.504476
182	6	0.0398295
425	154	0.594042
208	41	0.929175
99	3	0.254431
340	32	0.278238
358	102	0.904325
52	10	0.19517
178	70	0.578239
429	64	0.722372
54	6	0.84282
403	88	0.357077
225	6	0.0912639
120	25	0.30662
162	31	0.21818
309	2	0.0425715
444	57	0.387196
146	107	0.777333
263	133	0.734431
438	34	0.618961
346	131	0.828908
117	5	0.0497409
74	5	0.41657
58	14	0.546025
435	191	0.496896
441	252	0.724192
304	82	0.454826
83	13	0.970106
183	22	0.370154
137	30	0.285985
301	47	0.880425
388	119	0.94536
99	7	0.322646
326	3	0.0987346
268	101	0.945857
347	9	0.104012
311	91	0.666672
442	65	0.427411
92	20	0.877495
264	47	0.224506
405	184	0.485672
478	266	0.594484
348	13	0.456626
88	11	0.264172
96	6	0.507335
269	151	0.900898
320	14	0.168386
162	93	0.700438
66	3	0.0629853
140	41	0.460352
486	8	0.190012
206	41	0.264764
406	104	0.65242
230	43	0.89864
363	41	0.217833
208	22	0.131961
333	42	0.364343
189	85	0.809419
75	0	0.0557889
276	81	0.537465
377	63	0.532674
469	85	0.281314
233	29	0.733972
224	88	0.786749
218	103	0.591627
236	35	0.172381
439	78	0.383965
56	44	0.918034
207	0	0.939065
350	132	0.420875
413	36	0.635363
441	32	0.936914
202	58	0.598637
183	31	0.433912
144	37	0.32531
299	1	0.3164
354	150	0.459443
413	70	0.243011
423	367	0.975598
59	1	0.717194
471	334	0.931622
66	5	0.124358
456	84	0.412825
454	11	0.0827433
195	83	0.432044
238	173	0.778805
415	65	0.465338
303	24	0.378961
86	1	0.129773
283	122	0.851158
499	139	0.431819
407	157	0.926457
214	15	0.746728
153	80	0.556882
386	203	0.593433
53	9	0.589694
260	92	0.753619
437	8	0.106636
100	36	0.497951
365	183	0.683212
182	24	0.186856
308	62	0.782075
189	80	0.581874
218	20	0.446181
468	15	0.855767
444	155	0.815965
392	27	0.247775
59	21	0.486821
198	8	0.473329
481	28	0.109047
211	111	0.849059
500	26	0.264313
214	5	0.024602
99	35	0.645574
454	161	0.393513
346	98	0.328228
199	27	0.151502
254	10	0.0405879
249	141	0.970952
364	204	0.630833
435	202	0.547673
291	5	0.0975935
152	42	0.296722
403	19	0.0714747
315	94	0.50834
389	112	0.322994
361	3	0.0132356
114	24	0.347153
318	49	0.183575
377	142	0.562952
342	32	0.159219
404	53	0.461434
112	1	0.563231
379	71	0.346119
114	0	0.0758261
65	4	0.123601
152	115	0.79144
352	75	0.91305
134	27	0.425636
62	26	0.818412
103	1	0.552179
349	11	0.0402948
109	55	0.873336
141	11	0.410302
319	148	0.580767
150	0	0.461981
280	77	0.379483
476	70	0.935997
152	0	0.064549
336	20	0.31964
330	101	0.329454
379	14	0.442734
280	37	0.157941
85	3	0.0657528
341	50	0.268123
148	27	0.765417
454	241	0.67079
396	5	0.495624
149	20	0.713058
376	233	0.820815
167	55	0.371337
218	95	0.874153
405	35	0.740173
438	32	0.104627
334	81	0.256688
435	78	0.357183
186	32	0.421946
188	29	0.430998
171	118	0.714767
107	13	0.47721
488	88	0.180592
205	107	0.539727
285	4	0.117295
428	73	0.648953
258	169	0.775815
409	144	0.356541
133	35	0.334951
227	15	0.100217
235	19	0.408119
490	180	0.379022
400	255	0.746316
53	2	0.188154
65	3	0.0634867
55	18	0.808249
491	178	0.495635
80	32	0.845809
214	85	0.503445
212	11	0.310383
188	49	0.434823
329	82	0.343358
229	17	0.444085
479	130	0.627167
394	41	0.213152
168	71	0.865811
336	29	0.346797
338	6	0.0246505
238	1	0.365963
84	13	0.692131
198	43	0.374133
133	17	0.138565
173	17	0.449682
169	17	0.15861
278	94	0.852864
349	104	0.595481
214	57	0.286642
263	113	0.88081
301	50	0.415265
192	133	0.753303
355	36	0.121792
238	104	0.920644
335	12	0.266539
356	2	0.871208
60	37	0.645464
165	74	0.562139
130	27	0.898415
90	12	0.144873
86	35	0.545982
212	11	0.0833777
166	24	0.419753
311	7	0.323504
79	0	0.038139
136	37	0.602214
54	12	0.515378
343	109	0.939341
233	7	0.0568988
248	0	0.730054
322	89	0.330053
55	33	0.965863
78	8	0.921897
60	52	0.910118
201	101	0.527444
447	89	0.505941
295	125	0.60025
470	78	0.652133
56	0	0.175512
251	103	0.511724
448	42	0.471458
416	255	0.635549
201	65	0.540417
442	295	0.669392
255	20	0.596578
490	268	0.682481
251	9	0.422567
184	5	0.0786545
232	31	0.578123
402	321	0.857063
159	6	0.850253
67	0	0.963723
431	99	0.659863
470	186	0.78173
470	5	0.023998
348	12	0.46952
141	19	0.287274
246	18	0.0837114
197	7	0.0756059
380	37	0.245812
269	36	0.486651
309	18	0.106469
404	72	0.574626
447	246	0.796153
256	11	0.150401
192	22	0.919253
310	122	0.796248
367	88	0.353212
444	25	0.100306
486	50	0.103771
197	12	0.102063
485	180	0.374176
82	29	0.867135
327	133	0.692351
368	142	0.56824
226	51	0.25132
139	9	0.798096
203	92	0.457086
329	42	0.520346
418	142	0.612497
384	119	0.720371
225	55	0.46655
265	206	0.872017
475	213	0.579266
476	331	0.8477
251	47	0.871258
167	1	0.0815294
362	187	0.960651
251	7	0.593652
274	57	0.665494
327	50	0.670256
110	32	0.444656
65	18	0.277374
283	165	0.82155
327	8	0.28772
166	34	0.233447
124	75	0.626084
302	67	0.649862
92	21	0.327046
239	33	0.405261
132	64	0.58646
233	5	0.499535
309	37	0.774072
372	2	0.0151204
69	52	0.923558
247	79	0.574064
371	56	0.677502
336	21	0.0753853
487	9	0.0224792
362	224	0.861112
264	9	0.613558
493	4	0.0886926
358	145	0.924994
231	12	0.115789
408	17	0.975328
109	7	0.113069
214	58	0.346101
165	63	0.782779
404	85	0.292106
75	5	0.0846033
452	52	0.283837
302	10	0.577991
139	73	0.637633
419	21	0.29468
85	5	0.0695273
401	52	0.152652
280	100	0.423687
401	75	0.420048
175	60	0.665298
82	2	0.429445
103	42	0.883564
120	11	0.854251
400	149	0.41042
439	60	0.839185
289	1	0.0237526
79	70	0.901575
168	28	0.275166
251	43	0.373884
403	72	0.782277
374	69	0.41351
237	45	0.331934
125	39	0.604119
270	122	0.90645
75	11	0.169299
378	64	0.562094
283	150	0.539379
464	162	0.544487
151	142	0.960173
277	171	0.928755
312	85	0.498713
163	30	0.986072
304	0	0.143044
53	4	0.115863
309	132	0.581362
474	182	0.938057
174	110	0.755349
242	165	0.872979
400	218	0.668866
119	8	0.592733
384	237	0.770504
323	41	0.39051
387	229	0.804399
321	96	0.874697
346	16	0.519475
419	29	0.299679
335	131	0.868045
425	52	0.328788
211	0	0.0701585
105	23	0.538434
220	109	0.916641
327	115	0.454733
74	3	0.241158
288	24	0.09382
158	4	0.247955
492	127	0.43695
330	11	0.0479917
317	5	0.027368
160	60	0.450159
351	20	0.343985
231	5	0.354745
305	27	0.278637
339	10	0.0350084
268	12	0.0604396
432	204	0.596863
213	106	0.65
317	80	0.479836
443	212	0.68596
92	1	0.604499
438	50	0.369382
409	214	0.678401
220	1	0.129296
495	111	0.505644
302	18	0.0792033
162	70	0.574592
345	61	0.604052
111	64	0.844385
200	8	0.119073
432	221	0.806489
79	9	0.346827
350	91	0.810688
416	117	0.659676
427	152	0.413567
266	3	0.261042
236	78	0.923181
102	5	0.3031
387	27	0.130192
386	65	0.174716
481	92	0.216867
179	92	0.934646
66	3	0.526947
326	133	0.727349
208	36	0.925211
236	113	0.628152
97	28	0.763314
70	2	0.0534863
103	27	0.367783
322	124	0.766902
306	9	0.187415
76	18	0.420161
248	12	0.0992124
384	207	0.947923
486	274	0.922553
224	149	0.974465
431	78	0.19492
419	80	0.663404
308	9	0.244515
169	30	0.292078
466	193	0.543501
290	81	0.300185
352	13	0.371212
284	119	0.81275
477	36	0.500911
149	5	0.209514
205	7	0.57277
418	175	0.597403
83	1	0.0823584
96	3	0.239076
171	15	0.116587
342	146	0.498465
197	30	0.266633
261	60	0.801384
212	28	0.926297
133	57	0.715723
354	3	0.0343669
209	43	0.253679
399	12	0.0308876
346	125	0.525484
461	12	0.562806
162	83	0.575135
413	28	0.847185
384	189	0.567124
353	41	0.414299
321	58	0.274014
373	46	0.319657
344	167	0.879531
370	72	0.263918
268	27	0.619998
333	72	0.737694
203	76	0.957312
212	133	0.674161
221	52	0.542679
197	30	0.896812
309	110	0.399338
329	115	0.373673
460	50	0.946533
354	155	0.437908
60	8	0.363053
357	284	0.940645
366	95	0.402949
462	7	0.106094
271	71	0.751847
119	7	0.232222
77	18	0.702488
99	16	0.216492
337	91	0.905037
245	119	0.508085
255	70	0.465817
173	54	0.711745
194	80	0.695695
456	194	0.759311
78	2	0.0631386
479	125	0.569511
340	18	0.571473
461	34	0.491765
258	25	0.126054
176	121	0.817656
254	109	0.556174
478	57	0.196683
303	138	0.9797
349	94	0.856336
232	123	0.978123
181	33	0.541679
188	32	0.853212
297	145	0.989717
67	19	0.57148
180	14	0.0982152
267	65	0.476768
296	1	0.563379
181	12	0.106583
300	22	0.20411
343	11	0.165507
295	2	0.0583116
155	20	0.30838
213	156	0.984968
291	18	0.47683
303	88	0.733201
292	165	0.705102
442	160	0.74023
130	49	0.42474
135	29	0.275406
83	9	0.721444
234	1	0.970898
326	79	0.440393
241	50	0.213338
346	280	0.978873
193	1	0.780883
499	74	0.448582
316	8	0.142753
185	50	0.654003
202	65	0.57664
341	61	0.515538
161	12	0.104276
374	93	0.966423
111	19	0.223552
193	69	0.565331
405	58	0.146812
124	26	0.511597
170	89	0.725544
221	16	0.276085
236	112	0.829939
478	2	0.0614524
98	9	0.326783
392	75	0.358166
159	17	0.525341
442	173	0.767143
497	200	0.734597
316	271	0.878262
336	59	0.398548
71	0	0.056122
176	4	0.05676
495	123	0.796405
373	12	0.707179
201	35	0.630004
67	3	0.259954
400	148	0.956831
132	6	0.784021
100	38	0.683074
357	145	0.827163
461	7	0.154139
151	25	0.281552
241	60	0.735612
196	28	0.178696
301	46	0.434954
423	125	0.360853
245	114	0.690007
365	182	0.650586
364	59	0.234885
448	146	0.758667
482	138	0.824026
142	26	0.536804
201	0	0.091049
389	41	0.543223
429	32	0.380653
178	85	0.946799
415	119	0.643592
241	13	0.520504
223	1	0.0446775
445	138	0.466227
348	134	0.9359
141	21	0.306519
120	72	0.607684
395	62	0.518062
168	39	0.941063
178	56	0.335742
75	44	0.926988
445	178	0.823958
110	38	0.545398
306	39	0.208071
343	9	0.294678
402	52	0.537121
301	4	0.0833179
160	10	0.755387
112	22	0.254468
192	42	0.628551
187	8	0.37715
101	57	0.61932
495	8	0.960388
466	247	0.954807
252	1	0.024852
115	23	0.239886
269	163	0.67641
276	142	0.773589
483	220	0.726528
289	216	0.846208
397	52	0.392764
358	55	0.194199
452	25	0.894672
171	8	0.112322
458	39	0.477518
366	106	0.55413
257	136	0.857228
178	7	0.545566
145	83	0.800369
367	227	0.89736
320	3	0.0804598
298	49	0.184538
86	2	0.0292102
454	28	0.0831517
144	76	0.845624
323	27	0.159173
151	106	0.750575
440	34	0.34501
376	43	0.115709
313	8	0.934171
367	77	0.575459
190	60	0.957601
308	175	0.937731
435	19	0.0700116
208	93	0.505869
405	41	0.319171
191	59	0.882116
147	43	0.399467
329	7	0.251975
55	1	0.1066
359	144	0.55929
285	44	0.849271
476	11	0.602753
296	5	0.0896462
411	49	0.602894
444	322	0.87884
414	0	0.252088
108	36	0.45104
238	19	0.138619
233	20	0.109426
258	90	0.5012
148	53	0.517744
108	37	0.834402
141	20	0.835202
71	14	0.216386
251	3	0.553125
175	2	0.0212144
328	131	0.687512
271	24	0.272712
60	20	0.387564
97	0	0.130381
413	205	0.586796
423	62	0.201151
464	157	0.575219
495	328	0.88997
273	27	0.473852
241	100	0.478713
288	6	0.211458
62	18	0.29806
100	0	0.0358408
234	16	0.199418
104	66	0.693182
451	3	0.0186704
122	72	0.696796
61	3	0.257515
183	45	0.569732
440	162	0.692499
491	2	0.330027
173	27	0.258846
72	18	0.737098
294	70	0.920215
108	12	0.35806
94	11	0.616319
497	172	0.457715
478	67	0.95045
365	157	0.778031
263	57	0.744086
324	39	0.428449
206	1	0.45188
370	130	0.865714
245	145	0.936341
179	69	0.671112
446	18	0.0758878
426	75	0.633923
281	164	0.798852
323	125	0.543336
474	76	0.228275
91	3	0.165626
325	2	0.463136
392	200	0.625067
459	53	0.606119
210	22	0.158788
337	150	0.580949
201	67	0.450533
329	184	0.72954
339	166	0.49021
472	139	0.639693
137	5	0.290804
286	1	0.111757
81	48	0.631511
302	28	0.763314
150	1	0.0715136
102	19	0.359465
255	20	0.203232
301	12	0.248177
361	7	0.33545
434	90	0.904811
199	33	0.282569
322	14	0.0498265
246	37	0.364987
260	39	0.183636
359	39	0.316834
464	122	0.306442
429	4	0.0268305
450	159	0.370292
177	29	0.310247
276	43	0.804221
423	4	0.0878487
219	139	0.944058
224	87	0.449915
234	27	0.167461
270	10	0.488589
180	13	0.182102
318	37	0.208725
231	1	0.488772
133	53	0.665315
404	143	0.666051
357	169	0.504918
484	11	0.886217
61	39	0.700773
164	62	0.860224
463	155	0.526773
336	153	0.480809
432	271	0.670067
58	27	0.749456
360	37	0.389543
375	85	0.674432
276	57	0.302165
78	15	0.523878
130	5	0.406322
80	34	0.648939
178	29	0.93974
403	231	0.902499
232	24	0.402572
61	27	0.912146
87	14	0.791227
222	13	0.13456
126	33	0.359525
304	95	0.864079
207	42	0.937984
246	70	0.859809
433	180	0.597807
498	2	0.0416985
307	51	0.193576
233	126	0.679664
495	121	0.610535
476	112	0.277632
171	34	0.458234
190	22	0.75881
314	148	0.543807
152	132	0.883642
293	7	0.568833
491	165	0.578439
311	7	0.366504
318	80	0.603026
51	5	0.120029
107	67	0.646799
136	51	0.568173
61	10	0.275552
225	21	0.252064
357	8	0.0425362
85	27	0.389112
172	35	0.650263
259	56	0.45447
209	116	0.765881
176	83	0.851011
140	44	0.548869
71	4	0.24178
277	42	0.429261
403	107	0.684512
461	1	0.0359126
131	28	0.53722
214	47	0.405356
337	29	0.180906
180	10	0.163119
406	46	0.800942
477	116	0.454515
396	166	0.552018
496	155	0.39899
459	62	0.170434
408	174	0.565111
363	0	0.077353
225	16	0.125745
381	9	0.0438013
211	177	0.964411
423	11	0.804148
412	17	0.0764104
218	128	0.737734
301	49	0.251251
381	82	0.24536
264	87	0.605027
471	196	0.778266
184	5	0.0551212
156	6	0.443192
362	116	0.448673
267	23	0.14345
449	365	0.941802
161	29	0.598115
257	60	0.28988
76	73	0.970808
272	45	0.420204
480	2	0.0217315
347	54	0.839908
350	57	0.468569
422	21	0.135405
254	2	0.459047
354	5	0.124999
311	140	0.524508
260	109	0.441953
180	73	0.51768
454	43	0.381075
112	15	0.13999
265	159	0.898201
490	240	0.664326
420	77	0.212979
53	41	0.880968
260	7	0.552593
440	9	0.831568
63	31	0.514169
242	4	0.11402
285	142	0.958816
52	15	0.972987
53	28	0.632579
123	47	0.901681
143	74	0.607172
357	33	0.675939
173	16	0.20766
91	13	0.573841
384	52	0.497727
425	99	0.830495
67	1	0.0175059
219	4	0.470046
92	0	0.654893
196	59	0.399374
76	60	0.932366
63	2	0.0641477
238	86	0.405758
325	32	0.273304
343	57	0.199801
83	14	0.241237
80	7	0.197024
217	8	0.565487
269	3	0.0173389
357	184	0.964291
276	66	0.365674
265	0	0.133515
129	0	0.34585
467	31	0.511659
337	30	0.579791
157	54	0.680384
101	53	0.77503
229	59	0.354972
430	20	0.761016
173	18	0.468615
395	106	0.662455
263	17	0.740694
114	36	0.323888
296	152	0.896386
223	51	0.450761
208	67	0.768671
331	15	0.190397
143	70	0.564712
288	58	0.555908
188	82	0.913276
329	178	0.598886
160	30	0.195433
186	48	0.720373
61	25	0.547625
333	107	0.659658
254	12	0.105107
287	154	0.698911
96	11	0.35102
457	64	0.19614
202	11	0.617092
218	106	0.771617
329	135	0.590073
399	297	0.929833
197	11	0.304341
129	23	0.178829
487	265	0.710433
390	129	0.33546
274	192	0.955114
488	51	0.122136
369	211	0.67426
328	10	0.310979
401	293	0.878177
321	27	0.115386
320	40	0.485662
460	89	0.745779
481	277	0.676673
482	36	0.115291
206	99	0.598841
52	0	0.0895015
77	2	0.403102
355	4	0.0615516
180	44	0.283322
406	173	0.449778
413	81	0.699961
205	162	0.880538
221	27	0.2034
78	13	0.177722
64	18	0.425538
216	11	0.651887
336	96	0.676277
267	148	0.77344
277	224	0.81814
214	61	0.500418
386	13	0.653969
244	1	0.0741509
233	3	0.042072
428	71	0.210543
441	98	0.576148
461	31	0.203004
460	45	0.444376
264	110	0.467917
258	188	0.866163
399	131	0.562759
373	15	0.705321
167	63	0.70583
162	121	0.923971
458	17	0.378546
301	8	0.165984
434	49	0.1566
336	270	0.880792
425	325	0.768741
358	64	0.870078
398	109	0.437132
64	32	0.958537
299	14	0.251944
364	20	0.218376
163	13	0.392413
240	9	0.128373
159	17	0.168999
340	11	0.0872878
165	6	0.642075
59	46	0.900132
93	15	0.338885
212	17	0.815747
98	8	0.116273
66	6	0.202043
225	58	0.519679
165	99	0.931538
476	158	0.531217
69	26	0.416909
304	56	0.395082
86	12	0.824345
360	206	0.75139
238	22	0.535032
156	83	0.613282
210	74	0.779075
395	116	0.490995
165	77	0.563135
266	27	0.118984
343	126	0.875222
465	15	0.180893
487	8	0.0432247
237	6	0.0861689
278	8	0.111704
421	22	0.0523795
200	61	0.380618
335	12	0.515068
455	122	0.316035
335	81	0.838389
108	2	0.346025
338	235	0.794841
189	32	0.590984
266	0	0.0112431
357	16	0.439039
174	9	0.0586388
134	74	0.756528
246	45	0.192538
69	15	0.656684
95	59	0.917606
135	37	0.558437
340	24	0.0984054
279	17	0.120405
259	35	0.875895
264	129	0.517956
354	131	0.720326
305	100	0.457012
395	106	0.912137
256	112	0.567975
365	130	0.986028
220	147	0.81421
422	117	0.465354
366	218	0.770181
493	25	0.423392
214	39	0.873315
223	23	0.283028
223	8	0.0725236
203	22	0.744005
401	138	0.693128
177	8	0.350853
300	207	0.857439
237	105	0.789509
259	27	0.257206
463	58	0.376363
71	9	0.532364
85	6	0.344612
209	8	0.610449
377	169	0.480564
274	2	0.217187
270	32	0.360709
321	7	0.186004
352	4	0.856598
420	0	0.0263625
386	92	0.617442
180	5	0.130882
224	6	0.177856
101	1	0.0278387
209	33	0.241022
444	10	0.0626001
247	31	0.41426
346	30	0.294815
247	32	0.153637
187	63	0.81908
65	23	0.511078
460	178	0.473344
206	152	0.888604
238	64	0.405817
265	30	0.848582
178	55	0.37229
419	58	0.199996
343	17	0.0786528
219	4	0.233617
159	0	0.502178
314	75	0.273162
401	44	0.288917
160	98	0.889417
331	129	0.425715
283	111	0.515681
109	11	0.797361
123	18	0.521721
114	2	0.0589274
304	63	0.320291
485	30	0.245662
186	68	0.603285
51	29	0.644931
329	32	0.773957
118	27	0.662031
297	18	0.364408
93	16	0.421168
239	6	0.411546
148	0	0.0367632
448	122	0.549544
341	0	0.0990005
274	56	0.233955
427	48	0.527746
268	85	0.578334
339	49	0.226636
374	43	0.139106
441	110	0.670922
298	43	0.663146
398	45	0.563349
218	47	0.94857
120	7	0.190396
343	136	0.46544
127	16	0.175847
199	65	0.652031
327	106	0.71199
296	96	0.380048
60	12	0.65834
443	324	0.831092
138	52	0.599747
319	151	0.919621
449	43	0.273033
393	255	0.710329
207	10	0.0527564
341	187	0.758661
116	7	0.659772
303	66	0.306461
215	1	0.0889156
330	11	0.110395
261	57	0.621968
344	68	0.898868
123	14	0.132125
203	138	0.793038
161	30	0.489253
187	0	0.139526
285	16	0.106622
415	44	0.368542
287	8	0.253506
54	24	0.542776
171	20	0.806197
138	23	0.298623
341	11	0.455244
333	50	0.393158
196	18	0.307797
321	6	0.0258362
117	7	0.0847394
109	10	0.13627
356	28	0.255855
276	13	0.729075
378	135	0.424497
143	48	0.722929
275	41	0.300188
166	2	0.029101
157	21	0.160789
160	31	0.920911
121	0	0.147602
326	154	0.776821
127	27	0.23791
314	58	0.287738
186	53	0.31334
449	41	0.668491
283	56	0.648577
179	15	0.215482
244	210	0.913014
387	47	0.145534
479	236	0.745178
120	12	0.724971
156	8	0.498872
61	16	0.488167
255	117	0.865596
152	6	0.320799
452	199	0.932216
214	31	0.420589
267	54	0.371975
111	38	0.597838
154	96	0.690363
128	27	0.622135
284	88	0.404429
402	184	0.697445
168	82	0.936384
100	27	0.276605
387	71	0.402792
291	68	0.686993
84	26	0.652121
215	36	0.890258
195	28	0.894089
454	29	0.279963
444	24	0.202838
132	4	0.620104
116	34	0.404894
257	1	0.233287
479	250	0.567257
175	67	0.854462
296	6	0.90294
134	94	0.776904
429	38	0.54769
193	3	0.196913
221	20	0.897815
285	36	0.730624
325	17	0.328421
83	2	0.464566
415	298	0.809647
340	129	0.965107
119	4	0.145146
165	5	0.0966894
116	1	0.161264
63	4	0.68147
267	43	0.906468
414	259	0.75081
448	34	0.938531
209	58	0.353758
200	4	0.0213953
408	0	0.385921
121	55	0.464202
413	20	0.0645526
216	21	0.304394
435	77	0.177861
244	203	0.865036
254	9	0.411
337	35	0.228867
457	36	0.636684
314	81	0.293728
145	46	0.710644
290	40	0.593806
101	55	0.819006
461	77	0.187888
492	57	0.382819
411	15	0.0453892
458	67	0.319997
400	52	0.159662
404	120	0.399513
200	52	0.371898
438	17	0.0418212
215	61	0.340549
334	167	0.510311
220	33	0.54303
80	2	0.113784
380	94	0.861054
90	23	0.51593
410	90	0.42977
59	27	0.928554
112	25	0.514515
170	53	0.892079
274	24	0.184341
413	31	0.849665
255	5	0.979558
268	24	0.51201
265	140	0.760452
238	163	0.89054
375	0	0.0201405
362	184	0.509954
376	141	0.921527
385	235	0.835437
79	5	0.639708
96	11	0.790624
275	109	0.931796
372	61	0.931075
411	21	0.243418
447	243	0.570296
172	122	0.965698
457	34	0.278917
358	67	0.644733
76	14	0.247483
265	197	0.879906
406	159	0.708511
346	160	0.88803
300	52	0.25357
454	48	0.12952
414	1	0.325104
86	7	0.239441
358	58	0.55326
376	292	0.792745
154	20	0.38176
156	46	0.431212
219	10	0.210965
205	31	0.23032
437	132	0.531398
392	159	0.426475
496	190	0.551963
325	62	0.372144
135	48	0.701223
430	58	0.176034
377	221	0.643641
402	97	0.772667
460	2	0.0307693
67	3	0.0884868
311	69	0.392833
296	117	0.477577
394	18	0.182883
454	6	0.107256
473	103	0.558407
136	97	0.949659
123	79	0.694335
424	34	0.304226
83	41	0.916079
449	155	0.474723
421	257	0.760486
458	25	0.199754
69	15	0.895693
446	38	0.946204
263	110	0.594976
221	44	0.723891
144	102	0.871367
474	111	0.46053
442	32	0.539966
97	6	0.389771
434	148	0.342414
393	219	0.814141
429	238	0.721237
382	79	0.864296
219	33	0.208174
430	48	0.653207
159	16	0.28292
181	23	0.291261
112	22	0.263065
441	168	0.878695
331	115	0.506369
463	34	0.0875915
444	8	0.0987245
454	24	0.338911
477	238	0.906836
342	15	0.0438837
189	30	0.249716
260	49	0.717819
148	11	0.596156
261	96	0.98472
230	48	0.653881
407	102	0.414651
376	129	0.579257
349	12	0.611008
473	379	0.851624
269	187	0.71382
354	192	0.948829
371	161	0.576352
325	50	0.183432
296	156	0.612619
149	20	0.207724
446	19	0.475091
117	11	0.770735
284	61	0.346613
106	38	0.616522
364	3	0.0704996
357	84	0.385944
141	18	0.810988
328	65	0.631228
399	54	0.170729
69	3	0.457473
264	93	0.593839
386	9	0.725575
113	8	0.23659
345	92	0.313677
256	58	0.544573
396	190	0.618686
128	35	0.63278
74	2	0.104961
77	5	0.0651073
403	54	0.181403
244	10	0.0850507
489	19	0.189889
291	32	0.920695
471	0	0.13823
491	359	0.810065
377	33	0.134288
397	223	0.577091
99	47	0.902184
120	28	0.638304
228	15	0.169294
93	31	0.806527
58	39	0.673456
84	28	0.376214
301	33	0.864803
116	8	0.12847
364	34	0.190413
72	4	0.157906
52	50	0.974732
96	2	0.196022
268	80	0.981996
375	61	0.30371
450	122	0.718915
445	55	0.176776
439	80	0.340233
124	77	0.858346
65	22	0.469173
261	123	0.594611
274	11	0.0547229
166	42	0.749691
444	13	0.103262
404	65	0.78029
182	33	0.843649
454	3	0.135816
78	2	0.0638952
76	34	0.62114
344	1	0.192854
236	3	0.18397
404	117	0.475178
320	87	0.623059
115	24	0.230321
149	140	0.969673
365	114	0.375697
62	0	0.794026
315	48	0.288664
257	79	0.375076
284	5	0.453146
99	43	0.633807
494	216	0.821336
107	1	0.057827
256	2	0.0344017
406	180	0.696331
203	3	0.428108
457	221	0.73143
187	39	0.219807
447	114	0.527348
189	51	0.341754
324	151	0.771672
211	15	0.0773795
312	129	0.965639
335	28	0.989404
145	27	0.32056
233	130	0.719108
76	54	0.724322
202	2	0.303532
148	111	0.78507
339	5	0.948163
387	2	0.0281909
426	344	0.96736
284	114	0.886307
484	64	0.193481
93	23	0.533253
353	215	0.858379
453	35	0.635318
168	43	0.887356
334	148	0.539679
108	11	0.10411
295	3	0.638145
393	77	0.440044
222	3	0.12553
470	8	0.259443
407	121	0.581316
275	35	0.602198
227	100	0.532081
255	8	0.0333232
178	14	0.393956
464	116	0.932276
266	63	0.422843
179	47	0.507887
488	52	0.138086
274	47	0.790408
222	33	0.522529
265	53	0.234005
169	31	0.917156
162	2	0.630592
324	6	0.0967662
415	15	0.476163
144	41	0.369523
175	60	0.635161
68	3	0.558311
237	122	0.620701
488	379	0.882721
304	11	0.17585
75	5	0.116914
496	141	0.536421
298	13	0.0512
412	35	0.119853
59	1	0.0536704
416	40	0.14597
174	38	0.593588
159	1	0.0120822
457	68	0.703324
98	2	0.0551643
322	111	0.889684
344	2	0.313618
355	5	0.0383732
219	1	0.288
53	9	0.178469
187	126	0.908709
374	74	0.424485
490	142	0.765581
243	20	0.186609
357	74	0.874552
465	23	0.824093
171	99	0.947726
280	4	0.219976
401	77	0.34529
317	0	0.0153925
212	57	0.451493
428	57	0.83752
178	106	0.769299
211	171	0.872367
389	79	0.222493
390	2	0.713021
341	1	0.0425356
292	19	0.0804659
189	17	0.456004
363	9	0.0264023
52	24	0.833931
211	15	0.395023
282	5	0.0338149
405	141	0.375791
356	0	0.193542
101	30	0.30515
450	348	0.953304
276	27	0.701952
144	11	0.243912
474	258	0.732926
399	90	0.786472
104	0	0.0523275
367	16	0.0538816
413	78	0.191288
452	0	0.111245
173	39	0.459464
205	117	0.78947
170	3	0.0507469
156	100	0.660874
396	3	0.797181
272	67	0.293868
135	7	0.0784305
186	34	0.257259
101	49	0.796472
477	88	0.608516
257	15	0.12686
191	141	0.918033
172	30	0.349604
136	3	0.0837533
95	0	0.171168
291	76	0.41661
282	137	0.955993
286	18	0.106992
187	10	0.101833
471	13	0.0445554
263	14	0.508243
355	15	0.0901817
91	9	0.820649
266	83	0.427621
252	16	0.828873
136	41	0.65416
188	29	0.945483
77	39	0.515366
185	2	0.280628
157	20	0.179907
114	10	0.107791
240	25	0.986162
229	125	0.886978
340	31	0.640478
344	247	0.868148
303	154	0.686895
138	21	0.26549
321	86	0.328244
445	92	0.903357
62	16	0.630333
214	87	0.558609
108	1	0.153011
464	64	0.533649
439	29	0.779348
442	259	0.853058
273	17	0.070285
436	207	0.92184
82	58	0.929815
272	94	0.488066
259	11	0.0981016
154	47	0.692139
79	13	0.469656
358	2	0.38366
117	0	0.0525627
97	27	0.329882
231	127	0.705249
156	124	0.798785
482	43	0.909814
382	0	0.55645
161	4	0.128936
182	16	0.57167
125	34	0.312624
190	35	0.236718
284	103	0.432766
292	58	0.380103
124	16	0.732715
315	19	0.069789
181	1	0.0413128
68	47	0.776186
152	19	0.743408
407	162	0.479264
424	51	0.130703
102	31	0.313223
138	4	0.595049
407	215	0.541784
112	1	0.167524
369	276	0.984983
404	2	0.0349302
293	151	0.658037
373	110	0.567456
439	17	0.70643
242	52	0.653407
61	0	0.957604
356	182	0.700769
400	4	0.0513147
307	62	0.336234
430	142	0.751557
246	58	0.410305
428	117	0.37603
388	170	0.854681
445	19	0.0529276
255	13	0.0793003
191	65	0.371588
268	0	0.0547729
320	83	0.515312
190	6	0.0685608
399	139	0.814394
340	58	0.604035
216	115	0.646835
378	83	0.771134
73	5	0.14455
266	44	0.403524
84	21	0.29407
195	139	0.925486
373	198	0.871687
379	36	0.894184
283	150	0.879728
425	2	0.0474954
344	12	0.192095
417	60	0.474897
415	74	0.283631
243	76	0.908387
116	26	0.586082
66	12	0.595271
306	23	0.144173
346	12	0.377494
142	11	0.252685
412	364	0.883656
386	27	0.473863
331	112	0.477368
300	187	0.849551
288	2	0.107275
67	6	0.101898
392	4	0.0103561
276	15	0.113259
144	42	0.823139
145	90	0.62751
460	69	0.814517
209	104	0.763208
409	0	0.0193888
356	28	0.320656
412	24	0.14002
122	7	0.539836
355	24	0.120291
337	89	0.511114
484	7	0.0311736
425	13	0.789319
91	1	0.676661
272	33	0.473319
257	22	0.566657
259	44	0.707695
209	154	0.929006
409	9	0.13872
225	30	0.763805
104	12	0.201281
208	5	0.347953
111	56	0.659384
380	249	0.927438
367	163	0.809871
371	300	0.942563
462	296	0.710492
375	107	0.309609
392	255	0.676927
330	8	0.10029
201	27	0.8158
273	189	0.799676
353	84	0.507969
71	15	0.948089
187	7	0.919768
338	0	0.0393633
380	158	0.472429
67	48	0.71746
209	101	0.700666
265	85	0.785782
336	91	0.817963
315	186	0.962183
229	96	0.85715
500	1	0.046637
217	0	0.689011
280	112	0.785935
350	69	0.273669
270	13	0.0933818
197	94	0.678466
481	25	0.854718
343	201	0.607266
107	29	0.769881
416	57	0.303721
246	17	0.177574
236	4	0.231061
212	22	0.954061
363	166	0.612961
232	13	0.246492
411	133	0.354532
79	14	0.186393
294	0	0.0180332
159	71	0.461142
270	26	0.0992762
294	10	0.201646
385	328	0.864885
111	44	0.880222
352	24	0.413634
326	270	0.988183
488	21	0.0515722
482	75	0.618891
239	84	0.698058
239	10	0.311616
335	56	0.2944
283	153	0.884334
450	99	0.317848
186	68	0.396742
133	19	0.199902
434	177	0.618998
491	217	0.466478
89	0	0.0217263
261	100	0.95167
359	27	0.917388
216	41	0.960225
293	9	0.289554
318	82	0.406234
476	123	0.278383
391	8	0.22951
453	196	0.57158
115	71	0.922014
179	10	0.0926966
165	122	0.853768
364	147	0.616285
232	173	0.930575
143	52	0.711119
352	48	0.259804
290	78	0.73313
354	7	0.358091
68	42	0.981081
362	14	0.191045
255	7	0.116322
335	30	0.273462
394	12	0.223684
462	123	0.276481
84	3	0.0699867
476	271	0.665584
305	4	0.192139
287	37	0.850609
140	16	0.604296
114	9	0.100823
466	356	0.766669
123	64	0.867437
458	64	0.744314
286	175	0.8451
408	323	0.934294
303	18	0.200124
170	23	0.153967
143	4	0.358314
395	49	0.521186
184	35	0.579526
228	197	0.953948
297	140	0.651651
121	64	0.586551
367	55	0.169525
374	128	0.508012
242	39	0.403425
145	50	0.638523
149	18	0.66782
115	46	0.902187
123	19	0.317117
450	4	0.0142297
459	207	0.690948
80	31	0.489799
430	31	0.364462
425	47	0.126453
183	19	0.664121
224	12	0.234124
71	22	0.75031
78	33	0.71207
296	26	0.580088
246	101	0.886168
246	18	0.56637
275	3	0.128585
69	60	0.896719
395	0	0.910448
187	8	0.372555
352	204	0.875307
203	100	0.948992
289	17	0.351396
478	257	0.635633
199	10	0.0648284
206	8	0.27789
351	113	0.570449
192	77	0.585002
145	16	0.548106
239	198	0.92034
319	44	0.19015
213	6	0.198033
231	4	0.249803
454	139	0.922772
198	82	0.53133
248	63	0.569354
380	151	0.863218
497	197	0.535902
349	94	0.405561
484	85	0.530571
495	8	0.105897
415	39	0.657594
272	50	0.628609
220	44	0.297381
461	106	0.440959
211	44	0.3894
419	64	0.179194
189	65	0.961942
413	59	0.360953
268	46	0.716563
386	15	0.0806971
474	219	0.962076
478	86	0.206723
426	227	0.566278
200	12	0.0703655
277	28	0.900588
166	137	0.973286
316	1	0.524364
258	122	0.516672
54	1	0.0804099
277	23	0.18924
212	11	0.0798848
119	18	0.20301
221	52	0.35873
285	131	0.502759
108	24	0.906405
180	54	0.444724
457	30	0.261241
321	139	0.760697
328	13	0.0506782
164	27	0.171436
462	18	0.353666
166	14	0.180757
371	27	0.597631
488	3	0.219542
196	3	0.246541
177	8	0.712368
481	219	0.953808
407	1	0.0232385
339	118	0.814582
259	17	0.673632
231	32	0.602212
326	2	0.0233824
186	12	0.240597
176	17	0.119537
92	20	0.293735
251	45	0.653491
85	13	0.289456
235	10	0.0593415
484	183	0.969914
257	35	0.306053
381	73	0.545435
481	54	0.462865
113	3	0.118607
190	40	0.88017
214	12	0.253345
251	93	0.587536
437	180	0.784969
183	25	0.878775
151	30	0.86564
73	50	0.737087
229	57	0.476785
51	8	0.181617
409	184	0.628257
263	79	0.446846
480	195	0.700261
167	9	0.120305
459	34	0.118065
73	23	0.500851
137	97	0.871185
174	17	0.447058
447	29	0.482789
159	24	0.31916
307	108	0.67152
375	98	0.827325
257	80	0.769296
156	86	0.712528
51	33	0.907624
124	54	0.864804
62	9	0.197548
292	10	0.121387
482	355	0.849997
340	24	0.13368
469	4	0.384132
411	36	0.188267
348	135	0.539881
112	33	0.315217
354	118	0.417663
303	36	0.953674
223	32	0.626963
71	32	0.897091
417	129	0.956663
401	16	0.317165
210	2	0.224508
468	90	0.370647
230	57	0.689117
199	30	0.232667
449	103	0.631083
316	26	0.845278
460	59	0.211054
321	2	0.272689
371	70	0.543228
109	86	0.847597
400	27	0.0918988
313	1	0.0709214
419	152	0.461185
121	22	0.309497
342	3	0.237873
331	79	0.280111
321	67	0.632736
141	36	0.357176
374	10	0.296531
87	66	0.952259
302	74	0.254978
247	191	0.835628
273	74	0.490627
240	24	0.39702
491	95	0.205739
201	135	0.950275
169	16	0.829747
69	50	0.934565
117	0	0.0238979
395	68	0.94617
419	243	0.810673
391	300	0.924852
89	15	0.27343
477	218	0.588967
480	125	0.612404
379	207	0.978604
369	186	0.581649
74	6	0.124977
112	19	0.237051
277	12	0.2653
441	43	0.305233
120	82	0.889315
113	88	0.877434
424	122	0.818455
288	24	0.125289
406	104	0.610629
355	0	0.849139
104	80	0.927585
52	1	0.35129
463	73	0.608183
413	49	0.592458
289	21	0.363072
216	4	0.154736
153	27	0.302731
270	53	0.635925
459	258	0.933301
87	2	0.723508
69	16	0.367687
300	30	0.487458
71	33	0.629789
429	101	0.86141
57	23	0.772537
474	61	0.932214
497	307	0.818456
417	43	0.323983
462	93	0.362238
384	196	0.890099
281	99	0.45492
75	37	0.540028
84	16	0.228224
58	20	0.496667
220	42	0.692774
98	12	0.736608
294	278	0.950134
174	2	0.0572295
250	75	0.862338
185	44	0.283759
436	51	0.251675
209	23	0.349603
91	40	0.875411
297	30	0.14896
229	43	0.191008
169	42	0.592161
50	13	0.627615
312	34	0.92555
105	29	0.790864
331	103	0.967419
197	36	0.280601
76	28	0.954445
264	127	0.599331
494	216	0.695891
90	2	0.0240066
287	18	0.314735
478	176	0.84467
194	0	0.0676965
127	59	0.841935
388	33	0.428673
248	5	0.0823035
121	56	0.622266
221	21	0.139613
436	11	0.361184
73	3	0.0506772
483	8	0.0229572
151	4	0.842877
236	123	0.849432
67	15	0.92036
422	276	0.885069
180	26	0.893237
184	16	0.768245
235	126	0.566493
216	3	0.0179928
466	269	0.69763
396	245	0.627832
133	0	0.0475531
343	118	0.529777
428	152	0.386419
285	39	0.252881
340	26	0.848323
436	13	0.759604
251	27	0.276702
315	21	0.232447
445	81	0.797626
481	80	0.308637
169	39	0.250527
217	9	0.0429518
87	39	0.654906
220	59	0.761229
158	15	0.231803
132	55	0.730529
66	46	0.815131
400	20	0.175269
433	39	0.170536
464	115	0.513215
464	84	0.349193
325	20	0.185866
492	15	0.12831
170	38	0.881572
126	19	0.166205
359	56	0.744296
146	30	0.458269
379	34	0.177882
360	144	0.784533
307	149	0.92009
474	33	0.111961
63	11	0.361486
323	4	0.348631
382	118	0.369159
106	29	0.516803
75	11	0.265832
407	10	0.0321539
181	12	0.377551
275	130	0.839807
493	96	0.262842
264	138	0.800624
197	2	0.0358876
139	65	0.602025
283	3	0.0157373
356	30	0.625597
170	57	0.543706
238	72	0.382453
290	57	0.671859
442	84	0.380968
158	53	0.619792
355	232	0.756442
384	108	0.366751
369	8	0.383097
73	7	0.377192
396	29	0.097353
372	153	0.917787
437	2	0.0141225
140	134	0.970708
172	59	0.498209
273	52	0.254175
184	3	0.0322821
392	201	0.513856
105	70	0.77806
365	133	0.694192
128	16	0.725628
472	176	0.473972
298	189	0.834472
144	23	0.519247
204	117	0.901341
342	47	0.209387
294	147	0.633018
429	44	0.698663
296	116	0.393146
364	16	0.780314
145	41	0.868964
327	117	0.70472
224	87	0.72039
247	92	0.644058
374	54	0.189134
433	51	0.117885
211	142	0.7278
138	8	0.623296
194	106	0.559986
152	1	0.484533
390	89	0.946807
340	24	0.272716
171	42	0.486488
166	50	0.386475
228	139	0.748713
322	22	0.20562
312	46	0.656815
89	63	0.797016
178	40	0.977743
50	27	0.760813
309	48	0.157094
159	4	0.0433645
489	39	0.124879
319	0	0.508766
275	34	0.163846
74	24	0.360152
77	32	0.649867
55	1	0.0906915
317	24	0.284065
410	43	0.282039
121	4	0.397657
372	62	0.383848
87	1	0.0730965
190	2	0.149227
256	101	0.411441
322	91	0.844845
162	3	0.794705
433	262	0.689546
153	64	0.473235
272	3	0.118557
310	72	0.848265
302	19	0.244752
85	22	0.988041
212	2	0.782478
467	65	0.747668
463	44	0.610216
310	3	0.112764
147	11	0.452362
185	55	0.696084
72	6	0.316312
469	264	0.602561
333	216	0.692893
248	26	0.110825
397	13	0.42525
201	20	0.0995765
117	22	0.268429
77	40	0.619215
396	186	0.929835
246	0	0.0452358
351	119	0.68074
277	74	0.356366
479	382	0.919815
309	120	0.571732
413	52	0.160004
312	2	0.151316
53	12	0.838237
76	36	0.612444
198	10	0.69327
216	153	0.932846
381	11	0.191086
367	86	0.707834
409	23	0.313032
260	31	0.204214
61	10	0.194718
80	32	0.719697
475	105	0.756446
413	36	0.23774
220	9	0.209946
227	3	0.0621226
202	11	0.769669
454	208	0.755444
93	5	0.501221
133	7	0.0785741
162	33	0.674147
475	277	0.948607
348	114	0.666116
73	35	0.838427
201	39	0.634683
369	26	0.0809911
436	179	0.917954
304	110	0.39202
82	2	0.0841183
144	61	0.532558
128	56	0.960098
499	241	0.582909
382	13	0.051349
343	41	0.875897
432	54	0.521255
59	1	0.910072
240	87	0.581102
454	120	0.684878
456	67	0.264071
448	15	0.567879
177	65	0.472332
470	374	0.837132
305	114	0.584611
497	16	0.0927351
93	21	0.448507
165	63	0.695078
456	11	0.217542
259	49	0.496152
500	121	0.724134
97	15	0.685012
465	117	0.392152
267	91	0.983615
122	57	0.648061
106	70	0.899631
144	1	0.0210978
361	220	0.878414
235	67	0.351883
236	2	0.031144
394	263	0.901622
384	53	0.257267
130	6	0.220303
252	117	0.614383
64	2	0.340843
86	15	0.68019
246	50	0.217215
70	14	0.337868
103	1	0.465461
202	10	0.143058
52	13	0.412583
208	87	0.51602
462	3	0.462692
296	1	0.0488216
306	180	0.647676
236	27	0.623356
493	281	0.718011
454	35	0.818415
449	71	0.453407
152	13	0.295413
310	93	0.689383
284	155	0.598935
97	54	0.615133
50	4	0.100359
88	20	0.301905
240	118	0.947307
270	63	0.329925
380	197	0.708005
222	69	0.370556
314	34	0.220339
364	22	0.145182
322	236	0.761306
254	69	0.400539
334	172	0.631036
498	307	0.881252
90	13	0.474394
194	8	0.287142
82	36	0.777523
195	24	0.168398
227	100	0.624988
68	52	0.926444
228	79	0.583969
403	6	0.154578
211	109	0.517622
53	15	0.468498
415	279	0.802512
366	11	0.175209
262	48	0.38183
123	28	0.242403
252	30	0.136333
319	0	0.0301099
364	157	0.467988
401	127	0.356729
408	118	0.903731
452	221	0.638699
491	137	0.698606
134	32	0.642921
361	6	0.0206552
232	62	0.554999
472	98	0.51299
279	142	0.968745
78	10	0.163472
346	88	0.592935
381	27	0.213211
168	61	0.546211
455	183	0.952435
86	26	0.443637
478	21	0.0997627
468	126	0.603675
313	0	0.0156093
411	63	0.183026
263	166	0.824002
314	164	0.944247
239	140	0.92751
120	31	0.608488
491	86	0.243094
389	2	0.0612617
458	52	0.520558
62	17	0.622077
473	81	0.62639
71	2	0.078599
496	296	0.666778
287	184	0.786571
461	0	0.0659153
278	91	0.622736
298	58	0.463535
459	56	0.379791
88	32	0.730227
116	73	0.651113
117	65	0.949176
264	10	0.124353
347	54	0.300567
473	58	0.386298
133	63	0.618579
246	149	0.652689
107	47	0.496212
184	13	0.520629
176	135	0.840841
316	3	0.167508
114	41	0.847726
436	80	0.249903
54	37	0.707545
356	61	0.725598
405	27	0.0886558
287	215	0.905207
231	148	0.884941
235	204	0.883301
420	40	0.187145
259	27	0.358135
164	3	0.472835
296	7	0.0250664
205	55	0.490808
225	105	0.546536
96	59	0.705892
254	73	0.393142
297	159	0.927465
159	16	0.607208
225	20	0.79399
396	11	0.1768
483	66	0.284682
151	47	0.365606
321	17	0.651895
482	54	0.792089
456	92	0.528115
399	15	0.340531
428	113	0.786901
150	19	0.341069
410	171	0.896406
68	24	0.682448
176	142	0.858929
244	19	0.282464
67	11	0.445336
393	60	0.16716
384	108	0.48528
246	167	0.764725
437	11	0.561587
216	2	0.696647
185	4	0.10579
131	43	0.783737
361	104	0.548365
137	43	0.580658
340	5	0.258565
462	3	0.264073
387	312	0.92005
98	3	0.842388
349	173	0.609407
368	13	0.139812
328	53	0.204412
347	115	0.570108
400	45	0.253921
73	21	0.743313
136	5	0.229521
132	58	0.842114
479	289	0.896499
102	3	0.890061
98	32	0.806808
307	29	0.890239
189	118	0.863374
110	14	0.747601
319	116	0.899833
356	291	0.939122
341	66	0.561706
302	42	0.253714
141	3	0.386121
125	28	0.252525
85	13	0.381446
479	29	0.0762273
171	102	0.905192
192	13	0.84222
243	18	0.171973
55	3	0.0855389
149	12	0.100699
356	79	0.24674
425	94	0.289606
318	31	0.210846
403	41	0.500018
167	37	0.308252
329	142	0.705576
400	220	0.723918
102	62	0.872393
163	94	0.89118
430	3	0.0714447
236	58	0.669617
320	197	0.74059
226	106	0.534312
450	89	0.489064
404	44	0.124673
156	4	0.883805
457	198	0.549178
54	7	0.463047
431	27	0.493607
50	1	0.0584292
260	4	0.0318461
337	61	0.446083
314	88	0.769017
486	197	0.422954
469	122	0.723047
436	11	0.0548775
178	3	0.0826973
51	2	0.105962
450	363	0.866059
65	2	0.0823877
215	24	0.139376
160	51	0.488192
177	26	0.494056
168	2	0.805589
474	3	0.0156081
71	10	0.20745
179	21	0.288139
361	91	0.277908
116	36	0.659161
498	2	0.026345
104	37	0.703308
233	69	0.80926
429	279	0.85338
92	12	0.132639
189	45	0.828981
115	16	0.656599
183	39	0.374923
107	12	0.284856
273	6	0.194271
413	32	0.567684
308	61	0.556207
338	113	0.854655
108	16	0.18494
465	7	0.120283
242	1	0.0326376
303	78	0.726106
279	49	0.82689
384	50	0.23229
343	13	0.604235
230	140	0.752967
438	271	0.721592
140	75	0.612796
496	53	0.30682
195	58	0.922212
115	78	0.817365
304	77	0.444017
490	128	0.926295
325	31	0.505674
368	6	0.573284
314	27	0.134882
433	33	0.198408
451	57	0.959849
415	11	0.231134
206	136	0.696399
115	48	0.901869
483	129	0.607445
254	167	0.830317
442	42	0.775519
313	16	0.446452
51	22	0.538355
400	295	0.759503
365	59	0.210486
218	33	0.603254
488	43	0.1878
470	230	0.844525
314	164	0.716388
465	92	0.375368
95	46	0.871673
329	283	0.958534
50	5	0.950662
158	16	0.196525
307	19	0.249896
371	103	0.632905
75	19	0.310789
283	149	0.807808
466	270	0.95365
260	3	0.266658
302	41	0.377735
248	59	0.961087
389	33	0.116402
107	1	0.16918
358	26	0.229491
266	75	0.464863
182	38	0.613983
353	17	0.0915008
331	134	0.806798
461	0	0.0185753
488	265	0.826867
321	130	0.494506
427	49	0.211384
425	90	0.68865
146	2	0.0266572
489	183	0.793501
179	12	0.13286
136	27	0.594186
133	86	0.946551
308	103	0.775484
246	32	0.166362
62	1	0.262175
329	22	0.112022
468	113	0.680876
89	72	0.809358
57	34	0.72522
455	31	0.165088
227	68	0.32271
127	2	0.0450221
277	26	0.695443
372	48	0.132425
235	77	0.626397
393	88	0.389267
433	192	0.534289
292	146	0.655895
101	41	0.544404
193	28	0.541433
96	33	0.956671
193	7	0.113556
55	11	0.355032
297	52	0.960839
132	67	0.78823
479	287	0.986047
173	93	0.696444
458	50	0.434755
140	4	0.50458
425	138	0.830337
319	7	0.0873866
413	4	0.0384054
216	41	0.64548
153	35	0.374272
308	70	0.859734
439	246	0.968635
164	97	0.760022
53	7	0.601024
58	13	0.360899
294	2	0.0141986
457	53	0.1671
129	2	0.104261
212	49	0.234442
372	108	0.565885
344	62	0.567088
256	14	0.167782
391	219	0.647749
166	12	0.136866
268	2	0.559592
317	16	0.599462
474	24	0.265498
91	66	0.741785
317	80	0.678259
281	49	0.21583
278	13	0.323954
258	110	0.933902
234	37	0.793272
298	103	0.591374
446	153	0.907775
338	20	0.11505
428	241	0.734962
455	141	0.388559
439	80	0.196681
247	146	0.766038
289	0	0.0598754
320	175	0.645808
357	9	0.209802
405	235	0.728668
295	45	0.365906
99	1	0.0572149
218	73	0.639408
51	19	0.598206
301	84	0.763586
126	52	0.614942
82	31	0.940049
376	87	0.240727
371	1	0.0422157
89	51	0.907707
477	15	0.262658
328	275	0.98931
368	7	0.425425
415	65	0.430668
298	10	0.125143
164	5	0.569763
435	327	0.982786
207	89	0.596307
455	85	0.605443
311	11	0.348697
380	1	0.286714
417	79	0.670389
300	10	0.489657
128	52	0.492215
206	73	0.856918
201	116	0.644744
196	109	0.756002
221	135	0.801299
165	40	0.749742
183	65	0.390068
333	6	0.107184
422	121	0.631479
393	62	0.193096
57	43	0.79663
186	0	0.0242801
64	9	0.381084
302	2	0.0382583
244	46	0.267815
478	436	0.971258
448	227	0.645862
143	7	0.335595
430	25	0.123301
290	15	0.934278
440	40	0.956518
297	5	0.582225
481	84	0.965739
413	265	0.672708
374	18	0.347685
57	5	0.237764
411	164	0.56534
224	209	0.95726
374	10	0.214504
402	92	0.428157
92	8	0.185991
130	1	0.479172
455	70	0.88257
260	84	0.563491
357	100	0.960422
201	21	0.185116
164	38	0.911557
197	130	0.89398
272	50	0.331249
370	53	0.581174
273	8	0.463344
479	62	0.346764
402	9	0.597901
278	41	0.256251
301	101	0.785809
222	20	0.817305
323	18	0.958894
290	9	0.423306
419	65	0.470187
173	73	0.445765
205	27	0.353382
262	62	0.818312
421	16	0.228365
343	58	0.34024
160	5	0.51583
483	32	0.298901
204	4	0.0921067
219	55	0.605193
204	1	0.337115
266	196	0.852874
210	65	0.763443
53	15	0.402581
269	55	0.355889
447	4	0.329809
384	371	0.988988
312	60	0.819158
454	320	0.919735
215	59	0.843935
69	27	0.476662
448	98	0.345622
276	9	0.170292
161	34	0.311171
290	172	0.684012
157	17	0.286943
352	52	0.483734
359	102	0.570891
67	31	0.492431
395	225	0.69379
116	9	0.763773
137	7	0.638696
394	300	0.825522
482	21	0.588291
147	4	0.100402
139	82	0.725146
426	50	0.142871
461	224	0.755041
70	7	0.125238
330	79	0.983952
475	11	0.277146
314	195	0.712247
129	68	0.90658
203	91	0.552284
360	142	0.740712
333	24	0.463214
119	25	0.799467
218	27	0.184531
287	35	0.222256
466	38	0.210412
483	13	0.494957
401	73	0.688895
111	12	0.519248
361	111	0.878018
223	70	0.707497
410	172	0.762124
213	5	0.126537
208	21	0.115838
361	140	0.524576
482	24	0.103166
219	37	0.323318
333	87	0.740001
93	46	0.679857
388	176	0.874553
159	2	0.114518
100	4	0.178228
268	82	0.422844
157	12	0.0906421
243	41	0.385785
171	3	0.0187835
189	40	0.311118
329	43	0.834305
118	53	0.543129
168	20	0.171607
202	22	0.124449
395	0	0.0148417
436	133	0.666304
226	98	0.830355
396	199	0.582092
108	8	0.697923
228	81	0.547622
470	113	0.485996
480	371	0.929622
251	49	0.221107
435	21	0.167735
485	117	0.556452
224	160	0.869001
80	50	0.716029
380	22	0.587415
290	46	0.262911
209	107	0.711972
279	49	0.208846
138	40	0.784008
267	56	0.900711
124	1	0.499098
274	53	0.214455
380	75	0.986365
55	9	0.448779
444	89	0.303855
136	66	0.54033
261	127	0.541754
270	24	0.156664
257	91	0.410734
422	147	0.385945
311	14	0.245887
190	91	0.944153
303	45	0.626707
284	4	0.0238099
489	414	0.906595
257	4	0.401111
434	53	0.630757
64	16	0.311677
357	231	0.746406
197	3	0.19401
290	166	0.67559
413	251	0.777454
363	1	0.200712
257	61	0.446344
425	47	0.979758
122	74	0.760413
258	63	0.421885
53	27	0.669588
412	37	0.149956
225	8	0.784578
141	2	0.707455
85	59	0.782019
294	24	0.71097
63	18	0.346633
243	3	0.541344
77	26	0.511289
333	39	0.220494
269	53	0.682415
207	131	0.826567
479	87	0.726517
474	199	0.45692
409	27	0.344902
422	188	0.669229
225	77	0.733752
268	36	0.266311
192	54	0.323067
480	141	0.525265
130	52	0.894934
468	65	0.592316
390	4	0.0924772
348	187	0.542253
458	94	0.875344
280	57	0.607945
377	61	0.173005
425	110	0.277687
153	12	0.453838
343	21	0.123493
483	59	0.123555
308	118	0.507333
389	29	0.557342
349	54	0.446378
240	95	0.818835
182	69	0.49979
124	3	0.0326524
303	244	0.97036
185	31	0.29848
273	68	0.62735
216	83	0.679256
428	28	0.262142
397	19	0.806088
185	60	0.912082
209	34	0.671239
73	3	0.157696
162	4	0.698326
288	18	0.258166
429	56	0.272228
251	110	0.881077
142	19	0.180538
456	159	0.846616
326	8	0.0417512
493	199	0.667951
424	214	0.888301
123	15	0.643722
489	49	0.893681
220	55	0.90341
334	99	0.319507
440	7	0.373634
196	39	0.448521
324	113	0.449649
455	1	0.305793
95	16	0.279116
378	158	0.465467
51	1	0.499442
153	10	0.323045
416	19	0.160123
72	5	0.223813
416	373	0.958605
347	159	0.881206
305	68	0.873073
101	41	0.410094
277	67	0.278304
238	6	0.560815
468	74	0.198286
240	0	0.0328339
298	231	0.790526
372	59	0.665579
450	109	0.938144
227	27	0.291087
421	31	0.132786
100	1	0.0151984
403	10	0.567646
209	4	0.0724032
91	15	0.732017
465	15	0.0432142
244	38	0.206409
377	37	0.116318
460	2	0.335662
385	212	0.554132
257	79	0.43716
311	93	0.349625
216	75	0.640786
108	79	0.821723
388	358	0.930775
238	9	0.969967
245	32	0.22777
418	60	0.302141
85	14	0.30574
404	108	0.379895
486	189	0.761975
427	375	0.915394
58	37	0.834433
421	2	0.033426
359	7	0.150604
419	378	0.905492
437	5	0.393675
382	24	0.0716434
322	6	0.240766
486	93	0.284741
365	20	0.612011
64	9	0.415631
273	4	0.11236
58	24	0.522144
228	24	0.967083
486	211	0.680221
297	11	0.111073
147	65	0.613772
487	14	0.0648532
57	1	0.167164
426	11	0.046202
184	77	0.8737
370	13	0.237559
338	53	0.288006
70	2	0.660431
262	29	0.328136
162	98	0.870151
462	76	0.699643
142	9	0.48447
479	65	0.44463
383	56	0.838516
426	358	0.896385
468	42	0.114163
345	96	0.860361
75	38	0.926523
264	97	0.767406
427	8	0.0268631
134	6	0.0980711
198	2	0.0543262
485	1	0.0121726
174	7	0.063228
260	19	0.40101
163	23	0.865614
487	115	0.429974
263	79	0.450096
322	50	0.225059
454	189	0.493867
320	23	0.0984521
126	62	0.52164
277	56	0.31018
62	51	0.946731
54	30	0.881007
462	203	0.635508
67	7	0.364123
247	4	0.023977
144	65	0.503141
70	42	0.82313
206	37	0.931263
119	0	0.0190588
428	18	0.76088
490	7	0.0172375
350	1	0.299658
122	62	0.870521
437	101	0.389341
473	30	0.721557
346	65	0.268659
79	20	0.637397
340	248	0.888908
311	90	0.393641
212	69	0.834089
304	170	0.798706
50	6	0.126589
312	27	0.180947
232	25	0.158592
498	103	0.274725
68	4	0.719885
207	6	0.0462225
247	185	0.80566
214	4	0.0239261
261	39	0.234844
170	10	0.450027
279	60	0.419768
97	15	0.206612
434	51	0.182328
265	54	0.282869
413	245	0.696818
78	14	0.380194
171	10	0.210964
444	392	0.979981
491	179	0.504242
414	66	0.387972
386	20	0.227223
107	13	0.276861
342	33	0.22523
433	138	0.455449
101	7	0.0921564
99	3	0.572321
416	54	0.494679
119	58	0.887493
101	7	0.469603
233	37	0.830181
465	40	0.100681
348	134	0.409021
169	38	0.291339
191	12	0.633851
63	40	0.639564
321	73	0.286337
353	58	0.532859
99	0	0.356734
372	79	0.250047
184	26	0.199995
337	244	0.851983
123	34	0.712316
448	106	0.919048
248	57	0.528756
410	87	0.979395
347	228	0.858518
232	112	0.880304
307	4	0.555901
345	23	0.134927
388	110	0.318192
134	6	0.855422
167	16	0.137033
317	149	0.478231
269	2	0.209918
187	89	0.765517
249	58	0.789479
461	246	0.585275
173	55	0.406589
378	55	0.184571
465	9	0.251703
307	28	0.494622
296	199	0.789321
490	150	0.491406
233	157	0.834538
413	9	0.0663354
435	218	0.604036
275	79	0.858051
88	43	0.985043
410	7	0.0278367
120	9	0.865976
457	103	0.895348
245	77	0.354794
180	8	0.393653
167	41	0.838799
226	69	0.360417
195	133	0.85886
101	0	0.359929
415	7	0.048043
290	42	0.988049
409	4	0.0981177
375	4	0.0129471
311	119	0.437913
462	72	0.673826
334	24	0.479749
236	65	0.397177
381	19	0.183238
436	55	0.243149
105	2	0.709963
117	56	0.678696
265	18	0.534021
458	30	0.8101
454	33	0.545567
122	1	0.180249
370	76	0.645955
302	168	0.933859
250	161	0.709936
211	33	0.330104
133	17	0.243851
171	51	0.569863
180	54	0.409484
118	41	0.975976
217	25	0.815734
123	54	0.965802
400	215	0.639858
320	137	0.732359
373	162	0.589318
355	14	0.0812123
185	20	0.953765
106	13	0.194596
72	1	0.0898839
224	39	0.175864
404	9	0.0305075
421	18	0.306026
198	94	0.688444
230	51	0.676931
135	80	0.840295
222	24	0.114003
309	0	0.0297092
66	3	0.0519131
282	47	0.212245
447	74	0.466889
137	5	0.242078
55	10	0.234258
413	86	0.826619
498	221	0.475034
186	22	0.223632
68	21	0.773617
187	81	0.457365
218	49	0.964662
296	61	0.380076
78	39	0.74522
264	0	0.0175225
483	0	0.395692
263	166	0.943541
163	124	0.839555
421	348	0.947316
235	7	0.632039
422	20	0.503468
166	72	0.72528
188	64	0.663962
196	62	0.860441
136	46	0.426027
134	8	0.102026
198	86	0.678289
365	171	0.80356
465	20	0.0975638
120	1	0.0545193
268	26	0.396451
151	36	0.562551
214	51	0.6454
493	28	0.0941512
108	6	0.681182
82	1	0.187766
57	14	0.6527
337	50	0.368522
300	111	0.675238
292	7	0.208665
62	0	0.610667
326	53	0.306629
180	40	0.851743
171	8	0.749469
190	15	0.289567
204	44	0.293234
439	122	0.371337
330	24	0.828019
332	82	0.292056
102	0	0.479752
162	77	0.515113
395	85	0.236047
267	115	0.551798
181	70	0.693164
297	38	0.132335
261	158	0.850628
356	129	0.516976
86	81	0.94288
427	158	0.635053
431	71	0.542854
300	56	0.282789
86	66	0.9723
281	11	0.905457
476	86	0.285524
261	11	0.173326
494	3	0.146745
238	39	0.249026
266	41	0.454164
183	71	0.498647
211	46	0.319693
179	10	0.510453
428	31	0.633055
258	38	0.665257
170	7	0.0587032
430	42	0.317036
134	58	0.922246
317	201	0.897398
419	18	0.173827
353	187	0.747379
487	96	0.235525
207	57	0.290961
421	21	0.115885
221	46	0.522296
323	167	0.615765
214	67	0.561983
160	47	0.946375
90	18	0.329839
484	8	0.0962836
208	45	0.534319
325	165	0.510132
306	209	0.702015
290	27	0.280771
485	195	0.422098
149	50	0.850751
495	6	0.834169
325	80	0.324563
220	25	0.137935
140	98	0.886702
430	51	0.164432
110	13	0.724149
237	116	0.970197
329	178	0.740718
173	93	0.935242
259	165	0.847091
482	3	0.018025
208	69	0.903662
319	79	0.855941
55	14	0.385944
353	0	0.024552
453	155	0.512983
308	180	0.632216
358	39	0.649698
200	6	0.0431805
145	12	0.213571
491	190	0.601984
260	145	0.738758
393	127	0.521343
445	0	0.0408926
430	46	0.899531
205	183	0.954279
106	10	0.168285
478	203	0.798045
342	275	0.961316
51	21	0.945162
313	57	0.342166
375	56	0.601876
481	51	0.543829
415	6	0.0187583
144	57	0.415008
439	105	0.461841
260	77	0.741071
146	6	0.478014
264	187	0.94532
203	138	0.816737
73	38	0.714687
184	10	0.0604699
425	66	0.475635
356	169	0.645727
149	21	0.329624
401	123	0.51942
330	9	0.349125
454	73	0.470356
308	28	0.443644
387	27	0.0739625
400	26	0.298946
134	98	0.843179
62	19	0.442285
359	6	0.890212
74	1	0.0532115
218	102	0.665142
106	21	0.55385
224	8	0.0625447
117	5	0.597081
410	53	0.259218
442	163	0.689297
163	10	0.279585
103	2	0.172278
69	17	0.82685
91	32	0.892665
493	48	0.281044
353	119	0.503971
173	53	0.546274
409	263	0.844329
259	29	0.257522
249	2	0.0114566
353	98	0.411633
464	112	0.660705
467	27	0.460483
376	110	0.300919
415	311	0.889758
406	5	0.147881
429	152	0.451136
255	144	0.711328
274	14	0.349492
78	29	0.611049
286	65	0.404196
221	94	0.925111
378	155	0.855252
345	83	0.633238
258	77	0.592741
281	14	0.647808
108	17	0.216571
204	0	0.389871
424	2	0.377877
257	8	0.0567188
428	292	0.68654
192	8	0.113453
433	4	0.680966
228	12	0.11981
416	0	0.0351029
241	9	0.514219
159	37	0.275375
339	205	0.873821
255	67	0.452097
381	63	0.521943
163	9	0.233902
73	35	0.886864
347	49	0.22028
381	3	0.0131631
226	36	0.164481
117	13	0.130268
160	16	0.937591
197	6	0.0693995
476	87	0.608034
57	20	0.752098
114	79	0.754112
330	32	0.959596
251	57	0.235823
315	50	0.955743
206	3	0.127572
247	41	0.450923
460	137	0.315704
461	176	0.466735
388	17	0.614489
462	13	0.0628506
415	276	0.866758
485	46	0.82773
444	67	0.530568
313	133	0.775411
204	2	0.181064
461	261	0.862011
247	155	0.695974
113	9	0.649533
149	8	0.25623
426	237	0.786419
89	2	0.676202
454	236	0.920861
256	121	0.492656
483	151	0.905777
302	29	0.117091
60	1	0.0318869
129	10	0.2866
283	67	0.45894
325	97	0.515008
237	128	0.977944
287	8	0.15975
182	0	0.0946904
363	63	0.373159
55	9	0.339064
92	2	0.23015
154	26	0.743998
410	27	0.506315
444	2	0.927036
107	19	0.323363
136	15	0.163794
380	51	0.63106
142	9	0.0665952
109	53	0.488514
182	136	0.838871
497	53	0.754911
393	65	0.211855
245	49	0.467343
427	62	0.283836
284	37	0.956743
448	173	0.515051
73	49	0.704072
446	33	0.182306
312	116	0.47597
52	0	0.135501
425	116	0.422488
68	3	0.184558
298	130	0.474843
386	192	0.582061
114	92	0.827772
220	165	0.979908
353	13	0.17567
294	93	0.464959
313	66	0.280471
169	1	0.0325506
116	0	0.931872
71	9	0.227166
257	5	0.100323
433	24	0.110852
145	1	0.118715
