4500
378	67	0.416221
241	177	0.809024
216	129	0.786069
273	118	0.533497
102	85	0.879904
389	36	0.558168
435	106	0.364638
442	9	0.0345846
407	43	0.373177
245	137	0.690175
467	79	0.172688
141	43	0.96789
417	93	0.602491
232	4	0.338842
347	37	0.986504
462	61	0.627049
182	71	0.578884
326	24	0.0745446
179	79	0.860696
142	15	0.240809
491	165	0.614377
236	23	0.413943
106	15	0.391332
354	159	0.469365
382	119	0.381473
66	11	0.320938
253	1	0.029028
54	19	0.813659
132	54	0.672924
315	156	0.519038
84	15	0.640627
460	24	0.350309
167	23	0.264951
183	66	0.86946
159	18	0.199099
345	15	0.113763
159	29	0.310472
448	14	0.0326755
251	146	0.940867
412	221	0.581655
156	23	0.473144
164	82	0.905592
305	7	0.166429
239	111	0.480189
385	152	0.751468
283	7	0.13953
190	15	0.752084
300	89	0.966417
81	15	0.221821
92	15	0.465116
179	72	0.514723
65	17	0.616227
184	13	0.426059
57	22	0.943479
385	66	0.82949
83	29	0.760808
443	6	0.08635
184	81	0.865916
419	143	0.535231
458	30	0.764018
159	91	0.749611
473	145	0.319222
280	58	0.948681
436	41	0.496736
266	134	0.763236
171	9	0.112042
388	156	0.845282
227	17	0.599805
149	14	0.884069
235	13	0.755428
267	144	0.63936
78	1	0.147456
471	27	0.376967
79	2	0.0254884
332	205	0.889471
189	83	0.816894
56	12	0.264487
208	133	0.806992
339	108	0.838096
356	8	0.484784
161	21	0.177171
396	108	0.502502
438	154	0.928107
461	23	0.167651
139	12	0.145957
187	144	0.978289
344	158	0.524023
433	33	0.0905682
97	26	0.715823
446	71	0.492185
159	50	0.830094
153	17	0.176181
401	293	0.988137
468	153	0.803353
434	14	0.0783747
481	85	0.315
436	226	0.526546
152	23	0.486793
230	16	0.282253
285	23	0.247963
298	151	0.600287
133	7	0.28098
464	143	0.544051
77	3	0.170261
264	55	0.258297
498	93	0.971839
265	8	0.043052
308	120	0.912597
422	75	0.390732
326	3	0.11934
132	64	0.619495
377	41	0.563412
161	83	0.957237
210	32	0.627046
243	67	0.601129
122	29	0.636599
189	3	0.0693466
199	1	0.53709
429	98	0.926684
464	3	0.101806
257	73	0.84209
464	278	0.603269
307	8	0.0606174
178	33	0.828441
341	62	0.941263
449	136	0.612427
290	40	0.357013
113	74	0.755579
301	165	0.679419
156	34	0.341839
444	153	0.429737
345	48	0.364739
72	16	0.478384
93	21	0.48441
331	134	0.834389
297	1	0.0414727
96	8	0.887932
167	27	0.630218
442	213	0.547726
460	45	0.444597
356	34	0.490834
337	84	0.455835
271	148	0.85905
478	69	0.326197
393	7	0.266874
424	113	0.311093
214	18	0.196606
78	13	0.533853
132	0	0.98984
284	215	0.793555
93	50	0.632128
317	3	0.748518
407	333	0.957095
410	29	0.108509
353	71	0.683869
295	83	0.362169
151	15	0.27562
397	3	0.0576147
429	249	0.620066
163	2	0.0126487
166	100	0.854046
137	25	0.398831
442	21	0.224025
257	34	0.890348
268	142	0.546968
439	135	0.447598
158	6	0.0670898
463	22	0.140194
436	30	0.0900762
74	12	0.311352
225	78	0.486238
227	37	0.609696
209	2	0.245418
474	108	0.29511
442	73	0.436748
233	204	0.898067
315	40	0.619034
493	52	0.673622
400	193	0.809183
492	25	0.0886143
435	300	0.892333
470	345	0.773042
483	61	0.348361
347	129	0.665891
319	26	0.958389
467	71	0.266134
278	71	0.649424
133	74	0.850246
295	7	0.422374
189	78	0.517319
334	56	0.213537
162	78	0.953389
497	68	0.193997
188	14	0.0937637
94	0	0.639642
282	28	0.29235
183	5	0.0388733
458	31	0.225886
426	78	0.955206
62	10	0.238783
216	2	0.0674484
353	48	0.842646
437	21	0.559647
414	61	0.929918
101	5	0.428094
260	85	0.471509
205	46	0.787654
367	1	0.0171698
420	74	0.455119
388	3	0.0224371
90	19	0.258685
434	119	0.324402
117	27	0.416525
137	22	0.281504
407	84	0.68596
334	253	0.899061
454	13	0.100665
468	36	0.0890367
447	228	0.924651
127	72	0.799344
424	143	0.843448
95	61	0.939643
293	2	0.27535
262	45	0.904687
136	0	0.656141
401	66	0.438727
127	23	0.510475
363	70	0.644163
101	12	0.476592
190	39	0.217823
154	47	0.814531
198	50	0.457902
463	82	0.199015
316	191	0.663394
205	11	0.191732
209	53	0.377528
296	9	0.861499
393	93	0.251914
55	7	0.338403
52	9	0.202937
359	30	0.714638
74	51	0.741326
460	63	0.772789
103	0	0.0800863
453	66	0.529358
488	16	0.478456
109	20	0.319838
385	65	0.584016
230	15	0.755349
370	26	0.310772
461	86	0.967394
383	105	0.279063
297	17	0.685949
364	149	0.89781
119	40	0.582981
157	72	0.639949
458	2	0.183519
218	5	0.080226
303	70	0.548898
131	60	0.56047
59	6	0.560141
304	61	0.389178
376	46	0.234385
345	91	0.341865
248	137	0.56694
436	273	0.844972
83	42	0.759741
195	93	0.917397
282	113	0.746048
189	50	0.666197
303	62	0.611621
354	238	0.723546
173	11	0.523399
254	179	0.982508
328	102	0.396825
384	29	0.289944
370	276	0.790438
395	78	0.460827
448	51	0.437061
378	280	0.922473
262	217	0.904642
75	9	0.851654
212	55	0.423285
356	77	0.278394
310	138	0.931348
405	97	0.579033
443	334	0.782863
241	19	0.290515
479	262	0.771213
331	189	0.672809
138	101	0.808943
60	4	0.139987
83	62	0.97954
219	19	0.248572
118	63	0.765821
499	324	0.695639
158	19	0.897535
50	10	0.253591
372	62	0.714053
484	7	0.0638051
213	21	0.833486
86	45	0.789375
268	55	0.442564
139	42	0.749877
213	2	0.0195463
394	82	0.565792
266	2	0.0481134
378	9	0.122909
100	90	0.964173
107	2	0.631491
489	22	0.412216
310	90	0.751294
322	28	0.092411
348	249	0.875732
193	4	0.128078
124	92	0.748558
195	23	0.645324
425	20	0.266106
471	298	0.733675
312	107	0.554876
51	0	0.248278
102	23	0.572828
479	111	0.342574
257	1	0.0169892
464	4	0.386651
169	97	0.616958
351	20	0.514679
498	273	0.85153
420	4	0.0835869
467	66	0.205208
407	149	0.839157
258	71	0.33176
328	6	0.579454
248	112	0.585949
389	24	0.131828
323	80	0.330431
499	79	0.319072
260	114	0.668467
333	25	0.248608
327	71	0.483178
441	19	0.797182
201	1	0.0369652
410	18	0.74221
84	15	0.218865
221	32	0.66164
327	234	0.838868
362	53	0.361013
153	63	0.475631
168	30	0.195109
481	201	0.423792
450	58	0.204135
68	10	0.322333
293	58	0.388872
475	72	0.571105
435	190	0.884442
115	40	0.569437
72	15	0.542807
373	23	0.127177
205	25	0.131109
487	172	0.931546
232	33	0.331118
404	313	0.878511
305	229	0.911786
99	50	0.616638
189	40	0.255525
429	191	0.605675
133	22	0.211824
142	35	0.537944
480	46	0.0980273
167	35	0.741071
174	30	0.462283
146	25	0.584741
371	15	0.24475
119	1	0.299034
68	0	0.474217
168	16	0.163574
277	11	0.265737
195	122	0.803911
201	0	0.0510286
286	32	0.17607
95	6	0.415957
182	48	0.363858
132	25	0.348716
338	43	0.493857
53	29	0.726334
394	31	0.146618
132	27	0.423342
224	66	0.332263
76	13	0.300032
240	13	0.639474
207	28	0.246652
100	88	0.897594
449	160	0.748091
129	29	0.683334
478	90	0.48436
337	50	0.684442
194	11	0.386324
296	208	0.822782
127	49	0.598684
184	34	0.377316
415	13	0.977641
265	60	0.23013
434	69	0.368491
383	312	0.932543
117	37	0.655758
165	8	0.542373
142	4	0.436625
176	46	0.841552
350	51	0.147153
78	7	0.457457
469	307	0.690351
130	6	0.848787
71	7	0.41406
437	97	0.807889
192	110	0.872191
362	105	0.859073
380	111	0.962516
253	20	0.10143
419	28	0.131148
297	2	0.222494
351	41	0.641453
173	11	0.252924
189	17	0.652512
492	32	0.425425
329	15	0.651447
419	10	0.349698
162	16	0.203905
357	180	0.85217
116	13	0.214622
292	63	0.549192
368	96	0.339069
243	209	0.896827
464	39	0.0912468
383	24	0.0685362
155	48	0.529186
483	5	0.109025
54	4	0.874843
461	54	0.62949
246	124	0.62606
461	64	0.913592
493	63	0.278136
267	36	0.284947
50	2	0.592729
286	132	0.617274
368	49	0.868994
240	1	0.928949
460	154	0.512708
342	196	0.659142
336	45	0.371778
342	2	0.229943
196	80	0.569723
215	11	0.706744
475	73	0.307936
247	76	0.492302
391	171	0.519379
70	21	0.700125
71	2	0.786129
285	60	0.696585
332	24	0.672637
315	103	0.556023
117	20	0.280206
345	186	0.648485
378	105	0.439219
74	7	0.966527
380	64	0.261996
84	7	0.209222
176	95	0.663775
290	69	0.253391
484	6	0.0761037
500	7	0.312328
123	57	0.566786
279	27	0.148697
125	13	0.19102
144	6	0.224811
85	15	0.578374
337	170	0.526048
415	170	0.893288
415	251	0.762972
445	129	0.940899
431	55	0.450848
226	38	0.324972
460	0	0.0682686
111	7	0.552929
461	43	0.379561
211	72	0.446708
452	202	0.871934
358	14	0.162607
89	2	0.138536
200	0	0.20506
256	49	0.894549
318	9	0.988129
484	115	0.307798
423	242	0.673316
78	3	0.11402
383	170	0.66496
80	35	0.907673
410	167	0.947566
425	232	0.943895
279	25	0.334133
394	287	0.838222
272	166	0.774327
50	5	0.482696
198	7	0.538275
306	120	0.518357
341	194	0.783312
297	23	0.0917133
208	97	0.615466
229	190	0.850997
297	60	0.204057
457	0	0.021
465	20	0.166429
160	25	0.500386
232	14	0.115524
447	158	0.42625
444	115	0.418754
109	52	0.562452
210	10	0.210489
394	4	0.504819
67	1	0.0805715
430	41	0.326536
197	46	0.340939
442	72	0.601752
261	39	0.159272
266	40	0.361109
245	1	0.0145737
414	190	0.79075
61	23	0.476142
486	29	0.334564
430	260	0.664248
479	178	0.812591
340	94	0.352886
123	22	0.268812
67	6	0.56092
115	1	0.924435
108	0	0.136789
163	29	0.438091
484	132	0.473606
378	166	0.648049
85	62	0.785198
479	53	0.204789
383	268	0.775536
395	184	0.762151
91	7	0.0898231
288	184	0.873174
498	223	0.91188
357	62	0.198508
385	78	0.71659
250	6	0.0729534
86	45	0.617327
426	73	0.545004
359	6	0.0580223
475	177	0.781842
428	32	0.150474
413	65	0.320914
145	8	0.289686
409	271	0.728142
302	148	0.813721
489	166	0.40054
182	66	0.478151
135	7	0.111781
158	56	0.47503
332	16	0.331036
470	153	0.418227
402	74	0.254656
334	223	0.87833
396	356	0.915024
242	116	0.657152
378	114	0.454674
412	11	0.0325247
271	240	0.93852
361	32	0.428416
102	0	0.0434785
266	16	0.69442
75	3	0.446894
128	19	0.640277
216	125	0.775773
102	24	0.826394
124	4	0.0735411
430	17	0.174439
312	64	0.227932
81	12	0.233962
389	138	0.372346
408	67	0.52404
274	0	0.331575
293	50	0.703672
291	0	0.120345
174	15	0.41158
65	54	0.941297
341	59	0.220347
191	12	0.153128
436	153	0.680424
221	30	0.413336
73	37	0.700511
326	39	0.200052
112	0	0.350477
119	26	0.304539
226	79	0.974733
225	54	0.331291
260	140	0.707442
51	29	0.776226
210	55	0.981132
125	38	0.426656
212	38	0.429453
84	44	0.767272
278	176	0.670573
147	30	0.408742
320	19	0.65571
324	104	0.641852
484	20	0.148995
477	51	0.631602
252	155	0.963208
321	45	0.149276
406	18	0.10679
483	41	0.926736
328	48	0.164225
341	15	0.20942
275	43	0.438212
499	236	0.490314
318	15	0.066652
213	124	0.631769
165	51	0.606087
236	5	0.713312
208	1	0.0189952
119	8	0.349478
352	14	0.660041
429	241	0.590415
447	59	0.144159
298	7	0.193647
275	36	0.655074
356	30	0.539941
457	34	0.696127
321	19	0.568184
172	4	0.429742
390	49	0.569345
460	41	0.980993
182	2	0.0241994
307	6	0.0243682
389	145	0.422852
448	157	0.466334
339	107	0.474766
116	0	0.0620381
261	21	0.237454
407	13	0.0350921
138	53	0.78171
337	22	0.81849
68	7	0.187516
381	112	0.668016
201	54	0.60859
108	48	0.846828
296	162	0.715571
367	213	0.616463
393	4	0.144773
50	24	0.886236
280	98	0.948242
333	54	0.727074
119	24	0.848392
165	93	0.588459
190	77	0.819316
460	7	0.106436
209	5	0.0603211
384	198	0.66087
230	117	0.529755
333	12	0.122826
305	200	0.877807
75	39	0.761987
406	243	0.960425
206	123	0.70408
456	318	0.798869
481	39	0.594649
168	57	0.410385
415	154	0.464812
340	71	0.220943
268	200	0.889987
289	31	0.133925
492	237	0.688663
400	177	0.549181
399	169	0.775483
467	56	0.436103
414	52	0.224619
315	28	0.782107
107	10	0.373995
184	102	0.78129
299	33	0.216758
230	4	0.0224684
236	86	0.812313
188	32	0.366672
216	66	0.742915
101	13	0.465031
125	45	0.591577
319	14	0.0834635
219	60	0.437691
163	1	0.873731
479	69	0.160485
249	6	0.348579
456	8	0.466758
274	57	0.242402
466	12	0.037396
82	36	0.476072
409	123	0.485803
238	115	0.755514
284	169	0.631827
409	119	0.631392
260	2	0.0406738
127	40	0.660194
426	38	0.227382
408	1	0.08066
187	30	0.23357
417	72	0.591897
327	58	0.309598
424	255	0.688549
458	157	0.859792
203	85	0.789811
239	33	0.754822
350	30	0.224533
389	148	0.514992
493	228	0.523595
132	22	0.183888
273	1	0.97331
300	32	0.43458
311	103	0.376141
409	196	0.867608
153	5	0.636424
245	55	0.919793
445	66	0.701525
291	8	0.0545043
255	25	0.132568
499	31	0.321843
159	3	0.245688
466	154	0.437319
301	131	0.501634
335	10	0.050801
323	4	0.0220269
342	86	0.594499
126	9	0.265894
452	32	0.214958
185	102	0.910438
309	117	0.561135
317	282	0.920861
375	37	0.527875
441	251	0.744988
298	9	0.622305
317	5	0.0164357
334	9	0.11879
138	3	0.0807906
74	9	0.419574
455	110	0.255568
54	18	0.363967
169	30	0.458589
159	0	0.0611175
68	9	0.542694
228	68	0.606516
266	6	0.0567676
216	183	0.849753
176	0	0.127484
69	12	0.2581
435	177	0.615726
290	92	0.819515
466	76	0.607587
486	21	0.081206
382	100	0.876677
227	25	0.178453
251	159	0.717894
52	0	0.0280063
55	8	0.387499
82	8	0.939647
224	97	0.446756
274	28	0.733991
277	111	0.61403
480	17	0.161144
372	40	0.464196
487	292	0.875142
477	2	0.0404586
392	201	0.597159
104	1	0.0531734
286	68	0.747827
317	65	0.522991
307	161	0.74073
74	7	0.227202
272	37	0.294056
167	37	0.297147
176	82	0.939749
226	82	0.963269
454	54	0.297043
349	9	0.0522123
111	12	0.204227
294	135	0.98506
317	133	0.666071
223	69	0.811587
256	39	0.252411
145	76	0.558024
277	140	0.51068
335	69	0.634415
377	39	0.906971
467	202	0.540486
209	1	0.105994
271	3	0.0209056
213	20	0.647598
413	42	0.118405
431	189	0.913179
113	17	0.201077
197	1	0.254191
91	10	0.383944
392	61	0.505671
490	219	0.908293
460	61	0.203663
154	0	0.0506712
250	131	0.666868
314	3	0.137425
109	32	0.865711
203	48	0.259101
59	30	0.558849
149	8	0.800809
237	36	0.315236
487	32	0.395786
361	27	0.0788144
240	3	0.180802
333	21	0.914202
331	145	0.681834
234	4	0.0378977
430	124	0.536313
419	18	0.806721
306	157	0.90983
70	19	0.378434
189	46	0.310121
425	17	0.845859
491	390	0.85948
63	22	0.513028
307	36	0.136329
117	53	0.545645
467	38	0.109439
256	180	0.853166
291	104	0.69825
420	90	0.509497
111	8	0.170328
143	29	0.828785
60	45	0.870139
143	29	0.276605
231	18	0.182588
392	72	0.247493
206	79	0.877375
494	196	0.600911
382	130	0.591496
144	27	0.304035
350	304	0.955596
158	86	0.81961
332	49	0.15451
85	13	0.15962
461	42	0.350265
402	2	0.136064
296	22	0.897117
374	55	0.736791
74	2	0.049005
325	8	0.0308043
244	67	0.45092
476	10	0.0430261
496	138	0.348646
399	220	0.900368
53	14	0.845357
334	3	0.0527933
381	15	0.197424
119	30	0.33643
253	30	0.861016
343	2	0.235176
338	8	0.128884
191	44	0.51271
290	19	0.142039
424	101	0.878326
228	15	0.30374
55	2	0.255577
445	175	0.615126
271	2	0.277118
214	36	0.357626
109	0	0.125632
494	132	0.723296
391	78	0.338351
258	38	0.611103
132	36	0.530937
407	46	0.423542
416	24	0.0634093
249	27	0.169535
261	63	0.315973
308	2	0.0110053
72	1	0.13774
413	25	0.389721
129	31	0.429227
201	3	0.138587
119	34	0.4472
156	45	0.581736
309	104	0.446514
351	28	0.238677
76	10	0.316188
358	1	0.0596133
163	48	0.526905
388	112	0.548218
126	68	0.828253
434	29	0.130969
372	187	0.800541
441	113	0.323317
421	133	0.61594
199	70	0.672277
323	32	0.205262
247	32	0.896504
189	95	0.688299
334	191	0.574307
185	32	0.420678
355	165	0.756833
270	22	0.150849
138	18	0.745302
160	49	0.713086
149	24	0.365415
195	37	0.351118
112	51	0.727364
192	37	0.417079
221	4	0.804689
315	99	0.884486
460	348	0.961029
159	19	0.825906
81	8	0.164444
294	24	0.16762
184	4	0.151424
486	276	0.966713
175	53	0.884371
492	208	0.784481
487	95	0.7922
338	151	0.969791
314	159	0.540438
100	0	0.0546918
120	3	0.0628844
277	35	0.256698
306	267	0.916807
336	35	0.297843
348	52	0.343602
120	81	0.718606
358	11	0.071909
361	33	0.255916
359	21	0.180421
62	2	0.175296
194	3	0.14069
253	64	0.548735
190	61	0.421968
62	5	0.114376
281	16	0.674834
88	21	0.412348
162	86	0.90751
408	170	0.978616
128	2	0.0308268
372	181	0.496711
196	169	0.982879
112	2	0.564269
191	3	0.0299134
230	13	0.681808
452	87	0.984756
128	1	0.253753
243	38	0.519431
471	121	0.554471
198	8	0.0821156
381	141	0.512156
465	365	0.796695
461	107	0.238193
95	33	0.960532
76	4	0.0824216
155	26	0.567354
429	45	0.13948
163	2	0.0359494
379	5	0.648566
343	5	0.115868
238	168	0.971063
339	120	0.876844
205	183	0.917678
72	9	0.349017
64	2	0.154733
382	57	0.39738
97	4	0.0574045
281	237	0.871754
450	18	0.274841
325	82	0.362307
497	206	0.718757
214	75	0.350753
153	72	0.837157
152	5	0.0534311
109	19	0.447458
454	45	0.983673
230	126	0.782427
253	0	0.383188
156	32	0.455002
116	34	0.48878
266	151	0.626433
114	10	0.128696
487	297	0.753044
474	37	0.190281
386	51	0.309162
243	149	0.762646
434	50	0.364908
493	37	0.742681
158	42	0.830434
294	80	0.398723
416	59	0.160811
76	31	0.41893
154	1	0.0344434
314	81	0.435521
203	26	0.701382
141	57	0.697399
137	11	0.158288
357	125	0.447423
94	30	0.55881
61	13	0.921018
130	106	0.889604
443	326	0.917987
293	40	0.710101
234	90	0.414532
397	262	0.777721
376	117	0.746792
445	180	0.98722
258	4	0.0312258
233	105	0.771755
329	39	0.388174
363	21	0.260491
159	65	0.459185
467	13	0.211977
109	95	0.878219
440	5	0.0578327
53	0	0.771473
175	8	0.256352
221	16	0.451097
54	1	0.366502
95	28	0.782938
106	3	0.224403
445	53	0.346063
438	136	0.447061
79	4	0.336447
413	7	0.213249
158	18	0.254885
106	32	0.758163
287	18	0.232198
103	2	0.079396
277	23	0.560132
282	0	0.0358393
128	66	0.609151
62	2	0.0339382
195	10	0.450054
52	2	0.0934313
491	68	0.229709
252	33	0.185303
123	107	0.913511
156	61	0.872126
478	326	0.711281
432	373	0.903102
388	44	0.161742
74	20	0.37377
472	11	0.13321
291	48	0.905035
487	52	0.254725
359	9	0.425567
95	39	0.554925
369	12	0.0745886
470	327	0.703241
182	73	0.498844
60	6	0.546518
55	11	0.927134
130	65	0.730533
60	2	0.527934
499	56	0.538321
161	96	0.845938
341	14	0.643744
214	2	0.186998
449	235	0.712361
99	11	0.241662
482	284	0.63577
368	86	0.427923
128	2	0.936786
195	34	0.427376
128	7	0.705712
413	5	0.367431
245	48	0.239416
257	2	0.0243597
349	64	0.302264
489	27	0.426745
287	31	0.361134
150	24	0.960485
148	74	0.797454
384	193	0.581675
450	10	0.847661
261	229	0.88874
381	175	0.682297
161	6	0.430681
421	6	0.0255176
436	34	0.203521
471	43	0.327457
265	28	0.230024
306	133	0.469971
303	2	0.218752
86	27	0.680443
158	71	0.605952
443	126	0.713661
82	49	0.757263
208	69	0.479652
376	151	0.48301
437	123	0.384705
364	145	0.621646
354	100	0.429252
495	15	0.0336394
408	158	0.607241
231	1	0.261437
368	64	0.299819
163	60	0.667678
266	73	0.594608
135	71	0.526496
471	54	0.601329
389	4	0.116849
357	106	0.877549
325	0	0.0818332
460	92	0.70678
219	24	0.618498
246	47	0.43866
398	163	0.955029
265	1	0.204176
460	76	0.216771
146	66	0.591283
344	8	0.0921928
448	100	0.969519
389	38	0.162428
135	4	0.0546016
236	1	0.133675
326	22	0.430732
278	40	0.360135
139	70	0.624816
97	89	0.944479
139	38	0.704863
378	14	0.572122
463	16	0.384094
147	129	0.932607
60	0	0.639963
160	37	0.447312
400	7	0.190153
456	191	0.916018
115	86	0.827812
186	5	0.313907
377	162	0.590245
265	116	0.507515
73	34	0.97197
344	35	0.589614
70	13	0.307115
71	6	0.124511
80	3	0.0568133
344	117	0.814448
234	114	0.53151
409	324	0.895564
394	137	0.55429
500	362	0.88292
284	91	0.876831
70	7	0.325853
78	16	0.29246
476	118	0.418646
274	191	0.949302
466	35	0.12673
165	83	0.928287
225	36	0.266985
147	13	0.975324
370	113	0.889351
80	29	0.775117
488	116	0.475317
291	51	0.334884
262	43	0.226056
287	14	0.0704597
479	142	0.731384
86	17	0.665014
234	110	0.483887
238	13	0.679821
291	24	0.386813
169	3	0.431167
459	22	0.126669
148	66	0.686578
478	95	0.356047
255	19	0.141548
80	6	0.338109
451	137	0.696091
376	61	0.381255
203	0	0.0980613
158	64	0.424217
142	53	0.454847
180	21	0.793301
378	105	0.386442
131	13	0.534127
388	1	0.025593
304	41	0.179939
50	4	0.101702
280	118	0.717048
425	92	0.41407
236	6	0.0539875
229	163	0.88396
448	107	0.38163
268	63	0.28595
97	24	0.251918
336	13	0.922338
231	73	0.466316
382	4	0.094163
99	50	0.551017
179	54	0.391298
230	89	0.930476
432	142	0.408069
355	117	0.441468
267	59	0.540784
221	21	0.237563
128	21	0.294215
144	41	0.618398
107	29	0.324554
76	3	0.0398335
286	10	0.037647
385	45	0.890084
334	6	0.191142
297	209	0.839737
167	62	0.424323
393	296	0.878805
164	36	0.258775
153	89	0.787844
75	20	0.292208
423	126	0.689749
124	49	0.675221
111	38	0.874617
457	168	0.811779
226	141	0.772543
197	6	0.13548
340	128	0.735315
188	45	0.470521
357	31	0.121716
118	67	0.712715
382	210	0.877985
453	36	0.115713
482	120	0.265565
77	19	0.936034
131	5	0.190564
244	57	0.573502
396	1	0.0156473
448	63	0.384544
485	108	0.510466
109	39	0.588238
425	24	0.452151
276	67	0.364077
376	242	0.759847
138	30	0.24866
204	87	0.625705
431	114	0.902026
211	45	0.375787
363	24	0.0894738
89	9	0.170568
223	53	0.254863
493	142	0.316467
379	266	0.787132
298	5	0.158391
466	59	0.158834
249	62	0.950886
67	43	0.716224
291	89	0.499094
193	53	0.36492
466	47	0.248119
190	1	0.246995
348	128	0.379921
394	178	0.593123
450	284	0.707328
435	126	0.521353
462	15	0.253398
431	138	0.438006
371	2	0.0657347
463	66	0.805362
260	66	0.971303
332	3	0.60699
120	38	0.747294
134	52	0.867318
179	8	0.608044
413	60	0.165427
67	3	0.246464
403	179	0.64253
222	1	0.0339898
176	30	0.480436
253	4	0.0366532
263	83	0.451691
388	93	0.603431
219	102	0.606224
490	5	0.120064
175	70	0.914494
312	36	0.194402
184	5	0.0437282
62	29	0.519533
333	205	0.927546
179	100	0.680455
297	204	0.71705
81	21	0.766852
227	71	0.522231
419	206	0.548609
79	15	0.299253
409	244	0.730583
190	31	0.209758
170	94	0.745034
67	2	0.0486687
311	28	0.576613
272	95	0.43373
386	74	0.573785
474	105	0.477781
142	74	0.872099
282	30	0.212952
145	6	0.698297
374	4	0.0272046
98	39	0.48543
87	18	0.269555
60	2	0.623995
92	42	0.519842
494	188	0.743559
455	265	0.73898
234	93	0.839995
451	32	0.575884
459	103	0.283019
272	227	0.866088
450	259	0.593283
284	111	0.524674
147	9	0.737485
462	62	0.505059
333	36	0.116734
402	21	0.853811
461	195	0.962529
67	7	0.161578
267	45	0.697858
98	10	0.124153
487	136	0.629172
450	2	0.0205488
63	30	0.512916
238	129	0.788653
387	17	0.288854
430	19	0.126022
106	30	0.55647
64	4	0.0642385
102	18	0.231341
410	21	0.234143
248	9	0.0940238
158	33	0.357401
89	33	0.406423
392	268	0.825851
242	178	0.98681
139	53	0.527439
247	102	0.469083
327	18	0.0588332
95	4	0.164591
479	197	0.836614
340	43	0.345401
396	129	0.354657
291	12	0.682647
439	93	0.347595
149	22	0.227211
159	22	0.238326
354	15	0.852448
449	105	0.805227
164	15	0.258837
462	129	0.293359
414	5	0.0251271
130	15	0.597669
486	78	0.533278
58	8	0.558477
405	125	0.32674
65	0	0.304935
105	18	0.189177
375	145	0.505103
255	1	0.864413
324	204	0.958702
422	50	0.722625
231	1	0.107189
481	215	0.934791
205	13	0.119246
205	78	0.505181
239	23	0.250329
444	48	0.237746
426	59	0.866575
228	89	0.764919
208	61	0.430998
448	25	0.0790498
109	48	0.598145
411	165	0.432156
423	156	0.632716
233	4	0.131253
261	195	0.810225
454	378	0.845727
160	80	0.715129
194	19	0.194647
398	4	0.0885896
154	17	0.186565
248	83	0.785383
290	18	0.333603
290	36	0.150098
146	7	0.955759
409	19	0.958081
312	233	0.920939
419	57	0.895104
389	107	0.493856
292	12	0.525243
434	36	0.091692
300	88	0.697696
395	27	0.249688
285	46	0.190746
158	3	0.197851
350	187	0.782125
496	282	0.695178
469	237	0.694466
231	10	0.119009
213	111	0.797289
500	10	0.104942
132	63	0.534741
190	1	0.0536675
443	98	0.222018
388	199	0.986361
238	77	0.56729
423	67	0.163478
481	50	0.824008
483	65	0.376755
476	250	0.571795
93	14	0.393627
157	2	0.0284143
194	60	0.537698
74	48	0.716863
233	52	0.30984
359	101	0.35415
256	99	0.494243
218	63	0.832916
228	84	0.687158
254	60	0.656721
171	9	0.0865682
78	20	0.511385
116	30	0.393934
378	147	0.874048
51	8	0.254035
238	41	0.595113
90	23	0.79146
134	79	0.848517
324	41	0.489222
114	38	0.717757
346	83	0.331152
425	18	0.508643
345	20	0.152452
340	110	0.355364
65	37	0.74416
357	319	0.922847
114	56	0.614104
452	6	0.0543956
286	69	0.361534
460	17	0.187996
357	72	0.64471
306	76	0.649249
268	109	0.685863
178	2	0.172688
455	82	0.583697
132	31	0.406563
458	168	0.448402
191	24	0.168863
234	152	0.850513
53	38	0.863675
267	33	0.505029
387	17	0.332405
318	48	0.483765
209	141	0.684736
80	23	0.973774
156	65	0.862907
259	46	0.88782
346	54	0.972459
320	92	0.349065
280	5	0.374111
246	69	0.329005
159	118	0.796532
357	59	0.542856
64	4	0.286482
302	132	0.705183
400	109	0.319046
166	57	0.948854
434	135	0.453627
99	1	0.165949
211	87	0.566495
246	16	0.151479
414	341	0.93007
144	11	0.981014
276	9	0.12531
414	159	0.948258
428	81	0.245789
95	9	0.9262
369	354	0.96017
260	81	0.326302
352	2	0.461358
166	36	0.368356
128	25	0.474146
259	4	0.956055
82	2	0.433542
440	31	0.0758788
258	31	0.572821
157	71	0.618459
103	24	0.361567
169	27	0.567336
388	94	0.373079
164	2	0.0240466
136	9	0.226416
499	82	0.808765
320	69	0.754595
384	28	0.146617
51	5	0.396473
459	73	0.193394
425	179	0.492134
242	115	0.569975
165	39	0.334337
457	195	0.571776
350	1	0.951599
203	3	0.0586358
184	84	0.536812
333	228	0.732828
83	22	0.37427
147	88	0.853136
216	65	0.533402
338	15	0.971858
195	148	0.929275
357	126	0.441576
267	67	0.347425
174	17	0.41698
437	119	0.422796
320	12	0.378241
352	2	0.0253361
261	16	0.127683
166	2	0.214875
430	4	0.193127
451	96	0.325961
237	6	0.0931226
157	79	0.971059
138	13	0.350883
370	96	0.430394
401	43	0.446979
425	202	0.584493
490	69	0.383104
398	0	0.0123278
63	3	0.622631
361	12	0.0412878
301	2	0.0528293
293	0	0.0714862
173	38	0.381469
286	9	0.508521
203	45	0.866588
416	107	0.515386
441	332	0.974103
88	8	0.279559
197	6	0.0315687
474	76	0.256562
167	11	0.0784408
267	68	0.329817
283	96	0.407848
111	41	0.379023
444	200	0.611034
456	46	0.29856
276	68	0.291316
141	5	0.258184
133	25	0.431962
90	26	0.881376
99	32	0.765325
250	8	0.456999
255	181	0.972923
216	17	0.274628
299	36	0.544614
424	227	0.562314
164	24	0.302268
286	55	0.605643
394	23	0.101876
192	54	0.541448
440	48	0.600369
333	177	0.771663
62	16	0.708608
357	16	0.110683
142	25	0.432514
252	56	0.950887
50	21	0.744475
385	255	0.663628
398	164	0.566076
284	2	0.198262
206	114	0.843521
293	11	0.271733
294	27	0.56075
202	4	0.498679
395	95	0.459023
276	6	0.178766
464	7	0.302961
347	110	0.584151
136	9	0.466915
387	281	0.786749
281	2	0.0852261
292	103	0.904895
436	22	0.113522
67	7	0.240586
141	18	0.192405
182	20	0.575598
111	4	0.171773
282	37	0.185083
189	72	0.694969
322	140	0.72002
292	53	0.209334
433	121	0.328709
413	12	0.372137
368	13	0.0602394
333	8	0.251161
368	128	0.372768
159	6	0.317301
111	14	0.315294
437	9	0.766912
202	10	0.082696
319	53	0.300284
224	3	0.731552
475	47	0.828583
204	2	0.0536492
430	106	0.657075
282	97	0.43103
236	37	0.988233
241	1	0.0540444
186	7	0.16412
424	29	0.102286
458	215	0.866377
297	37	0.459456
465	15	0.0476956
375	149	0.682562
291	118	0.421291
160	77	0.561579
305	10	0.0839177
200	22	0.206312
424	28	0.17707
277	47	0.304175
330	78	0.844055
71	2	0.031275
120	24	0.862828
283	142	0.588139
382	130	0.783882
254	143	0.772007
291	14	0.178262
421	211	0.946532
52	33	0.817994
322	48	0.913408
50	7	0.427747
62	4	0.162491
150	39	0.667978
341	88	0.743701
343	85	0.657223
54	24	0.898271
371	5	0.417765
186	76	0.478043
356	8	0.169355
155	7	0.0511904
344	133	0.897336
90	7	0.946609
385	60	0.535965
79	3	0.10283
63	1	0.0900758
342	6	0.315763
459	68	0.495626
285	93	0.476299
453	1	0.323686
328	109	0.982405
430	16	0.0464478
341	19	0.843671
337	65	0.735457
166	60	0.562023
258	8	0.0866468
221	101	0.554722
464	61	0.13527
263	14	0.0563133
96	39	0.434789
252	38	0.687497
477	265	0.922259
382	163	0.732612
68	12	0.248815
209	60	0.605113
296	134	0.912584
89	5	0.454468
230	21	0.241694
441	2	0.0715871
293	18	0.271876
410	149	0.596173
283	192	0.893108
353	13	0.114308
388	41	0.91277
410	12	0.0792599
81	42	0.907625
368	22	0.071854
270	10	0.687618
340	54	0.531006
310	36	0.65805
123	39	0.44641
333	3	0.0189347
245	63	0.636855
259	19	0.433997
440	151	0.806267
459	134	0.434296
475	111	0.592463
404	32	0.316678
191	50	0.282936
373	147	0.462652
288	130	0.935727
111	37	0.919219
298	143	0.934991
468	29	0.958444
340	153	0.488818
105	2	0.454012
413	31	0.338748
382	32	0.332434
56	9	0.767701
224	16	0.0816102
201	7	0.160788
238	48	0.882052
193	104	0.817236
232	89	0.432788
447	253	0.808608
438	11	0.32469
485	310	0.890458
257	93	0.670286
151	35	0.275016
495	278	0.74147
53	2	0.136271
250	14	0.271318
164	12	0.336062
408	43	0.722266
347	5	0.21388
189	37	0.987654
181	64	0.542605
179	83	0.532578
199	0	0.181509
195	47	0.295609
467	101	0.633107
238	91	0.578383
356	181	0.791548
74	3	0.257688
327	91	0.792859
183	7	0.164522
421	95	0.290467
351	139	0.687414
479	137	0.522263
134	35	0.262574
373	44	0.499284
398	106	0.57059
451	0	0.052452
468	127	0.391912
369	131	0.46236
298	23	0.413118
152	39	0.528233
196	17	0.0893665
104	61	0.651882
176	52	0.554094
89	2	0.0834039
390	80	0.633969
442	206	0.778286
253	81	0.385757
114	16	0.225553
421	376	0.980544
108	1	0.0111573
217	59	0.670387
490	189	0.792847
204	74	0.398103
206	18	0.231134
338	22	0.532138
353	13	0.152514
454	41	0.185919
271	5	0.0388963
300	81	0.319741
329	146	0.503153
65	17	0.894746
153	49	0.890036
103	45	0.453116
174	34	0.401965
288	8	0.0711228
472	60	0.153361
97	59	0.731
280	150	0.624632
167	8	0.0625395
317	64	0.391859
272	29	0.138735
376	205	0.816745
423	140	0.354511
88	47	0.644322
224	63	0.83056
324	135	0.8923
81	15	0.463463
301	164	0.736534
334	120	0.941806
292	48	0.375935
61	28	0.765617
275	183	0.820316
338	41	0.414529
269	87	0.722895
407	63	0.540486
53	15	0.595036
144	92	0.793292
490	130	0.401877
66	15	0.632783
492	179	0.91245
225	42	0.95917
185	5	0.0300529
226	78	0.763765
96	2	0.0630967
195	109	0.575262
285	4	0.212001
227	5	0.107774
69	20	0.350653
346	107	0.33185
315	53	0.230022
79	3	0.23979
70	4	0.309727
115	31	0.63487
405	113	0.32179
155	26	0.451325
272	43	0.813096
63	9	0.549327
309	7	0.0270963
342	13	0.0386936
82	13	0.212534
157	13	0.205094
415	73	0.910723
195	77	0.645705
288	16	0.366993
68	7	0.916526
235	50	0.455155
138	12	0.208027
500	16	0.314271
395	86	0.473285
311	22	0.64545
445	77	0.566043
186	13	0.746802
111	27	0.292995
334	142	0.519551
289	19	0.504644
152	38	0.564884
101	0	0.071684
312	61	0.349495
433	233	0.710386
206	133	0.922259
129	70	0.735114
222	15	0.687296
387	74	0.209697
476	132	0.960244
443	215	0.575136
187	133	0.860422
420	40	0.14965
331	8	0.0586986
147	45	0.489602
156	5	0.0327946
376	14	0.118904
263	84	0.861846
104	21	0.355553
432	27	0.692361
384	79	0.223901
432	15	0.372025
393	124	0.964417
167	25	0.388311
230	2	0.985392
486	80	0.777144
380	112	0.385525
336	2	0.793213
72	36	0.567487
206	3	0.04211
363	57	0.274934
398	82	0.375073
352	6	0.72379
241	5	0.0677353
214	65	0.557955
229	10	0.727993
373	109	0.56849
356	12	0.924381
455	312	0.861911
224	25	0.144392
187	82	0.7457
414	195	0.588825
487	14	0.356794
78	10	0.778554
307	70	0.950563
391	113	0.732986
262	6	0.0316295
242	5	0.527436
274	67	0.547803
323	104	0.524143
397	75	0.528052
447	0	0.0257565
57	9	0.174681
170	35	0.708014
240	0	0.241319
354	67	0.277224
384	6	0.029347
121	22	0.233442
238	48	0.592999
326	200	0.827012
190	30	0.290065
281	93	0.391839
366	2	0.195254
147	27	0.421555
290	81	0.474602
410	22	0.0550651
187	1	0.169414
353	6	0.125409
407	7	0.0674374
456	72	0.815182
362	272	0.797341
156	48	0.800387
252	73	0.651297
292	194	0.806718
242	22	0.186075
364	41	0.790275
120	59	0.64619
188	35	0.353303
406	117	0.46902
173	48	0.978292
326	243	0.790368
305	43	0.287559
364	156	0.892416
252	11	0.0581296
192	15	0.134378
222	21	0.917578
387	152	0.448153
305	136	0.759337
323	71	0.267328
319	96	0.68508
407	131	0.854836
59	10	0.761212
388	47	0.318229
115	2	0.108119
134	6	0.250564
400	284	0.714268
497	182	0.561375
201	37	0.429858
291	13	0.0715069
434	219	0.846524
308	144	0.616348
409	2	0.0212302
347	27	0.251609
276	13	0.348713
456	17	0.0573229
165	99	0.926798
180	35	0.255181
285	113	0.493405
273	76	0.367223
445	31	0.391862
299	103	0.842779
211	37	0.191975
325	9	0.0406973
452	6	0.0781072
397	1	0.680096
305	86	0.321379
289	90	0.981421
329	14	0.128597
98	69	0.838638
119	5	0.461345
253	14	0.164162
357	130	0.784123
457	137	0.843585
210	76	0.59049
168	6	0.308136
207	3	0.0701077
443	83	0.195879
68	25	0.822799
419	20	0.235506
301	24	0.256207
246	164	0.815598
364	21	0.235083
400	42	0.285966
257	21	0.0836021
435	28	0.26198
424	3	0.0321629
462	16	0.0402669
384	6	0.373027
275	23	0.19218
461	286	0.781096
79	38	0.922509
493	7	0.0306716
416	169	0.796534
141	9	0.118175
371	30	0.810626
225	25	0.144472
190	65	0.388032
251	22	0.0982146
96	1	0.0107615
397	203	0.691991
269	89	0.36563
85	30	0.406098
456	163	0.791731
467	134	0.83017
94	15	0.247669
99	34	0.662148
239	55	0.438318
466	206	0.71888
123	13	0.120566
312	63	0.402324
425	134	0.855037
282	2	0.333129
85	6	0.0707153
392	147	0.477878
385	248	0.815444
277	167	0.91109
262	123	0.595647
278	256	0.928726
257	154	0.7452
106	60	0.613109
126	1	0.0305829
463	102	0.383379
401	216	0.886629
398	160	0.548194
291	10	0.0589866
445	37	0.0936266
99	39	0.873322
283	51	0.468743
223	52	0.779186
251	9	0.0489806
55	3	0.161237
492	330	0.760278
238	27	0.123707
250	45	0.279845
181	50	0.276754
421	13	0.459683
433	139	0.581681
412	173	0.716771
65	16	0.609284
426	14	0.470031
232	58	0.520694
351	58	0.850863
195	23	0.144598
315	32	0.435972
408	4	0.130107
89	13	0.166607
311	142	0.769823
402	216	0.626258
229	67	0.881603
487	211	0.891132
285	108	0.612089
207	108	0.668455
470	311	0.785653
260	5	0.0778764
307	194	0.902034
443	15	0.357426
411	234	0.729499
260	64	0.304897
199	51	0.451731
78	39	0.893083
494	72	0.631025
342	8	0.0415838
276	5	0.161856
218	34	0.262276
55	1	0.570139
128	103	0.895277
240	156	0.953368
301	276	0.926388
288	124	0.737256
219	43	0.25392
68	22	0.638942
351	208	0.688104
54	0	0.0306925
352	179	0.554324
304	0	0.374735
232	77	0.614181
230	127	0.852114
130	13	0.636961
354	11	0.0390115
101	2	0.0849543
460	50	0.502217
231	61	0.497955
153	18	0.557263
226	24	0.511921
119	55	0.887691
427	221	0.734631
404	22	0.0765687
395	84	0.548021
446	97	0.343743
384	32	0.604395
191	31	0.410447
305	28	0.204557
233	20	0.539563
392	196	0.538478
281	14	0.157505
355	45	0.205737
317	13	0.126164
331	236	0.733802
432	28	0.148099
230	4	0.163134
54	9	0.205243
496	101	0.958337
224	14	0.135154
192	47	0.469184
200	90	0.747571
148	30	0.443785
271	20	0.0933737
307	147	0.963197
174	23	0.647135
381	129	0.57541
352	11	0.578738
193	37	0.389415
119	36	0.629168
165	100	0.702489
268	190	0.721521
325	124	0.457861
101	28	0.84791
394	18	0.552772
426	17	0.100317
84	2	0.382065
357	7	0.0616648
113	35	0.579663
464	107	0.590166
243	27	0.817164
145	48	0.905952
203	94	0.678557
192	0	0.0321197
422	236	0.758982
287	34	0.134083
401	177	0.611343
457	224	0.662664
52	1	0.0308327
126	8	0.136792
91	7	0.116995
192	108	0.812245
153	21	0.712633
158	83	0.92124
111	86	0.873511
132	115	0.974416
349	187	0.87386
480	139	0.712377
462	0	0.0176847
82	35	0.463149
267	169	0.977663
231	111	0.979365
90	21	0.840302
299	184	0.660881
94	40	0.573873
459	85	0.487752
111	8	0.162149
356	13	0.0994939
151	67	0.853935
95	51	0.920593
52	1	0.0607482
129	51	0.676814
275	8	0.11557
471	142	0.896389
285	2	0.0117973
51	0	0.85938
197	90	0.862984
381	14	0.0966927
108	91	0.870439
160	67	0.721286
74	20	0.275225
279	118	0.584043
461	10	0.0267963
388	141	0.647064
257	15	0.0631522
234	32	0.379274
443	48	0.257578
459	83	0.802202
345	42	0.176206
393	0	0.393107
406	162	0.908004
452	2	0.186958
256	12	0.148146
489	15	0.239645
182	40	0.575748
95	35	0.532007
187	17	0.113438
143	7	0.0553177
383	118	0.786803
235	2	0.763232
168	96	0.771033
163	13	0.831572
409	1	0.0214659
305	96	0.867364
405	255	0.838341
335	13	0.356946
484	136	0.770549
81	42	0.859346
377	2	0.0208392
159	19	0.229684
459	11	0.242186
487	176	0.573449
336	163	0.728001
473	27	0.11306
295	51	0.261573
53	18	0.676459
430	42	0.487608
474	93	0.79565
138	39	0.333149
350	94	0.659002
294	171	0.877551
185	68	0.91904
388	44	0.273418
184	21	0.712902
249	14	0.922265
75	5	0.958399
462	250	0.919443
179	10	0.199857
268	1	0.0209137
64	23	0.705396
436	154	0.624124
446	19	0.0548266
73	5	0.0725024
161	53	0.707188
319	243	0.887887
498	49	0.44303
214	4	0.0356406
107	4	0.0678107
90	6	0.123247
256	9	0.215223
77	63	0.886699
118	1	0.026801
468	137	0.332315
66	12	0.231214
80	50	0.892561
131	62	0.799412
278	70	0.362141
52	34	0.777725
241	13	0.0960733
371	4	0.0226345
485	176	0.602033
419	123	0.407692
433	86	0.48526
412	81	0.360111
259	60	0.391769
286	76	0.592179
490	42	0.266409
435	63	0.159537
352	36	0.289587
322	100	0.88399
317	23	0.0945286
199	16	0.531023
329	136	0.73854
62	19	0.3425
454	63	0.227847
267	18	0.845752
310	47	0.826118
210	44	0.706364
272	2	0.0413152
253	33	0.494791
279	5	0.108375
244	15	0.717036
378	312	0.865751
248	175	0.906848
500	117	0.403291
105	9	0.195331
157	34	0.441866
451	44	0.533673
469	65	0.764402
237	68	0.300611
289	107	0.869368
138	44	0.915158
61	4	0.234132
179	97	0.965569
380	122	0.416855
188	30	0.925114
295	50	0.438127
154	24	0.869546
156	8	0.844598
409	34	0.203147
142	27	0.322779
320	226	0.84662
167	108	0.933179
332	38	0.655298
109	55	0.895134
466	2	0.771168
67	9	0.152871
181	7	0.24427
214	31	0.246399
338	8	0.0509998
477	166	0.570702
69	10	0.442814
366	24	0.673845
57	20	0.661467
134	16	0.173457
416	0	0.0770882
152	38	0.756267
338	245	0.811439
167	68	0.909405
190	6	0.0743126
107	7	0.0735623
356	22	0.214808
457	79	0.445585
67	15	0.255997
81	9	0.800967
418	25	0.714117
128	34	0.715416
469	77	0.697063
470	285	0.668485
184	34	0.280168
477	44	0.466085
483	67	0.243833
91	24	0.313325
363	106	0.93727
152	13	0.317487
151	126	0.847169
319	87	0.368058
441	55	0.367467
123	0	0.709412
132	1	0.289309
389	69	0.46547
58	6	0.861663
59	18	0.361238
161	0	0.122593
304	15	0.911184
342	268	0.804704
255	121	0.531682
66	17	0.370913
393	128	0.656301
226	59	0.559121
339	241	0.876392
477	38	0.15651
499	20	0.324596
366	11	0.0902403
314	4	0.310211
83	23	0.45208
372	35	0.331676
324	51	0.495696
266	234	0.887903
186	1	0.221522
406	116	0.310499
185	12	0.164763
340	24	0.075019
112	13	0.302072
131	45	0.574852
221	41	0.347365
398	301	0.906358
312	7	0.0578179
483	146	0.678217
177	49	0.760827
78	42	0.566534
417	68	0.340852
424	237	0.961749
129	64	0.773728
271	78	0.934815
119	1	0.918154
289	121	0.513569
86	9	0.634921
55	11	0.532663
111	31	0.428689
411	103	0.719797
299	21	0.249247
411	83	0.523729
370	201	0.65926
112	0	0.265285
271	111	0.537168
339	22	0.321614
55	0	0.0649702
106	44	0.73383
488	140	0.74262
434	161	0.952644
237	34	0.224512
453	107	0.475461
291	64	0.336138
324	175	0.975939
236	104	0.78034
255	46	0.321403
155	45	0.380495
68	11	0.266531
61	38	0.727575
192	1	0.0507518
218	26	0.690206
111	61	0.966301
263	55	0.770305
229	23	0.417731
163	18	0.82752
248	35	0.515769
363	154	0.494868
320	112	0.530263
475	126	0.471496
83	29	0.773315
362	67	0.375127
323	54	0.872425
355	120	0.791175
295	163	0.691204
363	66	0.426264
81	2	0.144462
389	263	0.681504
83	23	0.359885
294	0	0.118915
297	116	0.702659
132	6	0.403191
221	16	0.719408
330	25	0.460621
387	219	0.725103
210	14	0.127903
112	43	0.433751
389	186	0.849296
245	43	0.556477
203	96	0.57958
401	108	0.311763
294	59	0.556111
317	30	0.946831
300	252	0.948809
320	310	0.981839
367	35	0.391814
349	136	0.771302
192	62	0.745377
480	401	0.924896
287	65	0.928895
92	35	0.462677
462	77	0.316309
425	89	0.321114
189	27	0.311944
409	26	0.641835
70	3	0.170165
345	126	0.468945
278	6	0.0560379
130	59	0.86702
368	105	0.4493
202	23	0.29094
499	83	0.468902
204	74	0.940502
405	108	0.520328
435	71	0.845087
129	3	0.443239
330	0	0.797835
93	0	0.960279
331	246	0.829617
80	5	0.466318
418	132	0.46928
203	0	0.139012
191	6	0.675674
455	318	0.721726
378	93	0.599903
182	8	0.0846877
227	27	0.964775
171	15	0.104694
436	53	0.419861
484	23	0.13519
348	5	0.0204769
479	136	0.298927
186	24	0.276943
76	57	0.988638
232	198	0.859765
69	5	0.0941629
208	68	0.361075
427	149	0.599947
196	53	0.289649
424	60	0.550307
436	16	0.932331
399	8	0.316234
197	77	0.394946
115	20	0.474489
103	2	0.0413312
417	99	0.764835
423	300	0.825723
475	306	0.789861
148	34	0.571101
330	21	0.293438
306	30	0.929627
175	25	0.753636
405	211	0.876448
188	22	0.657498
139	28	0.366293
219	2	0.597986
379	125	0.634137
408	21	0.783955
282	177	0.890101
463	171	0.754578
350	112	0.457301
223	3	0.0171328
253	28	0.359085
180	18	0.323396
151	81	0.721253
344	57	0.980829
319	7	0.82512
190	40	0.985317
301	103	0.480393
317	45	0.24772
454	44	0.300571
451	283	0.654622
157	108	0.785198
243	167	0.96768
93	7	0.102669
220	42	0.337119
283	21	0.807065
209	14	0.443531
275	16	0.911289
287	32	0.784633
150	5	0.0334038
136	41	0.543672
76	0	0.246854
401	32	0.101212
201	117	0.611139
287	2	0.0614365
303	62	0.422792
79	61	0.983849
301	27	0.174684
340	25	0.503566
166	39	0.438128
492	141	0.391625
351	154	0.703471
447	141	0.618242
481	60	0.425626
285	126	0.565711
340	37	0.717171
345	36	0.750442
193	28	0.281991
290	57	0.271356
167	143	0.859032
178	10	0.299781
65	32	0.505426
233	150	0.937199
412	253	0.624502
356	212	0.60343
382	188	0.559715
365	101	0.531666
401	63	0.263279
53	3	0.593102
225	199	0.894019
93	41	0.673052
243	87	0.691198
338	23	0.142747
292	10	0.10937
433	44	0.114474
330	22	0.81677
279	32	0.434656
137	5	0.0668527
58	22	0.411844
271	197	0.787675
216	53	0.716089
246	201	0.954577
213	21	0.78036
224	27	0.615091
280	114	0.92836
198	17	0.590694
150	85	0.591716
375	206	0.642738
137	73	0.770237
142	25	0.667641
260	153	0.740356
267	120	0.938652
160	8	0.139619
368	68	0.895328
392	160	0.972718
140	37	0.977295
324	168	0.789117
287	254	0.979195
134	77	0.576351
89	6	0.0984212
57	15	0.336756
444	240	0.901263
361	47	0.522566
179	46	0.725365
152	5	0.120328
89	8	0.206963
444	63	0.241965
420	376	0.927814
290	135	0.864623
125	1	0.057071
341	130	0.40678
255	1	0.829611
221	110	0.795852
427	49	0.203117
164	109	0.953848
139	33	0.409944
327	151	0.524656
438	211	0.881033
82	4	0.643724
411	157	0.500543
298	182	0.689407
274	64	0.334873
290	31	0.693879
366	43	0.367
484	16	0.582526
475	97	0.501018
272	3	0.408373
423	336	0.988864
241	8	0.0519589
390	301	0.782103
115	11	0.456695
447	10	0.0504758
117	18	0.234668
466	167	0.564937
351	8	0.248282
253	75	0.769069
212	6	0.0508961
442	1	0.0863435
277	46	0.440621
308	26	0.751727
234	73	0.937395
476	284	0.791826
305	44	0.469865
243	133	0.903167
54	42	0.835449
254	0	0.261693
498	96	0.389759
166	65	0.598672
138	24	0.315969
221	51	0.39264
370	113	0.379078
169	5	0.032172
77	5	0.0726474
218	10	0.471291
306	30	0.178904
151	67	0.454904
207	8	0.153716
476	196	0.417693
407	10	0.0957669
293	87	0.670661
231	81	0.572632
455	261	0.650013
429	87	0.438327
376	58	0.871294
80	21	0.367862
60	4	0.29105
110	19	0.225544
141	13	0.112958
385	0	0.0358099
100	44	0.85653
103	20	0.672616
128	75	0.63521
405	47	0.283776
423	129	0.835809
77	0	0.0144217
87	21	0.537365
80	3	0.727983
338	66	0.761608
69	6	0.68816
322	104	0.962887
82	39	0.804636
244	87	0.447153
74	16	0.360074
238	45	0.322821
58	4	0.669913
387	149	0.393893
58	53	0.985781
435	115	0.95812
147	44	0.674121
112	11	0.559398
477	341	0.965752
184	139	0.814298
94	68	0.798548
146	39	0.544591
248	74	0.982586
359	266	0.830051
229	85	0.669166
454	59	0.181612
316	24	0.0970352
233	31	0.524784
331	2	0.135262
353	109	0.610468
244	6	0.492995
101	21	0.268445
82	8	0.222089
76	23	0.979516
186	8	0.265708
228	74	0.356601
65	28	0.963114
110	65	0.702867
227	25	0.348783
336	83	0.671048
283	78	0.735237
373	265	0.864998
403	196	0.826633
208	6	0.710415
211	28	0.787889
289	70	0.524661
303	24	0.678738
417	47	0.141445
130	10	0.173691
463	221	0.797379
203	75	0.606077
344	136	0.837478
385	163	0.832034
221	31	0.167215
226	69	0.564147
313	90	0.318618
54	6	0.200693
210	2	0.0578774
392	12	0.238419
291	147	0.697588
282	15	0.0556366
113	1	0.0990812
155	30	0.276695
180	4	0.131537
232	177	0.855482
447	208	0.885449
480	28	0.11371
357	50	0.397713
63	53	0.843809
153	7	0.277698
363	4	0.0152854
136	3	0.123583
118	22	0.735823
339	114	0.33745
114	3	0.0439149
467	73	0.60403
204	86	0.870486
388	26	0.632537
469	98	0.517719
271	9	0.594652
243	31	0.253072
245	1	0.363977
299	26	0.178403
397	138	0.411262
58	14	0.391147
401	9	0.100273
402	2	0.0450483
416	47	0.936561
220	55	0.303429
196	5	0.965764
342	80	0.717477
377	160	0.88922
193	98	0.589901
176	43	0.494184
63	32	0.748936
369	30	0.813541
439	5	0.152939
260	167	0.952372
104	47	0.913337
369	14	0.238984
389	68	0.590906
79	23	0.33662
327	7	0.857377
317	36	0.382459
299	78	0.295253
297	81	0.277712
58	15	0.928132
481	3	0.168467
417	68	0.543725
121	57	0.537458
303	2	0.223715
390	20	0.0906694
349	47	0.831524
97	25	0.366434
468	75	0.64822
67	37	0.976436
67	9	0.233955
292	84	0.85481
404	21	0.40983
124	26	0.553314
467	68	0.44124
445	104	0.557858
238	25	0.123064
365	118	0.877094
82	31	0.459328
135	13	0.911164
446	143	0.924644
125	30	0.860522
334	162	0.75089
176	9	0.132676
130	30	0.538866
121	0	0.0436724
271	11	0.0726077
493	19	0.57735
135	7	0.759537
142	73	0.933812
359	8	0.679852
71	2	0.437891
65	11	0.415763
443	26	0.0723712
93	53	0.608603
349	116	0.954824
418	38	0.121361
111	50	0.93742
139	21	0.609148
492	263	0.874218
275	52	0.437273
494	100	0.651683
119	17	0.213008
248	124	0.649292
420	5	0.03662
352	25	0.67507
277	5	0.744265
447	74	0.634059
243	175	0.88705
384	113	0.863399
486	78	0.286079
389	5	0.589554
386	19	0.762997
448	191	0.578324
149	94	0.781066
98	7	0.182585
464	278	0.639722
440	143	0.958278
227	44	0.223886
192	14	0.674768
167	32	0.455757
241	7	0.0528209
338	117	0.860216
452	140	0.72128
380	212	0.702245
227	0	0.1016
380	113	0.771245
291	73	0.254744
109	61	0.9654
462	50	0.317112
298	28	0.401702
244	1	0.0116729
279	17	0.0675866
363	160	0.475385
456	10	0.0255297
281	17	0.0717598
356	53	0.236755
71	18	0.273765
443	230	0.623972
151	50	0.440175
468	181	0.511007
276	180	0.769965
327	85	0.812465
336	1	0.0725016
298	69	0.323199
479	165	0.577289
498	253	0.525525
476	22	0.0537752
204	86	0.512568
55	6	0.110048
115	39	0.430766
200	94	0.708055
382	49	0.165974
423	62	0.309087
275	154	0.782775
136	6	0.501926
143	13	0.124407
128	18	0.672509
351	96	0.832267
60	12	0.256793
360	299	0.885067
343	159	0.493068
321	72	0.828519
187	32	0.823745
50	0	0.080482
482	109	0.408475
480	246	0.883913
100	60	0.62288
233	22	0.272019
437	20	0.211941
300	137	0.542576
215	2	0.132851
415	164	0.437922
143	90	0.671342
63	38	0.658809
99	7	0.585044
407	23	0.081705
217	30	0.312339
366	90	0.876174
323	16	0.0539999
488	274	0.876578
242	22	0.187414
213	13	0.464927
200	135	0.746177
411	50	0.64442
162	61	0.814407
121	7	0.075655
159	100	0.807711
128	51	0.934111
207	122	0.717046
138	10	0.569314
93	28	0.340967
299	127	0.471877
306	6	0.19855
452	322	0.712638
61	1	0.0284887
178	19	0.8658
114	8	0.583793
259	31	0.121454
407	4	0.38649
473	273	0.916866
155	49	0.490147
299	127	0.832443
196	71	0.591907
137	24	0.436576
273	96	0.565539
142	17	0.4504
231	47	0.341833
448	349	0.895325
307	86	0.605739
486	117	0.916933
311	16	0.098458
126	10	0.981295
258	4	0.109784
292	20	0.119355
335	23	0.533585
88	30	0.56859
242	0	0.0527223
182	19	0.573329
79	29	0.535126
433	326	0.961074
141	30	0.324326
101	18	0.276594
199	91	0.656381
378	150	0.417253
438	133	0.43154
274	14	0.700172
205	66	0.610172
486	300	0.664595
435	23	0.455453
208	68	0.42515
173	128	0.951227
355	60	0.302158
102	31	0.551418
217	124	0.600487
338	8	0.0285494
234	13	0.83874
191	15	0.621933
376	95	0.409985
305	122	0.692756
427	60	0.196487
123	17	0.17518
345	210	0.846574
386	23	0.111324
103	10	0.2686
80	3	0.341401
100	11	0.134992
469	143	0.320581
460	1	0.0116383
300	85	0.953798
355	97	0.51749
177	117	0.71419
310	10	0.347241
456	43	0.353481
85	6	0.0911133
242	53	0.582136
95	14	0.476126
427	6	0.0617803
466	303	0.979103
101	27	0.409549
463	56	0.148807
495	57	0.742416
363	124	0.840907
215	167	0.79224
166	5	0.175621
315	239	0.935925
363	202	0.662428
224	155	0.842631
261	36	0.221495
96	20	0.542733
131	7	0.38023
275	40	0.20325
178	11	0.258157
306	67	0.394232
269	173	0.783481
167	67	0.756927
419	78	0.907038
439	21	0.216545
321	38	0.142565
289	68	0.372778
355	19	0.48268
457	16	0.0842046
405	92	0.386348
127	23	0.520544
257	11	0.0458673
440	30	0.537744
111	47	0.630745
313	236	0.812696
419	18	0.297223
239	98	0.538782
143	11	0.20585
82	19	0.242225
259	54	0.345572
485	41	0.214775
318	145	0.552447
497	277	0.836837
75	26	0.389771
286	123	0.475814
158	29	0.952844
99	3	0.0931136
283	27	0.168014
395	49	0.4935
480	204	0.762293
65	52	0.945042
111	15	0.657629
262	109	0.476303
153	23	0.609236
437	58	0.717577
266	47	0.351709
207	89	0.888105
256	55	0.80676
123	21	0.665152
143	1	0.0120576
345	91	0.650867
450	229	0.958556
188	56	0.522313
495	2	0.263714
399	344	0.902408
273	46	0.337854
414	63	0.171041
59	0	0.139401
130	1	0.728442
499	320	0.74811
185	16	0.747389
250	189	0.783727
217	24	0.134471
216	4	0.0290236
432	55	0.166953
211	2	0.796192
340	47	0.608045
440	133	0.933495
88	3	0.065946
137	40	0.698765
331	117	0.772937
245	39	0.799047
103	4	0.48716
317	42	0.26285
244	1	0.0159162
316	71	0.321964
481	22	0.377418
492	8	0.0320957
76	14	0.193096
62	24	0.505293
308	5	0.109137
148	52	0.378524
217	119	0.854924
281	78	0.397221
177	44	0.378068
380	89	0.836471
321	76	0.334915
102	5	0.770047
87	21	0.445233
405	71	0.708839
83	12	0.330419
457	8	0.0499235
257	0	0.021557
382	83	0.628721
486	33	0.20288
314	64	0.847094
217	5	0.511166
470	210	0.926737
487	25	0.9327
207	93	0.884213
145	130	0.935395
56	17	0.833356
99	6	0.389122
64	8	0.484418
172	3	0.031648
253	21	0.130631
256	147	0.847705
128	92	0.880518
135	99	0.7622
103	9	0.442894
99	55	0.600228
336	71	0.312129
108	4	0.0513554
312	134	0.576269
380	29	0.723485
415	151	0.635386
448	40	0.279708
52	8	0.749701
310	104	0.797658
331	90	0.497373
160	39	0.326945
185	87	0.781939
143	56	0.501202
335	59	0.593609
162	64	0.980196
480	158	0.777971
87	31	0.489106
103	5	0.0605101
247	80	0.385691
181	33	0.709945
418	262	0.777213
196	16	0.143934
454	78	0.551404
265	66	0.704531
170	37	0.630921
295	86	0.620181
298	47	0.175724
416	50	0.179438
285	3	0.137898
222	28	0.235894
394	329	0.908354
405	100	0.545167
79	59	0.930402
180	24	0.330954
189	36	0.198567
433	87	0.769504
215	1	0.67767
443	76	0.183564
321	47	0.199372
53	15	0.30807
227	116	0.638883
140	0	0.107692
121	30	0.273718
109	26	0.599539
423	265	0.94562
93	44	0.620745
354	189	0.816632
424	15	0.766452
117	52	0.732938
111	61	0.562799
138	3	0.17386
404	168	0.475338
351	190	0.715658
156	11	0.462472
77	7	0.451013
463	11	0.0475819
368	92	0.381496
305	112	0.792085
130	76	0.602809
336	7	0.825076
314	73	0.253132
365	110	0.688737
121	5	0.136177
410	4	0.401154
447	85	0.436683
324	58	0.52236
499	52	0.175407
214	177	0.969862
112	3	0.0735355
370	70	0.49977
428	87	0.241843
108	60	0.714369
403	78	0.270003
177	2	0.0135468
104	64	0.969737
163	0	0.0195042
456	9	0.397286
442	4	0.538299
329	41	0.897751
358	70	0.515274
474	36	0.520145
366	59	0.498387
269	9	0.081206
81	17	0.251166
383	302	0.871972
191	54	0.359273
172	92	0.889257
425	11	0.0520306
51	14	0.884308
445	115	0.958339
400	22	0.203869
306	187	0.722775
190	62	0.757506
167	9	0.153953
68	3	0.194285
77	30	0.418904
449	63	0.867832
87	2	0.0379694
433	169	0.564285
426	57	0.427271
77	59	0.807791
213	110	0.81994
241	28	0.884487
469	16	0.141377
129	29	0.240059
224	60	0.682506
165	71	0.692381
97	64	0.959797
357	155	0.655363
460	132	0.450707
463	399	0.983584
328	26	0.337275
305	26	0.209153
228	35	0.508459
117	15	0.21918
377	15	0.378994
426	13	0.0595422
65	5	0.571345
384	176	0.92561
233	15	0.279104
420	168	0.54605
164	17	0.121403
289	4	0.0182206
100	33	0.369728
83	9	0.38995
113	40	0.791892
405	34	0.986101
94	11	0.871079
94	73	0.792034
319	159	0.505481
436	356	0.980261
334	49	0.538835
336	72	0.473089
188	154	0.941299
263	3	0.511614
290	92	0.713688
160	15	0.428204
178	39	0.364375
190	51	0.53072
137	7	0.496761
382	313	0.897736
483	22	0.145173
64	1	0.392523
319	7	0.664182
378	133	0.379561
170	71	0.656815
50	5	0.173824
345	272	0.835575
87	16	0.397356
288	75	0.458971
82	65	0.897192
391	47	0.608653
223	26	0.498247
485	244	0.508006
470	271	0.599528
212	50	0.285137
64	20	0.466741
127	32	0.260303
409	221	0.626927
231	6	0.235366
426	123	0.334364
353	50	0.366808
382	2	0.0600814
211	0	0.1581
452	172	0.449673
130	12	0.522754
195	72	0.484418
465	125	0.737612
460	210	0.665835
319	103	0.636769
213	55	0.27018
56	48	0.955151
127	100	0.898148
380	77	0.693443
361	107	0.42596
190	11	0.229434
448	123	0.785601
428	120	0.980938
196	184	0.954391
472	114	0.286532
279	44	0.158724
441	56	0.63393
355	25	0.894263
324	172	0.704816
85	42	0.652009
156	24	0.261076
428	10	0.0708911
332	236	0.917411
68	56	0.887956
91	36	0.736829
99	55	0.58015
376	51	0.16375
382	16	0.20124
271	8	0.159744
416	15	0.833807
131	80	0.862312
166	6	0.0398262
62	7	0.376136
231	103	0.883101
264	62	0.435832
469	0	0.181255
497	125	0.787364
427	61	0.623236
129	83	0.91937
356	6	0.237139
65	6	0.751697
93	15	0.689211
491	159	0.579304
106	22	0.558841
397	6	0.592167
127	13	0.120224
276	14	0.116727
128	91	0.810923
331	7	0.0787513
424	318	0.901774
113	21	0.934147
273	21	0.13922
130	12	0.206239
94	67	0.850573
52	3	0.584082
249	21	0.308833
235	31	0.823683
164	66	0.434856
281	56	0.7565
294	115	0.55625
471	36	0.593907
316	267	0.906996
134	37	0.613527
461	277	0.687189
116	30	0.416201
223	17	0.401073
323	168	0.631905
161	29	0.825949
238	12	0.0774613
326	13	0.445963
312	39	0.398489
470	221	0.679603
436	107	0.300688
366	171	0.521941
126	65	0.640061
398	175	0.961891
421	265	0.809866
327	236	0.92204
445	141	0.651233
82	47	0.706609
152	2	0.0696517
205	89	0.54314
288	26	0.654349
307	4	0.0262164
394	281	0.813701
62	21	0.351263
487	11	0.117509
249	3	0.0177444
395	12	0.515187
319	98	0.327552
420	69	0.432983
149	70	0.835391
463	223	0.684234
253	55	0.551209
108	23	0.626405
207	95	0.57282
141	38	0.270481
164	27	0.730846
355	6	0.120366
195	11	0.0895937
132	28	0.478147
88	19	0.350149
107	3	0.688261
226	193	0.889478
244	1	0.627161
275	6	0.116825
146	108	0.940531
193	27	0.424913
412	12	0.352768
458	2	0.046849
423	20	0.890176
222	43	0.718693
430	207	0.60401
237	196	0.97568
93	38	0.728222
260	120	0.955552
437	52	0.349045
164	0	0.72717
264	97	0.697651
305	27	0.401433
358	61	0.297886
287	117	0.773498
148	53	0.377586
312	86	0.386566
254	1	0.0142818
68	13	0.412329
218	43	0.211885
193	5	0.0319563
135	81	0.94776
56	8	0.284499
150	2	0.0880226
245	5	0.166839
146	17	0.35741
461	47	0.794299
164	15	0.125209
52	25	0.935766
292	77	0.331883
79	16	0.299889
430	20	0.130651
375	184	0.520493
336	31	0.250646
381	76	0.878426
79	6	0.147116
147	44	0.793661
188	8	0.0662179
385	23	0.696491
469	24	0.0744458
280	50	0.261378
199	2	0.119848
414	38	0.623778
277	207	0.882972
445	313	0.934937
496	277	0.732347
280	128	0.480482
282	176	0.931505
410	203	0.987507
92	60	0.686175
290	2	0.0181061
137	33	0.441053
253	30	0.460169
271	1	0.0106512
478	25	0.117788
391	178	0.893788
452	108	0.305974
119	3	0.0509291
272	161	0.712607
113	15	0.468961
460	0	0.0370364
236	24	0.30771
118	25	0.92575
229	75	0.38667
251	90	0.647214
305	251	0.899464
262	101	0.555037
277	32	0.691793
292	73	0.304071
201	72	0.72783
148	63	0.617448
221	79	0.695313
236	88	0.755186
168	109	0.98357
290	1	0.0520863
472	72	0.340843
207	149	0.82021
127	59	0.802905
424	184	0.478973
111	16	0.810008
348	52	0.541334
283	46	0.201337
186	38	0.664042
476	170	0.517378
308	41	0.162991
446	86	0.890833
498	309	0.704952
87	29	0.37261
365	113	0.361471
364	43	0.660202
220	32	0.28819
361	99	0.415148
276	14	0.0939789
474	106	0.471596
122	37	0.511629
263	43	0.395981
265	38	0.244156
462	23	0.897141
317	25	0.167264
290	63	0.530294
224	44	0.762229
375	51	0.25068
306	85	0.986291
327	78	0.296592
143	31	0.279985
160	23	0.247015
112	51	0.74987
499	100	0.207873
138	27	0.446032
56	5	0.916722
87	0	0.034272
289	28	0.269611
84	0	0.0506566
424	39	0.564742
359	158	0.76595
303	77	0.395462
63	22	0.962844
129	3	0.950597
384	123	0.46617
418	187	0.809039
413	18	0.669956
137	16	0.768816
417	122	0.62053
197	14	0.761806
382	5	0.207973
66	7	0.392233
117	18	0.319659
380	280	0.865823
312	1	0.0257403
438	130	0.359315
256	24	0.353256
301	134	0.691476
176	8	0.0602936
179	16	0.879801
86	7	0.245842
422	128	0.353823
372	241	0.781893
286	127	0.512349
488	8	0.121139
159	15	0.782273
274	24	0.217071
275	5	0.10091
340	1	0.0323
215	27	0.43191
495	41	0.201329
305	118	0.68997
469	39	0.125926
319	146	0.565739
228	2	0.0161718
396	249	0.784183
465	335	0.755112
174	132	0.903507
221	138	0.901736
485	12	0.0262678
64	0	0.122306
241	0	0.128499
146	12	0.256725
491	31	0.554595
455	79	0.260744
421	221	0.537939
304	0	0.516833
282	54	0.259032
328	3	0.219135
227	2	0.368393
249	150	0.62826
99	14	0.929506
156	71	0.484207
322	45	0.18875
158	77	0.891192
283	40	0.946667
407	53	0.202825
128	13	0.730864
272	13	0.111929
59	7	0.126252
262	68	0.810845
140	48	0.562354
442	190	0.504472
353	38	0.169022
179	49	0.755888
73	22	0.654231
334	24	0.0865491
442	136	0.308838
294	1	0.0391929
102	74	0.864548
304	12	0.501899
237	114	0.777942
222	80	0.654374
256	182	0.951799
157	98	0.842501
188	178	0.958637
445	89	0.755625
187	154	0.964329
221	37	0.189031
121	7	0.128794
51	25	0.671998
280	60	0.877532
185	11	0.536075
272	1	0.0105187
286	57	0.238786
75	7	0.860875
330	8	0.0383573
349	5	0.144212
313	4	0.0161388
274	0	0.312262
273	30	0.452734
157	6	0.121566
220	62	0.623383
284	18	0.129667
292	0	0.650921
323	160	0.933747
401	6	0.747039
152	12	0.805416
124	44	0.373066
421	2	0.0371915
468	172	0.385287
445	79	0.281461
378	21	0.398876
431	19	0.052925
344	99	0.299622
228	110	0.735004
113	0	0.0670831
98	68	0.889246
357	0	0.284305
296	86	0.323885
161	95	0.850637
93	24	0.404237
366	297	0.867059
302	80	0.588761
461	12	0.18099
68	2	0.22808
452	40	0.139773
165	86	0.792492
187	28	0.736878
450	210	0.497695
131	11	0.803999
358	68	0.489422
145	8	0.108201
440	52	0.724977
84	4	0.640107
368	29	0.43409
236	34	0.6812
481	54	0.142851
289	30	0.207115
223	85	0.546689
59	2	0.270369
198	112	0.639733
437	49	0.155171
139	0	0.0772524
237	122	0.975911
100	30	0.801846
97	41	0.971593
429	188	0.973782
459	18	0.174175
471	4	0.703701
157	27	0.521029
96	7	0.174606
91	69	0.977069
113	9	0.519634
404	25	0.560126
144	27	0.718759
51	6	0.125434
286	143	0.508499
241	45	0.230724
217	14	0.595972
129	19	0.199091
310	29	0.206134
273	154	0.738906
140	10	0.125226
385	138	0.418835
150	5	0.0457048
405	245	0.63496
201	2	0.51788
409	11	0.450741
186	127	0.786789
252	18	0.0947711
149	9	0.548852
317	44	0.178977
488	8	0.0180056
240	12	0.261417
392	11	0.0658586
97	8	0.269397
154	1	0.0207123
76	3	0.106609
317	53	0.329901
402	87	0.917716
341	116	0.456891
389	161	0.688564
267	42	0.158465
329	1	0.16659
350	38	0.123932
301	237	0.954319
193	117	0.833535
419	81	0.87177
195	19	0.172323
267	23	0.824697
312	39	0.16569
436	128	0.643969
210	15	0.0781747
234	63	0.344857
495	207	0.553774
292	60	0.299928
404	16	0.634181
229	158	0.802726
336	40	0.981908
132	86	0.870256
242	61	0.270842
224	14	0.12457
189	2	0.215628
295	150	0.605565
484	19	0.0587995
460	251	0.877448
287	34	0.160031
479	420	0.945888
383	189	0.586059
50	28	0.973636
320	155	0.937597
410	157	0.575162
81	36	0.674243
389	12	0.859328
177	1	0.0389566
265	32	0.756023
468	80	0.227993
64	41	0.714621
194	102	0.615902
178	3	0.100539
367	18	0.114943
436	245	0.799457
279	19	0.724363
188	30	0.335424
79	30	0.706312
337	59	0.230596
457	33	0.614198
411	211	0.617746
308	20	0.192605
167	51	0.498996
418	7	0.267394
282	65	0.269906
364	39	0.280343
289	0	0.0109626
452	14	0.0975513
230	150	0.671023
477	11	0.122429
475	42	0.163739
71	12	0.41336
135	61	0.771893
169	50	0.901929
460	293	0.955508
423	7	0.230808
240	1	0.0101291
293	133	0.516346
296	213	0.725491
352	17	0.112041
399	38	0.529568
216	49	0.520609
365	34	0.662391
82	29	0.774334
293	85	0.923725
472	167	0.690922
290	119	0.64331
152	26	0.341964
141	47	0.3915
308	65	0.460882
394	56	0.633197
83	4	0.163239
407	246	0.890359
448	181	0.581379
482	43	0.286471
457	48	0.236719
446	63	0.151144
149	14	0.963589
135	25	0.200795
291	178	0.747347
79	9	0.240094
406	31	0.69417
208	52	0.333726
305	99	0.53762
204	141	0.834197
411	5	0.0778133
190	8	0.31613
453	3	0.0930268
468	105	0.41274
183	9	0.240336
348	207	0.688712
56	24	0.96787
234	54	0.883694
109	55	0.837109
372	27	0.104763
285	13	0.547439
427	58	0.528639
242	179	0.84221
469	62	0.426722
225	1	0.0726399
219	38	0.890835
248	6	0.165935
375	18	0.403528
270	76	0.513142
332	141	0.809642
70	37	0.775
397	83	0.362834
103	3	0.788839
161	37	0.513563
370	142	0.877107
168	20	0.195657
499	76	0.4891
351	56	0.253824
410	42	0.356238
142	0	0.0117095
190	10	0.578985
118	24	0.589666
389	28	0.533388
457	243	0.971696
253	14	0.11314
267	14	0.115793
333	84	0.5567
467	105	0.4066
373	94	0.688859
479	355	0.885796
283	44	0.164111
341	6	0.474421
395	91	0.34291
174	24	0.881481
461	52	0.246836
178	4	0.409438
404	134	0.516717
208	16	0.215417
408	91	0.882408
371	35	0.320903
139	63	0.596389
337	83	0.783244
281	17	0.608045
95	8	0.225202
72	22	0.851968
280	21	0.111786
268	2	0.0118739
314	68	0.515445
147	26	0.978561
218	83	0.490714
276	213	0.970093
264	10	0.0612298
122	33	0.603518
315	23	0.222526
54	12	0.660507
313	66	0.65901
416	1	0.0879606
230	55	0.735596
247	35	0.534791
180	28	0.390017
408	146	0.724835
488	194	0.814877
159	29	0.308443
125	0	0.0800142
121	17	0.153659
484	115	0.606713
143	17	0.664945
480	92	0.573025
235	79	0.507738
59	38	0.825253
356	307	0.935901
230	44	0.793243
110	75	0.937382
439	23	0.173463
254	7	0.131879
323	56	0.193221
235	76	0.377487
140	31	0.771249
102	5	0.0882058
492	365	0.773858
451	297	0.703948
327	9	0.0404592
381	4	0.0982606
105	17	0.356405
312	63	0.859676
364	75	0.737214
233	87	0.670737
417	70	0.280199
197	11	0.0690013
145	9	0.142613
325	1	0.302514
153	4	0.294042
467	97	0.21468
78	10	0.135827
125	12	0.883507
70	54	0.933739
332	63	0.190515
412	78	0.952921
379	24	0.57814
183	118	0.749014
188	121	0.79559
72	8	0.417718
216	5	0.02381
298	74	0.564411
82	4	0.723139
244	71	0.810574
295	0	0.0254433
342	86	0.717876
224	71	0.462315
218	116	0.784405
338	56	0.185712
315	8	0.522127
236	23	0.142476
144	63	0.67015
364	101	0.516145
278	71	0.476673
437	7	0.533863
153	60	0.876999
135	58	0.916229
385	13	0.0501803
97	36	0.415825
193	23	0.850634
184	3	0.126416
278	143	0.532825
83	8	0.251532
212	154	0.740312
173	0	0.0667427
73	4	0.11915
499	51	0.71952
321	171	0.574467
225	128	0.826595
315	123	0.64584
179	0	0.392409
345	111	0.893035
72	29	0.812312
147	25	0.280438
384	174	0.951756
255	116	0.58549
364	244	0.840572
222	177	0.969837
410	104	0.352548
373	104	0.553165
243	67	0.439214
67	40	0.809523
134	27	0.757979
287	45	0.320914
189	4	0.104594
405	54	0.21302
309	139	0.470396
215	20	0.608421
390	306	0.846146
400	72	0.756079
411	96	0.663026
325	193	0.86551
476	218	0.977055
231	36	0.226798
91	46	0.70711
178	31	0.391494
139	72	0.579604
75	10	0.18438
273	151	0.688676
115	86	0.90799
366	249	0.816272
99	4	0.0798682
480	7	0.306891
164	6	0.353327
244	14	0.0704802
250	204	0.841377
454	26	0.247046
311	16	0.193107
362	147	0.782641
73	28	0.500681
58	4	0.306356
241	15	0.748901
146	64	0.841609
198	3	0.516687
305	81	0.489455
144	61	0.647825
72	33	0.647244
112	27	0.461909
169	17	0.56473
370	40	0.511383
284	67	0.446739
448	64	0.421796
91	13	0.485159
497	171	0.384878
219	0	0.0819039
304	12	0.0903633
496	12	0.0378071
414	2	0.56326
239	28	0.494141
251	151	0.704782
320	85	0.495204
454	209	0.645247
317	47	0.200043
143	79	0.669399
397	88	0.401674
478	35	0.253261
202	146	0.813252
499	39	0.416195
191	15	0.235128
92	21	0.274752
53	3	0.220104
416	122	0.729618
445	7	0.693836
52	17	0.882336
82	6	0.201695
437	95	0.40742
140	110	0.819249
262	9	0.357719
150	55	0.442549
223	18	0.172499
172	8	0.0688406
137	33	0.570705
391	8	0.351312
195	85	0.505307
56	29	0.732963
459	5	0.0203495
131	28	0.891156
176	13	0.582536
66	3	0.0568583
372	80	0.300416
494	320	0.83592
489	94	0.815257
167	4	0.171319
269	16	0.230141
338	40	0.776904
340	55	0.533571
159	8	0.445818
435	11	0.0449146
229	25	0.493585
427	72	0.590133
188	90	0.858345
297	65	0.275847
342	256	0.791186
467	288	0.772208
479	58	0.152472
55	2	0.598633
372	11	0.468402
60	14	0.334816
265	81	0.550364
139	17	0.194358
361	54	0.864602
130	38	0.305707
374	31	0.722236
295	15	0.121964
340	153	0.631148
446	10	0.0232552
117	39	0.561646
166	59	0.640788
420	5	0.0172669
299	88	0.331446
137	43	0.39347
244	2	0.0169426
56	20	0.511645
243	72	0.643152
106	31	0.325413
155	26	0.176811
222	12	0.0590974
147	3	0.109268
263	140	0.578247
154	21	0.35258
470	94	0.202898
355	114	0.442396
66	11	0.65845
369	238	0.671752
272	10	0.504246
312	1	0.272957
488	63	0.49182
252	99	0.614451
218	6	0.0811565
350	88	0.260204
193	15	0.866333
225	2	0.0527461
344	83	0.588026
129	3	0.25407
479	90	0.654326
61	4	0.163016
304	108	0.681609
368	4	0.0359036
335	138	0.699913
145	0	0.114192
85	30	0.547657
452	382	0.986116
157	40	0.506304
418	16	0.0888493
63	3	0.533297
299	46	0.814324
52	27	0.562468
303	17	0.320607
326	17	0.129483
145	14	0.447297
395	18	0.175106
487	274	0.776899
71	38	0.81824
179	5	0.375745
123	34	0.429407
141	6	0.0685834
147	7	0.114834
242	122	0.573982
286	24	0.640991
112	4	0.220973
256	44	0.198192
69	2	0.631496
264	12	0.0783198
234	146	0.631374
205	72	0.501516
312	156	0.616896
450	66	0.563531
323	3	0.0199328
296	168	0.582431
253	3	0.726183
254	10	0.0620542
151	130	0.873465
74	3	0.0985979
102	7	0.103913
255	201	0.933635
331	111	0.736171
467	12	0.0850336
451	2	0.265847
331	118	0.375951
226	78	0.606917
155	21	0.192545
348	208	0.669027
492	231	0.499246
174	0	0.625347
246	45	0.247709
224	80	0.854782
331	31	0.179568
400	76	0.252124
141	30	0.59819
358	63	0.728995
456	101	0.295718
109	16	0.207514
310	2	0.199633
176	17	0.679691
423	65	0.21992
241	49	0.421888
201	150	0.923136
341	53	0.410187
139	53	0.46376
332	241	0.767137
499	212	0.64387
166	15	0.156821
64	5	0.32268
267	7	0.132797
480	318	0.815018
279	60	0.359458
430	15	0.148001
152	44	0.754017
388	0	0.0434268
336	16	0.187126
400	202	0.539963
61	2	0.130271
437	56	0.171685
306	13	0.0691481
241	69	0.986471
73	11	0.443457
435	21	0.0522327
114	26	0.285272
287	27	0.157859
169	106	0.778289
430	84	0.856822
183	42	0.362547
119	24	0.236353
194	30	0.401565
154	18	0.232403
136	19	0.568759
482	39	0.134346
105	1	0.0129294
264	46	0.219647
187	5	0.381975
106	7	0.53313
415	4	0.126653
409	229	0.579917
55	34	0.930493
156	82	0.531764
88	14	0.334901
166	101	0.763368
232	179	0.88272
366	146	0.74918
499	216	0.435458
202	50	0.367142
188	124	0.989662
356	71	0.546687
349	13	0.292129
140	62	0.767768
190	145	0.782479
63	2	0.102919
424	145	0.956004
164	27	0.635116
435	20	0.2103
310	46	0.160564
332	22	0.165585
118	13	0.304885
57	0	0.0247825
210	50	0.522068
496	148	0.879988
310	66	0.64189
147	24	0.334336
195	40	0.411528
112	42	0.443496
279	64	0.750399
333	196	0.602549
464	130	0.293075
99	13	0.228059
429	26	0.23357
223	23	0.258327
280	122	0.730646
238	10	0.0680995
177	12	0.0714135
215	17	0.154739
360	15	0.153195
71	18	0.321479
373	56	0.299183
453	303	0.691713
400	151	0.671633
155	47	0.320231
76	4	0.0719813
157	14	0.584769
175	3	0.610156
490	141	0.329304
182	40	0.263273
89	17	0.53622
143	8	0.161046
342	120	0.61667
426	4	0.252968
156	14	0.305534
167	33	0.475612
331	131	0.498018
481	366	0.983824
469	63	0.15383
96	34	0.77346
107	24	0.69315
255	25	0.0997052
96	6	0.127182
223	9	0.103647
408	46	0.234314
257	0	0.165841
483	5	0.210711
182	40	0.935618
301	63	0.773497
53	3	0.212684
79	67	0.889177
87	0	0.09962
431	160	0.433099
63	31	0.513906
415	248	0.944122
490	45	0.120965
298	102	0.590525
464	54	0.157993
446	20	0.0669883
427	53	0.374465
71	4	0.141125
312	89	0.738383
293	17	0.702988
453	83	0.504432
476	301	0.669935
178	36	0.241104
284	33	0.508138
189	78	0.786158
325	62	0.298144
266	124	0.77669
281	36	0.68984
148	29	0.616258
234	28	0.783639
319	138	0.930417
310	51	0.360428
190	10	0.377961
445	8	0.231709
105	6	0.147513
233	86	0.476828
123	4	0.168852
328	122	0.79878
99	5	0.0559215
208	17	0.197696
80	23	0.387897
467	42	0.559005
72	2	0.120411
259	88	0.771342
421	36	0.108652
237	82	0.378705
456	8	0.0262005
391	76	0.391547
52	1	0.118205
268	165	0.660606
399	257	0.865897
314	41	0.882431
203	16	0.125404
456	65	0.354747
146	27	0.542214
213	15	0.28649
467	158	0.58033
492	92	0.679991
131	101	0.933996
442	231	0.814168
330	135	0.630936
222	161	0.745304
108	39	0.583454
414	72	0.681295
325	15	0.0780735
80	4	0.145046
272	56	0.261376
228	157	0.984668
497	38	0.666315
246	6	0.315201
268	30	0.163018
383	19	0.149975
368	42	0.146722
325	236	0.780254
497	215	0.540167
461	31	0.167422
366	331	0.922859
310	84	0.327275
311	168	0.878019
118	6	0.0759425
250	27	0.657713
203	10	0.155485
219	21	0.513366
460	52	0.193433
184	29	0.29924
342	27	0.920137
325	13	0.0667887
488	127	0.914735
405	40	0.324607
394	5	0.018954
322	42	0.4677
277	87	0.496804
257	26	0.281444
120	4	0.174629
416	62	0.454526
223	43	0.537759
183	127	0.913872
361	22	0.065896
165	97	0.710794
93	2	0.604815
168	42	0.272632
233	4	0.0224306
279	32	0.158379
432	9	0.792457
261	0	0.172874
168	36	0.681229
161	87	0.872272
185	54	0.320027
116	24	0.330301
438	10	0.0314146
458	76	0.606112
305	122	0.707606
91	30	0.718022
486	48	0.213659
176	45	0.738272
211	4	0.960284
132	35	0.672875
485	0	0.33327
237	82	0.470974
480	142	0.87652
396	321	0.896339
336	30	0.0895506
283	51	0.569347
201	19	0.550392
484	7	0.0156452
401	107	0.607519
416	68	0.937388
274	2	0.797933
199	144	0.790863
196	5	0.0587862
304	21	0.889677
363	20	0.577128
310	51	0.50689
189	16	0.244338
496	54	0.34955
456	64	0.157051
232	46	0.428234
312	12	0.294535
302	19	0.157177
156	3	0.0710167
411	369	0.96113
145	32	0.536279
136	4	0.739108
250	153	0.927545
114	16	0.741853
328	43	0.308762
352	261	0.769787
486	378	0.779939
264	23	0.115441
179	75	0.902653
326	29	0.2877
337	60	0.768224
145	13	0.292314
207	102	0.582533
199	83	0.421238
379	71	0.448784
267	61	0.678651
413	38	0.125034
213	16	0.488761
359	52	0.171018
414	72	0.421705
256	12	0.0704916
158	53	0.589244
142	18	0.258538
346	40	0.888318
357	19	0.125242
138	106	0.839969
208	21	0.823096
168	45	0.378116
349	37	0.840253
275	147	0.8347
319	8	0.14529
378	133	0.433286
184	17	0.732455
474	156	0.678565
329	31	0.110889
136	50	0.503528
482	9	0.0446824
195	10	0.265783
385	119	0.445375
322	133	0.467596
498	67	0.849394
412	123	0.363896
355	0	0.972123
442	20	0.19162
252	38	0.177515
196	48	0.844561
415	201	0.505979
160	3	0.0374837
455	71	0.498312
142	47	0.635009
201	141	0.755869
83	29	0.635145
313	26	0.47338
209	85	0.617004
168	31	0.646523
116	3	0.252091
384	2	0.0793303
194	18	0.925069
142	60	0.862811
406	192	0.763034
469	133	0.59136
165	117	0.782043
314	1	0.671978
143	30	0.93938
84	3	0.159774
357	65	0.864331
261	133	0.801919
213	40	0.962501
423	102	0.461125
210	23	0.241759
140	5	0.358848
197	15	0.0862578
249	12	0.566178
354	92	0.972381
345	126	0.610899
198	169	0.973731
214	88	0.667998
181	133	0.932962
130	5	0.130327
456	119	0.464396
209	1	0.0424468
138	115	0.841558
350	157	0.70118
373	102	0.883504
337	8	0.20706
398	13	0.0900064
333	87	0.428478
201	66	0.865935
191	33	0.50013
106	1	0.391829
213	59	0.582919
441	103	0.44638
204	34	0.417313
274	11	0.873911
202	104	0.553711
191	5	0.167855
110	12	0.543134
194	11	0.624466
149	90	0.662566
311	66	0.235407
162	78	0.777279
335	25	0.109993
171	66	0.829364
97	19	0.655603
83	9	0.264335
386	42	0.111496
52	27	0.547948
369	166	0.523766
185	82	0.797557
107	12	0.141721
447	227	0.798908
175	17	0.254135
223	205	0.92424
229	150	0.797309
325	33	0.341824
496	260	0.526977
100	7	0.123887
223	37	0.94257
341	19	0.113735
331	44	0.324552
55	10	0.512199
194	39	0.209949
234	34	0.644076
128	18	0.237315
387	28	0.570445
372	49	0.155046
172	100	0.854039
229	12	0.248343
185	54	0.380403
200	40	0.474895
391	3	0.491017
75	6	0.229524
264	160	0.9745
88	81	0.968876
268	37	0.346393
159	59	0.471434
457	70	0.965549
386	12	0.0756677
412	3	0.0990571
85	1	0.132521
480	100	0.353871
415	40	0.102951
125	13	0.454558
412	12	0.399194
281	56	0.604316
475	271	0.634718
486	313	0.867058
234	30	0.288802
205	3	0.969749
395	9	0.836148
355	159	0.884647
487	267	0.673074
285	59	0.288764
490	351	0.904408
302	126	0.516613
93	36	0.50835
283	7	0.459982
75	41	0.925098
141	9	0.329766
494	53	0.593863
175	106	0.781689
268	46	0.948282
187	54	0.770569
279	78	0.296224
147	85	0.658348
141	45	0.33333
394	35	0.469963
318	43	0.388212
234	7	0.0759337
255	105	0.838478
463	107	0.710672
273	7	0.705454
233	18	0.079581
223	34	0.153082
189	106	0.71415
248	83	0.56921
303	71	0.371045
341	8	0.0272295
234	8	0.168937
166	61	0.638968
323	24	0.129719
119	41	0.811723
111	25	0.647225
296	155	0.589631
181	6	0.810526
147	102	0.890165
201	24	0.299071
271	95	0.817594
158	38	0.377022
211	101	0.543226
123	34	0.406178
334	84	0.531863
156	65	0.535069
258	35	0.238983
488	34	0.183376
181	45	0.736118
299	226	0.794058
203	67	0.370447
463	94	0.322326
346	224	0.78912
223	93	0.814644
169	59	0.359453
165	77	0.98136
370	1	0.0202657
374	73	0.784762
460	53	0.659603
56	1	0.282099
90	51	0.919738
467	8	0.180954
101	11	0.332383
422	45	0.6685
346	11	0.508145
470	11	0.0442199
233	4	0.461942
61	10	0.813376
235	53	0.319892
360	68	0.301812
120	3	0.156643
448	30	0.214365
369	59	0.583276
419	10	0.464346
268	235	0.944228
100	31	0.418016
481	40	0.171801
53	3	0.665468
457	67	0.250264
66	5	0.623473
275	189	0.868961
403	31	0.453009
209	18	0.375882
361	21	0.286893
311	76	0.462327
195	0	0.013247
69	15	0.40752
399	88	0.520012
220	23	0.580336
91	62	0.969798
205	12	0.38186
190	68	0.944858
360	71	0.217916
58	11	0.297035
130	20	0.571463
154	43	0.861107
59	14	0.363075
317	77	0.276102
94	1	0.13416
344	60	0.278502
