2500
250	102	0.999854
491	488	0.999425
361	63	0.999082
267	25	0.999089
221	109	0.99999
375	80	0.998221
161	14	0.998684
59	43	0.997632
487	378	0.999852
500	271	0.998596
180	9	0.998465
266	56	0.997898
487	24	0.999116
110	95	0.998004
275	194	0.999257
176	112	0.998033
307	110	0.999486
250	231	0.99868
209	13	0.999906
194	37	0.999788
353	52	0.99921
276	84	0.997548
257	75	0.999928
396	144	0.998359
229	169	0.999519
158	88	0.997558
84	35	0.998159
99	34	0.998312
362	254	0.998026
403	281	0.998744
330	162	0.998386
359	99	0.999227
179	82	0.99959
256	85	0.998672
352	173	0.998689
337	296	0.999138
248	182	0.998906
486	340	0.999
440	439	0.999807
494	161	0.997573
486	370	0.998719
112	91	0.9979
313	39	0.998924
415	179	0.997587
92	78	0.997548
263	95	0.998053
164	80	0.998714
278	107	0.999556
479	103	0.997873
262	260	0.99899
287	80	0.999672
201	185	0.999242
162	28	0.999245
430	213	0.998714
55	52	0.998031
240	89	0.998132
115	20	0.999859
210	181	0.999946
103	96	0.999005
441	166	0.997997
483	315	0.998818
78	72	0.998112
107	55	0.99846
363	350	0.998963
472	246	0.999072
71	57	0.999346
218	68	0.99917
483	176	0.999084
59	37	0.999728
100	72	0.999353
499	297	0.99795
159	35	0.998189
232	92	0.99956
151	68	0.998312
229	137	0.998934
316	221	0.997688
453	317	0.999296
179	21	0.998751
354	246	0.999427
461	154	0.999326
254	37	0.999467
160	79	0.999516
219	105	0.997945
272	207	0.997841
235	168	0.998805
386	305	0.997977
236	126	0.999479
438	382	0.998544
244	101	0.998731
460	333	0.998371
147	12	0.999109
357	318	0.998339
357	95	0.998754
235	206	0.99902
397	165	0.999652
467	414	0.997548
331	253	0.998884
423	418	0.999005
314	224	0.999556
76	73	0.9994
217	78	0.999035
105	33	0.999232
366	96	0.997972
202	108	0.99831
71	64	0.998684
217	44	0.997671
287	158	0.999889
394	336	0.99863
304	241	0.998305
278	94	0.999815
291	259	0.998869
274	211	0.999356
150	88	0.997979
117	38	0.998137
116	40	0.999148
299	264	0.997987
333	206	0.999356
324	135	0.998795
438	281	0.99757
339	36	0.99976
490	148	0.998978
152	61	0.998073
486	204	0.998041
168	155	0.998164
441	297	0.998966
242	188	0.99844
465	375	0.999916
372	38	0.999519
245	100	0.998243
165	130	0.99862
458	289	0.997824
304	35	0.999511
433	214	0.999563
88	52	0.99902
188	143	0.999802
228	221	0.999454
74	48	0.998976
349	305	0.999264
62	50	0.998433
433	327	0.997681
115	66	0.999346
96	95	0.997987
123	85	0.999859
383	35	0.999124
70	40	0.999573
500	378	0.998961
170	64	0.998773
438	292	0.998897
420	241	0.999328
109	46	0.998606
87	72	0.99793
210	123	0.99941
489	459	0.999252
329	112	0.999911
361	46	0.997836
172	96	0.999252
446	316	0.99791
56	39	0.999427
154	127	0.998174
462	312	0.997826
227	53	0.998142
458	400	0.999356
76	20	0.999654
177	11	0.998652
187	160	0.997844
114	81	0.998455
229	126	0.999837
407	32	0.998292
457	139	0.998635
173	140	0.998837
357	127	0.998596
279	208	0.998026
477	177	0.998147
496	436	0.998766
163	139	0.998359
354	270	0.997891
453	424	0.998499
134	44	0.998855
364	284	0.999605
311	175	0.998078
331	203	0.999077
312	40	0.999664
124	101	0.997836
273	13	0.997962
119	96	0.99999
474	100	0.998147
367	131	0.998376
498	466	0.99957
413	169	0.99772
339	183	0.998036
213	166	0.99961
123	20	0.998556
485	272	0.999427
383	240	0.998504
162	128	0.99977
99	34	0.997982
486	390	0.998985
408	184	0.998906
463	210	0.998502
70	5	0.999185
118	93	0.999279
490	286	0.997664
487	25	0.999644
262	65	0.998327
409	158	0.998268
360	89	0.997839
115	40	0.998334
427	255	0.998684
203	124	0.999686
149	55	0.999101
162	19	0.998053
186	117	0.99902
482	172	0.999519
422	185	0.99942
146	44	0.99849
170	164	0.998236
191	112	0.998342
320	89	0.997873
168	12	0.997755
301	80	0.99778
375	207	0.998162
60	7	0.998053
107	37	0.998243
204	146	0.998566
55	37	0.998278
197	12	0.999632
459	378	0.999511
204	157	0.999484
487	385	0.997992
251	116	0.998241
98	40	0.999521
335	35	0.998628
388	261	0.998791
72	49	0.998512
184	147	0.997693
297	28	0.99918
421	387	0.999008
454	216	0.99921
333	194	0.999558
219	94	0.998233
179	54	0.998988
360	145	0.999723
471	121	0.999896
168	166	0.997992
451	432	0.999701
123	116	0.997969
240	79	0.999311
161	24	0.998068
96	7	0.999914
319	165	0.999291
208	152	0.99959
293	29	0.998835
464	205	0.997639
167	110	0.999156
435	283	0.998874
110	49	0.997982
210	202	0.999321
500	488	0.999126
429	392	0.998416
88	27	0.998231
310	191	0.998862
414	410	0.999351
477	358	0.998204
474	307	0.998006
215	94	0.999402
319	114	0.998334
143	46	0.999398
200	135	0.99942
137	103	0.99921
114	21	0.999941
263	94	0.997905
351	147	0.99848
90	84	0.999217
61	15	0.998763
401	262	0.997706
157	139	0.999062
351	197	0.999679
220	35	0.99865
444	198	0.999617
381	369	0.997597
448	39	0.999173
81	69	0.998465
392	312	0.999203
496	279	0.997555
478	101	0.998971
228	203	0.999077
61	5	0.997809
151	27	0.999017
202	57	0.999175
164	36	0.999304
154	80	0.998825
210	49	0.998534
109	41	0.998714
488	200	0.998216
128	8	0.999358
389	288	0.998603
362	279	0.999491
397	90	0.998445
74	53	0.998586
461	197	0.999279
267	256	0.997757
324	112	0.998176
285	149	0.99828
66	52	0.999089
196	183	0.999205
241	194	0.998359
179	157	0.999114
153	104	0.999156
81	42	0.999013
416	275	0.999832
311	169	0.998162
87	40	0.999637
360	99	0.999699
285	204	0.999373
371	364	0.999706
490	336	0.99831
293	217	0.999785
61	50	0.999481
303	173	0.998877
76	66	0.998218
85	22	0.998721
204	98	0.998349
222	145	0.998795
449	398	0.998781
435	262	0.998445
336	203	0.999481
341	71	0.999696
112	102	0.999119
363	265	0.997629
354	105	0.999775
107	74	0.998379
216	201	0.998093
294	111	0.9998
449	157	0.999183
57	49	0.998551
251	210	0.998009
122	114	0.997792
221	30	0.998278
125	100	0.997839
395	253	0.999486
404	179	0.998305
103	33	0.999272
146	121	0.998416
493	91	0.999602
283	74	0.998564
308	89	0.999304
133	35	0.999279
192	188	0.999089
50	4	0.998189
348	66	0.999563
205	25	0.999351
99	84	0.998216
348	165	0.999052
141	90	0.99978
480	37	0.997834
285	234	0.998719
57	42	0.999753
289	180	0.999481
322	50	0.999837
97	89	0.997834
280	158	0.997807
151	77	0.999055
367	142	0.998389
428	352	0.999104
116	29	0.998255
181	146	0.997856
323	142	0.99756
430	37	0.998154
132	54	0.999037
282	118	0.99943
192	135	0.998053
476	472	0.997797
257	95	0.99827
238	176	0.999765
91	32	0.998406
168	160	0.99808
329	318	0.999669
177	160	0.998083
78	32	0.998709
163	105	0.999449
344	311	0.999116
412	400	0.997666
361	240	0.997807
255	92	0.999489
391	153	0.999393
428	195	0.9996
271	137	0.998418
93	57	0.998152
206	142	0.999847
442	251	0.999617
83	41	0.997647
173	138	0.999333
242	239	0.997743
75	20	0.997999
380	316	0.999923
126	43	0.999649
51	30	0.999017
127	102	0.998142
220	38	0.999506
148	39	0.998601
162	21	0.998569
293	190	0.99902
467	213	0.998532
426	216	0.998717
65	28	0.999474
374	197	0.999748
239	79	0.999938
103	14	0.998105
455	251	0.999647
99	72	0.999084
55	19	0.998655
54	15	0.999042
422	346	0.998719
387	192	0.998739
258	235	0.998529
293	93	0.997905
428	362	0.998857
180	55	0.999946
262	189	0.998194
185	176	0.999763
117	13	0.999025
258	75	0.999704
473	346	0.999822
324	114	0.99825
175	47	0.999558
225	47	0.997891
378	313	0.998771
471	240	0.999402
52	27	0.997992
413	186	0.998877
399	385	0.999299
451	237	0.998487
213	76	0.998482
447	262	0.99978
337	264	0.997617
264	160	0.997679
440	33	0.999361
165	31	0.998095
380	379	0.999444
119	8	0.998398
87	15	0.999368
295	205	0.999257
382	345	0.998142
442	296	0.998699
184	181	0.999235
224	141	0.998857
268	231	0.999301
483	180	0.998931
268	144	0.997617
239	95	0.998374
140	32	0.997928
385	76	0.998978
57	36	0.998657
477	60	0.999422
62	21	0.997748
401	30	0.998549
55	43	0.99846
393	366	0.998332
428	150	0.999615
124	50	0.998524
330	268	0.99881
248	22	0.999
473	331	0.998196
220	110	0.999368
197	156	0.999815
447	246	0.99791
372	116	0.999721
390	140	0.998366
220	164	0.999163
412	111	0.999585
360	86	0.998011
133	93	0.997541
487	343	0.998687
321	105	0.999837
191	158	0.999017
274	253	0.997858
258	233	0.997957
101	5	0.999869
382	351	0.998223
93	56	0.998285
54	51	0.998418
208	29	0.998524
412	344	0.998334
460	420	0.998194
64	38	0.999331
144	78	0.999672
387	221	0.999425
361	92	0.9981
478	271	0.999082
468	425	0.999644
391	261	0.999358
210	122	0.998786
387	263	0.998445
498	247	0.999751
219	121	0.999884
275	62	0.998275
159	83	0.998011
167	26	0.998226
309	250	0.999936
128	66	0.998374
414	53	0.999504
470	184	0.999032
238	172	0.999802
127	111	0.999516
339	92	0.999891
105	56	0.99898
262	123	0.999889
318	126	0.999993
128	47	0.999435
435	303	0.999911
318	244	0.999082
287	14	0.999237
89	68	0.999296
409	28	0.999514
414	397	0.997932
394	273	0.999027
101	73	0.998988
53	44	0.997765
385	290	0.998056
205	24	0.999057
299	142	0.998391
387	225	0.997886
277	213	0.998162
393	186	0.997789
243	219	0.998051
443	87	0.998699
424	172	0.999694
441	389	0.99866
290	83	0.998699
180	99	0.998808
108	77	0.999279
488	180	0.998643
217	149	0.998781
159	16	0.998213
459	192	0.99981
150	88	0.998026
237	120	0.998273
67	5	0.998164
482	86	0.997575
158	94	0.998746
237	198	0.999914
345	191	0.997592
109	27	0.999884
379	214	0.998571
403	202	0.999442
353	193	0.998364
381	268	0.999309
211	104	0.999827
115	88	0.997777
262	71	0.999336
176	70	0.999805
210	79	0.997923
205	96	0.997886
397	199	0.997543
412	214	0.998051
496	315	0.997829
386	247	0.999758
423	210	0.998411
245	178	0.997669
415	95	0.999208
133	76	0.99812
427	339	0.998739
121	101	0.998026
144	97	0.999701
472	365	0.99811
326	316	0.998253
464	349	0.999264
314	283	0.998497
382	184	0.999909
310	89	0.997841
336	31	0.998857
412	312	0.999894
68	21	0.99904
65	14	0.999346
248	143	0.999923
392	99	0.999089
130	121	0.998865
426	418	0.998978
92	42	0.999087
428	215	0.999227
119	14	0.997738
105	18	0.998435
480	382	0.997755
98	92	0.999506
350	175	0.99812
340	239	0.997777
409	225	0.999143
399	386	0.99868
451	369	0.999891
126	32	0.998709
496	477	0.997804
279	44	0.998867
478	408	0.999948
390	283	0.999985
96	6	0.999323
64	15	0.99977
183	35	0.998053
306	163	0.999751
337	150	0.999161
360	135	0.999691
204	91	0.998379
207	121	0.99861
324	257	0.998879
110	72	0.999551
90	67	0.998731
82	11	0.998408
407	349	0.998916
460	168	0.999247
455	334	0.999407
327	306	0.997809
264	263	0.999558
81	45	0.998418
97	17	0.998687
406	251	0.998152
304	82	0.998465
248	148	0.999686
58	19	0.999425
463	214	0.998897
492	317	0.999758
322	140	0.999156
158	69	0.997886
138	53	0.99942
313	77	0.999551
330	188	0.999124
178	167	0.999383
446	231	0.99776
215	16	0.999089
400	306	0.9996
153	50	0.999291
204	45	0.99882
177	146	0.999289
110	46	0.99937
493	374	0.998058
195	155	0.99903
272	209	0.999867
193	20	0.999481
199	35	0.999775
342	29	0.998524
117	27	0.998009
263	153	0.998487
287	99	0.998973
154	68	0.999862
289	23	0.999111
312	253	0.999598
485	454	0.998233
425	376	0.998522
65	32	0.998625
311	197	0.998036
267	75	0.999807
349	90	0.997925
202	171	0.998766
361	90	0.999659
328	136	0.999716
270	171	0.997568
342	235	0.998551
65	42	0.998408
104	48	0.999326
274	148	0.99827
379	195	0.998154
62	61	0.999617
441	65	0.998322
183	93	0.999793
500	442	0.998805
222	144	0.99942
220	102	0.998566
70	33	0.998842
460	179	0.999711
259	254	0.998004
454	420	0.999447
274	220	0.99979
425	187	0.998497
123	61	0.998571
58	44	0.997775
437	228	0.997772
249	164	0.997819
457	136	0.998672
224	62	0.998687
56	7	0.997891
466	396	0.998492
113	13	0.999659
182	93	0.998832
463	211	0.997836
247	147	0.997955
249	181	0.998536
287	285	0.998026
350	264	0.999593
279	227	0.999672
324	310	0.997649
295	72	0.997952
473	327	0.998147
91	7	0.997553
409	104	0.99901
263	89	0.99937
166	138	0.998761
92	21	0.99845
450	265	0.997841
211	126	0.999943
193	118	0.99849
226	93	0.998601
352	263	0.999652
304	201	0.999948
104	56	0.998218
466	219	0.99757
172	113	0.99942
174	105	0.998561
65	24	0.998532
335	234	0.999872
51	33	0.999558
414	168	0.998295
246	195	0.999452
214	46	0.998887
108	59	0.999662
155	68	0.998613
473	272	0.999889
342	106	0.998278
179	140	0.997716
271	261	0.999933
384	155	0.998053
94	59	0.997669
318	149	0.998926
341	128	0.998221
109	8	0.999879
203	158	0.999832
480	230	0.997878
251	27	0.997688
176	10	0.999627
426	347	0.999309
131	113	0.9976
167	144	0.999506
96	7	0.999286
104	40	0.999141
139	68	0.997989
265	253	0.99998
61	5	0.998275
306	179	0.997688
74	38	0.998029
422	411	0.999721
104	70	0.997856
302	190	0.997605
395	47	0.999825
250	196	0.999718
62	19	0.999731
334	162	0.999595
265	54	0.999605
355	27	0.999847
410	158	0.997745
477	166	0.998322
146	32	0.999059
371	362	0.998199
384	351	0.999726
402	316	0.998122
68	30	0.997992
96	87	0.99811
116	76	0.999205
296	253	0.999407
224	155	0.999728
255	172	0.997565
392	28	0.999763
290	139	0.998376
156	17	0.999575
363	312	0.998919
277	130	0.999289
457	442	0.99956
304	225	0.997565
404	401	0.999891
53	15	0.999435
323	38	0.998231
271	258	0.997669
292	201	0.998527
344	173	0.999721
147	136	0.998815
423	422	0.998707
384	29	0.999526
311	155	0.998374
500	209	0.998174
469	387	0.998961
204	37	0.998902
201	196	0.999906
438	430	0.997684
56	41	0.998919
382	367	0.999563
247	40	0.999407
354	120	0.99979
474	244	0.999573
50	30	0.99919
149	28	0.998347
193	83	0.999595
251	214	0.998088
434	102	0.998068
317	44	0.999543
485	464	0.999249
345	312	0.998098
474	159	0.998031
151	102	0.998144
80	16	0.998541
496	292	0.999052
353	256	0.999953
109	71	0.999235
489	173	0.99866
274	48	0.999082
280	253	0.999286
397	293	0.998625
412	362	0.99778
149	15	0.997822
167	102	0.998724
214	27	0.99902
272	181	0.99759
463	429	0.998791
193	171	0.997592
63	42	0.999114
447	361	0.997878
446	433	0.998048
308	128	0.998983
319	233	0.999212
246	105	0.998147
109	14	0.999432
187	150	0.99956
456	213	0.999138
200	70	0.998196
188	89	0.999514
288	171	0.99923
227	25	0.998882
332	27	0.998519
76	25	0.998226
442	309	0.998704
116	97	0.998786
477	188	0.998253
456	449	0.997671
105	60	0.998339
199	37	0.999669
292	217	0.999013
215	15	0.998581
337	89	0.997893
208	88	0.999958
344	192	0.998591
316	132	0.999395
118	55	0.997876
486	308	0.999689
496	345	0.998135
228	226	0.999869
215	192	0.998366
484	402	0.997622
234	212	0.999151
356	194	0.999089
318	252	0.99903
113	58	0.999153
426	131	0.998613
284	148	0.999126
165	110	0.998139
281	109	0.997753
414	22	0.998349
300	182	0.999326
165	115	0.997615
166	59	0.997578
316	213	0.999296
190	47	0.998398
123	102	0.998914
229	27	0.997612
287	28	0.999983
195	136	0.998566
63	52	0.998645
218	199	0.998117
152	111	0.998845
111	10	0.999338
266	116	0.999311
94	86	0.998098
367	353	0.998159
409	390	0.99901
364	42	0.998877
145	95	0.998889
168	58	0.99761
332	264	0.9994
115	89	0.998995
268	26	0.997558
317	25	0.997794
500	48	0.997888
169	76	0.998056
224	74	0.999259
68	27	0.998465
164	82	0.997536
374	221	0.998924
419	388	0.997718
184	176	0.99828
153	63	0.99901
226	34	0.998406
332	76	0.999163
340	64	0.999385
53	33	0.998687
300	227	0.998911
278	215	0.999027
445	63	0.99813
349	346	0.997711
77	15	0.998218
294	131	0.998865
56	34	0.999973
251	26	0.998006
142	41	0.999758
211	36	0.999037
393	147	0.998216
299	161	0.999205
111	45	0.997669
77	37	0.999143
88	77	0.998001
321	126	0.998319
257	34	0.998776
87	72	0.99903
111	92	0.999896
449	363	0.998672
444	41	0.997891
345	140	0.99773
357	235	0.997654
338	160	0.998749
142	139	0.998058
379	324	0.999314
228	174	0.998601
423	205	0.998813
377	256	0.99845
281	109	0.99976
471	220	0.999775
74	61	0.99849
327	17	0.998795
76	68	0.999731
237	224	0.999723
454	168	0.998855
186	131	0.997757
464	392	0.999373
337	285	0.999141
247	195	0.997782
186	107	0.999474
156	98	0.999968
150	116	0.999918
187	185	0.999059
345	193	0.998048
499	312	0.998255
484	60	0.997928
265	61	0.997585
348	99	0.998329
102	45	0.998657
500	452	0.998147
245	169	0.998144
86	15	0.9983
129	90	0.999343
317	194	0.998477
77	29	0.998532
361	69	0.997873
418	368	0.998781
207	93	0.997913
100	18	0.99919
105	76	0.997794
282	24	0.999341
121	97	0.99941
469	88	0.999758
231	90	0.999477
334	185	0.998241
401	210	0.99982
414	323	0.998051
232	193	0.998672
53	8	0.997913
325	217	0.998265
301	107	0.999035
98	78	0.999242
176	82	0.999654
219	128	0.997856
101	78	0.997597
391	212	0.998921
494	279	0.999526
414	298	0.999867
122	55	0.998842
214	145	0.998462
338	88	0.997637
492	113	0.999635
305	285	0.999573
447	167	0.997863
72	53	0.999274
289	219	0.999746
245	100	0.997592
330	115	0.999877
378	96	0.998263
405	85	0.997573
369	322	0.99939
468	42	0.999881
472	290	0.998063
245	149	0.997728
56	44	0.99844
413	404	0.998093
161	98	0.99862
97	36	0.997568
229	93	0.998867
169	49	0.999351
403	309	0.999055
98	20	0.998541
351	90	0.998741
114	34	0.998623
476	320	0.99774
393	107	0.99864
264	194	0.999536
449	175	0.998662
331	60	0.998507
187	40	0.999551
130	57	0.999674
84	62	0.998778
69	20	0.999114
450	192	0.999193
223	38	0.99849
298	224	0.998438
182	179	0.999205
405	200	0.999356
446	123	0.999933
253	42	0.998554
385	258	0.999385
477	29	0.9983
466	245	0.998305
150	131	0.998879
288	53	0.997804
144	62	0.998662
387	355	0.999042
393	303	0.998815
357	96	0.999489
472	192	0.999711
183	149	0.997676
391	323	0.998704
477	169	0.999736
84	31	0.99963
342	144	0.999131
309	188	0.997804
306	54	0.999412
195	86	0.999751
494	450	0.9979
457	323	0.999094
128	23	0.997819
387	95	0.999681
418	161	0.999797
464	405	0.999788
482	83	0.998033
111	66	0.997716
68	33	0.998717
331	79	0.998482
134	18	0.998236
159	9	0.997659
312	244	0.998672
138	74	0.998315
301	44	0.997624
320	92	0.999449
353	88	0.997964
324	29	0.998771
416	265	0.998342
103	29	0.999916
479	463	0.997762
60	59	0.999402
273	23	0.99843
347	112	0.998638
209	187	0.997607
157	12	0.997708
175	39	0.999793
106	10	0.998453
430	71	0.997563
255	124	0.999595
362	71	0.998559
436	98	0.997831
263	193	0.998317
181	142	0.999906
450	115	0.998009
327	303	0.99831
483	215	0.999649
222	90	0.998347
137	119	0.997767
137	134	0.998204
453	116	0.998596
492	128	0.998332
108	72	0.999121
458	403	0.998776
335	227	0.999872
475	192	0.999333
331	230	0.999151
246	193	0.999662
197	128	0.99867
296	28	0.998472
204	181	0.999711
216	112	0.999602
185	92	0.998349
197	155	0.999156
89	42	0.999464
213	92	0.998633
495	316	0.999565
461	156	0.997851
211	135	0.99978
423	206	0.998539
460	346	0.999464
406	170	0.997647
298	49	0.998282
69	14	0.99774
301	246	0.999889
198	131	0.999773
411	355	0.999965
69	20	0.999975
441	302	0.998882
79	46	0.999486
487	310	0.998265
58	42	0.999321
422	59	0.998948
465	260	0.998842
183	60	0.99862
401	28	0.999208
267	198	0.99938
252	250	0.9983
267	67	0.999042
221	92	0.998302
163	67	0.997794
200	162	0.998315
376	89	0.99921
65	54	0.998837
93	24	0.998931
160	124	0.999933
372	281	0.997908
250	232	0.997982
482	366	0.999575
408	333	0.999481
169	67	0.998418
367	56	0.998638
130	106	0.997794
477	464	0.998601
147	51	0.99867
232	173	0.998583
433	49	0.999008
214	22	0.99977
460	346	0.998795
292	104	0.998534
442	161	0.999242
245	40	0.99944
356	111	0.998164
190	108	0.999998
413	377	0.998791
401	216	0.999148
100	56	0.998213
254	217	0.99957
290	33	0.9983
485	264	0.997812
310	77	0.998438
67	58	0.999644
252	27	0.998615
157	144	0.999296
108	107	0.997844
470	325	0.999472
272	109	0.998746
330	84	0.997888
202	101	0.99963
148	78	0.998963
443	23	0.999306
443	184	0.99756
162	73	0.998438
246	173	0.997649
56	50	0.997895
243	239	0.998786
301	25	0.999393
254	29	0.99963
401	150	0.999684
275	72	0.997597
425	417	0.998292
435	122	0.99849
462	121	0.999173
276	202	0.998125
439	135	0.999477
183	134	0.998349
227	177	0.998766
382	248	0.999373
127	88	0.998371
237	171	0.999262
467	357	0.998462
116	68	0.999114
404	130	0.999195
375	153	0.998132
441	91	0.999523
91	30	0.998075
96	38	0.997785
342	329	0.998791
80	78	0.998031
180	58	0.998539
149	143	0.998613
312	246	0.9979
335	48	0.997639
352	224	0.998206
362	146	0.998216
318	87	0.999469
389	207	0.998756
396	135	0.999013
320	52	0.999795
320	256	0.999232
236	202	0.997923
360	89	0.999055
164	16	0.999795
498	414	0.997812
133	79	0.999104
329	276	0.9988
471	400	0.998613
156	94	0.998993
174	141	0.99941
328	195	0.997964
175	79	0.999464
439	115	0.999632
420	327	0.997777
58	3	0.999432
187	176	0.999528
478	149	0.998625
63	17	0.99943
184	86	0.999296
298	55	0.997858
374	187	0.999879
206	93	0.999106
363	200	0.999106
171	169	0.998053
286	228	0.997957
251	142	0.999341
447	47	0.997659
124	106	0.999198
414	242	0.998285
479	434	0.998354
53	24	0.999013
463	200	0.999119
166	23	0.998519
75	34	0.998946
430	214	0.998435
285	25	0.998103
305	302	0.998066
441	91	0.998019
323	306	0.997688
427	277	0.998033
106	81	0.998053
68	43	0.999514
252	116	0.999358
418	113	0.999635
214	179	0.998983
412	273	0.999289
237	190	0.999978
198	158	0.999914
223	66	0.998536
192	143	0.998744
91	81	0.999948
489	416	0.998554
276	20	0.998544
106	102	0.999854
306	167	0.998507
121	73	0.999983
472	64	0.99793
336	111	0.999501
253	247	0.997755
405	253	0.997881
227	218	0.997733
321	315	0.99977
101	71	0.998475
130	7	0.99997
422	300	0.999405
54	35	0.999674
102	98	0.999326
217	17	0.999511
115	84	0.998213
405	339	0.997868
216	175	0.999057
455	185	0.997787
314	191	0.997957
424	312	0.99811
233	209	0.998867
339	126	0.999864
434	306	0.999173
280	208	0.998421
187	55	0.998324
68	25	0.998122
353	303	0.997841
78	16	0.997854
478	432	0.998958
54	44	0.99775
292	47	0.998601
173	59	0.99867
185	48	0.997656
123	37	0.997957
243	15	0.999074
378	122	0.999681
471	110	0.999783
139	117	0.998847
446	233	0.999151
355	229	0.999494
71	53	0.998911
368	208	0.999543
462	380	0.999138
377	84	0.997578
424	396	0.997984
255	144	0.998297
375	185	0.997868
377	236	0.998527
418	164	0.999032
486	213	0.999963
257	175	0.998704
58	36	0.999393
369	169	0.997617
202	15	0.998312
87	39	0.99962
71	28	0.999279
488	62	0.998909
317	174	0.998697
308	288	0.99791
463	308	0.997792
280	107	0.997787
362	214	0.998744
291	28	0.999825
96	90	0.997893
205	115	0.997883
53	30	0.998699
51	36	0.99957
110	27	0.998117
296	66	0.99982
270	116	0.997671
491	206	0.998438
224	86	0.998226
79	8	0.999217
248	91	0.999783
102	97	0.99962
373	345	0.998302
134	68	0.998855
420	76	0.998492
302	94	0.998184
178	140	0.999474
360	229	0.997619
208	102	0.999756
471	457	0.998329
101	45	0.998302
223	134	0.999731
491	337	0.997834
273	242	0.998697
305	302	0.998026
481	276	0.998534
249	79	0.997548
103	75	0.998971
381	253	0.99831
78	47	0.999257
322	208	0.998756
164	20	0.998075
424	191	0.999472
365	317	0.999701
109	46	0.999753
128	26	0.998036
371	122	0.999161
448	142	0.998307
261	99	0.999198
469	65	0.998322
347	228	0.998226
349	312	0.998194
364	225	0.998196
414	141	0.99919
173	53	0.999531
476	302	0.998615
470	108	0.999185
478	150	0.999077
246	24	0.997543
460	432	0.998179
110	35	0.997812
389	204	0.998135
199	44	0.999775
333	148	0.99862
61	13	0.998125
335	194	0.997868
237	186	0.998359
221	109	0.998993
224	28	0.99918
207	168	0.999405
166	89	0.999909
345	338	0.998645
351	219	0.998512
274	57	0.997861
186	38	0.998152
206	148	0.99796
442	27	0.99812
240	233	0.999274
105	93	0.998842
56	6	0.999035
405	326	0.999753
369	188	0.99917
170	57	0.999965
401	331	0.998532
417	182	0.998998
175	31	0.998763
361	44	0.999812
148	86	0.998458
404	226	0.998495
441	308	0.997829
192	118	0.998561
129	82	0.999617
283	192	0.9976
430	374	0.999141
112	85	0.999109
289	177	0.998384
371	98	0.998983
340	233	0.997661
243	149	0.999684
164	27	0.997698
434	96	0.998766
99	14	0.999958
392	368	0.999415
384	171	0.998591
258	135	0.999435
381	20	0.998758
389	81	0.99956
485	215	0.99983
187	116	0.998186
281	107	0.998635
183	167	0.998731
278	67	0.997955
103	18	0.998926
239	209	0.999017
471	390	0.99956
134	121	0.998867
338	112	0.999936
160	37	0.997592
317	203	0.998662
70	64	0.999435
323	259	0.999131
185	154	0.997583
426	120	0.998635
433	118	0.999736
141	75	0.998559
446	331	0.999615
97	65	0.999272
447	206	0.998692
379	140	0.999121
399	86	0.998832
192	90	0.998887
491	368	0.998564
316	85	0.999748
176	61	0.999279
61	44	0.998135
347	161	0.997858
235	155	0.997632
68	58	0.997597
402	106	0.999178
311	50	0.998181
368	260	0.998499
78	15	0.999612
195	11	0.99976
238	139	0.999622
334	226	0.99917
500	309	0.997935
439	390	0.998006
472	252	0.998384
335	288	0.998078
335	254	0.999092
295	143	0.998369
477	195	0.999114
176	144	0.997575
249	62	0.999926
209	118	0.998598
171	138	0.997829
278	154	0.998216
402	254	0.998931
195	187	0.997866
294	194	0.998159
76	66	0.99827
212	19	0.997688
258	198	0.999341
332	199	0.998559
247	234	0.999983
54	34	0.998591
297	142	0.999563
138	58	0.999057
198	186	0.998221
404	204	0.998421
112	68	0.997903
412	122	0.999753
289	241	0.998243
160	59	0.999146
324	181	0.999928
69	30	0.998142
161	88	0.998694
55	32	0.998684
474	435	0.997701
166	134	0.998655
80	26	0.999481
206	96	0.998236
332	85	0.998448
337	143	0.997762
448	101	0.998413
281	68	0.999407
486	192	0.999859
192	31	0.998465
140	15	0.998374
309	236	0.999686
188	150	0.999909
493	298	0.999528
162	130	0.999998
92	33	0.999432
472	270	0.999259
50	27	0.999245
417	225	0.999022
161	138	0.998914
79	19	0.999328
180	87	0.999659
208	156	0.998729
438	353	0.997703
215	26	0.999736
291	104	0.999995
128	69	0.998583
188	179	0.999092
464	84	0.998694
66	60	0.998667
481	60	0.998307
450	388	0.997713
426	44	0.997997
249	138	0.999756
448	156	0.99963
474	190	0.997748
64	24	0.999486
403	186	0.998255
273	65	0.998963
373	318	0.999193
97	48	0.998162
87	24	0.999672
214	99	0.999235
203	86	0.99795
117	24	0.99761
464	361	0.99939
179	147	0.999383
405	277	0.998189
206	165	0.999998
406	83	0.999138
339	130	0.998652
448	172	0.999254
370	210	0.99922
226	92	0.998021
226	138	0.999489
458	124	0.998726
445	266	0.999348
166	108	0.999111
242	163	0.999768
255	58	0.999978
449	408	0.999748
411	255	0.999193
468	57	0.998702
406	314	0.999158
285	84	0.999916
393	102	0.999215
126	56	0.99776
181	94	0.997942
367	58	0.998411
217	197	0.999306
373	199	0.997997
468	77	0.999373
154	63	0.99922
99	52	0.997748
206	172	0.998209
349	68	0.999921
448	279	0.999704
87	46	0.998559
97	82	0.998236
463	148	0.997964
378	88	0.999079
78	50	0.999575
90	12	0.999951
224	35	0.998852
448	131	0.999469
466	389	0.99942
244	43	0.997627
84	69	0.998862
282	64	0.999551
350	180	0.998534
396	188	0.999094
244	233	0.998228
500	96	0.997915
402	233	0.999417
236	68	0.999528
234	111	0.9988
404	233	0.997836
293	21	0.999677
457	65	0.998729
402	120	0.998988
414	402	0.99942
138	78	0.999612
406	76	0.998946
141	80	0.998714
474	205	0.999099
260	130	0.999593
76	39	0.999914
408	392	0.998902
267	86	0.999839
340	110	0.997656
482	268	0.998995
152	88	0.998559
321	154	0.997592
478	133	0.9979
151	123	0.99938
339	319	0.998238
58	14	0.999333
265	153	0.998019
493	54	0.99918
91	22	0.998026
278	233	0.997533
467	414	0.999879
119	79	0.998798
129	44	0.99962
74	53	0.998179
444	279	0.998425
57	18	0.998613
82	4	0.997538
115	111	0.997913
454	181	0.999926
253	227	0.999506
436	384	0.999499
348	229	0.999696
445	361	0.999872
258	189	0.999457
441	352	0.99919
479	69	0.999585
383	296	0.997733
461	244	0.997915
401	226	0.998191
164	60	0.999785
199	73	0.997942
331	39	0.99944
241	183	0.99862
88	71	0.997691
78	35	0.999158
194	181	0.997905
173	148	0.99883
251	175	0.998894
436	277	0.998063
461	369	0.997903
378	94	0.997629
77	12	0.998899
293	114	0.999714
344	78	0.998396
261	155	0.999496
362	228	0.998887
485	477	0.999035
162	121	0.998433
86	56	0.999008
102	35	0.998672
97	12	0.998223
62	42	0.998263
433	139	0.997651
438	319	0.999956
455	204	0.998366
187	186	0.998709
130	122	0.998726
418	310	0.998263
351	25	0.998376
157	78	0.998788
246	182	0.998751
237	232	0.997597
395	33	0.998828
103	27	0.99867
238	60	0.999017
324	113	0.998714
242	50	0.999993
495	158	0.998107
486	290	0.99773
108	58	0.999249
220	142	0.999212
419	161	0.999741
480	357	0.998315
101	75	0.998677
219	176	0.998273
267	215	0.998771
268	188	0.999988
411	274	0.998482
112	15	0.999358
134	59	0.998773
354	258	0.998016
59	17	0.999326
54	25	0.999615
395	350	0.998339
75	21	0.997656
184	94	0.999714
390	274	0.998241
467	189	0.997839
432	23	0.998233
72	14	0.999543
237	178	0.99898
459	138	0.999422
389	249	0.998988
474	429	0.999889
377	123	0.999995
66	51	0.998739
97	44	0.999849
264	123	0.998495
80	52	0.998897
378	298	0.998063
66	4	0.997873
392	249	0.998366
499	41	0.997861
178	153	0.99865
150	59	0.998544
106	22	0.997664
163	47	0.997777
220	210	0.999464
352	118	0.999222
267	43	0.99827
415	346	0.999864
102	13	0.997656
410	256	0.999721
452	394	0.998142
356	152	0.999832
330	175	0.99941
132	68	0.997565
344	97	0.99866
277	28	0.999494
276	167	0.999993
423	225	0.998559
160	19	0.999131
469	316	0.999837
60	47	0.998475
68	7	0.997659
223	154	0.998167
347	19	0.999311
489	261	0.999543
350	220	0.997955
445	413	0.997955
155	96	0.999835
123	12	0.999022
321	53	0.998273
345	295	0.998487
194	25	0.999185
462	376	0.998258
188	93	0.999553
195	82	0.999282
81	46	0.999052
474	462	0.998009
412	191	0.999008
458	103	0.998492
312	291	0.99755
286	252	0.997895
483	461	0.998226
95	61	0.998014
320	102	0.99777
130	20	0.999689
196	66	0.997679
377	319	0.998418
448	164	0.998939
429	184	0.998248
412	117	0.998778
382	282	0.999731
450	447	0.999378
332	107	0.999691
370	348	0.998835
58	30	0.998073
481	138	0.99868
454	279	0.999494
234	125	0.999886
266	119	0.998919
487	65	0.998186
499	273	0.998472
168	130	0.998966
230	185	0.99828
176	116	0.998825
190	82	0.999617
181	46	0.99848
125	121	0.999375
442	69	0.999326
132	27	0.999237
450	419	0.998376
466	167	0.998539
176	136	0.998805
297	124	0.999375
52	4	0.999751
436	111	0.999035
171	59	0.998093
69	7	0.998778
232	139	0.999096
90	86	0.999479
166	63	0.997716
222	68	0.998564
409	294	0.999711
464	205	0.999827
317	57	0.997785
205	120	0.997928
382	252	0.998137
245	102	0.998455
352	192	0.999965
343	44	0.99898
469	449	0.998598
468	440	0.999296
132	28	0.999993
264	113	0.999284
253	118	0.999501
151	115	0.99942
386	175	0.998009
295	176	0.998529
366	298	0.998993
58	19	0.998527
97	25	0.998393
345	331	0.999479
320	91	0.997942
479	398	0.998406
406	253	0.997935
89	57	0.998874
322	227	0.999124
240	198	0.998791
53	30	0.999857
276	94	0.997895
217	139	0.998369
451	365	0.99998
484	96	0.999854
120	40	0.997999
482	131	0.999126
262	233	0.998714
308	203	0.998238
167	157	0.998241
120	51	0.997745
78	51	0.999635
127	39	0.997839
217	144	0.999716
479	139	0.999087
68	38	0.999484
496	327	0.997797
93	17	0.998943
398	352	0.998233
207	156	0.998665
444	264	0.997854
125	83	0.997757
432	138	0.998398
153	150	0.99921
241	193	0.998675
485	42	0.997674
437	233	0.997829
240	94	0.999052
336	159	0.998773
308	75	0.999921
192	177	0.999067
210	81	0.998423
441	154	0.998088
345	188	0.999953
371	192	0.998768
330	190	0.998874
138	128	0.999711
169	98	0.998061
464	158	0.998514
225	26	0.999185
143	36	0.999983
86	7	0.997942
235	44	0.999087
319	270	0.99997
67	21	0.999642
283	170	0.998159
468	291	0.998551
134	129	0.997698
147	38	0.997925
376	106	0.999096
453	346	0.998773
187	43	0.999921
427	155	0.999956
132	118	0.999578
84	21	0.999454
351	248	0.999504
284	209	0.998371
363	319	0.997777
116	73	0.998825
346	255	0.998342
418	402	0.999259
222	21	0.999686
270	55	0.999726
240	100	0.997802
103	73	0.997789
399	263	0.999802
340	18	0.998593
473	73	0.999763
210	108	0.998546
468	267	0.998902
238	203	0.998379
210	158	0.997829
183	48	0.998754
206	20	0.997713
490	397	0.998951
282	128	0.999153
134	74	0.998287
402	55	0.998593
384	336	0.999296
305	252	0.999402
286	210	0.997891
246	96	0.998709
471	315	0.998196
446	354	0.998009
455	281	0.999773
149	87	0.998009
407	368	0.998438
168	13	0.998001
397	293	0.997982
125	114	0.999718
296	150	0.99983
163	25	0.99918
129	42	0.997935
250	101	0.998152
69	38	0.999753
480	406	0.99862
218	33	0.999208
173	86	0.998842
384	29	0.999985
352	290	0.999797
292	38	0.999489
101	87	0.999064
334	255	0.998315
489	33	0.997642
399	185	0.998909
337	114	0.99898
140	114	0.998213
136	93	0.999084
131	18	0.998929
211	174	0.999627
230	50	0.999333
419	170	0.998677
435	209	0.997999
184	59	0.998635
76	71	0.998194
286	161	0.998791
372	153	0.999859
405	85	0.999027
293	33	0.99773
236	217	0.998327
371	151	0.999931
473	64	0.998085
366	270	0.998122
60	22	0.998053
480	340	0.999143
189	166	0.998544
360	191	0.999726
473	177	0.998465
152	40	0.998253
156	84	0.999536
144	23	0.999825
91	35	0.997863
430	23	0.997568
186	43	0.999931
419	216	0.997536
263	194	0.999449
125	71	0.998946
65	55	0.999783
338	141	0.99868
147	101	0.999284
371	18	0.998443
447	80	0.997546
77	34	0.998751
142	52	0.998906
426	199	0.999082
114	48	0.997923
226	206	0.998828
69	61	0.997888
428	108	0.997762
414	241	0.999933
324	92	0.998731
342	63	0.999141
414	340	0.998524
71	69	0.997595
160	47	0.998078
436	155	0.998931
264	220	0.998285
242	102	0.998682
276	119	0.999161
393	157	0.998149
145	76	0.998211
91	6	0.998805
356	223	0.997669
355	30	0.998601
287	24	0.997553
398	269	0.999652
229	50	0.999129
116	54	0.99922
353	158	0.997858
149	9	0.999711
268	96	0.998818
354	17	0.999775
392	190	0.998364
260	85	0.998495
175	18	0.998803
352	344	0.998361
445	24	0.998411
163	159	0.999622
445	66	0.999323
333	309	0.998519
371	102	0.998169
257	42	0.997982
336	206	0.999311
405	391	0.997849
465	443	0.999667
57	12	0.997868
65	16	0.997972
235	74	0.999607
244	42	0.99866
278	54	0.997915
426	339	0.998001
210	121	0.999195
263	102	0.999195
287	239	0.998174
85	49	0.999449
208	167	0.999869
149	119	0.999351
162	35	0.998948
300	145	0.998717
218	51	0.997893
423	245	0.998199
150	43	0.998842
205	78	0.9976
233	84	0.99847
139	80	0.997738
242	113	0.998902
284	78	0.998117
242	100	0.99758
277	121	0.998305
307	194	0.999328
367	259	0.998763
347	51	0.998186
199	131	0.999395
282	273	0.999988
214	111	0.998655
467	101	0.998433
239	163	0.999669
349	127	0.998687
453	74	0.997674
430	37	0.998263
212	39	0.999941
393	90	0.997748
279	179	0.999948
281	33	0.999363
444	332	0.999407
440	73	0.999985
104	46	0.998213
182	45	0.99773
423	147	0.999121
340	107	0.998889
167	44	0.998448
123	76	0.997802
338	335	0.999748
92	64	0.997935
168	140	0.999657
251	73	0.997964
372	237	0.998218
444	40	0.99917
499	69	0.999812
294	269	0.99977
246	129	0.998815
127	115	0.999008
421	335	0.997982
461	395	0.999998
257	84	0.998615
152	133	0.99758
156	137	0.997772
92	15	0.997583
364	45	0.999432
59	48	0.998707
284	184	0.999686
224	70	0.997622
359	289	0.998768
390	173	0.998751
259	172	0.998564
342	225	0.998682
246	21	0.998899
155	42	0.999504
442	312	0.999672
433	310	0.997693
323	258	0.999047
481	205	0.999936
339	192	0.998825
83	79	0.999847
292	240	0.998719
286	244	0.999198
115	105	0.999099
441	245	0.999425
119	59	0.997546
111	10	0.998519
180	174	0.998795
62	5	0.999096
87	12	0.998948
499	466	0.997893
324	114	0.999859
306	90	0.999686
122	74	0.998181
246	117	0.998379
382	278	0.999519
491	305	0.999457
171	162	0.998613
262	71	0.998524
187	75	0.999911
254	86	0.997634
84	77	0.999166
232	169	0.998978
378	109	0.999953
99	7	0.998818
148	109	0.998051
145	42	0.998226
152	46	0.99976
84	35	0.998583
462	119	0.999089
129	62	0.999691
348	81	0.997831
375	222	0.998233
219	85	0.998347
339	63	0.999506
56	51	0.999405
125	28	0.999657
261	48	0.998191
421	266	0.998428
133	131	0.99918
444	193	0.999245
382	335	0.997679
342	269	0.998667
115	58	0.999686
406	75	0.997839
117	66	0.99944
313	189	0.999904
430	177	0.999208
282	269	0.999062
251	76	0.998699
53	48	0.997595
113	105	0.998803
134	51	0.99865
142	66	0.999311
325	223	0.997886
245	83	0.999936
165	30	0.999674
89	39	0.998324
262	242	0.997955
317	117	0.999985
320	316	0.99862
479	378	0.999802
130	117	0.998897
77	66	0.999462
77	66	0.998204
433	258	0.998223
355	228	0.9988
76	6	0.99794
499	158	0.998125
303	121	0.998795
478	272	0.999474
422	157	0.99996
344	124	0.99982
432	227	0.998199
299	147	0.998855
386	96	0.998771
443	324	0.998467
96	25	0.999156
458	331	0.999474
99	77	0.998238
415	60	0.998509
85	49	0.999269
320	312	0.999407
362	118	0.999667
341	293	0.999918
312	36	0.999242
358	250	0.999975
142	73	0.998213
457	308	0.998329
279	39	0.998029
160	20	0.99774
188	69	0.999168
294	216	0.999916
268	61	0.999921
342	311	0.999812
487	360	0.998366
495	215	0.998127
486	123	0.999516
61	34	0.999551
438	376	0.999657
404	259	0.999235
464	135	0.999326
231	112	0.998458
402	67	0.99939
323	292	0.998768
487	93	0.998117
413	412	0.997701
313	250	0.998334
222	95	0.999013
462	460	0.998746
86	62	0.998805
142	141	0.999435
321	289	0.998803
383	232	0.997592
367	137	0.999094
68	16	0.998633
219	59	0.997989
358	283	0.999551
169	37	0.999133
370	234	0.998137
75	34	0.998085
108	98	0.99944
309	39	0.998625
91	37	0.999617
337	75	0.999948
147	119	0.997876
231	157	0.999593
102	51	0.998934
327	296	0.999375
61	3	0.997807
126	73	0.999499
114	99	0.997826
130	105	0.999849
239	197	0.998499
295	22	0.997624
212	41	0.998186
142	98	0.997876
390	358	0.999723
82	28	0.99861
343	205	0.998041
362	268	0.997624
137	113	0.999422
340	201	0.998421
152	84	0.99899
247	78	0.999563
500	72	0.998865
387	259	0.998117
191	69	0.997817
219	138	0.999849
270	164	0.999881
368	56	0.998549
411	129	0.997831
253	13	0.998482
461	95	0.999978
287	103	0.999642
276	247	0.998946
127	42	0.998771
473	319	0.997565
238	131	0.997656
453	283	0.998569
341	271	0.998633
306	35	0.998366
69	31	0.999617
351	234	0.997826
348	33	0.998016
330	22	0.999126
416	134	0.999417
145	135	0.999454
271	230	0.999874
291	247	0.998869
126	78	0.998739
167	123	0.998443
157	43	0.999635
163	153	0.999156
251	249	0.998951
398	198	0.997656
487	176	0.999148
486	445	0.999746
310	202	0.999514
154	69	0.999286
465	37	0.998578
394	173	0.997686
482	202	0.998956
114	27	0.999872
68	49	0.997723
104	56	0.998956
248	121	0.998117
442	117	0.997605
122	76	0.999639
284	154	0.997829
494	416	0.997703
158	28	0.998707
372	120	0.997977
234	202	0.998845
299	22	0.998791
170	96	0.997952
338	66	0.99828
328	192	0.999607
72	53	0.999664
371	75	0.998063
320	297	0.998921
77	15	0.998273
215	56	0.997706
320	146	0.99938
131	117	0.997826
301	95	0.99883
370	159	0.998384
306	236	0.998874
60	25	0.999978
384	363	0.998147
432	254	0.998943
231	183	0.998448
184	48	0.99938
427	148	0.999921
426	66	0.99831
213	90	0.999045
348	109	0.997725
449	44	0.999452
282	206	0.998349
58	56	0.998805
147	97	0.998872
190	159	0.997822
232	12	0.99866
247	151	0.999393
168	71	0.997765
67	44	0.999941
73	67	0.997782
401	114	0.999751
232	137	0.999933
423	73	0.997681
203	192	0.998798
468	153	0.999889
353	260	0.999057
82	42	0.999469
344	146	0.998613
345	133	0.998117
356	302	0.999245
461	115	0.99812
313	105	0.99756
141	28	0.997669
373	174	0.999481
392	67	0.997679
443	150	0.997997
303	161	0.997676
376	173	0.998916
378	89	0.998159
151	45	0.999395
269	71	0.999195
271	134	0.998159
63	11	0.999652
173	70	0.999568
215	182	0.997794
91	77	0.999746
470	332	0.998672
144	129	0.998699
343	92	0.998075
352	328	0.998677
189	61	0.997587
327	277	0.99828
372	55	0.997536
150	42	0.998445
69	42	0.998541
500	247	0.999264
101	40	0.999536
441	161	0.999501
129	97	0.999316
416	106	0.998139
403	255	0.998495
175	156	0.99865
75	8	0.99826
375	68	0.999368
334	283	0.999195
291	164	0.999679
209	157	0.997782
50	19	0.998063
447	403	0.998337
214	49	0.99957
425	183	0.999454
225	122	0.997671
422	410	0.999059
96	29	0.997612
424	239	0.999504
337	42	0.998845
344	33	0.998342
262	163	0.998776
136	83	0.998164
133	107	0.999849
155	114	0.997757
103	60	0.999247
302	68	0.997548
214	99	0.999262
380	94	0.998845
132	8	0.997679
192	122	0.997573
277	181	0.998132
379	69	0.999153
121	86	0.999402
279	147	0.998184
247	88	0.999718
465	395	0.998213
196	13	0.998112
290	162	0.997607
219	98	0.997891
221	151	0.998448
142	34	0.998566
189	104	0.999005
499	298	0.998588
393	52	0.999511
102	55	0.998359
370	320	0.998255
285	182	0.997753
349	260	0.999133
233	127	0.99811
355	253	0.998014
112	25	0.999378
73	64	0.998778
247	145	0.997757
126	115	0.999427
243	134	0.999998
448	66	0.998832
485	306	0.997661
126	124	0.999306
193	41	0.997881
235	87	0.999822
402	66	0.999664
109	56	0.999395
389	203	0.999087
491	288	0.998707
277	70	0.998026
414	406	0.998985
474	312	0.998213
127	36	0.998024
71	14	0.999691
304	244	0.998031
481	385	0.997809
278	17	0.999696
162	86	0.999242
134	58	0.999449
164	17	0.999104
76	44	0.999946
131	58	0.998869
454	155	0.997898
93	50	0.999647
411	361	0.999849
323	115	0.997989
205	86	0.998061
224	150	0.999835
403	392	0.999217
438	402	0.997789
85	69	0.998808
328	169	0.998393
148	145	0.99884
363	324	0.998462
342	129	0.999444
239	43	0.997696
230	68	0.998273
378	31	0.997745
408	235	0.997723
90	45	0.999309
117	48	0.998361
499	371	0.998902
184	136	0.999259
426	65	0.998973
252	195	0.999825
307	151	0.998359
467	57	0.998643
179	100	0.99997
389	365	0.998265
275	227	0.999647
81	17	0.99898
269	31	0.999872
339	111	0.999351
246	184	0.998376
121	95	0.999738
59	49	0.999785
283	275	0.999459
162	70	0.99761
179	63	0.997666
444	404	0.99941
353	311	0.998522
399	383	0.998689
201	88	0.99756
183	9	0.999264
60	59	0.997918
383	101	0.998033
430	406	0.999689
123	7	0.999674
133	22	0.997858
447	153	0.998892
338	167	0.999973
195	125	0.99867
416	38	0.999319
424	227	0.997932
205	128	0.998421
353	345	0.999736
301	227	0.999686
271	114	0.999277
205	75	0.998983
383	126	0.997612
256	32	0.999849
371	152	0.998832
340	291	0.998398
127	27	0.998499
236	177	0.99944
190	56	0.998253
51	49	0.998061
331	104	0.998788
181	140	0.998971
402	344	0.998936
330	188	0.998482
368	359	0.99825
93	44	0.997915
259	110	0.999227
429	333	0.998749
210	71	0.999669
63	13	0.997538
491	419	0.998389
367	216	0.998152
428	36	0.99983
400	349	0.997602
347	40	0.99937
485	436	0.99904
157	75	0.998164
184	139	0.998931
227	43	0.999084
61	20	0.99846
192	49	0.997841
357	131	0.999082
271	202	0.99923
110	29	0.999691
241	148	0.99958
409	60	0.998408
235	26	0.998754
464	77	0.997765
245	42	0.999644
65	42	0.999136
389	214	0.998337
186	38	0.998882
129	77	0.997814
362	233	0.999835
453	293	0.998734
272	81	0.997999
380	263	0.999462
347	158	0.998433
374	236	0.99755
