2500
411	78	0.998175
81	63	0.99869
271	74	0.99858
165	123	0.998905
277	91	0.999203
92	63	0.998696
326	282	0.998994
178	12	0.999652
400	312	0.999815
464	91	0.99869
387	105	0.997306
329	136	0.999619
429	284	0.997498
206	125	0.997724
96	20	0.999526
82	5	0.998795
104	32	0.997969
241	176	0.999148
470	344	0.997749
428	139	0.999837
314	244	0.997947
68	16	0.998437
443	33	0.997663
380	96	0.999628
238	99	0.999465
125	120	0.99979
438	201	0.99776
338	35	0.998129
467	457	0.997352
449	200	0.997622
72	28	0.997933
417	77	0.999832
209	163	0.999101
338	163	0.999065
140	122	0.99944
480	281	0.999948
477	359	0.997812
190	187	0.998217
450	120	0.998104
265	137	0.998702
397	148	0.998677
324	255	0.998972
267	229	0.998203
232	204	0.998195
85	61	0.99895
261	84	0.997559
466	177	0.997358
421	286	0.998969
396	80	0.999308
234	222	0.997581
145	66	0.999523
283	282	0.999661
221	97	0.999261
351	97	0.997917
485	101	0.999857
270	45	0.999027
462	215	0.997666
75	36	0.999255
401	189	0.999981
88	35	0.998699
61	51	0.999476
194	83	0.998671
482	94	0.99763
468	382	0.997606
411	269	0.998853
172	12	0.997545
119	118	0.998195
305	256	0.998145
298	176	0.997319
329	232	0.99858
321	260	0.998602
197	64	0.998646
464	375	0.99779
215	72	0.99795
99	12	0.999542
259	235	0.998905
207	33	0.99817
363	360	0.999997
448	169	0.998151
119	87	0.997914
258	86	0.998299
104	91	0.999013
418	194	0.999743
63	23	0.997498
269	53	0.999752
59	36	0.999997
61	31	0.999823
242	104	0.997388
453	418	0.999109
386	253	0.998016
188	170	0.999424
309	189	0.999617
245	22	0.99738
261	118	0.999537
109	67	0.998029
461	338	0.997878
58	3	0.999903
327	188	0.997732
295	282	0.999404
59	54	0.997941
340	279	0.998881
329	261	0.999912
314	175	0.997578
323	309	0.997297
178	48	0.999672
354	315	0.999774
104	8	0.997259
162	42	0.998016
400	130	0.999013
222	124	0.997793
285	241	0.999178
171	160	0.999112
329	242	0.998988
187	176	0.998583
120	6	0.999269
299	257	0.99806
69	51	0.997674
133	121	0.997292
456	423	0.99839
154	74	0.999294
69	56	0.997732
450	113	0.998564
298	52	0.997853
68	63	0.998236
144	43	0.99763
50	3	0.997823
456	67	0.998074
401	32	0.997779
190	164	0.999051
103	84	0.9989
254	84	0.999981
74	7	0.998724
490	67	0.998228
293	253	0.998605
353	93	0.997749
462	164	0.999625
285	215	0.998511
384	186	0.9982
486	396	0.998572
422	234	0.999592
479	327	0.999686
332	323	0.999264
210	59	0.997595
178	145	0.998481
407	266	0.999647
129	47	0.998633
496	344	0.997875
165	117	0.999619
196	75	0.997721
295	293	0.998387
214	127	0.999989
309	190	0.999708
210	31	0.998332
367	152	0.998897
117	63	0.997567
381	159	0.997553
246	181	0.997735
205	129	0.999319
499	97	0.999324
333	131	0.998525
229	181	0.99735
141	118	0.998671
356	343	0.998052
173	103	0.997424
56	5	0.998996
53	41	0.998189
468	122	0.998123
194	139	0.999096
285	194	0.998465
399	15	0.998509
460	272	0.999493
179	57	0.998983
294	275	0.999625
272	34	0.998321
173	170	0.997446
404	359	0.997784
490	126	0.998126
271	30	0.998622
432	15	0.997487
114	63	0.999981
280	155	0.997705
111	8	0.997919
343	218	0.997385
481	187	0.997306
187	57	0.999713
375	205	0.999087
347	29	0.998864
124	35	0.997939
71	20	0.998145
95	67	0.997782
432	131	0.998556
189	111	0.998556
145	23	0.998919
167	116	0.999021
310	74	0.999983
436	122	0.999804
308	218	0.998269
336	92	0.99955
108	35	0.999443
189	8	0.997666
133	74	0.998233
445	243	0.998583
401	177	0.999912
107	48	0.997256
263	56	0.998495
233	109	0.99831
156	90	0.999804
341	108	0.997449
178	109	0.998054
402	305	0.997473
50	28	0.999669
309	177	0.997454
53	50	0.997341
401	305	0.998779
278	144	0.999655
51	18	0.997275
305	184	0.998118
444	138	0.997983
432	310	0.998759
139	17	0.998927
164	120	0.99793
481	345	0.999407
115	114	0.999388
249	109	0.997705
134	21	0.997617
386	337	0.997273
216	88	0.998302
226	52	0.998911
202	141	0.999539
176	142	0.998101
191	48	0.999258
214	134	0.998936
384	58	0.998831
269	240	0.999981
394	25	0.998082
392	99	0.999735
441	91	0.998589
271	159	0.998817
308	33	0.99879
465	41	0.999644
201	143	0.998569
399	385	0.998173
281	63	0.998707
423	352	0.998564
53	42	0.999413
408	150	0.998798
461	30	0.997617
430	344	0.999846
413	396	0.997644
254	80	0.997628
99	72	0.998837
413	321	0.999244
259	125	0.999118
249	15	0.999793
279	149	0.999374
359	123	0.997985
261	175	0.99944
469	30	0.998065
456	310	0.999912
405	40	0.999112
406	41	0.998401
170	102	0.999429
204	114	0.997567
401	308	0.997765
378	268	0.999153
84	39	0.997787
438	126	0.998156
150	124	0.998478
74	44	0.999732
370	138	0.997251
436	243	0.999493
312	239	0.999007
469	138	0.998112
375	274	0.99904
290	131	0.999051
86	24	0.999504
247	225	0.997295
288	60	0.999948
151	50	0.997751
410	25	0.997385
408	50	0.998272
338	21	0.998181
119	64	0.997311
299	222	0.998085
105	13	0.999404
80	5	0.99752
439	254	0.998197
195	194	0.998801
459	167	0.999137
466	215	0.998264
94	17	0.998184
241	54	0.999131
408	344	0.998531
403	352	0.999697
52	45	0.999134
452	315	0.998107
402	219	0.998074
448	281	0.998217
358	330	0.997575
418	93	0.998107
134	108	0.997859
219	166	0.998478
84	45	0.998897
324	228	0.997903
238	214	0.997468
373	38	0.99912
197	111	0.999542
381	40	0.998994
105	21	0.999175
297	50	0.999843
186	92	0.999553
475	203	0.999214
202	77	0.998363
439	388	0.997729
284	131	0.997358
144	135	0.998467
207	154	0.9985
133	22	0.997352
223	35	0.999379
133	30	0.998261
236	26	0.99863
486	262	0.998338
154	16	0.99995
309	275	0.99952
339	298	0.998983
130	73	0.99882
449	74	0.99968
483	273	0.997617
472	46	0.997933
388	131	0.997988
279	123	0.997713
359	71	0.997812
220	67	0.999785
271	197	0.998437
472	403	0.99782
359	352	0.998335
89	64	0.997644
287	10	0.998589
392	157	0.998319
196	55	0.997696
60	2	0.997358
285	115	0.998016
451	92	0.998129
77	11	0.998781
51	12	0.998429
65	16	0.998823
300	13	0.998966
74	46	0.999162
268	49	0.997581
372	73	0.999187
148	127	0.999242
308	294	0.99976
372	80	0.997595
115	46	0.997292
153	107	0.999647
233	161	0.997424
108	63	0.999584
318	298	0.999087
236	186	0.998107
396	166	0.999258
290	115	0.999277
119	83	0.997584
348	312	0.999559
397	80	0.998233
179	26	0.999272
61	8	0.999967
451	330	0.999909
359	244	0.999972
102	92	0.998404
223	142	0.998724
198	171	0.999669
185	109	0.998988
359	176	0.998129
404	243	0.998679
241	26	0.999242
454	213	0.998352
231	209	0.9979
51	19	0.998718
119	54	0.997377
449	394	0.997729
287	282	0.99895
270	142	0.999068
276	44	0.99965
266	96	0.999608
104	80	0.997985
429	188	0.999972
159	43	0.999628
296	145	0.999942
218	145	0.998856
493	407	0.998938
235	154	0.998286
218	148	0.999187
349	65	0.99914
382	222	0.998338
308	16	0.998589
279	189	0.998988
130	7	0.999071
173	46	0.997837
99	13	0.998693
278	70	0.999286
159	59	0.998889
249	129	0.999402
438	266	0.997702
181	9	0.99869
275	235	0.999322
389	57	0.999498
483	216	0.998492
389	197	0.998575
292	31	0.999027
445	162	0.997776
352	324	0.999432
214	81	0.999721
467	314	0.998299
269	246	0.998415
365	295	0.999724
63	43	0.998052
164	134	0.998018
211	118	0.999195
199	113	0.99979
419	53	0.9996
65	26	0.997347
344	90	0.998983
409	344	0.999826
468	377	0.997845
450	88	0.999107
344	83	0.99863
114	79	0.998013
497	128	0.99817
80	15	0.998159
190	111	0.998726
135	19	0.999005
210	28	0.998506
125	117	0.999879
203	79	0.998759
70	61	0.998715
224	189	0.998206
374	318	0.999903
285	105	0.998919
340	249	0.999727
131	114	0.999526
437	401	0.999189
440	268	0.997388
366	140	0.998134
397	201	0.999639
349	346	0.998112
111	40	0.998228
221	145	0.999608
463	417	0.999402
227	195	0.999614
176	130	0.999404
392	141	0.999382
458	407	0.999068
90	83	0.999768
394	268	0.999633
426	262	0.999989
91	43	0.998269
450	145	0.997308
433	183	0.999705
468	405	0.997275
115	114	0.999231
221	195	0.998528
192	35	0.998908
83	27	0.998878
280	182	0.998947
167	105	0.998418
132	15	0.997911
256	42	0.99858
179	120	0.999956
220	174	0.998181
171	20	0.997988
412	87	0.99976
209	140	0.998374
248	154	0.999079
201	32	0.998578
236	193	0.999892
360	64	0.998093
208	48	0.998613
85	8	0.999956
486	378	0.997864
194	18	0.999862
493	277	0.999239
427	303	0.999374
91	68	0.998872
333	127	0.997584
493	92	0.999641
55	11	0.999774
188	168	0.999967
113	50	0.999595
96	50	0.998961
282	181	0.998374
455	412	0.999572
478	198	0.999812
182	126	0.998498
217	121	0.997908
258	153	0.9979
327	12	0.997295
496	232	0.9976
58	46	0.997358
455	233	0.99839
256	141	0.997548
157	76	0.999297
294	67	0.998068
126	100	0.999517
87	52	0.999721
108	49	0.999713
281	171	0.999738
214	136	0.999079
493	460	0.999283
449	18	0.997303
478	225	0.999399
362	150	0.998098
67	53	0.997696
476	90	0.999959
132	71	0.997944
421	122	0.999997
475	65	0.999743
294	20	0.997347
447	107	0.999349
457	30	0.998443
134	10	0.997795
241	112	0.99814
140	116	0.997457
324	79	0.998522
63	12	0.999233
352	44	0.999068
328	236	0.998622
395	380	0.999071
141	84	0.999669
347	201	0.997867
439	93	0.998489
184	74	0.998713
144	54	0.997908
498	27	0.998652
305	24	0.99874
117	13	0.997614
277	133	0.997928
260	80	0.999595
232	104	0.997917
180	155	0.998567
365	304	0.997895
298	182	0.997603
480	223	0.997881
173	158	0.998589
80	15	0.998195
139	138	0.997556
145	43	0.998275
481	333	0.999242
437	267	0.999396
372	152	0.998955
480	453	0.998644
319	106	0.999437
134	8	0.998043
274	157	0.999319
320	256	0.99995
499	377	0.998142
193	132	0.997372
481	371	0.997295
381	112	0.999076
268	223	0.999382
262	29	0.999611
357	93	0.998137
474	171	0.999379
275	33	0.999264
175	123	0.998264
288	119	0.997688
111	14	0.998889
112	45	0.997548
310	31	0.999374
112	81	0.998211
298	275	0.998203
306	214	0.997735
94	4	0.998806
233	69	0.999024
104	88	0.998041
89	70	0.999297
482	270	0.998597
234	9	0.9986
203	110	0.998467
157	107	0.999057
199	162	0.998027
427	154	0.998668
149	130	0.998253
256	237	0.998748
244	185	0.998655
94	13	0.999515
273	236	0.999195
317	126	0.998434
483	248	0.999785
259	138	0.997369
392	255	0.999189
261	32	0.997487
385	274	0.998448
394	340	0.999129
188	116	0.999137
220	9	0.997339
77	4	0.997248
193	11	0.999567
453	419	0.999366
66	63	0.998131
193	88	0.998197
489	244	0.999255
344	91	0.997347
491	155	0.998693
328	280	0.9979
421	38	0.997295
63	3	0.999239
199	7	0.997798
115	100	0.998076
145	132	0.998476
257	217	0.999013
341	328	0.998806
140	103	0.999429
453	58	0.998242
497	122	0.999592
183	108	0.998492
485	224	0.999898
213	35	0.997963
383	348	0.999269
55	40	0.997914
435	127	0.999236
196	89	0.997289
228	119	0.999016
426	38	0.99855
218	178	0.999735
468	451	0.997985
440	179	0.99806
276	175	0.997575
493	365	0.997636
421	409	0.999978
345	131	0.998038
305	66	0.997746
331	236	0.998897
328	47	0.997661
312	271	0.999253
129	100	0.999402
322	74	0.998784
376	75	0.999666
366	284	0.99852
352	216	0.997507
136	40	0.998054
199	91	0.99757
117	26	0.998076
154	134	0.99936
90	45	0.998283
206	174	0.99855
189	179	0.997347
126	37	0.997958
472	103	0.998228
458	73	0.997253
214	190	0.998578
208	61	0.997562
497	359	0.999484
115	75	0.997341
124	77	0.999253
257	148	0.997795
188	163	0.999159
97	33	0.998189
296	37	0.999109
116	112	0.999426
259	214	0.997809
476	398	0.997633
192	148	0.997859
89	6	0.998365
302	178	0.998638
78	32	0.998996
112	25	0.997666
199	162	0.998509
103	92	0.997328
219	136	0.99917
205	99	0.998682
285	194	0.997906
254	208	0.999578
294	157	0.999341
231	42	0.998349
464	110	0.998255
129	57	0.998641
155	42	0.998357
498	454	0.999586
51	16	0.999016
351	290	0.998925
70	38	0.997784
235	46	0.999153
420	45	0.997369
341	231	0.997677
360	42	0.998988
441	128	0.999297
57	30	0.999016
293	161	0.999231
117	26	0.998633
431	153	0.999054
361	71	0.997884
130	12	0.998927
221	67	0.99887
456	50	0.999327
88	35	0.998448
277	180	0.997465
383	268	0.997606
399	267	0.997325
220	81	0.998208
339	306	0.998175
410	299	0.999994
453	193	0.99768
61	9	0.998635
109	64	0.998938
144	20	0.99863
189	40	0.997683
184	169	0.999225
490	165	0.99855
248	110	0.999721
437	189	0.999065
68	52	0.998063
361	227	0.997369
456	186	0.999983
248	98	0.997435
105	79	0.998671
311	121	0.998484
263	57	0.997897
427	414	0.997278
318	205	0.997746
174	146	0.997617
242	50	0.999024
292	133	0.997724
194	119	0.999705
251	132	0.997451
247	232	0.997738
73	5	0.997589
418	380	0.999592
65	12	0.999415
104	86	0.99976
444	371	0.99882
454	136	0.997523
328	121	0.999567
231	153	0.999688
353	129	0.999572
185	31	0.999777
271	27	0.998894
268	235	0.997663
104	65	0.998126
150	90	0.997476
339	312	0.997672
488	265	0.999145
473	465	0.997672
159	108	0.997985
235	60	0.998707
378	36	0.998613
58	48	0.997264
366	240	0.998162
86	83	0.999159
336	332	0.99782
433	331	0.998831
61	38	0.999997
77	75	0.999266
292	41	0.998685
285	252	0.999699
277	244	0.998385
139	121	0.999484
145	66	0.997884
327	213	0.99744
240	145	0.998385
135	70	0.998558
161	112	0.999675
403	101	0.998638
134	131	0.998283
202	89	0.998357
341	89	0.99936
206	106	0.99825
106	26	0.997424
201	32	0.998757
410	286	0.999264
67	42	0.99917
426	212	0.997713
226	113	0.998677
71	46	0.999054
326	239	0.999901
361	337	0.999057
415	219	0.998533
118	14	0.999771
307	250	0.997845
274	126	0.999062
469	355	0.998569
238	106	0.997399
330	218	0.998575
334	27	0.999669
165	11	0.997564
135	9	0.999032
253	226	0.999286
154	86	0.999768
250	113	0.999658
129	81	0.998104
231	113	0.999286
457	263	0.999928
334	328	0.99814
241	106	0.999804
420	207	0.999333
394	90	0.997754
450	245	0.99754
216	52	0.997264
305	153	0.998999
239	109	0.998429
160	52	0.999834
287	110	0.999981
267	231	0.999062
191	120	0.999595
131	5	0.998848
269	15	0.997608
345	104	0.998963
50	43	0.997749
418	131	0.998385
431	398	0.999846
173	70	0.997644
429	295	0.999308
180	63	0.998432
75	13	0.999231
237	116	0.999694
229	162	0.997801
330	11	0.999755
349	158	0.999382
338	212	0.999355
394	35	0.997886
75	73	0.998253
500	394	0.998726
463	41	0.9976
181	120	0.99992
440	319	0.998567
59	41	0.997795
456	190	0.998875
363	201	0.997754
482	64	0.999005
281	58	0.998616
484	383	0.999322
272	20	0.997377
332	82	0.99957
126	84	0.999992
236	8	0.997672
381	103	0.999975
334	308	0.999672
201	164	0.999173
63	58	0.999322
228	48	0.998244
399	93	0.997925
138	113	0.997264
284	90	0.999112
54	7	0.999997
434	82	0.999302
363	255	0.998511
174	56	0.998768
200	167	0.997496
308	26	0.999214
143	77	0.997955
202	187	0.999476
159	140	0.999735
150	131	0.998644
92	5	0.997559
163	146	0.99898
215	209	0.998247
309	260	0.999357
272	135	0.999909
188	25	0.999622
297	100	0.999779
380	289	0.997818
277	148	0.999575
112	93	0.998415
177	87	0.997457
146	58	0.999187
72	15	0.999898
280	42	0.998283
306	180	0.998164
178	17	0.997416
133	58	0.999628
147	70	0.999586
493	407	0.998506
115	18	0.997479
331	82	0.998385
402	75	0.998955
203	97	0.998054
217	29	0.998032
455	112	0.999062
325	157	0.997443
55	41	0.99925
411	225	0.999912
451	188	0.998192
461	17	0.998991
329	74	0.997867
371	214	0.998181
365	79	0.998539
292	39	0.999448
271	34	0.999222
432	364	0.998175
289	39	0.997782
346	141	0.998197
93	35	0.999697
382	262	0.999506
89	67	0.998938
180	55	0.997696
333	174	0.99987
336	293	0.999244
295	147	0.998839
96	68	0.9979
119	14	0.99727
267	160	0.999242
408	235	0.999622
100	8	0.997542
203	22	0.999705
86	62	0.999153
92	16	0.998903
478	427	0.998407
312	243	0.998762
383	212	0.997473
460	340	0.997917
372	236	0.998382
307	16	0.999264
113	51	0.999371
350	175	0.998721
201	95	0.997694
245	242	0.998049
204	178	0.9982
355	42	0.999705
161	77	0.997738
328	58	0.997405
182	136	0.999189
135	119	0.999757
209	126	0.998611
293	189	0.998448
327	71	0.999424
283	37	0.997939
119	108	0.997815
247	136	0.99738
401	59	0.998856
95	5	0.998916
241	178	0.997716
309	144	0.998679
378	290	0.998806
371	258	0.998131
350	259	0.998861
420	311	0.999228
468	107	0.999981
486	283	0.999242
499	433	0.998313
154	7	0.999429
398	63	0.998316
500	218	0.997509
243	156	0.999862
396	202	0.998335
90	81	0.998743
355	220	0.997738
333	168	0.999691
238	126	0.999948
263	231	0.998253
352	271	0.998096
495	318	0.997713
394	378	0.997262
244	44	0.998159
296	140	0.998779
198	69	0.999578
286	284	0.997793
275	165	0.997438
219	8	0.999942
470	406	0.997795
293	89	0.997859
202	143	0.99989
346	269	0.998396
267	215	0.99877
473	31	0.999581
492	459	0.998503
230	154	0.999145
440	211	0.998219
229	199	0.998914
228	172	0.999859
144	46	0.999796
329	53	0.999355
231	113	0.997925
418	147	0.99904
100	79	0.999531
399	32	0.998655
64	47	0.99754
500	293	0.998085
237	104	0.998363
288	197	0.999258
226	55	0.997391
464	222	0.999694
136	82	0.997941
131	76	0.998236
370	21	0.998922
54	8	0.9979
382	75	0.999686
479	354	0.997779
412	199	0.997407
53	18	0.998853
446	95	0.999812
177	122	0.998214
194	98	0.998368
403	381	0.997523
491	206	0.997358
426	261	0.999302
399	169	0.997941
448	270	0.998341
398	14	0.998668
234	204	0.998404
409	81	0.999341
254	141	0.999209
298	54	0.998911
205	90	0.999879
87	75	0.997685
224	36	0.997339
366	21	0.997936
407	326	0.998335
212	88	0.997496
381	227	0.998567
116	41	0.998699
258	34	0.99981
360	171	0.998421
373	84	0.999316
416	113	0.998905
113	10	0.99987
82	56	0.99727
324	24	0.998958
310	179	0.999107
447	335	0.998605
385	249	0.998983
468	376	0.999294
487	387	0.998894
201	141	0.998365
249	143	0.999821
181	154	0.997567
382	201	0.997801
185	77	0.999559
90	73	0.997845
400	43	0.9976
464	442	0.999178
426	33	0.999589
200	72	0.99976
258	114	0.998398
131	99	0.997567
122	44	0.998839
58	15	0.997988
327	13	0.99944
280	158	0.997339
458	429	0.998663
251	198	0.997735
55	24	0.999749
332	116	0.998027
323	181	0.997644
135	76	0.997972
193	50	0.997421
396	259	0.998602
269	119	0.99981
403	273	0.997507
405	43	0.997493
167	113	0.998704
177	80	0.997823
174	36	0.998445
149	109	0.998616
102	39	0.99795
339	167	0.997707
279	169	0.997462
198	70	0.999156
485	153	0.997768
97	37	0.998013
442	389	0.999537
112	76	0.997518
303	43	0.997988
231	119	0.998883
293	103	0.999777
120	46	0.99909
150	145	0.997696
77	33	0.99763
430	112	0.999277
461	18	0.999476
437	83	0.998848
499	148	0.999493
329	235	0.999198
451	226	0.997485
317	34	0.999021
174	131	0.999506
318	83	0.99952
137	84	0.999255
333	58	0.998627
407	19	0.998085
245	101	0.999752
475	429	0.99812
464	112	0.998178
384	217	0.999945
289	114	0.997449
346	301	0.999112
53	42	0.997584
230	94	0.999255
425	86	0.99795
485	292	0.999528
81	35	0.998919
222	63	0.998021
204	143	0.999352
490	298	0.99997
160	69	0.99906
242	205	0.997473
379	157	0.997807
291	103	0.99779
217	189	0.998853
178	19	0.997677
302	110	0.997476
349	237	0.997278
370	338	0.998481
188	146	0.998828
386	248	0.998027
115	28	0.999868
74	56	0.997542
458	356	0.997443
282	40	0.997498
69	28	0.997633
328	167	0.998098
78	28	0.999953
52	27	0.997782
240	118	0.997259
408	185	0.999926
267	188	0.998231
276	29	0.997589
336	219	0.997768
192	104	0.998903
366	186	0.997251
90	9	0.99727
59	19	0.999203
190	7	0.999506
141	52	0.999834
300	76	0.998156
176	34	0.999884
275	160	0.999311
63	57	0.997377
193	65	0.999688
216	141	0.999755
406	171	0.999584
185	27	0.999413
388	382	0.997399
290	18	0.998856
435	98	0.997573
242	178	0.999702
457	410	0.997297
297	196	0.998131
201	76	0.99768
170	44	0.998385
444	21	0.998343
489	253	0.999181
111	31	0.999294
129	77	0.997683
254	240	0.999763
116	93	0.99981
422	211	0.999561
111	8	0.997487
199	39	0.998677
213	87	0.999162
438	339	0.997278
419	238	0.99825
70	51	0.999912
146	6	0.998258
236	185	0.998536
479	454	0.99814
351	202	0.998423
304	208	0.997771
463	201	0.999021
421	289	0.998206
325	101	0.999652
321	193	0.997875
116	26	0.997402
295	241	0.998443
390	302	0.997482
243	86	0.999539
323	72	0.997784
252	69	0.999382
63	13	0.999167
88	86	0.998517
85	57	0.99839
460	326	0.998619
496	104	0.998597
102	10	0.997501
362	236	0.997311
137	21	0.999164
220	174	0.999297
455	418	0.999515
81	59	0.998765
484	474	0.999581
492	274	0.998743
201	170	0.999032
208	162	0.999391
448	258	0.999115
123	74	0.997589
486	377	0.998556
202	113	0.998371
155	93	0.999586
317	86	0.999233
386	304	0.997757
240	192	0.998613
383	170	0.99841
247	236	0.998768
152	19	0.999879
157	141	0.997644
383	316	0.998418
416	286	0.997856
473	106	0.998773
72	13	0.997355
460	287	0.999349
205	123	0.999495
355	161	0.997845
84	20	0.999699
99	44	0.999504
309	215	0.999561
437	368	0.999305
221	125	0.99744
220	102	0.998349
69	34	0.999895
192	94	0.999859
359	257	0.999424
247	105	0.998164
185	34	0.997652
499	226	0.99836
483	134	0.997961
379	83	0.997578
97	11	0.997468
242	94	0.998724
387	53	0.999062
146	68	0.999539
357	125	0.999584
461	115	0.997652
478	164	0.999112
415	288	0.998569
146	93	0.997339
379	299	0.999051
250	50	0.999109
430	377	0.999788
194	166	0.999697
491	405	0.997253
105	64	0.999746
471	181	0.99841
326	200	0.998613
263	112	0.999379
156	44	0.999763
245	87	0.997848
336	40	0.999663
384	187	0.998613
487	283	0.999253
373	220	0.999617
423	386	0.99912
270	165	0.999741
83	14	0.997859
349	62	0.997372
298	118	0.998754
455	278	0.998302
330	228	0.998156
134	73	0.997267
261	242	0.998437
65	26	0.999153
443	250	0.999708
312	116	0.999035
359	122	0.999443
93	65	0.99738
116	51	0.999876
356	177	0.999766
115	42	0.998666
477	300	0.999377
212	198	0.997457
282	161	0.99914
339	302	0.998404
243	129	0.999357
194	102	0.99995
366	326	0.999658
223	18	0.997628
258	234	0.998594
92	90	0.999584
249	161	0.998052
248	98	0.997471
185	125	0.998977
332	143	0.998363
432	172	0.999788
331	115	0.999793
416	372	0.998021
309	83	0.999156
310	175	0.998313
171	42	0.998919
363	104	0.997264
141	99	0.997972
398	199	0.998264
196	48	0.997919
277	195	0.997374
371	333	0.999164
302	105	0.998825
329	75	0.998688
492	376	0.998027
319	225	0.997966
390	253	0.998682
344	268	0.999619
146	51	0.998894
373	123	0.998834
163	70	0.998065
104	33	0.997914
319	155	0.998875
491	173	0.997773
233	198	0.997369
171	151	0.998153
327	186	0.999757
97	11	0.997451
463	128	0.998572
51	44	0.997438
302	219	0.998674
186	64	0.999994
101	97	0.999625
318	66	0.999978
328	180	0.999989
490	392	0.999721
92	14	0.998732
152	47	0.999167
177	82	0.999937
488	450	0.999539
71	27	0.999768
78	45	0.998385
84	38	0.999225
376	364	0.998693
427	43	0.997974
469	106	0.998211
69	15	0.999148
395	250	0.998087
185	30	0.999495
415	291	0.999109
61	26	0.99844
194	130	0.998613
468	400	0.998922
377	134	0.998365
403	34	0.999071
62	53	0.999923
225	56	0.99784
499	48	0.998591
98	15	0.998041
412	310	0.999992
52	35	0.999757
120	41	0.999098
308	266	0.997851
226	166	0.998914
331	211	0.999046
418	137	0.997308
468	284	0.998839
323	134	0.998426
183	38	0.997718
290	155	0.999619
438	132	0.998181
80	51	0.998335
213	183	0.998715
179	56	0.99869
109	97	0.997922
101	77	0.999857
224	45	0.998762
414	210	0.997529
408	148	0.999198
254	117	0.997721
280	188	0.997597
397	297	0.998341
317	121	0.998286
259	149	0.998203
104	68	0.997807
243	100	0.997966
412	234	0.998079
447	311	0.997509
362	196	0.998589
277	158	0.999178
462	360	0.998371
494	68	0.998867
330	186	0.999694
384	157	0.997944
187	107	0.997344
171	166	0.999901
175	33	0.998916
102	26	0.99839
88	7	0.998489
452	360	0.998894
347	273	0.997754
371	177	0.999432
241	191	0.998437
279	13	0.999777
85	75	0.999451
239	52	0.998242
376	160	0.998812
83	6	0.999123
279	190	0.997628
189	96	0.997383
343	81	0.998578
283	55	0.998374
253	206	0.999418
359	325	0.998762
376	191	0.99909
242	41	0.997864
290	156	0.99904
495	152	0.999721
249	239	0.999528
235	182	0.997922
197	156	0.997798
231	63	0.998795
210	126	0.999302
201	101	0.997815
436	161	0.997911
136	113	0.998704
274	134	0.999785
219	184	0.998594
330	228	0.999443
381	218	0.999708
107	48	0.998894
490	445	0.998988
265	196	0.999239
442	440	0.99928
240	219	0.999104
381	379	0.999561
71	32	0.997443
446	145	0.998809
207	114	0.998528
51	13	0.998217
103	37	0.997297
437	55	0.999793
244	202	0.998801
300	141	0.998109
226	85	0.999228
182	83	0.999661
411	383	0.998343
441	43	0.997617
224	197	0.999531
311	151	0.999898
111	38	0.997625
192	121	0.997592
178	173	0.999446
432	263	0.99877
201	101	0.998233
418	178	0.998159
491	64	0.997416
244	19	0.998889
133	75	0.998173
122	121	0.99885
156	61	0.999989
482	138	0.999112
355	91	0.999884
51	34	0.999291
317	222	0.997303
380	126	0.998203
500	217	0.997798
302	35	0.998591
377	166	0.999324
446	74	0.998082
237	179	0.998412
69	21	0.999713
383	181	0.998495
197	165	0.997427
334	205	0.997501
373	182	0.999959
424	21	0.997851
282	11	0.998746
177	82	0.99825
365	346	0.998522
213	151	0.999129
457	371	0.999834
66	41	0.999848
128	119	0.997482
63	60	0.999109
297	98	0.99997
395	96	0.997911
447	172	0.998809
256	114	0.998462
84	63	0.998225
195	185	0.99965
419	117	0.999705
326	208	0.999829
453	265	0.998206
469	100	0.999291
370	280	0.999016
344	292	0.998005
431	326	0.99941
131	126	0.999032
375	45	0.99744
452	99	0.997867
276	253	0.999652
371	316	0.997262
212	209	0.997617
269	33	0.997897
225	214	0.998646
371	184	0.997267
418	287	0.999823
471	120	0.999371
420	91	0.997396
483	445	0.99936
238	127	0.997699
179	54	0.999198
82	42	0.997801
274	73	0.998415
381	238	0.997363
223	174	0.998275
422	266	0.99844
492	382	0.998624
307	232	0.999051
453	98	0.999134
126	100	0.999286
368	195	0.999247
255	14	0.999923
239	187	0.999424
484	240	0.998434
365	147	0.999917
191	104	0.997696
186	7	0.999934
137	56	0.997303
86	63	0.998492
357	126	0.998611
254	136	0.997273
484	123	0.999586
443	435	0.999537
357	131	0.998916
240	146	0.999923
147	95	0.998465
259	60	0.998013
121	46	0.997542
167	113	0.999465
461	447	0.999967
327	48	0.999493
358	295	0.999495
100	43	0.998065
411	204	0.997592
336	109	0.998487
57	33	0.99866
65	60	0.999675
272	25	0.99746
439	312	0.999945
479	51	0.99917
406	365	0.99963
214	67	0.999755
349	286	0.999517
155	115	0.99885
127	22	0.997818
229	19	0.998575
189	117	0.997608
369	261	0.998398
421	183	0.998743
275	191	0.999766
365	261	0.998269
76	42	0.997666
55	41	0.999595
103	75	0.999258
454	198	0.999002
202	190	0.99989
97	53	0.998944
184	167	0.997787
186	47	0.99847
373	91	0.997718
359	294	0.998925
308	66	0.998341
173	112	0.997746
167	62	0.998911
127	115	0.99922
175	16	0.999575
277	112	0.998952
305	205	0.998567
434	426	0.997707
273	168	0.998385
288	249	0.997966
391	58	0.997534
136	37	0.999192
76	52	0.999937
164	10	0.999768
218	79	0.997548
334	278	0.99852
201	84	0.999903
82	25	0.997245
371	281	0.998115
212	211	0.999859
73	43	0.998955
411	44	0.999881
261	213	0.998525
286	145	0.998696
488	134	0.999603
315	247	0.997983
82	74	0.999876
143	62	0.997462
439	166	0.999344
53	4	0.999112
134	76	0.998013
425	139	0.997253
118	107	0.997344
485	131	0.998638
382	236	0.999104
232	173	0.997344
190	183	0.998572
500	114	0.998878
306	248	0.999247
480	167	0.999708
95	22	0.99809
333	130	0.997897
79	31	0.999934
393	273	0.999738
145	34	0.999134
466	86	0.99984
467	415	0.998812
472	32	0.998616
289	111	0.998192
167	7	0.998787
386	80	0.999189
389	19	0.997286
446	420	0.999595
69	55	0.998933
151	108	0.999118
465	441	0.998627
147	70	0.998186
156	91	0.999206
215	54	0.998996
73	8	0.999029
120	36	0.998578
149	80	0.998225
394	129	0.9992
476	21	0.997278
116	39	0.998839
59	40	0.99885
230	20	0.998266
78	76	0.998253
444	125	0.997559
344	288	0.999713
488	188	0.998123
74	16	0.999821
375	62	0.998666
107	47	0.999807
309	264	0.998679
179	23	0.998842
152	96	0.998305
472	396	0.998936
412	386	0.998007
477	399	0.998426
377	37	0.999705
230	89	0.998401
354	289	0.998467
353	77	0.998459
286	277	0.99774
109	68	0.998352
356	289	0.998718
309	143	0.997911
423	377	0.999652
140	22	0.999641
182	94	0.999636
465	341	0.998007
127	78	0.998134
201	84	0.999181
91	77	0.997977
392	162	0.998076
306	250	0.999399
367	206	0.997496
328	313	0.999826
88	47	0.997782
328	156	0.997446
177	68	0.997655
326	281	0.999895
175	33	0.997812
292	26	0.998459
442	143	0.99917
70	15	0.997963
378	75	0.9992
84	8	0.997493
351	179	0.998558
454	309	0.997831
495	191	0.998845
118	69	0.999167
124	116	0.999209
460	253	0.998269
143	135	0.999934
139	38	0.998729
265	180	0.997534
396	202	0.999297
331	316	0.99941
336	77	0.99733
459	323	0.997413
352	314	0.999564
392	170	0.998974
271	150	0.997784
215	161	0.997617
125	93	0.99749
496	147	0.999112
462	243	0.999716
206	160	0.999592
261	249	0.998564
334	153	0.998966
228	138	0.998035
445	409	0.998652
158	101	0.999175
77	34	0.99895
302	125	0.997482
310	235	0.999779
113	24	0.999371
116	35	0.99995
303	246	0.998864
409	325	0.99855
228	106	0.997661
102	7	0.999785
203	156	0.999374
265	118	0.997663
148	24	0.999487
354	184	0.99879
410	407	0.998197
291	229	0.999057
443	430	0.998219
300	138	0.997369
157	23	0.99863
252	166	0.99817
447	197	0.99841
396	184	0.998035
425	139	0.999658
442	200	0.997644
266	246	0.999688
298	96	0.999131
410	355	0.998137
127	14	0.999686
435	302	0.997661
108	63	0.997705
425	145	0.99885
465	158	0.998575
324	88	0.9992
223	128	0.999663
131	41	0.998272
248	15	0.999402
55	34	0.997672
138	88	0.998974
110	57	0.997864
88	17	0.997548
190	70	0.998845
444	249	0.998151
281	116	0.999173
277	139	0.998834
422	107	0.998839
402	32	0.99933
293	194	0.998046
79	21	0.997586
293	269	0.997402
205	190	0.999553
237	207	0.998107
396	56	0.998668
325	258	0.998489
169	34	0.999639
253	71	0.997278
388	247	0.999937
385	246	0.998803
171	117	0.998197
318	313	0.999903
491	365	0.998539
168	30	0.999005
456	154	0.998795
163	119	0.999145
223	136	0.998589
474	376	0.998365
133	6	0.99801
195	64	0.998991
453	151	0.998859
190	125	0.999622
447	346	0.999956
152	146	0.998977
368	119	0.99963
391	87	0.998021
410	132	0.997496
97	42	0.999628
379	192	0.998655
64	17	0.999837
429	36	0.997471
236	179	0.997702
490	442	0.997485
210	89	0.99754
52	48	0.998757
418	265	0.999333
171	103	0.998338
368	75	0.998057
260	57	0.997432
498	208	0.9986
452	376	0.998875
126	115	0.999892
295	164	0.999327
446	354	0.997542
102	20	0.999115
299	20	0.999501
368	302	0.997421
68	66	0.997289
281	118	0.999005
227	112	0.998613
145	136	0.997339
316	150	0.997746
329	33	0.997377
219	201	0.999578
51	8	0.999482
187	169	0.997628
320	63	0.997284
242	11	0.999421
471	170	0.999393
184	110	0.999763
261	172	0.999705
252	146	0.998713
415	174	0.998845
261	82	0.998178
201	186	0.999981
400	135	0.997405
346	150	0.998137
116	95	0.999231
303	232	0.998699
72	50	0.998286
340	273	0.999087
482	372	0.999173
263	196	0.999876
324	296	0.999027
453	161	0.997311
357	337	0.999082
109	4	0.999286
370	369	0.99965
213	203	0.998974
123	61	0.998283
236	74	0.997523
164	62	0.997295
270	261	0.997471
408	84	0.999382
273	194	0.999247
92	40	0.997831
258	190	0.998076
246	153	0.997707
59	19	0.999126
395	176	0.99787
253	183	0.999705
128	14	0.998704
66	38	0.999851
314	17	0.998765
124	23	0.999043
96	47	0.99782
165	139	0.999324
56	29	0.99809
275	51	0.998737
99	67	0.997438
99	90	0.997851
426	218	0.99898
59	37	0.99965
279	240	0.999266
488	215	0.99757
122	6	0.997545
387	68	0.999826
158	123	0.999683
335	231	0.997886
445	157	0.998762
367	255	0.999663
230	167	0.99855
347	224	0.998958
397	371	0.998781
131	64	0.997418
355	300	0.998492
319	142	0.998578
75	15	0.999214
460	16	0.997903
430	340	0.998115
183	52	0.997762
110	40	0.997523
263	207	0.999206
452	49	0.998613
440	34	0.999071
245	13	0.999928
238	186	0.998958
211	178	0.998363
375	53	0.999647
111	104	0.998713
195	160	0.997418
181	134	0.997471
453	446	0.999214
323	196	0.999071
209	155	0.999614
167	104	0.997567
453	202	0.999854
114	46	0.997991
231	105	0.998104
345	287	0.999741
325	244	0.997969
290	102	0.997451
457	80	0.999892
118	109	0.999192
198	164	0.998396
176	75	0.998944
73	62	0.999774
403	288	0.99976
209	179	0.998264
170	137	0.99825
308	260	0.998707
158	143	0.998806
98	64	0.998332
180	124	0.999151
115	64	0.997862
77	34	0.998539
274	121	0.999255
285	133	0.997842
269	193	0.998875
391	83	0.99787
203	80	0.998872
325	60	0.998721
380	100	0.997617
177	69	0.998126
287	145	0.999236
136	82	0.997895
384	95	0.998159
95	23	0.997443
349	57	0.997363
322	124	0.998682
243	33	0.998404
207	65	0.999145
326	62	0.997253
346	169	0.99955
294	97	0.998253
445	16	0.999559
398	19	0.99866
249	23	0.997669
174	66	0.997259
266	171	0.998371
385	121	0.999355
462	187	0.998837
384	238	0.999876
418	237	0.997985
445	440	0.997919
330	116	0.998531
187	167	0.99879
300	56	0.998713
432	368	0.999192
232	75	0.999341
305	226	0.999054
326	296	0.998206
188	167	0.997501
91	6	0.999498
443	290	0.997639
64	20	0.999388
139	95	0.999746
263	29	0.997584
197	13	0.998613
209	98	0.999639
337	114	0.997795
402	92	0.998974
258	33	0.997837
148	100	0.998839
494	448	0.999942
302	208	0.998087
158	30	0.999832
119	105	0.998682
239	45	0.999239
94	64	0.999584
174	165	0.999112
361	223	0.99839
190	39	0.999837
178	131	0.998757
365	15	0.998503
383	342	0.997633
141	137	0.999862
102	86	0.999901
128	126	0.998999
139	115	0.998795
123	32	0.997917
406	248	0.997776
390	62	0.997584
144	27	0.998002
384	252	0.99738
321	185	0.999487
340	147	0.998506
131	83	0.997864
418	290	0.998341
496	245	0.999661
146	53	0.997776
462	104	0.997597
385	329	0.998208
116	88	0.99949
369	227	0.999024
361	294	0.998462
299	140	0.9982
258	183	0.999211
115	61	0.997429
309	149	0.997322
424	350	0.998421
153	128	0.999961
310	175	0.999697
80	63	0.997352
249	160	0.999368
450	125	0.999683
366	89	0.997834
326	247	0.997471
437	235	0.999523
409	259	0.997377
149	9	0.998098
320	185	0.998016
150	40	0.999082
449	297	0.998258
386	249	0.997999
111	93	0.998236
78	55	0.999264
121	59	0.997793
341	81	0.998779
470	243	0.998335
231	173	0.998875
53	3	0.997372
409	367	0.999247
130	9	0.999879
407	90	0.998434
493	488	0.998294
89	75	0.998338
214	39	0.999956
192	61	0.998646
498	138	0.998718
424	130	0.998338
418	64	0.997264
225	85	0.999487
190	189	0.997297
159	75	0.998151
255	120	0.998445
129	75	0.997573
467	152	0.997402
376	148	0.999487
99	82	0.999391
148	123	0.998759
164	41	0.997317
423	273	0.998963
193	164	0.997333
279	21	0.998211
287	11	0.999617
245	218	0.998021
185	91	0.99909
469	398	0.99904
68	57	0.998999
93	61	0.999793
50	27	0.999694
236	220	0.998542
286	157	0.998938
62	9	0.997911
57	52	0.999159
71	43	0.998101
393	223	0.997548
168	146	0.999868
445	63	0.999465
219	174	0.998591
489	55	0.997702
330	253	0.998795
171	165	0.99733
476	224	0.997358
140	93	0.998721
207	84	0.997955
480	42	0.998751
460	286	0.997597
306	235	0.997622
218	29	0.999531
205	189	0.999603
328	197	0.999661
246	89	0.997529
461	166	0.997969
172	42	0.997807
74	65	0.999937
463	344	0.998801
294	131	0.998319
148	101	0.998999
88	77	0.999454
468	261	0.999903
490	110	0.998638
231	70	0.997385
295	36	0.999198
486	479	0.999818
143	134	0.999669
252	214	0.997251
464	230	0.997691
288	165	0.997273
101	51	0.997407
449	93	0.999779
154	69	0.999746
473	143	0.999983
374	322	0.999482
318	220	0.997366
117	25	0.99901
66	21	0.999782
165	103	0.998189
340	153	0.99752
205	193	0.998258
195	49	0.998663
194	105	0.998702
50	3	0.999515
355	320	0.999926
222	95	0.997325
165	116	0.998531
159	118	0.999956
379	96	0.997281
243	211	0.998974
239	45	0.999572
400	128	0.998947
353	298	0.997597
493	64	0.999534
373	44	0.998768
265	152	0.997297
264	193	0.997754
201	168	0.998264
263	58	0.99809
175	147	0.998679
335	171	0.999584
408	265	0.999542
316	35	0.997248
172	147	0.998746
109	95	0.999082
213	212	0.997322
142	47	0.998407
222	182	0.998878
152	51	0.998837
206	124	0.998875
318	126	0.999482
309	76	0.999848
78	63	0.99944
294	108	0.999131
362	81	0.999752
476	36	0.997906
270	27	0.997358
303	286	0.99906
320	30	0.998911
428	199	0.999093
451	133	0.998211
118	115	0.997707
276	230	0.999264
177	147	0.998319
319	82	0.999294
470	195	0.998418
97	23	0.99925
470	422	0.999277
304	75	0.999829
57	2	0.9976
466	111	0.998729
438	187	0.9986
84	52	0.999379
414	177	0.999903
261	225	0.997267
494	464	0.999683
96	24	0.999101
493	425	0.999823
460	186	0.997363
373	239	0.999255
450	84	0.997862
116	87	0.999837
115	91	0.99989
65	11	0.997462
171	12	0.997779
155	73	0.999459
308	112	0.998905
476	386	0.999424
75	21	0.999633
182	85	0.998162
399	122	0.997809
261	248	0.999603
188	134	0.998495
308	227	0.997807
321	236	0.997262
279	124	0.998936
408	396	0.998316
481	129	0.999702
428	415	0.99749
334	311	0.998969
437	115	0.999448
129	44	0.997548
446	288	0.997424
421	48	0.999926
169	101	0.999848
307	210	0.999021
95	29	0.997666
184	90	0.99949
142	66	0.999016
279	73	0.999655
92	53	0.998112
297	76	0.998371
284	162	0.999211
327	65	0.997994
362	42	0.998812
203	120	0.999054
248	59	0.999462
62	41	0.997776
420	381	0.9985
96	90	0.999286
401	335	0.99949
94	69	0.999763
378	201	0.998211
51	35	0.997644
174	11	0.999688
125	121	0.99776
467	463	0.998487
354	46	0.998682
269	199	0.999801
272	193	0.997407
409	146	0.997892
346	242	0.99947
305	51	0.998153
430	291	0.999975
244	165	0.998657
428	271	0.998831
249	46	0.998049
107	71	0.998679
476	199	0.999639
267	193	0.998996
143	12	0.997911
56	43	0.99871
138	11	0.998666
243	170	0.997372
159	75	0.997773
145	138	0.99836
212	110	0.999873
199	162	0.997641
360	172	0.998914
454	333	0.998861
464	368	0.999851
255	123	0.998952
437	98	0.997251
387	337	0.999644
288	82	0.999567
424	144	0.997374
244	59	0.997658
480	189	0.997295
462	41	0.999341
288	11	0.999959
196	121	0.999043
232	38	0.999051
107	105	0.999994
65	34	0.998432
385	187	0.999192
118	51	0.999937
383	64	0.997597
317	111	0.999815
175	46	0.998611
295	174	0.998591
196	126	0.99968
203	43	0.999597
312	21	0.999675
428	253	0.997295
499	381	0.998881
202	145	0.998432
266	9	0.997507
351	135	0.998079
150	132	0.99973
477	84	0.998299
73	17	0.998991
218	33	0.998627
294	232	0.999035
93	66	0.998867
499	52	0.999355
318	314	0.99912
487	254	0.998961
286	276	0.998616
362	135	0.99795
193	153	0.99963
390	387	0.999504
116	7	0.998186
432	351	0.998784
131	6	0.997743
343	189	0.999484
341	252	0.999167
223	53	0.998363
375	229	0.998729
453	62	0.998214
110	88	0.998426
377	324	0.999399
468	237	0.997534
244	58	0.999939
52	8	0.997831
308	218	0.998261
100	35	0.997795
155	73	0.997732
390	102	0.998834
463	231	0.997713
224	111	0.997831
455	316	0.998029
344	224	0.998321
307	169	0.997983
439	100	0.999029
359	333	0.99936
124	84	0.999972
113	106	0.997837
154	55	0.99922
458	48	0.99863
293	131	0.998897
276	84	0.997482
430	165	0.998151
117	52	0.998966
68	37	0.999311
239	62	0.999087
485	461	0.998952
195	98	0.998462
348	131	0.998925
356	222	0.998277
129	23	0.998567
291	141	0.998082
226	133	0.998288
371	345	0.99936
278	126	0.999302
206	194	0.997705
112	111	0.997438
77	15	0.998914
400	357	0.999823
400	107	0.998947
347	307	0.997677
169	102	0.998547
120	20	0.998589
485	17	0.999743
459	76	0.999517
282	135	0.999131
395	209	0.997826
320	250	0.999374
136	41	0.997859
347	274	0.997443
124	27	0.998517
456	109	0.999024
184	69	0.99898
290	190	0.997564
397	106	0.998324
464	142	0.999493
219	118	0.99814
418	397	0.998542
61	51	0.999898
241	126	0.999101
423	105	0.998724
368	268	0.999253
115	42	0.997421
399	198	0.997779
59	34	0.999424
333	214	0.999311
441	293	0.999046
174	93	0.997911
482	430	0.999382
462	450	0.999283
197	19	0.99965
399	251	0.999192
408	71	0.999209
339	71	0.998735
388	22	0.997295
168	158	0.999043
158	83	0.99741
102	26	0.99968
302	193	0.997584
88	16	0.999815
494	59	0.999986
78	9	0.998856
414	111	0.997908
433	28	0.997413
397	91	0.997405
191	88	0.999589
358	68	0.997614
270	187	0.998093
188	41	0.998476
418	206	0.99858
250	81	0.997694
162	19	0.998096
434	75	0.998567
352	63	0.998283
154	16	0.999732
131	88	0.99987
414	133	0.997655
73	29	0.998589
378	233	0.998057
172	145	0.999242
486	462	0.998624
55	46	0.99922
67	50	0.998721
173	96	0.999319
357	148	0.998112
223	127	0.997498
399	234	0.99741
403	88	0.999379
146	131	0.999887
350	232	0.999611
351	36	0.998393
347	345	0.997325
308	251	0.998903
500	226	0.998655
385	120	0.99973
308	119	0.999418
181	49	0.998473
315	208	0.998299
298	235	0.997545
344	83	0.998613
290	229	0.999107
363	122	0.99746
85	58	0.998302
363	22	0.997906
132	58	0.99971
449	427	0.999785
497	460	0.999333
402	149	0.997661
57	31	0.997729
422	276	0.999159
401	309	0.999724
118	56	0.998156
151	38	0.997295
418	55	0.998702
217	93	0.998809
408	315	0.997548
376	365	0.99989
462	113	0.999346
252	51	0.998153
359	213	0.997548
311	117	0.998308
250	71	0.997873
179	15	0.99841
299	116	0.999454
383	95	0.998765
314	175	0.998412
434	202	0.9985
193	100	0.999085
496	95	0.999021
76	31	0.997853
66	22	0.99992
330	17	0.99828
144	82	0.999992
409	180	0.998208
190	144	0.999542
416	106	0.99776
402	293	0.99727
149	58	0.997862
81	42	0.998892
311	16	0.99936
491	216	0.998883
171	125	0.99979
289	60	0.998396
66	38	0.999407
207	88	0.998652
311	206	0.999187
177	140	0.999379
224	76	0.998467
109	37	0.999005
293	41	0.998495
297	20	0.999035
228	23	0.998547
359	268	0.999663
409	360	0.997358
433	23	0.997308
404	279	0.99809
187	24	0.99968
282	249	0.998027
431	133	0.999062
85	74	0.998776
90	69	0.997842
390	169	0.997652
274	50	0.999076
229	84	0.998787
273	83	0.998258
147	17	0.999054
169	21	0.997317
393	265	0.998952
278	72	0.999595
415	182	0.99882
353	240	0.999352
239	149	0.999429
407	49	0.998867
488	361	0.999379
307	173	0.99844
301	194	0.998027
296	158	0.998041
347	24	0.997917
192	178	0.998393
416	200	0.998837
197	134	0.999277
174	107	0.998291
232	147	0.997886
483	175	0.999018
443	219	0.997485
320	243	0.998511
394	313	0.999338
405	95	0.999702
414	28	0.997721
206	148	0.999404
110	44	0.997363
381	162	0.998437
486	465	0.999363
369	305	0.998542
109	63	0.997473
276	124	0.998883
478	344	0.999266
172	75	0.997674
488	22	0.997341
341	63	0.997829
424	155	0.997578
138	134	0.999633
240	180	0.999005
288	14	0.997256
63	37	0.998892
421	170	0.999614
77	18	0.9992
163	76	0.997619
172	103	0.997435
243	217	0.997562
338	169	0.999156
104	64	0.999459
107	95	0.998421
220	137	0.998365
87	25	0.999352
172	68	0.99995
473	275	0.997471
188	183	0.998123
141	78	0.999379
412	152	0.99957
68	56	0.997628
252	224	0.998016
479	113	0.999487
440	148	0.998718
264	60	0.998164
141	44	0.998828
354	176	0.997925
474	117	0.999595
495	360	0.998663
500	145	0.997716
354	35	0.997818
384	137	0.99752
347	194	0.998977
411	214	0.997853
143	10	0.997482
209	127	0.999517
381	105	0.997432
300	64	0.997705
