5500
418	76	0.999517
207	15	0.999585
228	35	0.999155
162	142	0.99881
451	160	0.99902
485	310	0.999245
367	17	0.999886
303	299	0.999488
54	19	0.998853
157	14	0.999511
80	28	0.999867
475	360	0.999252
187	150	0.999921
405	364	0.9993
395	322	0.999776
99	75	0.999117
342	200	0.999466
280	31	0.999977
465	173	0.999806
101	51	0.999636
316	24	0.999806
221	113	0.999026
302	34	0.999613
377	22	0.99979
499	380	0.999991
481	136	0.999199
83	71	0.999032
473	274	0.999348
339	253	0.999419
413	317	0.998808
318	222	0.998784
361	349	0.999477
403	132	0.999056
305	291	0.99974
289	78	0.998857
137	120	0.999262
460	366	0.999749
55	16	0.999749
489	283	0.99908
322	285	0.999194
141	128	0.999207
434	358	0.999851
288	50	0.999548
447	208	0.999584
259	187	0.999826
394	267	0.999629
369	300	0.999998
63	9	0.999413
383	172	0.99945
80	39	0.999725
150	45	0.999256
56	39	0.998827
464	175	0.999816
474	320	0.999725
179	35	0.998966
433	361	0.999229
303	220	0.999715
250	237	0.998922
183	111	0.99964
356	20	0.998983
218	146	0.999835
474	441	0.999773
406	312	0.998852
247	204	0.999962
103	50	0.998872
267	146	0.999271
377	147	0.998953
220	168	0.999011
97	59	0.999391
456	360	0.999547
107	65	0.999272
286	177	0.999928
499	105	0.999665
92	8	0.999921
159	109	0.999102
70	54	0.999264
132	53	0.999683
246	183	0.998986
122	104	0.999894
424	177	0.99986
329	39	0.999371
61	46	0.999522
123	76	0.999769
228	226	0.999893
120	31	0.999419
114	33	0.999415
488	177	0.998946
429	328	0.999759
237	213	0.999961
287	11	0.999414
255	103	0.999169
291	21	0.999503
329	77	0.999255
84	31	0.999763
98	90	0.999526
495	193	0.999463
208	36	0.999746
409	194	0.999541
234	205	0.999661
53	42	0.99958
456	84	0.99932
403	67	0.999862
486	132	0.99934
152	37	0.99893
197	145	0.999498
323	295	0.999645
329	60	0.999652
106	49	0.998776
101	28	0.999941
141	130	0.999285
354	80	0.999096
75	28	0.999003
495	201	0.998851
222	169	0.99893
154	70	0.998897
157	47	0.998809
370	22	0.999236
238	145	0.998996
486	48	0.999381
336	230	0.99981
52	42	0.999318
193	165	0.999315
426	418	0.999899
303	92	0.999031
157	39	0.999959
346	107	0.998951
72	30	0.998796
313	183	0.99908
458	286	0.9993
320	263	0.999575
300	244	0.999521
363	155	0.999528
500	234	0.998954
307	127	0.998821
405	180	0.998787
305	302	0.999678
356	187	0.9995
87	83	0.999869
132	78	0.999295
254	39	0.999773
191	178	0.999684
496	420	0.999871
361	298	0.999338
254	140	0.999067
200	55	0.999661
213	56	0.99988
125	86	0.999694
225	123	0.999487
168	86	0.999041
231	21	0.999772
217	151	0.999862
302	191	0.999959
106	61	0.999138
379	49	0.99884
495	390	0.999912
62	29	0.999587
430	49	0.999202
459	415	0.999823
426	405	0.999552
175	146	0.999386
417	357	0.999577
381	32	0.999243
116	11	0.999564
259	43	0.999587
63	10	0.999855
235	69	0.9991
313	116	0.999328
61	48	0.999312
184	24	0.998997
150	103	0.999199
124	86	0.999325
124	123	0.999414
452	370	0.999118
437	407	0.998944
403	136	0.999501
486	22	0.999899
459	334	0.999079
194	40	0.99962
389	276	0.99928
489	249	0.99973
226	224	0.99999
396	24	0.998818
493	239	0.999377
417	187	0.998798
297	15	0.999767
58	52	0.999435
122	9	0.998951
207	68	0.998884
243	94	0.998953
130	15	0.999733
65	38	0.99921
249	220	0.999207
427	263	0.999709
391	126	0.999418
356	134	0.999207
50	35	0.999568
373	273	0.999746
472	104	0.998808
366	347	0.999364
359	57	0.999684
77	57	0.999871
250	14	0.998916
292	251	0.9998
157	87	0.999203
471	44	0.999083
113	94	0.998862
164	143	0.999299
269	241	0.998875
336	111	0.998835
276	273	0.999054
292	138	0.999105
296	183	0.999289
371	21	0.999123
110	106	0.998803
329	15	0.999332
380	32	0.999093
92	17	0.998858
349	150	0.999786
208	141	0.999548
140	56	0.999225
130	103	0.999178
296	38	0.99966
244	59	0.999842
461	147	0.999823
141	99	0.999695
431	72	0.998869
183	143	0.999537
332	253	0.999731
347	333	0.999052
166	63	0.998872
165	73	0.999832
161	124	0.999075
177	128	0.999511
257	64	0.999162
246	69	0.998945
376	173	0.999649
131	24	0.998778
346	271	0.998836
80	30	0.998799
238	168	0.998826
330	280	0.999514
280	69	0.999232
324	223	0.998829
249	117	0.999147
217	36	0.999526
216	64	0.999565
382	232	0.998984
499	355	0.999934
491	115	0.999132
225	73	0.99946
394	249	0.998783
88	17	0.999363
302	255	0.999478
448	166	0.999559
104	23	0.999156
59	54	0.999824
119	111	0.999289
319	134	0.999606
308	109	0.999908
236	170	0.999192
355	21	0.998824
394	243	0.998799
448	337	0.999926
488	447	0.999873
82	80	0.99976
135	134	0.9995
387	351	0.999985
154	91	0.99991
232	106	0.999587
170	72	0.999609
487	32	0.999391
442	344	0.998816
471	251	0.999797
234	184	0.999307
406	15	0.999991
96	88	0.999635
461	31	0.999539
65	17	0.999882
353	174	0.998945
76	57	0.999924
167	26	0.999805
331	184	0.999101
338	55	0.999679
320	312	0.999819
203	140	0.99931
119	77	0.998814
297	196	0.999494
441	113	0.999273
479	244	0.999872
363	190	0.999512
113	66	0.999148
102	84	0.999958
271	138	0.99917
300	155	0.999151
173	25	0.999034
99	68	0.999853
345	113	0.999115
104	103	0.999043
85	51	0.99979
117	60	0.99917
157	96	0.998928
164	30	0.999872
235	142	0.999228
255	41	0.999512
341	55	0.99959
163	71	0.999719
185	64	0.999266
168	33	0.999202
468	172	0.99942
59	17	0.999542
105	39	0.999871
93	16	0.999298
199	95	0.998902
110	40	0.999133
456	376	0.999574
322	302	0.999366
225	16	0.999577
381	167	0.999859
246	215	0.998841
499	402	0.999301
405	270	0.999263
152	108	0.999333
209	106	0.999154
294	63	0.999442
224	46	0.999722
433	65	0.999532
192	182	0.999365
59	38	0.999214
217	82	0.99934
221	144	0.999171
210	56	0.998961
181	66	0.999267
356	218	0.999311
205	153	0.998999
405	185	0.999057
385	86	0.999259
203	131	0.999764
413	204	0.999758
434	273	0.999126
454	201	0.999967
365	165	0.999854
126	108	0.999625
406	52	0.999336
414	166	0.999288
324	286	0.999881
97	52	0.999916
386	163	0.999164
362	217	0.999538
79	58	0.999365
316	197	0.999361
155	126	0.998807
445	38	0.999672
115	44	0.999918
287	276	0.999542
54	17	0.998792
221	151	0.99984
236	21	0.999802
374	81	0.999638
241	143	0.999081
109	102	0.999307
64	15	0.999546
424	105	0.998885
322	78	0.999181
184	94	0.999446
423	376	0.999503
166	147	0.999181
223	141	0.998838
343	207	0.999338
420	27	0.998942
411	256	0.999526
126	64	0.999931
309	112	0.999859
299	45	0.999019
452	141	0.999429
225	190	0.999041
444	216	0.998862
384	213	0.9991
318	221	0.998912
229	40	0.999676
182	121	0.998862
220	157	0.999283
414	185	0.999122
168	99	0.998983
51	50	0.999196
364	164	0.999393
108	7	0.999716
271	124	0.999889
283	118	0.99986
385	332	0.998776
497	345	0.999143
315	207	0.999805
472	172	0.999439
401	302	0.998874
57	54	0.999676
227	14	0.999329
259	122	0.998781
125	55	0.999052
401	196	0.999865
463	447	0.999717
383	255	0.99963
102	9	0.999451
338	31	0.999115
343	305	0.999756
293	86	0.998799
487	370	0.99991
448	104	0.999336
55	2	0.999117
135	123	0.999955
385	161	0.999859
469	49	0.999606
155	123	0.999784
271	194	0.999558
175	148	0.999162
356	80	0.999756
328	148	0.999466
279	277	0.9998
270	145	0.999105
380	146	0.999694
160	152	0.999585
141	25	0.999388
378	278	0.999758
404	250	0.998881
184	9	0.999164
370	364	0.999811
418	277	0.999532
480	224	0.998899
296	259	0.999239
292	223	0.999117
483	215	0.999209
316	199	0.99949
460	23	0.999972
386	250	0.999267
301	54	0.999864
383	61	0.999257
75	74	0.999393
162	91	0.999356
445	414	0.999871
81	54	0.998868
229	68	0.999334
328	130	0.998826
359	234	0.999473
435	282	0.999607
474	268	0.998895
242	209	0.999499
388	69	0.99897
156	128	0.99909
274	211	0.999197
154	72	0.999402
423	363	0.999488
95	85	0.999223
101	46	0.99936
74	39	0.998857
346	238	0.999647
158	142	0.999315
219	185	0.998789
170	87	0.999646
365	214	0.99957
243	140	0.999778
50	31	0.99962
260	224	0.999467
121	21	0.999872
59	39	0.998826
132	5	0.999586
202	163	0.998851
494	319	0.999068
76	22	0.999467
398	254	0.999671
469	148	0.999644
142	70	0.999763
262	56	0.999294
254	175	0.99969
193	178	0.999408
363	140	0.999625
489	458	0.999596
374	41	0.999838
361	211	0.999304
61	21	0.999379
304	193	0.999943
110	99	0.999677
275	215	0.999252
306	261	0.999818
179	129	0.998964
305	33	0.999401
189	73	0.999386
398	24	0.999313
197	191	0.998783
211	97	0.99999
411	254	0.999099
165	149	0.998896
431	167	0.999113
449	220	0.99956
182	85	0.998775
60	43	0.99951
75	66	0.999716
208	81	0.99972
324	189	0.999795
129	91	0.999374
152	7	0.999799
336	269	0.999698
432	127	0.999625
285	145	0.998964
204	162	0.999296
116	38	0.999645
155	131	0.999142
373	362	0.998911
341	281	0.999404
157	36	0.999492
192	136	0.999961
129	61	0.999634
77	64	0.999972
233	76	0.999892
78	38	0.998803
251	157	0.999532
298	164	0.998885
187	25	0.999186
288	183	0.999907
380	207	0.999278
214	195	0.999671
96	52	0.999345
166	67	0.998885
336	76	0.999466
425	256	0.999695
247	116	0.999711
418	174	0.999663
138	133	0.999624
358	349	0.999111
153	93	0.998951
382	99	0.999336
320	194	0.999598
193	9	0.999663
315	152	0.9991
169	7	0.999815
218	149	0.999749
176	46	0.999645
485	365	0.998981
483	306	0.998838
321	47	0.999516
247	145	0.999046
170	131	0.999372
277	262	0.99935
200	50	0.998823
168	38	0.999896
442	252	0.999837
51	46	0.999473
214	25	0.998878
436	54	0.999614
253	78	0.99999
380	298	0.999593
254	89	0.999649
364	253	0.999064
193	184	0.999613
435	184	0.998808
428	257	0.999029
382	362	0.999577
360	91	0.999187
378	250	0.999342
350	108	0.999234
258	227	0.999558
348	46	0.999822
264	170	0.999435
51	49	0.999208
271	153	0.999442
367	22	0.999876
363	341	0.999759
224	94	0.999515
266	139	0.999133
83	10	0.998883
285	229	0.998881
135	117	0.999476
146	83	0.999865
467	101	0.999616
151	142	0.999681
411	110	0.999903
464	443	0.999478
209	157	0.999052
253	71	0.998835
372	338	0.998965
420	214	0.999066
189	45	0.999947
212	94	0.999145
320	143	0.998861
164	57	0.999768
389	344	0.998847
172	70	0.999116
130	98	0.999408
383	52	0.999225
390	150	0.999824
231	180	0.999996
406	272	0.998873
433	88	0.998988
64	12	0.998964
170	115	0.998883
398	146	0.999832
367	29	0.999472
61	48	0.998961
198	144	0.999216
188	120	0.999644
168	156	0.9998
67	43	0.999383
236	178	0.99944
115	39	0.999102
447	213	0.999803
451	204	0.999624
112	75	0.999041
63	3	0.999161
333	77	0.999253
385	314	0.999374
300	191	0.999067
469	282	0.999608
333	119	0.998902
421	152	0.999676
479	461	0.999229
182	142	0.999606
437	339	0.999649
246	105	0.998938
413	307	0.99917
328	255	0.999305
242	156	0.999482
261	234	0.999139
462	158	0.999108
178	38	0.999417
477	384	0.999985
213	106	0.999514
72	19	0.999187
450	76	0.999062
200	10	0.999991
173	25	0.998886
315	252	0.999048
66	6	0.999638
161	120	0.999537
384	247	0.999478
246	68	0.999042
430	72	0.999268
416	227	0.999305
491	270	0.999339
316	274	0.998922
346	287	0.999929
440	45	0.999971
159	145	0.999482
101	65	0.999062
208	128	0.998835
473	266	0.998886
484	423	0.999517
60	6	0.999462
485	361	0.999054
476	80	0.999342
353	321	0.999839
438	301	0.999628
147	13	0.998965
157	61	0.999054
437	254	0.998978
146	28	0.999162
168	116	0.99948
180	138	0.998862
290	23	0.999794
496	272	0.999089
159	144	0.999752
269	222	0.999133
196	123	0.999563
425	102	0.999187
159	108	0.999789
160	159	0.999832
327	154	0.998857
192	95	0.998778
361	304	0.9998
297	55	0.999639
476	64	0.999089
104	39	0.999882
254	36	0.999043
264	123	0.99995
89	13	0.99977
230	173	0.998819
61	51	0.999672
307	196	0.999423
126	53	0.999824
279	204	0.999525
302	270	0.999512
383	209	0.99983
342	233	0.999973
78	8	0.999401
331	256	0.999177
425	254	0.999041
355	316	0.998969
179	16	0.999926
81	37	0.998809
165	113	0.999569
396	223	0.999501
306	291	0.999027
260	69	0.999695
293	18	0.999495
66	14	0.999639
366	120	0.999123
246	94	0.999275
184	58	0.999952
405	165	0.999108
196	96	0.999469
271	263	0.999172
133	45	0.999245
124	52	0.998841
85	10	0.999991
400	265	0.999272
293	105	0.999635
100	96	0.999679
100	61	0.999111
407	63	0.998852
352	134	0.999089
154	45	0.999334
272	40	0.999498
247	199	0.999476
77	41	0.99999
388	297	0.998902
278	277	0.998863
500	428	0.999108
76	5	0.998906
79	4	0.998949
211	111	0.999817
392	106	0.999437
217	150	0.99883
288	23	0.999614
377	329	0.999343
462	136	0.999442
411	100	0.999956
301	23	0.999839
165	64	0.998906
165	86	0.999849
134	16	0.999662
259	181	0.999482
193	111	0.99941
176	81	0.999856
490	88	0.999789
396	116	0.999654
303	211	0.999414
270	46	0.998788
67	31	0.999925
157	135	0.999595
66	46	0.998934
364	22	0.999153
183	150	0.99976
226	97	0.999609
378	130	0.999239
67	51	0.999979
234	230	0.998913
313	142	0.999494
452	105	0.998988
252	52	0.998783
406	94	0.999651
244	209	0.999234
458	445	0.999806
107	93	0.999958
161	14	0.999554
51	4	0.998975
274	83	0.999784
285	173	0.999245
102	89	0.99928
184	138	0.999193
315	29	0.999166
254	120	0.998797
292	238	0.999925
308	55	0.999563
221	113	0.999283
289	151	0.999753
228	194	0.999644
88	28	0.999397
369	70	0.999638
391	202	0.999968
179	20	0.999784
214	67	0.999099
429	326	0.999523
143	34	0.998957
56	10	0.998875
63	35	0.999876
102	67	0.998942
190	148	0.999352
394	264	0.998924
281	234	0.998973
123	37	0.99944
69	61	0.999251
76	29	0.999406
217	23	0.999659
281	138	0.999639
135	63	0.999322
52	21	0.999187
65	23	0.999779
132	114	0.999752
332	195	0.998949
268	49	0.99987
70	22	0.999483
180	72	0.999167
498	398	0.999785
177	102	0.999353
150	51	0.998776
268	158	0.999833
479	83	0.998821
310	266	0.999483
285	210	0.999853
194	49	0.998906
251	247	0.99957
73	47	0.999391
424	345	0.998919
172	44	0.999645
125	124	0.999463
114	67	0.999517
244	37	0.998835
308	258	0.999967
310	89	0.999929
317	157	0.999921
148	81	0.999505
407	87	0.999097
191	128	0.999241
320	17	0.999624
275	83	0.999982
419	67	0.999845
469	148	0.999589
330	50	0.999104
426	403	0.999786
298	265	0.999544
205	57	0.999312
83	28	0.999178
302	157	0.999647
387	327	0.999221
358	64	0.999598
141	97	0.999883
181	38	0.99949
394	17	0.999199
69	49	0.999321
421	375	0.9996
382	147	0.998896
422	355	0.999738
125	11	0.999641
390	138	0.999943
394	196	0.999973
428	235	0.999441
261	187	0.999587
409	347	0.999769
359	96	0.998789
420	123	0.999956
279	45	0.999726
241	173	0.999202
255	224	0.999849
492	377	0.999066
115	62	0.998993
422	356	0.999256
317	158	0.998848
55	50	0.999686
467	337	0.999449
441	304	0.999721
75	22	0.99993
346	81	0.998937
210	119	0.999312
149	94	0.999704
211	73	0.999029
413	188	0.998899
454	417	0.998804
279	277	0.999042
167	141	0.999833
273	130	0.998905
120	39	0.999489
475	168	0.998799
494	263	0.998883
443	395	0.999787
474	150	0.999164
68	17	0.998992
105	8	0.999165
287	194	0.999772
302	262	0.998993
232	180	0.998911
305	297	0.999404
173	43	0.999062
215	68	0.999009
80	24	0.999585
492	490	0.999738
332	141	0.999689
196	14	0.999815
292	195	0.999522
348	108	0.999498
179	110	0.999576
457	180	0.999167
479	414	0.998814
488	479	0.999716
312	125	0.998924
319	268	0.999978
164	20	0.999955
257	225	0.999754
272	259	0.998798
337	117	0.999235
470	325	0.999086
436	403	0.999162
261	59	0.999165
308	16	0.99938
350	246	0.999939
393	305	0.998859
235	146	0.999724
494	79	0.999883
105	13	0.999591
343	162	0.998878
154	135	0.999711
350	117	0.999918
161	156	0.999878
406	326	0.999659
186	118	0.998892
269	250	0.998976
224	22	0.999623
445	417	0.999687
300	96	0.999988
166	146	0.999493
268	107	0.999547
288	268	0.999546
388	25	0.999866
167	83	0.999435
325	23	0.999744
266	40	0.99974
470	244	0.998873
264	180	0.999102
235	184	0.999692
120	95	0.999498
468	459	0.999828
393	298	0.999361
431	415	0.999826
214	69	0.999159
215	151	0.999147
132	78	0.99963
415	58	0.999469
250	205	0.999957
81	27	0.999383
188	75	0.999729
325	25	0.99984
300	178	0.999274
79	53	0.99942
439	202	0.999692
143	135	0.999293
369	273	0.999279
124	118	0.998851
313	58	0.999003
263	94	0.999812
331	131	0.999415
437	268	0.999646
377	16	0.999344
299	128	0.999837
139	37	0.999713
343	218	0.999587
316	197	0.999557
162	160	0.999107
417	334	0.99934
125	120	0.999662
440	276	0.999298
63	4	0.998827
385	206	0.999767
274	265	0.999983
322	218	0.999649
402	172	0.999854
337	118	0.999705
495	18	0.999122
355	46	0.999036
114	48	0.999844
376	309	0.999706
153	112	0.998789
52	8	0.99916
199	68	0.999009
223	98	0.999543
360	256	0.998895
79	27	0.999682
195	179	0.999018
378	117	0.999988
421	195	0.999881
380	85	0.998851
186	43	0.999936
439	425	0.999149
257	138	0.999667
478	337	0.999293
468	364	0.99928
236	198	0.999435
336	164	0.999142
322	127	0.999423
456	38	0.998951
309	228	0.999218
475	302	0.99921
341	252	0.999566
124	101	0.99883
395	219	0.999128
369	164	0.999094
77	34	0.99898
361	170	0.99909
235	116	0.999795
427	82	0.999196
458	233	0.999255
343	270	0.998876
152	139	0.998965
110	10	0.999794
488	124	0.99971
497	180	0.999737
379	60	0.999488
229	161	0.999059
394	182	0.999797
298	238	0.999477
142	54	0.999979
455	124	0.999892
204	114	0.99882
257	241	0.999662
66	44	0.999425
316	291	0.999569
198	190	0.999112
132	5	0.99993
85	53	0.999968
455	208	0.999414
54	27	0.998989
463	412	0.999032
379	63	0.999752
303	31	0.999009
128	29	0.998926
480	337	0.999695
185	23	0.999132
80	71	0.999742
328	298	0.999883
323	284	0.999918
442	379	0.999724
261	143	0.999805
87	56	0.999671
52	40	0.999191
398	179	0.999719
455	145	0.999697
297	289	0.999138
61	45	0.999467
131	75	0.999962
272	228	0.99897
455	19	0.999338
267	164	0.999264
481	392	0.999077
430	61	0.999694
373	353	0.999442
147	65	0.999355
184	137	0.998896
477	380	0.999377
112	5	0.999871
114	63	0.999964
153	148	0.999953
111	16	0.99931
496	482	0.999544
472	288	0.99979
479	79	0.99895
304	263	0.999018
413	141	0.999345
490	445	0.999035
166	43	0.999727
159	80	0.998888
165	101	0.999946
66	50	0.999471
138	71	0.999306
100	71	0.99944
421	269	0.999916
133	97	0.999827
390	15	0.999192
421	346	0.999989
94	89	0.999866
445	135	0.999408
483	387	0.998966
438	125	0.998854
473	58	0.999262
279	216	0.999199
141	80	0.999135
303	301	0.999742
306	161	0.999008
499	307	0.998945
181	60	0.999791
157	109	0.999228
73	6	0.999052
54	42	0.998778
346	274	0.998863
347	172	0.999285
89	21	0.999645
489	163	0.99916
145	59	0.999401
426	184	0.999655
374	107	0.999706
347	118	0.999008
324	95	0.999698
487	310	0.998873
105	76	0.999855
129	84	0.999838
72	18	0.999339
362	334	0.999139
146	134	0.999634
270	175	0.999866
387	192	0.999133
130	33	0.999419
72	12	0.999377
240	214	0.999456
408	44	0.998919
355	275	0.999963
202	143	0.999769
341	80	0.999743
455	90	0.999803
316	250	0.998996
98	84	0.999985
326	112	0.999737
466	408	0.999237
201	171	0.999247
247	49	0.999386
354	67	0.999461
268	222	0.999477
310	247	0.999024
171	157	0.998938
422	23	0.999296
93	54	0.999381
52	42	0.99992
326	48	0.998885
159	27	0.999016
305	277	0.998805
58	54	0.999806
137	117	0.998913
240	35	0.998809
302	297	0.999639
443	311	0.99924
59	40	0.999532
254	107	0.999527
76	17	0.998778
274	34	0.999021
85	16	0.999837
127	85	0.99971
133	88	0.999352
128	42	0.999616
344	239	0.999909
162	74	0.998793
281	111	0.998905
311	260	0.999096
463	164	0.999243
165	43	0.999989
359	155	0.999845
314	222	0.998778
187	25	0.999652
124	35	0.999543
487	31	0.998942
73	13	0.99986
443	385	0.999344
357	69	0.999587
239	228	0.999077
124	54	0.999356
184	135	0.999412
353	316	0.998791
230	212	0.999442
300	43	0.999496
233	169	0.999953
272	259	0.998815
194	133	0.999422
261	74	0.999156
295	285	0.999978
335	305	0.999253
468	162	0.999839
475	17	0.999721
247	146	0.999929
88	66	0.998854
485	311	0.99959
412	216	0.999371
374	158	0.999982
210	106	0.999383
253	185	0.998881
58	51	0.998862
186	120	0.999888
281	133	0.998903
425	106	0.999962
448	118	0.999561
203	142	0.999672
106	93	0.998957
371	301	0.998857
50	30	0.999041
492	281	0.99944
445	29	0.999167
111	36	0.999978
497	342	0.99931
170	73	0.999945
261	31	0.999784
343	247	0.999025
122	97	0.999995
404	81	0.999094
398	92	0.999355
274	156	0.999916
281	142	0.999245
173	106	0.998918
100	93	0.999016
94	21	0.999916
245	155	0.999606
301	145	0.999606
453	87	0.999982
156	34	0.999171
99	53	0.999345
419	413	0.99912
146	100	0.999506
475	459	0.999131
218	185	0.999929
86	4	0.999178
272	122	0.999161
478	32	0.999149
109	20	0.999178
371	153	0.999566
470	167	0.998902
447	44	0.999186
480	255	0.999477
102	63	0.999113
97	65	0.999523
138	98	0.99923
371	315	0.999399
93	40	0.999038
251	83	0.998802
125	56	0.999772
176	28	0.999077
266	84	0.999952
468	191	0.998919
271	220	0.999223
260	175	0.999694
140	91	0.999967
348	218	0.999549
113	38	0.999245
298	15	0.999225
328	90	0.999015
402	136	0.998838
142	50	0.999787
231	90	0.999397
198	161	0.998996
165	100	0.999419
352	73	0.998838
386	15	0.998976
143	58	0.999284
172	141	0.998913
56	45	0.999266
65	13	0.998989
357	175	0.999181
122	68	0.999554
79	56	0.998786
270	227	0.99941
126	32	0.999714
91	60	0.999813
78	12	0.999499
479	139	0.999888
481	198	0.999591
132	117	0.999625
497	194	0.999824
443	201	0.998961
193	150	0.99939
142	99	0.998943
379	79	0.999415
309	221	0.999476
201	173	0.999681
186	140	0.998786
197	192	0.999902
300	151	0.999349
67	17	0.999523
424	375	0.999947
109	83	0.999646
239	14	0.998816
202	139	0.998889
266	101	0.999887
324	316	0.999318
130	68	0.99949
165	19	0.999953
420	410	0.999819
477	227	0.999
407	218	0.999821
399	323	0.999783
53	40	0.999706
93	25	0.999455
233	71	0.998975
177	19	0.999492
472	34	0.999522
331	109	0.999401
230	184	0.999037
295	254	0.999105
54	33	0.999743
453	157	0.999693
72	21	0.999507
319	248	0.999127
408	360	0.99915
365	53	0.998915
163	162	0.999023
58	36	0.99891
422	200	0.999143
483	171	0.998957
460	448	0.999029
169	140	0.999684
218	126	0.999124
115	111	0.999102
69	64	0.99978
387	179	0.999408
103	58	0.999774
500	344	0.999307
63	36	0.999202
241	110	0.999165
151	67	0.998797
332	143	0.999918
157	140	0.999386
396	246	0.99966
498	140	0.999956
436	105	0.999785
453	196	0.998845
214	141	0.99891
230	125	0.999105
175	100	0.999118
109	19	0.999957
472	226	0.99939
465	35	0.998937
79	23	0.999226
411	160	0.998791
265	222	0.99978
80	40	0.99929
288	224	0.998834
184	133	0.998883
436	215	0.998787
491	43	0.999926
467	236	0.999902
465	160	0.999586
297	140	0.999113
289	177	0.999768
298	91	0.999575
92	29	0.999873
430	241	0.999803
465	380	0.999889
83	59	0.999527
186	86	0.999559
382	54	0.999837
57	38	0.999947
91	81	0.999991
198	149	0.999824
152	74	0.99957
471	54	0.999178
381	143	0.999371
493	205	0.999339
430	326	0.999674
264	185	0.999813
387	373	0.999347
384	138	0.999496
146	76	0.999072
88	74	0.9997
227	162	0.99884
383	66	0.999794
59	21	0.999888
151	90	0.999875
496	113	0.999882
244	196	0.998829
196	30	0.999359
409	51	0.999703
291	56	0.999436
112	101	0.999848
161	142	0.999737
436	53	0.999827
357	40	0.998883
390	67	0.999194
290	288	0.999823
70	34	0.999215
114	36	0.9997
391	45	0.998838
498	374	0.999709
496	164	0.998796
423	393	0.999057
185	77	0.999778
151	74	0.999408
493	44	0.999767
102	43	0.99914
445	124	0.999703
477	118	0.999121
175	102	0.999401
73	15	0.999702
355	120	0.999951
153	110	0.999866
443	142	0.999941
70	68	0.998829
105	89	0.99941
54	6	0.999036
65	58	0.999355
150	71	0.998946
377	302	0.999657
458	175	0.999846
232	43	0.999542
89	27	0.999478
281	11	0.999194
459	385	0.998884
136	25	0.998973
56	24	0.999797
223	95	0.999182
337	104	0.999574
179	67	0.999235
416	25	0.999931
173	134	0.998814
301	206	0.999754
51	47	0.999417
368	318	0.999162
440	72	0.999447
309	119	0.998991
158	56	0.998873
376	234	0.99995
331	67	0.998815
391	336	0.999111
277	157	0.999203
480	188	0.998964
216	102	0.999805
153	112	0.998961
117	12	0.999907
304	265	0.99994
58	9	0.998986
227	124	0.999078
232	22	0.998924
320	156	0.99967
76	16	0.999799
157	97	0.999063
159	102	0.998987
120	103	0.999799
481	397	0.998899
274	199	0.99911
190	91	0.998975
296	219	0.999267
328	132	0.998921
86	73	0.999078
320	304	0.999311
208	179	0.998894
258	109	0.999522
207	74	0.999973
253	177	0.998809
129	25	0.999889
322	18	0.999656
417	197	0.999099
469	32	0.999339
246	108	0.999566
127	87	0.999532
170	150	0.999557
336	148	0.998883
177	52	0.999246
241	102	0.999383
127	35	0.999479
189	130	0.999819
56	18	0.999964
392	62	0.998864
148	95	0.999781
451	434	0.999064
383	331	0.999747
489	17	0.999932
301	164	0.998959
332	96	0.999674
446	390	0.999279
113	93	0.99916
279	243	0.999682
293	98	0.999156
372	30	0.999638
197	97	0.999614
186	25	0.99977
459	74	0.999625
88	83	0.999681
406	304	0.999472
252	235	0.999014
348	119	0.999403
490	221	0.999706
317	197	0.999894
201	81	0.999137
103	56	0.999547
103	67	0.999363
151	100	0.998831
442	197	0.999593
486	453	0.999245
301	97	0.999383
373	308	0.999298
61	47	0.999473
282	127	0.999484
116	33	0.999064
94	52	0.999279
325	203	0.999261
245	122	0.999837
160	153	0.999611
407	342	0.999396
176	105	0.999998
475	273	0.999013
496	191	0.999759
348	100	0.999738
290	254	0.999806
178	172	0.999047
349	205	0.999783
251	121	0.999759
111	35	0.998975
478	436	0.998937
472	84	0.999398
246	152	0.998989
286	137	0.999342
263	85	0.999727
60	13	0.999634
239	33	0.999153
401	84	0.99972
138	10	0.999397
468	80	0.999756
450	173	0.999636
138	44	0.99962
88	47	0.998894
298	228	0.999353
174	170	0.999434
277	126	0.99901
186	107	0.999077
365	196	0.999544
400	368	0.999604
443	216	0.998883
411	118	0.99952
384	97	0.999025
51	2	0.999767
239	55	0.999957
352	287	0.999037
104	98	0.998841
289	136	0.999557
253	173	0.999355
272	182	0.999692
258	141	0.999391
369	192	0.998796
246	110	0.999945
229	12	0.998999
179	34	0.99889
216	132	0.998777
432	84	0.999374
277	11	0.998773
421	77	0.999744
325	313	0.998837
499	53	0.99977
190	34	0.999893
452	301	0.998798
66	54	0.998796
53	9	0.999286
235	130	0.99955
280	69	0.99943
304	242	0.999967
472	123	0.999391
191	163	0.999686
462	139	0.999248
494	161	0.99938
440	276	0.999988
310	70	0.999625
207	179	0.998846
405	153	0.999395
444	422	0.998988
235	162	0.999849
291	214	0.999799
177	98	0.999186
339	134	0.999219
484	100	0.999278
247	181	0.999555
326	266	0.999878
209	31	0.999045
455	250	0.998891
362	214	0.998939
260	93	0.999726
384	32	0.999941
316	208	0.99952
407	389	0.998829
143	29	0.999557
334	171	0.9991
230	188	0.999366
455	169	0.999866
381	69	0.999837
281	181	0.999891
377	231	0.999887
398	332	0.999878
492	41	0.998888
138	66	0.999487
206	180	0.999875
249	112	0.998942
420	61	0.99888
126	18	0.999128
273	118	0.998933
455	26	0.998938
286	106	0.999751
344	87	0.998916
106	65	0.998971
392	295	0.999824
232	203	0.99962
108	23	0.999474
401	92	0.999445
390	348	0.999818
85	67	0.999424
408	229	0.999382
139	52	0.999741
55	7	0.999808
427	416	0.998861
56	9	0.999487
130	57	0.999412
394	313	0.999323
351	195	0.999047
491	78	0.999247
434	258	0.999142
449	330	0.999041
86	17	0.999591
397	70	0.999242
473	68	0.998922
344	110	0.999208
269	22	0.999275
145	139	0.99881
207	182	0.998919
460	295	0.999655
337	139	0.998861
480	436	0.998821
392	246	0.999442
355	298	0.999636
366	73	0.998819
485	309	0.999255
139	66	0.999826
282	137	0.998966
219	40	0.999074
257	210	0.998851
100	68	0.999525
452	303	0.999655
161	103	0.998962
425	292	0.999461
342	54	0.999332
172	36	0.999812
266	115	0.99941
301	228	0.999027
392	99	0.999982
137	18	0.999974
225	164	0.999397
57	35	0.999786
320	298	0.999559
380	151	0.99939
58	22	0.999235
344	242	0.999613
385	48	0.999746
346	307	0.999255
262	100	0.999059
183	158	0.999778
159	47	0.998781
309	63	0.999437
419	367	0.999806
376	295	0.999996
374	271	0.999829
497	143	0.999794
172	133	0.999284
201	65	0.999706
161	148	0.999955
245	77	0.99972
68	57	0.999957
154	51	0.999155
331	274	0.999091
470	354	0.999896
363	20	0.999208
426	385	0.999952
342	223	0.999221
303	279	0.999806
380	314	0.999722
212	18	0.999828
253	165	0.999883
486	288	0.999072
238	132	0.999837
361	149	0.999924
434	195	0.999881
222	220	0.999602
208	165	0.999817
472	286	0.999032
438	386	0.999607
237	175	0.999617
399	273	0.999359
74	26	0.999181
423	94	0.999989
155	63	0.999705
310	16	0.999948
140	52	0.999311
151	111	0.999089
369	131	0.999471
186	155	0.999282
65	21	0.999196
422	227	0.999579
485	456	0.999915
238	173	0.999406
427	126	0.999834
230	156	0.998998
467	101	0.998776
178	42	0.999977
327	95	0.998922
485	462	0.999553
393	75	0.999201
184	23	0.999563
179	134	0.998976
438	369	0.999699
279	21	0.999477
376	38	0.999052
430	223	0.999991
149	137	0.999354
292	33	0.999232
158	156	0.999918
499	370	0.999073
55	25	0.999348
494	293	0.999945
473	19	0.99977
253	244	0.999724
120	39	0.999726
388	269	0.999764
490	344	0.999574
148	146	0.999435
315	56	0.999327
228	47	0.999138
128	26	0.999342
168	86	0.999408
483	360	0.998799
427	91	0.999883
465	389	0.999781
62	21	0.999336
96	86	0.999752
372	198	0.999252
421	367	0.999196
494	78	0.999936
149	141	0.999493
266	262	0.999699
176	55	0.998878
390	383	0.998777
447	51	0.999688
345	59	0.999856
91	56	0.999774
433	132	0.999236
293	45	0.999048
436	392	0.999363
476	453	0.999047
289	261	0.998845
283	115	0.999888
369	39	0.999318
89	44	0.999246
93	84	0.999692
184	52	0.999398
370	86	0.999862
248	206	0.999689
273	203	0.999066
383	358	0.998856
251	139	0.999767
223	188	0.999264
180	57	0.999237
193	191	0.999515
420	293	0.998842
240	90	0.999493
249	45	0.999966
462	298	0.999002
334	175	0.999159
363	193	0.999399
440	141	0.999306
113	97	0.999732
436	427	0.999158
222	50	0.998823
338	216	0.999811
308	153	0.999559
186	45	0.999622
203	65	0.999764
57	2	0.99901
375	18	0.999953
87	36	0.999117
82	63	0.999018
248	97	0.999967
361	313	0.999423
391	195	0.999967
268	55	0.998807
388	51	0.999054
309	163	0.99987
112	11	0.999749
358	75	0.99939
294	92	0.999754
345	236	0.999342
228	22	0.999323
337	248	0.999714
295	207	0.999025
466	389	0.998824
82	33	0.999783
416	363	0.998889
496	23	0.999823
95	48	0.999955
171	68	0.999431
299	258	0.999593
98	88	0.999367
245	103	0.999563
386	326	0.999813
185	119	0.999886
73	24	0.999905
53	23	0.999614
63	61	0.999029
352	269	0.999608
390	38	0.999116
114	4	0.999252
236	232	0.998778
212	124	0.99884
481	340	0.998955
50	22	0.999963
163	61	0.99914
485	250	0.998865
361	325	0.99987
81	53	0.999026
264	184	0.999536
264	91	0.999953
315	97	0.999224
288	156	0.999268
144	129	0.999631
265	109	0.998883
224	143	0.999148
337	91	0.999673
350	57	0.999848
162	73	0.999601
232	87	0.999838
159	103	0.999178
213	27	0.999527
375	15	0.998953
494	41	0.99944
449	326	0.998934
282	29	0.998773
56	7	0.999061
163	110	0.999733
154	141	0.998975
304	56	0.999495
384	352	0.99907
56	53	0.999327
259	67	0.999709
305	239	0.999397
471	291	0.999196
454	390	0.999203
253	9	0.998814
296	140	0.999883
434	117	0.999709
302	75	0.999333
216	150	0.999553
157	33	0.998961
205	13	0.999155
319	194	0.999996
165	156	0.998965
433	202	0.999592
103	20	0.999148
323	303	0.999928
169	134	0.999576
170	147	0.999686
246	132	0.998879
281	38	0.998854
227	38	0.998831
205	59	0.999759
127	74	0.999072
474	375	0.999449
407	143	0.998854
486	396	0.999789
273	166	0.999667
324	260	0.999871
347	49	0.999115
253	185	0.999117
471	111	0.999943
363	358	0.999756
66	62	0.999657
270	70	0.999659
104	20	0.999315
378	185	0.999372
216	66	0.999274
82	19	0.99992
202	158	0.999035
299	127	0.99893
63	30	0.999616
113	20	0.99983
268	58	0.999731
237	219	0.999493
424	409	0.999808
486	390	0.998842
264	63	0.999882
492	436	0.998825
466	57	0.999887
291	184	0.999231
335	156	0.999027
358	153	0.999747
483	323	0.999435
438	435	0.999272
107	93	0.999727
176	173	0.999826
431	196	0.999296
150	40	0.999962
474	161	0.999937
143	64	0.999077
193	16	0.999838
185	46	0.999279
76	71	0.999666
113	75	0.999075
232	41	0.999295
380	231	0.999629
470	352	0.999952
416	341	0.99944
302	291	0.99992
267	96	0.999284
85	4	0.999476
443	78	0.999639
242	63	0.999951
374	198	0.999178
355	174	0.998783
175	130	0.999085
186	72	0.999327
492	112	0.999667
57	6	0.999916
375	25	0.998894
398	69	0.999219
91	29	0.999501
480	141	0.998838
456	203	0.999872
70	66	0.998803
79	74	0.999079
303	72	0.998942
366	303	0.999657
143	23	0.998934
55	2	0.999122
457	26	0.999892
313	171	0.999988
390	199	0.999171
284	84	0.998935
184	67	0.999781
471	317	0.998794
99	57	0.998972
51	11	0.999257
217	12	0.99967
201	23	0.999397
383	273	0.998782
52	16	0.99994
116	102	0.999974
50	31	0.999692
147	136	0.998905
295	272	0.998933
228	15	0.999294
366	179	0.999596
400	191	0.9997
75	73	0.99921
79	10	0.999818
300	289	0.999011
129	13	0.999366
303	188	0.999867
303	212	0.998948
230	219	0.998956
248	9	0.999547
162	36	0.999252
153	138	0.999977
343	122	0.99894
150	42	0.998824
274	224	0.998793
257	211	0.999169
229	24	0.99898
247	44	0.999517
127	120	0.999515
350	108	0.998872
214	98	0.99888
423	391	0.999542
425	350	0.999892
470	282	0.998854
396	25	0.999273
307	158	0.998807
432	129	0.998776
316	124	0.999762
442	385	0.999505
358	48	0.998945
380	265	0.999591
115	11	0.998792
403	235	0.999877
261	88	0.999323
104	91	0.999587
248	200	0.998948
99	8	0.999498
476	173	0.999784
328	316	0.999002
382	215	0.999862
482	402	0.999633
418	202	0.999256
459	350	0.999699
190	189	0.999645
279	245	0.999212
446	165	0.999295
391	128	0.999867
374	250	0.999256
422	37	0.999422
490	212	0.999988
443	30	0.999775
470	306	0.999396
393	253	0.999273
388	279	0.998981
279	211	0.999956
283	49	0.999365
499	318	0.999318
173	36	0.999177
111	63	0.999263
221	25	0.998986
490	32	0.999058
216	108	0.999077
463	206	0.999383
267	206	0.999828
210	161	0.999706
385	269	0.999196
63	5	0.999274
71	61	0.999201
457	195	0.999182
393	87	0.999488
427	159	0.999431
249	128	0.99932
205	74	0.999366
209	184	0.999241
236	198	0.99901
445	369	0.999208
177	145	0.999824
265	31	0.99937
484	53	0.999864
174	117	0.998876
314	247	0.999153
493	148	0.99979
127	23	0.999504
150	113	0.99888
322	105	0.998938
468	273	0.999431
132	18	0.998846
118	45	0.999406
133	62	0.999536
455	254	0.999564
66	62	0.999271
405	121	0.999272
471	79	0.999854
458	136	0.999537
402	211	0.998983
292	120	0.999974
400	290	0.999842
287	25	0.999984
245	191	0.999855
463	35	0.998815
153	69	0.999617
400	261	0.999252
305	206	0.999296
472	186	0.999455
447	64	0.998977
207	94	0.998973
494	384	0.999812
295	104	0.999931
323	252	0.999077
459	289	0.999476
92	36	0.999986
408	367	0.999823
323	131	0.999585
74	48	0.999709
280	109	0.999397
273	99	0.999301
468	228	0.999464
181	79	0.998821
319	89	0.999797
414	262	0.999484
486	483	0.99936
459	365	0.999268
175	150	0.99909
452	62	0.998821
134	45	0.999926
446	157	0.999737
268	175	0.99957
474	441	0.999377
136	32	0.999267
438	127	0.999776
147	133	0.999948
378	263	0.999113
211	41	0.999154
425	39	0.999107
193	74	0.999188
297	50	0.999866
323	135	0.998934
108	62	0.999506
500	246	0.998783
372	226	0.99986
247	219	0.99967
473	128	0.998935
398	285	0.999342
443	341	0.998837
462	44	0.999667
291	259	0.9988
381	346	0.999806
80	33	0.999983
381	70	0.999494
424	343	0.999203
475	448	0.999985
54	28	0.99931
367	30	0.998948
147	142	0.999677
430	335	0.999921
127	78	0.999758
76	64	0.999382
460	345	0.998987
411	274	0.999476
466	418	0.998867
249	119	0.999932
434	368	0.999013
103	93	0.998846
162	112	0.99993
287	234	0.999359
239	198	0.99891
188	59	0.999663
57	9	0.999201
307	116	0.999186
277	259	0.999883
112	27	0.99915
339	261	0.999655
499	404	0.9991
339	129	0.998899
193	181	0.999711
234	9	0.998851
61	60	0.999037
438	324	0.999939
332	34	0.999558
459	63	0.999045
414	324	0.999139
341	174	0.999677
426	293	0.999237
110	65	0.998922
195	152	0.999671
431	405	0.999875
278	148	0.999511
116	40	0.999068
335	153	0.998988
414	19	0.999819
249	25	0.999051
393	235	0.999816
354	15	0.999203
348	122	0.999192
474	431	0.999807
257	134	0.999367
297	76	0.999106
359	146	0.998957
391	233	0.999539
473	194	0.998878
236	65	0.998857
315	274	0.999754
291	58	0.999579
393	339	0.999699
344	294	0.999479
441	295	0.99972
491	357	0.99981
64	40	0.999426
331	57	0.999799
355	41	0.999574
474	448	0.999689
136	118	0.998905
182	139	0.999196
176	152	0.999248
319	60	0.999435
76	29	0.999036
460	247	0.999849
79	54	0.999285
452	164	0.999239
396	185	0.99904
64	24	0.999086
216	106	0.999816
200	118	0.999985
109	83	0.998902
290	257	0.99915
351	52	0.999558
373	371	0.999474
385	249	0.998934
250	26	0.999149
349	71	0.999744
332	198	0.999844
220	36	0.999757
499	301	0.999473
295	118	0.999177
106	68	0.999468
203	59	0.999832
478	110	0.999587
143	129	0.999525
176	146	0.999646
262	192	0.999627
107	92	0.999029
419	32	0.999041
483	289	0.999151
135	19	0.999149
176	20	0.999358
252	181	0.999784
90	28	0.99905
208	96	0.999435
440	91	0.999824
98	62	0.999117
224	159	0.999477
110	64	0.999498
305	159	0.999955
476	62	0.999872
132	86	0.99971
241	150	0.999225
81	25	0.999989
199	66	0.99942
201	162	0.999611
163	24	0.999019
347	178	0.999574
409	50	0.999894
382	285	0.999477
493	292	0.998797
233	227	0.999678
495	459	0.998951
202	176	0.999183
469	377	0.999216
419	150	0.99951
314	41	0.999808
466	92	0.999434
460	152	0.999769
412	178	0.999781
126	59	0.998831
103	82	0.999145
240	82	0.999271
220	65	0.999921
325	93	0.998942
273	124	0.99978
264	133	0.999613
216	58	0.998842
150	15	0.999016
58	9	0.999315
405	376	0.999053
401	163	0.999408
261	176	0.999138
136	66	0.999143
237	15	0.999026
257	234	0.999464
54	29	0.998804
104	87	0.999589
468	408	0.99973
380	135	0.999988
263	89	0.999772
207	119	0.999706
311	50	0.999953
216	20	0.99923
189	40	0.999587
114	49	0.998977
454	404	0.999305
235	144	0.999045
109	86	0.999133
411	84	0.999298
183	62	0.99977
458	76	0.999047
432	168	0.999959
476	431	0.999925
146	7	0.998965
170	137	0.999941
137	68	0.998796
371	353	0.999676
281	262	0.999478
493	175	0.999019
481	231	0.999207
421	119	0.999845
484	368	0.999735
271	157	0.999722
436	44	0.99918
403	58	0.998873
111	88	0.999321
116	90	0.999855
434	249	0.99951
150	47	0.999419
295	289	0.999347
415	365	0.999212
93	29	0.999342
334	232	0.999853
186	149	0.999458
117	76	0.999613
288	224	0.999161
153	87	0.999853
199	28	0.998777
334	140	0.999493
113	64	0.99884
75	19	0.999404
345	339	0.99935
192	15	0.999731
378	326	0.999607
455	35	0.998842
284	55	0.999845
305	289	0.999702
309	177	0.999644
437	264	0.999083
87	36	0.998856
180	64	0.999689
472	339	0.999686
274	157	0.998836
276	169	0.999046
366	275	0.999973
71	40	0.99923
202	129	0.999845
167	23	0.999067
239	9	0.999908
94	28	0.998843
254	221	0.998927
428	78	0.999198
499	460	0.998929
127	53	0.998876
123	121	0.999239
287	78	0.999883
412	353	0.999468
91	80	0.998991
159	102	0.99983
114	68	0.999359
265	216	0.999255
144	131	0.999023
350	291	0.999897
363	94	0.998831
209	170	0.999458
205	177	0.999223
466	52	0.999568
429	16	0.999646
367	240	0.999288
252	226	0.999509
406	361	0.999663
296	205	0.999966
399	352	0.999187
55	40	0.999657
220	134	0.998777
53	15	0.999355
488	353	0.999672
395	65	0.999123
406	292	0.999431
74	42	0.9991
357	190	0.999542
448	406	0.999611
297	250	0.99945
139	56	0.998776
68	60	0.999263
167	103	0.999977
484	87	0.999797
447	123	0.998951
486	320	0.998913
388	64	0.999784
384	208	0.999816
231	35	0.99966
315	258	0.999112
483	345	0.999474
98	5	0.999147
427	379	0.998987
137	123	0.999682
444	115	0.998861
265	82	0.999036
62	24	0.999004
203	140	0.998799
88	40	0.998823
488	233	0.999057
411	237	0.999088
365	22	0.999325
315	103	0.999606
297	95	0.999913
337	110	0.999446
263	231	0.999484
176	35	0.999849
172	14	0.999893
356	293	0.999635
428	394	0.999512
383	294	0.99951
170	41	0.999973
228	165	0.999138
285	81	0.999167
192	185	0.999834
370	62	0.999959
379	319	0.999226
136	90	0.999887
248	124	0.999986
94	6	0.999371
426	356	0.999603
97	87	0.999138
149	135	0.99964
251	60	0.99952
416	154	0.999204
163	134	0.999791
217	172	0.999418
103	41	0.999296
193	72	0.999023
183	156	0.999159
487	197	0.999566
156	26	0.999147
489	484	0.998883
350	243	0.99915
131	112	0.999388
409	63	0.998863
305	19	0.999166
408	120	0.999359
323	58	0.998937
80	9	0.999655
69	58	0.99904
237	151	0.99925
73	23	0.999715
135	104	0.999228
196	106	0.999329
498	447	0.998951
122	26	0.999232
436	381	0.999592
373	23	0.999129
398	312	0.999943
468	49	0.999743
279	91	0.998874
308	243	0.999785
440	175	0.998875
329	86	0.998784
192	34	0.99929
232	163	0.999474
314	263	0.999193
301	158	0.998892
297	19	0.998943
450	103	0.99965
316	315	0.999048
207	88	0.999662
177	32	0.999401
251	13	0.999444
174	89	0.999522
181	47	0.999636
460	24	0.999221
51	29	0.998969
237	223	0.999724
369	257	0.999149
472	154	0.999013
268	47	0.999549
207	22	0.999422
184	49	0.998869
493	337	0.999506
263	79	0.999681
203	73	0.998993
121	62	0.999623
254	218	0.999661
297	287	0.999142
89	22	0.998918
192	81	0.998813
355	288	0.999818
147	95	0.999781
457	64	0.999606
220	144	0.998956
326	172	0.999968
474	213	0.99986
317	74	0.999959
279	120	0.999743
56	50	0.999495
251	165	0.999682
453	188	0.999633
296	116	0.999947
233	54	0.999887
458	382	0.999762
111	11	0.999898
341	337	0.9991
489	118	0.999767
199	56	0.999261
221	79	0.999304
349	263	0.999704
126	61	0.999008
64	5	0.999509
464	173	0.999589
354	143	0.999132
314	302	0.999159
113	17	0.99959
161	25	0.999422
484	275	0.998894
314	290	0.999301
307	220	0.999636
147	6	0.999912
475	306	0.99938
245	52	0.999573
406	110	0.999678
352	167	0.999789
428	331	0.999656
128	102	0.99939
344	15	0.99915
194	144	0.999716
133	97	0.999792
271	111	0.999381
285	172	0.999872
290	233	0.999021
233	130	0.999224
153	39	0.999354
240	164	0.998847
244	100	0.999975
481	348	0.999882
214	188	0.99911
485	171	0.999623
373	306	0.998997
136	35	0.999127
229	21	0.998962
221	111	0.999347
301	151	0.998846
220	207	0.999392
438	183	0.999579
445	444	0.998962
70	67	0.999703
109	70	0.999806
309	301	0.999382
278	43	0.999374
457	248	0.998998
429	285	0.99981
77	22	0.999635
112	35	0.998907
317	120	0.999824
153	151	0.999876
288	205	0.999154
275	137	0.999639
197	94	0.999449
364	226	0.99988
86	83	0.999172
181	114	0.999516
193	161	0.999377
322	18	0.999655
401	85	0.999962
395	233	0.99934
155	131	0.998873
138	111	0.999724
174	28	0.999273
257	95	0.999859
231	112	0.998848
298	37	0.999974
435	316	0.999477
480	363	0.999025
215	75	0.998903
284	72	0.998959
439	125	0.999355
298	23	0.999275
342	160	0.998778
467	338	0.999345
500	331	0.999296
82	11	0.998793
217	134	0.998994
128	30	0.999337
425	408	0.999138
470	182	0.999724
228	20	0.998874
84	50	0.999072
200	148	0.999909
466	41	0.99942
64	52	0.999889
107	9	0.999263
133	125	0.998818
60	51	0.999817
306	183	0.999967
414	328	0.999369
156	59	0.999126
372	235	0.999731
315	199	0.999464
464	224	0.99896
382	296	0.999663
404	338	0.999586
72	37	0.999799
120	37	0.999379
466	140	0.99922
72	26	0.999735
346	164	0.999226
174	124	0.999388
76	18	0.999554
300	192	0.999386
418	201	0.999091
214	158	0.998994
295	36	0.999038
348	71	0.999999
274	119	0.999008
487	60	0.999412
181	97	0.999051
357	118	0.999457
174	45	0.999932
399	169	0.999203
304	163	0.998799
449	332	0.999946
303	176	0.999116
204	184	0.999485
332	262	0.999487
250	51	0.999743
317	188	0.999269
236	122	0.99884
181	122	0.99897
370	231	0.998862
136	129	0.999111
112	16	0.999602
87	15	0.999271
319	218	0.999889
391	366	0.999792
461	153	0.999946
190	15	0.999279
130	86	0.999505
285	142	0.999561
355	25	0.999495
66	27	0.998778
178	47	0.999732
323	144	0.999652
83	79	0.999889
290	209	0.999715
300	164	0.999418
226	90	0.999414
154	9	0.999743
382	132	0.999935
261	209	0.999138
57	25	0.999354
334	17	0.999989
74	60	0.998999
207	116	0.999656
491	22	0.998942
233	188	0.999614
161	111	0.999721
403	91	0.998861
409	304	0.999807
267	119	0.999797
333	31	0.999226
71	27	0.999511
105	65	0.999925
91	48	0.998967
50	10	0.999381
450	430	0.99986
368	349	0.999447
448	417	0.999321
289	196	0.998918
451	153	0.998948
500	370	0.999996
474	177	0.999089
333	196	0.999849
93	34	0.999285
112	18	0.998788
440	145	0.999835
400	237	0.999994
94	34	0.999627
475	447	0.999586
480	39	0.999318
479	202	0.999506
62	33	0.999218
462	242	0.998961
431	117	0.999667
135	83	0.99894
55	35	0.999106
348	301	0.999052
103	25	0.999684
331	110	0.998978
482	78	0.999003
485	144	0.999519
98	18	0.99937
112	82	0.999315
149	67	0.999282
172	152	0.99963
196	23	0.999148
70	54	0.998929
380	213	0.999596
117	110	0.999467
214	33	0.998778
428	347	0.999239
396	124	0.999975
195	192	0.999534
79	37	0.999296
338	62	0.999437
219	32	0.999905
281	194	0.999166
444	287	0.999504
493	193	0.999485
305	196	0.999024
363	74	0.999538
59	58	0.9995
199	52	0.999214
390	256	0.999887
247	172	0.999857
94	74	0.999507
309	111	0.999128
438	74	0.999192
369	279	0.99942
283	31	0.999786
330	296	0.999762
228	29	0.998778
50	16	0.999218
227	93	0.999937
438	386	0.999262
247	94	0.999893
114	36	0.999267
409	195	0.999009
98	68	0.999773
364	92	0.999887
217	65	0.999571
405	111	0.999259
493	173	0.999186
303	241	0.999762
291	131	0.999641
173	79	0.998811
403	110	0.999555
253	113	0.999473
380	344	0.99881
273	136	0.999818
131	22	0.99893
378	172	0.999332
123	50	0.999674
448	440	0.999768
262	250	0.999816
309	229	0.999924
384	72	0.999943
311	253	0.999401
174	26	0.999037
217	133	0.998881
143	91	0.999539
341	197	0.999079
463	164	0.999025
109	77	0.9988
370	125	0.999544
298	125	0.998915
160	130	0.999499
234	166	0.998881
400	122	0.999812
180	74	0.999536
371	366	0.999625
116	42	0.999291
265	142	0.999494
184	178	0.999706
496	77	0.999282
286	141	0.999325
491	265	0.998905
351	239	0.998961
385	372	0.999372
201	91	0.999667
195	56	0.998989
250	157	0.999772
427	218	0.999235
410	390	0.999724
492	482	0.99898
87	35	0.999611
204	166	0.999579
82	71	0.998992
339	105	0.999851
54	41	0.999385
118	83	0.998859
267	207	0.999419
199	52	0.999799
93	6	0.999689
91	75	0.998813
146	39	0.998888
185	15	0.999354
331	266	0.999903
154	26	0.999059
100	16	0.998999
88	40	0.998966
279	108	0.999883
199	118	0.999209
355	244	0.99955
320	172	0.999462
312	203	0.99888
472	214	0.99955
458	405	0.999934
334	138	0.999665
449	44	0.999618
485	116	0.998842
290	42	0.998983
490	389	0.999447
486	440	0.999864
230	72	0.99898
378	199	0.999746
458	395	0.999837
365	318	0.999113
416	339	0.999111
127	77	0.999329
240	109	0.999404
235	233	0.99986
455	31	0.998935
171	36	0.999468
55	42	0.99967
232	62	0.999068
472	260	0.999677
445	201	0.99941
428	22	0.999784
196	181	0.999285
126	57	0.999127
495	212	0.999182
372	259	0.99984
140	46	0.999164
259	154	0.99972
462	318	0.999174
314	162	0.999045
169	20	0.998993
152	23	0.999835
219	112	0.999259
432	386	0.999843
462	241	0.999407
465	168	0.998848
237	204	0.999916
171	66	0.999553
91	83	0.999213
248	132	0.999684
337	189	0.999991
340	265	0.999025
340	251	0.999263
486	215	0.999099
241	68	0.998886
500	261	0.99965
307	247	0.999223
321	135	0.999406
407	51	0.999348
157	149	0.999667
242	181	0.999607
426	203	0.999522
153	59	0.999347
471	317	0.99915
69	4	0.999172
414	43	0.999193
494	493	0.999952
337	157	0.999603
241	169	0.999442
231	11	0.999393
125	96	0.99932
481	181	0.999748
58	46	0.9995
212	191	0.99882
356	289	0.999668
201	68	0.999196
229	94	0.999278
139	111	0.999294
252	203	0.999102
491	451	0.998797
227	25	0.999905
386	233	0.998986
76	59	0.999802
210	92	0.999865
487	455	0.999245
343	155	0.99957
312	169	0.999794
341	161	0.999662
337	139	0.99978
147	140	0.998935
304	103	0.999498
110	102	0.999182
493	262	0.999978
163	36	0.999607
403	112	0.999547
132	59	0.999332
133	38	0.999586
490	177	0.999083
302	215	0.998818
344	119	0.999331
437	137	0.999785
426	59	0.99888
497	415	0.99953
82	49	0.999699
206	40	0.999458
232	174	0.999403
203	119	0.999724
439	74	0.999751
352	327	0.999601
226	56	0.999178
429	238	0.999118
421	413	0.999207
417	413	0.999278
432	73	0.99934
377	55	0.998879
56	36	0.99946
211	170	0.999
72	68	0.999699
407	107	0.999853
158	75	0.999461
119	51	0.999246
490	192	0.999666
300	71	0.999979
105	96	0.999061
323	136	0.999808
320	110	0.999487
151	9	0.99878
150	99	0.998843
343	327	0.999315
401	199	0.999932
375	109	0.999709
106	73	0.999659
341	308	0.999464
335	281	0.998862
126	77	0.999264
144	90	0.999708
92	48	0.999818
340	312	0.999261
494	139	0.998932
433	171	0.999342
307	220	0.999512
292	82	0.999118
415	266	0.998787
291	107	0.999034
455	419	0.999892
67	47	0.999848
262	130	0.999618
440	241	0.99942
116	8	0.999555
172	92	0.999275
459	345	0.999577
464	242	0.999828
460	235	0.998781
104	62	0.998906
500	97	0.999915
391	218	0.999929
134	74	0.999133
68	60	0.999883
330	170	0.999736
409	354	0.999536
392	124	0.999234
348	312	0.999889
237	166	0.999956
323	169	0.999183
96	23	0.999007
113	31	0.999936
220	18	0.999488
227	15	0.99923
395	194	0.999732
303	76	0.999996
203	76	0.999703
353	297	0.999602
226	219	0.999596
232	75	0.999732
489	68	0.99974
115	16	0.999873
161	135	0.999053
468	116	0.999293
161	91	0.999176
275	233	0.99998
258	174	0.998861
245	227	0.999903
494	454	0.999445
443	363	0.999385
226	86	0.999215
328	107	0.998987
277	224	0.999239
79	8	0.999585
106	43	0.998853
52	29	0.998917
273	259	0.999165
291	216	0.998854
463	347	0.999232
66	5	0.999334
118	34	0.999107
378	54	0.999077
103	10	0.999569
164	61	0.998895
259	171	0.998802
313	183	0.999121
73	12	0.999787
171	138	0.999256
188	77	0.999586
53	29	0.99985
264	84	0.999698
208	182	0.998935
217	107	0.999859
211	56	0.998859
388	281	0.99908
293	144	0.999045
461	247	0.99955
308	239	0.999111
228	199	0.998971
245	186	0.998997
408	277	0.999294
93	45	0.998892
446	419	0.999716
407	15	0.99967
110	40	0.999417
415	167	0.999905
315	181	0.999337
408	339	0.999744
111	85	0.99912
413	357	0.999053
390	327	0.999461
252	191	0.999832
71	40	0.999334
88	67	0.99936
51	8	0.999257
450	104	0.999971
460	91	0.999779
303	155	0.999735
64	36	0.999252
79	36	0.99908
417	342	0.999355
477	242	0.999323
331	103	0.999575
111	105	0.999561
224	86	0.999624
64	45	0.999721
346	274	0.999271
475	159	0.999393
308	187	0.998975
378	269	0.99977
442	416	0.998851
216	103	0.99929
444	107	0.999876
217	81	0.999909
326	125	0.999437
275	260	0.999132
417	69	0.999189
324	163	0.999008
146	101	0.999194
125	30	0.999302
160	16	0.999694
404	219	0.99903
389	317	0.998859
435	291	0.999721
461	398	0.999476
433	401	0.999108
443	419	0.999654
472	181	0.998773
415	162	0.998961
374	134	0.999178
353	193	0.999445
379	167	0.999603
316	180	0.999061
206	164	0.999643
423	191	0.998908
331	273	0.99904
468	209	0.998798
70	22	0.999207
476	289	0.999897
194	135	0.99978
169	63	0.998993
272	83	0.999417
207	36	0.999331
230	18	0.998912
173	48	0.999451
331	47	0.999985
415	179	0.999622
143	109	0.998781
446	326	0.999871
367	284	0.999512
410	294	0.999413
249	53	0.999285
75	33	0.999982
254	94	0.99984
113	96	0.999756
61	54	0.999224
486	397	0.998845
445	410	0.999334
192	137	0.999736
70	15	0.999289
484	266	0.999709
400	200	0.999437
471	468	0.998781
293	265	0.999736
323	296	0.999311
310	206	0.99922
488	413	0.999507
146	107	0.999381
455	96	0.999305
242	191	0.998937
154	107	0.999309
234	223	0.999285
308	112	0.999043
224	29	0.999536
69	53	0.999689
356	127	0.999964
445	290	0.999177
235	185	0.998906
206	84	0.999869
175	115	0.999122
186	145	0.998924
174	153	0.999688
186	107	0.999978
412	346	0.999848
328	287	0.999291
280	266	0.998859
479	162	0.999451
235	142	0.99938
268	243	0.998824
401	377	0.999843
69	18	0.999968
423	234	0.999298
423	99	0.998874
482	386	0.999989
171	82	0.999505
355	165	0.999456
447	259	0.99891
200	14	0.99911
270	97	0.999679
188	127	0.998961
439	103	0.999024
315	299	0.999899
162	32	0.999447
95	60	0.99966
78	61	0.999899
198	106	0.999894
67	26	0.998917
64	58	0.99922
232	213	0.998863
165	139	0.9998
394	220	0.999013
481	83	0.998994
235	79	0.999429
405	308	0.998924
320	232	0.999711
443	311	0.999257
92	33	0.999641
366	233	0.999426
382	376	0.999697
73	26	0.999038
298	263	0.999516
329	208	0.999797
337	66	0.999409
267	50	0.999034
479	68	0.999533
490	271	0.999967
117	36	0.998885
115	52	0.999983
462	145	0.999482
77	46	0.998934
149	27	0.998987
122	118	0.999837
351	39	0.999241
471	360	0.998811
131	72	0.999984
191	178	0.999174
123	121	0.999762
214	39	0.999413
69	22	0.999536
297	213	0.999969
241	127	0.999379
322	103	0.998843
368	56	0.999376
360	124	0.999608
309	265	0.999243
462	439	0.999189
472	379	0.999709
208	71	0.999302
357	347	0.999488
299	253	0.999751
72	22	0.999568
376	281	0.999259
483	217	0.999896
299	146	0.999002
200	128	0.999018
440	51	0.998939
168	127	0.999516
463	378	0.999215
318	121	0.999558
138	136	0.999172
363	269	0.998895
465	159	0.998789
333	264	0.999045
257	241	0.998802
91	4	0.999137
247	20	0.99934
458	160	0.999471
487	93	0.999953
189	83	0.999004
480	353	0.999988
446	30	0.99966
275	121	0.999134
59	33	0.998907
187	182	0.998783
268	213	0.998876
286	104	0.998911
482	63	0.999266
82	26	0.998859
129	39	0.999795
378	95	0.999872
133	47	0.999457
93	15	0.999284
237	143	0.999425
438	379	0.998834
348	156	0.999898
421	307	0.999828
141	23	0.999329
70	6	0.998946
448	92	0.999751
111	96	0.999784
129	83	0.9998
172	134	0.999462
498	258	0.999655
82	3	0.999096
365	179	0.999321
212	62	0.999541
351	173	0.998953
107	104	0.999003
463	402	0.999819
102	97	0.999062
239	116	0.999316
260	26	0.99958
84	28	0.999218
187	25	0.9993
178	60	0.999601
310	203	0.999428
295	17	0.999133
184	124	0.999193
386	347	0.999837
298	28	0.999461
138	34	0.999015
252	120	0.999532
101	55	0.999709
183	132	0.999047
264	222	0.99988
144	9	0.999756
247	239	0.999257
465	280	0.999053
364	205	0.99925
154	131	0.999666
54	12	0.999604
484	71	0.999073
467	428	0.99908
420	106	0.999418
191	79	0.999694
105	15	0.999948
229	163	0.999268
266	81	0.999333
136	101	0.998808
314	108	0.999717
338	201	0.999937
253	92	0.99987
313	183	0.999207
88	14	0.999967
223	122	0.999343
223	152	0.999204
322	279	0.999
234	233	0.998992
357	43	0.999908
89	31	0.999749
483	428	0.999575
337	122	0.998798
209	55	0.999519
353	146	0.999458
69	22	0.999641
485	427	0.99957
407	34	0.999845
370	122	0.999225
256	20	0.999291
440	127	0.999715
123	26	0.999075
157	94	0.999298
55	15	0.998997
84	21	0.999252
406	173	0.999045
308	143	0.999839
245	233	0.999597
338	170	0.999828
156	54	0.999832
118	105	0.999754
283	279	0.999315
150	37	0.999705
215	153	0.999255
357	81	0.999746
100	88	0.999816
75	38	0.999552
263	108	0.999686
169	70	0.999382
130	117	0.998772
309	81	0.999127
334	215	0.999732
420	17	0.999853
356	287	0.999447
398	273	0.999892
470	152	0.999214
258	63	0.999072
443	187	0.998906
120	45	0.998873
441	135	0.999111
266	78	0.999139
458	80	0.999896
359	250	0.999781
428	210	0.99923
342	49	0.99939
485	421	0.999618
466	210	0.999009
67	17	0.999364
494	172	0.999915
423	51	0.999261
305	46	0.998983
424	301	0.999269
387	63	0.999663
474	391	0.999555
404	173	0.998813
376	37	0.999068
321	259	0.999973
101	84	0.999953
291	70	0.999488
439	177	0.999293
330	142	0.999869
200	177	0.999865
382	77	0.999509
91	52	0.999747
105	48	0.999104
331	222	0.999846
127	76	0.999117
110	34	0.999496
462	58	0.998951
452	367	0.999051
199	198	0.999095
397	80	0.999606
206	192	0.999848
405	51	0.999424
415	132	0.999962
97	93	0.999523
275	269	0.998869
480	55	0.999054
282	120	0.999356
435	205	0.999963
166	154	0.999262
367	214	0.999509
489	293	0.99902
422	76	0.999913
346	42	0.999115
466	166	0.999816
203	130	0.999619
256	162	0.999618
245	217	0.99894
464	29	0.999604
82	57	0.999268
187	19	0.998829
432	337	0.999026
91	22	0.999827
467	24	0.999613
417	206	0.998884
498	326	0.9991
297	97	0.999978
192	181	0.99937
400	153	0.999318
105	26	0.998905
371	132	0.999155
399	385	0.998788
455	340	0.999406
344	326	0.999711
252	241	0.999799
79	34	0.999566
110	32	0.999816
247	121	0.999894
201	158	0.998917
397	195	0.999104
222	129	0.999412
204	82	0.999855
189	177	0.999315
374	223	0.999451
72	20	0.999516
170	138	0.999857
143	25	0.999571
410	163	0.999496
241	160	0.99983
396	262	0.999554
92	81	0.998829
71	18	0.999139
297	177	0.999515
129	124	0.999062
243	203	0.999758
179	83	0.999105
284	42	0.999279
269	56	0.999743
258	57	0.999258
370	223	0.999178
331	306	0.999526
196	63	0.999533
61	54	0.999295
445	432	0.999769
87	82	0.999993
385	214	0.999449
360	277	0.999052
443	158	0.9995
401	346	0.999214
351	240	0.999926
131	52	0.999248
406	83	0.999404
309	100	0.999102
455	73	0.999856
357	18	0.999085
292	159	0.999603
93	75	0.99946
479	431	0.998983
142	112	0.999495
425	79	0.999865
177	110	0.999993
489	239	0.999553
114	81	0.999143
169	110	0.999974
148	79	0.999135
71	55	0.999531
367	101	0.999478
343	32	0.999702
265	192	0.999818
109	83	0.999396
318	249	0.999763
118	85	0.999391
172	163	0.999631
254	169	0.999838
210	58	0.999692
121	18	0.999452
358	89	0.999019
446	370	0.999807
277	217	0.998864
482	237	0.999577
478	284	0.999925
330	240	0.999101
175	33	0.999779
279	11	0.999019
362	345	0.999073
180	138	0.999988
89	6	0.998939
181	153	0.999468
485	272	0.99936
344	95	0.999174
256	77	0.998981
226	157	0.999859
95	43	0.999291
407	137	0.998835
196	77	0.999139
338	158	0.99894
99	80	0.999833
57	15	0.999034
147	133	0.999142
434	183	0.999167
85	83	0.999786
377	46	0.999
137	105	0.999122
203	72	0.998998
61	23	0.998907
482	283	0.998816
402	230	0.999541
363	187	0.999925
281	122	0.999251
214	47	0.999352
61	56	0.999582
278	26	0.999005
359	24	0.999401
455	341	0.998998
204	87	0.998913
162	74	0.999757
371	24	0.999695
174	74	0.999692
116	76	0.999003
100	9	0.999573
99	65	0.999569
155	146	0.999819
176	94	0.999471
241	73	0.999189
59	18	0.999807
483	262	0.999079
398	222	0.999662
233	202	0.998879
345	93	0.999575
196	10	0.99953
172	108	0.998797
345	342	0.999132
309	204	0.998863
120	119	0.999372
266	111	0.999515
366	225	0.999699
74	72	0.999311
134	114	0.998856
134	51	0.99951
487	185	0.999026
482	110	0.999264
239	181	0.999111
84	22	0.999239
101	61	0.999547
109	32	0.999269
248	188	0.999453
112	38	0.999604
199	53	0.999185
456	368	0.99912
436	61	0.999864
87	84	0.999914
309	139	0.999126
453	149	0.999496
62	48	0.999898
180	24	0.999951
155	129	0.998929
444	205	0.999791
405	218	0.999749
325	223	0.999334
446	342	0.998836
324	35	0.999532
217	199	0.999283
188	173	0.999982
321	160	0.999263
403	106	0.99998
351	87	0.999684
195	84	0.998789
298	224	0.999589
98	55	0.999592
370	322	0.999483
500	43	0.999618
293	204	0.999327
94	56	0.999914
440	181	0.99907
286	47	0.999641
234	181	0.998975
260	38	0.999269
377	300	0.999521
88	35	0.999492
452	180	0.999154
262	58	0.999717
320	34	0.999492
159	43	0.999704
236	23	0.999757
284	139	0.999397
431	141	0.999167
474	144	0.999546
211	189	0.999013
278	276	0.999137
177	131	0.999767
452	217	0.999558
444	214	0.999257
344	305	0.999945
325	100	0.999802
317	16	0.999571
489	114	0.999923
216	77	0.999585
266	228	0.999336
199	145	0.999676
207	90	0.999183
347	189	0.999166
76	40	0.999601
71	60	0.999283
145	97	0.999079
185	177	0.999257
407	264	0.999252
142	124	0.999542
433	317	0.999889
251	198	0.999773
377	107	0.999317
164	88	0.999915
443	344	0.998861
179	151	0.998808
280	204	0.999307
340	230	0.999161
242	103	0.999154
259	16	0.999228
230	186	0.999212
235	33	0.999285
207	87	0.999557
497	240	0.998977
305	273	0.999138
300	214	0.999934
468	459	0.998994
371	103	0.999698
180	97	0.99969
154	60	0.999219
59	12	0.999051
479	289	0.998966
158	90	0.999323
101	45	0.998799
214	87	0.998794
424	202	0.99903
463	390	0.999984
308	91	0.999925
248	147	0.998842
191	168	0.999527
93	32	0.999021
374	226	0.999374
361	129	0.998847
460	21	0.999527
141	46	0.998889
309	145	0.998782
166	50	0.998969
80	11	0.999528
149	96	0.999829
220	99	0.998827
286	246	0.999527
109	18	0.999829
156	39	0.999023
449	206	0.999433
485	321	0.999189
432	278	0.999493
216	205	0.999345
79	60	0.999789
239	68	0.99904
346	55	0.998802
347	247	0.999962
161	144	0.999108
441	407	0.998776
340	57	0.99976
209	27	0.999299
328	307	0.998884
125	56	0.999684
462	295	0.999153
499	347	0.999274
203	109	0.999795
342	27	0.999255
84	49	0.999326
287	191	0.999354
116	89	0.999775
110	51	0.999083
338	247	0.999126
394	117	0.999509
318	317	0.999372
191	49	0.999272
315	51	0.999881
147	84	0.999748
125	66	0.999121
268	72	0.998858
204	91	0.99972
261	107	0.999564
171	30	0.999872
80	35	0.999705
434	347	0.999068
61	16	0.998987
102	76	0.999142
389	364	0.999329
424	323	0.999959
86	82	0.999803
424	110	0.999464
307	201	0.999038
136	71	0.9998
181	88	0.999167
489	26	0.999091
60	5	0.999066
193	140	0.998863
381	89	0.998837
242	226	0.999175
55	35	0.999934
430	212	0.999414
119	106	0.999462
492	324	0.998987
418	148	0.999042
310	78	0.999759
111	47	0.999915
369	304	0.999568
189	81	0.999549
447	139	0.999135
149	91	0.999581
155	112	0.99917
67	35	0.998897
218	104	0.999147
438	130	0.999702
149	87	0.999894
384	349	0.998945
167	41	0.999431
250	9	0.998983
245	154	0.999815
71	37	0.999226
72	66	0.999925
59	15	0.999078
347	147	0.99955
416	321	0.999286
429	110	0.999752
302	234	0.999296
386	353	0.999371
333	171	0.998804
174	156	0.999646
304	274	0.9988
405	386	0.999983
367	239	0.99881
100	46	0.998951
494	355	0.999725
151	96	0.99948
483	72	0.999385
200	114	0.999613
143	46	0.999652
155	88	0.998874
173	146	0.999051
498	427	0.999671
182	41	0.999139
376	252	0.998818
328	112	0.999563
461	299	0.999268
202	18	0.99965
91	34	0.999779
362	27	0.999073
432	391	0.999225
209	158	0.999629
484	293	0.999611
121	99	0.998994
105	57	0.999948
351	176	0.999024
213	194	0.999619
276	56	0.999919
293	141	0.999074
136	103	0.999274
490	419	0.999117
420	87	0.999052
489	151	0.999127
200	51	0.999527
471	386	0.999982
468	404	0.999282
367	301	0.998835
268	90	0.99917
111	23	0.999747
281	122	0.998773
63	59	0.999769
105	59	0.999232
425	150	0.999429
59	31	0.999329
334	64	0.999616
364	310	0.999013
188	161	0.999349
427	59	0.999747
343	203	0.999812
118	115	0.999828
267	184	0.999441
81	31	0.999923
395	96	0.999991
447	227	0.998816
160	46	0.999557
273	111	0.999796
452	24	0.999433
282	254	0.999936
288	287	0.998804
270	113	0.999252
79	36	0.999147
149	28	0.99985
374	152	0.99897
217	76	0.999255
153	63	0.999235
492	34	0.999575
195	26	0.999503
77	59	0.99994
283	266	0.998791
120	56	0.999086
262	33	0.998863
410	94	0.998864
467	453	0.999428
84	80	0.998819
101	20	0.999832
169	69	0.999837
296	155	0.999165
50	33	0.999467
462	39	0.999262
60	6	0.999177
481	28	0.999815
295	255	0.998998
221	56	0.999328
395	383	0.999881
372	358	0.999284
299	227	0.999399
62	10	0.99883
112	104	0.999516
485	344	0.998793
91	80	0.99978
272	244	0.999838
489	412	0.998916
365	131	0.999646
360	328	0.99936
313	85	0.99966
321	133	0.999607
207	115	0.999597
152	141	0.99893
286	260	0.998872
418	90	0.999305
398	187	0.999305
66	5	0.999729
85	21	0.999488
361	188	0.999862
493	189	0.998953
73	5	0.999969
128	47	0.999387
348	137	0.998976
470	240	0.999932
311	152	0.999393
454	176	0.999823
443	30	0.999909
155	30	0.998843
499	142	0.998781
310	116	0.999914
68	47	0.998928
104	81	0.999005
255	228	0.99895
312	201	0.999671
70	11	0.999442
119	90	0.999183
478	226	0.998787
284	96	0.999907
270	130	0.999381
416	254	0.999245
293	261	0.999077
288	165	0.999312
286	72	0.999692
133	56	0.999369
129	98	0.999268
224	116	0.999929
282	133	0.998799
197	13	0.99923
50	18	0.999856
363	302	0.999612
137	86	0.999996
436	345	0.999608
478	152	0.999982
422	269	0.999349
99	50	0.99902
161	28	0.998998
428	334	0.998775
275	234	0.999591
261	150	0.999077
258	203	0.99971
85	78	0.999703
342	268	0.999485
399	45	0.998978
97	76	0.999829
141	125	0.999844
316	158	0.999089
190	103	0.998865
133	57	0.999106
91	52	0.999643
211	80	0.999853
372	136	0.999291
200	111	0.999196
50	6	0.999358
410	196	0.998816
74	42	0.999873
419	66	0.999145
166	40	0.999277
254	218	0.999772
384	270	0.998841
123	18	0.999053
379	306	0.999916
344	174	0.999383
247	150	0.999344
470	354	0.999881
498	405	0.99985
277	56	0.999737
142	99	0.999726
95	21	0.998964
119	42	0.999359
246	48	0.999695
83	5	0.999844
263	64	0.999776
393	243	0.999011
404	163	0.999531
177	19	0.99944
96	64	0.999493
103	17	0.999151
397	339	0.998966
58	35	0.999546
484	477	0.99884
110	54	0.999304
413	112	0.999445
60	42	0.999088
418	406	0.999993
313	162	0.999077
198	150	0.998896
311	35	0.999054
419	284	0.998875
386	264	0.999175
362	346	0.999993
333	122	0.99932
348	178	0.999688
337	50	0.999043
483	423	0.999204
359	88	0.998836
66	51	0.999652
233	119	0.999192
496	373	0.998852
104	54	0.999756
292	86	0.999471
447	207	0.999603
210	160	0.99882
222	190	0.998982
314	156	0.999487
205	200	0.999289
365	105	0.999935
424	108	0.99923
297	218	0.999196
54	6	0.999023
181	11	0.9997
163	129	0.999397
480	150	0.999081
343	317	0.999299
327	141	0.999684
346	190	0.999234
271	105	0.999487
493	63	0.998911
346	223	0.999506
383	51	0.998994
348	201	0.998811
342	186	0.999705
460	76	0.99885
99	58	0.998884
290	121	0.999746
292	36	0.999568
231	124	0.99908
135	9	0.999296
386	272	0.999523
486	464	0.9996
489	176	0.999655
318	71	0.998824
201	60	0.999587
490	57	0.99922
496	427	0.999942
293	177	0.99908
497	253	0.999383
488	389	0.999079
253	240	0.999717
62	47	0.999178
417	295	0.999097
258	143	0.998796
363	178	0.999838
397	146	0.999048
256	202	0.999516
169	96	0.999295
253	27	0.999191
188	182	0.998851
124	50	0.999154
292	144	0.999213
446	70	0.999166
430	194	0.999732
339	234	0.998976
266	157	0.99893
100	56	0.999517
294	64	0.998996
373	372	0.999067
293	76	0.998777
90	9	0.999407
212	183	0.998899
190	103	0.999651
422	360	0.999134
481	205	0.999667
207	68	0.999392
360	47	0.999695
227	23	0.99891
220	81	0.99944
245	14	0.999375
274	31	0.999935
146	98	0.998841
390	258	0.999449
401	83	0.999611
337	86	0.999472
85	56	0.999787
257	254	0.99943
87	20	0.999848
467	67	0.999695
469	216	0.998889
252	178	0.999047
203	46	0.999366
301	167	0.999948
368	151	0.999359
151	53	0.99983
123	19	0.999945
495	121	0.9998
344	224	0.999528
79	22	0.999946
488	402	0.999577
256	55	0.998869
489	83	0.999289
358	325	0.999876
149	108	0.999228
380	259	0.998993
296	241	0.999655
97	69	0.999259
211	41	0.999337
335	155	0.999898
414	210	0.999231
355	27	0.99928
128	7	0.999271
392	64	0.999579
184	100	0.999083
257	215	0.999819
488	181	0.999464
423	206	0.999706
216	213	0.999183
170	75	0.999213
293	47	0.999424
469	420	0.999123
59	42	0.999487
79	20	0.998935
214	8	0.999379
357	276	0.999837
341	143	0.999417
202	86	0.998888
426	123	0.999564
233	223	0.999239
331	102	0.999516
103	27	0.999544
349	346	0.999625
232	107	0.999555
489	147	0.998907
144	134	0.999059
233	231	0.99917
392	91	0.999467
89	86	0.998906
339	135	0.999536
402	38	0.998965
325	159	0.998789
98	65	0.999679
364	279	0.999837
202	30	0.999334
141	81	0.999587
280	207	0.998991
208	154	0.99973
496	137	0.998942
362	103	0.998992
87	78	0.999009
103	48	0.998884
297	54	0.998899
316	233	0.999374
263	69	0.999205
293	20	0.999751
309	128	0.999247
314	40	0.999352
308	68	0.998997
259	28	0.999758
182	39	0.999726
409	294	0.999038
483	222	0.999952
471	19	0.998791
280	103	0.999386
240	87	0.999662
241	16	0.999699
479	272	0.99946
64	13	0.999778
479	375	0.999574
250	183	0.999889
437	389	0.999123
457	429	0.999554
115	112	0.999083
226	141	0.999947
462	433	0.999149
420	61	0.999334
483	447	0.999741
366	117	0.999277
173	137	0.999029
426	91	0.999539
349	191	0.999708
422	46	0.999617
227	148	0.999516
346	334	0.999309
162	136	0.998986
314	166	0.999566
436	190	0.998996
206	57	0.999288
394	148	0.999132
332	209	0.999643
249	136	0.998883
466	449	0.999156
443	135	0.999323
119	107	0.999153
273	124	0.999947
423	82	0.998802
382	322	0.999441
303	118	0.999144
137	17	0.99967
66	43	0.999332
99	77	0.999824
275	112	0.999935
154	68	0.999689
469	412	0.999158
311	53	0.998796
69	28	0.999301
179	169	0.999985
394	210	0.999764
135	9	0.998937
300	25	0.999974
490	91	0.999452
207	157	0.999792
409	164	0.999261
328	254	0.998846
348	168	0.999703
124	23	0.998809
104	59	0.999769
304	276	0.999396
440	92	0.999942
275	137	0.999258
385	381	0.999186
335	185	0.998991
453	230	0.999796
104	24	0.999468
74	73	0.999799
303	92	0.998775
257	64	0.999957
121	15	0.999461
215	121	0.999704
325	299	0.998827
246	9	0.999272
128	68	0.999138
413	257	0.999094
90	39	0.999871
60	21	0.999047
83	10	0.999187
292	275	0.999482
199	67	0.998852
147	106	0.999829
156	65	0.998906
208	135	0.999336
159	99	0.999859
431	66	0.999042
401	64	0.999676
284	66	0.999988
401	153	0.999261
129	72	0.999903
418	67	0.999596
85	65	0.999705
312	69	0.999393
481	437	0.999855
79	20	0.9989
390	131	0.999047
376	355	0.999864
186	128	0.999013
225	189	0.99987
115	100	0.999571
329	301	0.999447
406	83	0.999345
489	128	0.999295
285	280	0.999121
251	201	0.999995
50	35	0.999204
151	147	0.999914
383	323	0.99984
346	343	0.998778
455	245	0.999589
404	204	0.999442
130	101	0.999162
201	162	0.999261
365	41	0.999391
298	254	0.999855
351	151	0.999269
427	215	0.999522
220	65	0.999399
77	30	0.999248
73	29	0.999074
133	18	0.999856
251	166	0.999639
431	427	0.999057
241	217	0.999758
374	360	0.999964
262	129	0.999808
243	197	0.999999
220	110	0.999516
59	43	0.999419
110	40	0.999915
237	230	0.999054
452	173	0.999158
373	176	0.999239
72	41	0.999159
262	18	0.999665
285	173	0.9989
333	42	0.998784
158	61	0.998847
455	45	0.999953
325	214	0.999124
487	212	0.998845
188	92	0.999255
249	51	0.999029
500	457	0.9993
438	27	0.999571
190	152	0.999823
265	36	0.999692
155	76	0.999601
127	70	0.999846
209	18	0.999037
74	31	0.999611
270	205	0.999151
126	27	0.99984
115	45	0.999846
182	103	0.99999
224	217	0.998834
404	279	0.999946
157	45	0.999554
65	18	0.999668
184	51	0.998976
52	2	0.998808
256	182	0.99923
340	134	0.999888
360	339	0.99969
258	214	0.999932
167	121	0.999242
300	245	0.99945
429	121	0.998804
136	32	0.999573
379	149	0.999072
92	50	0.999084
79	11	0.999445
305	258	0.998827
282	161	0.999601
430	321	0.999586
362	199	0.999753
66	32	0.999402
223	21	0.999048
72	49	0.999492
94	21	0.999855
353	186	0.999818
238	223	0.999724
462	57	0.998994
165	159	0.999531
393	84	0.99938
128	102	0.999722
483	159	0.998951
276	237	0.998984
289	282	0.998809
472	377	0.998811
486	402	0.99894
487	83	0.999516
177	127	0.999095
53	43	0.999069
447	81	0.999738
266	253	0.999534
236	158	0.999137
398	334	0.999307
172	79	0.999118
394	200	0.999737
187	76	0.999261
67	21	0.998787
140	47	0.999396
59	9	0.999178
159	121	0.998981
223	137	0.999402
214	22	0.999742
369	268	0.999935
384	352	0.999839
271	44	0.999837
242	49	0.998859
382	236	0.999978
349	224	0.999024
378	138	0.999182
376	82	0.999592
178	141	0.999074
350	296	0.999749
78	5	0.999623
281	230	0.999877
145	129	0.999544
314	14	0.999464
294	96	0.998778
427	253	0.998988
254	148	0.999374
428	202	0.99949
339	29	0.999108
368	90	0.999998
70	28	0.999423
448	200	0.999808
405	247	0.999229
299	256	0.998851
204	171	0.99882
423	302	0.999787
330	38	0.999866
124	9	0.999607
147	14	0.999952
356	83	0.999656
310	120	0.999882
146	58	0.999143
426	249	0.999225
91	32	0.999679
375	190	0.999939
319	88	0.999482
342	175	0.999202
93	4	0.998886
224	14	0.999759
54	48	0.99931
383	254	0.999167
155	7	0.999344
263	257	0.999026
463	49	0.999121
172	91	0.999031
201	127	0.99976
248	172	0.999903
216	180	0.998891
322	289	0.999061
476	215	0.998919
293	110	0.999639
328	182	0.999492
110	74	0.999174
244	191	0.999166
269	167	0.999182
337	89	0.998805
109	98	0.999422
241	50	0.999352
96	83	0.9995
60	47	0.999945
472	61	0.999274
60	10	0.998842
81	46	0.999866
251	213	0.999611
63	30	0.999191
453	422	0.999764
452	315	0.999196
250	24	0.998955
151	68	0.999731
80	68	0.999441
293	147	0.999381
317	30	0.999883
82	66	0.998911
176	122	0.999923
360	268	0.999093
220	91	0.998891
214	30	0.999134
184	181	0.998886
327	250	0.999299
50	28	0.999799
150	119	0.999106
247	175	0.999331
490	381	0.998865
432	382	0.999226
248	169	0.999742
179	59	0.99979
83	51	0.999619
50	36	0.999941
146	121	0.99887
78	51	0.999399
125	59	0.999392
335	20	0.99944
456	133	0.999358
137	27	0.999228
227	208	0.999007
136	74	0.999257
87	77	0.999224
118	8	0.99898
253	240	0.998783
477	136	0.998836
269	35	0.999604
485	290	0.999451
130	90	0.99934
294	226	0.999025
240	133	0.999719
73	46	0.999093
155	22	0.999811
229	94	0.999054
167	90	0.999106
187	94	0.998805
243	91	0.999295
168	21	0.99891
314	123	0.998975
366	340	0.999655
174	102	0.999984
188	100	0.999667
147	26	0.998918
373	66	0.999236
353	276	0.99887
50	35	0.999886
492	20	0.999036
339	312	0.998813
282	186	0.999531
148	120	0.999412
122	67	0.999122
452	237	0.999174
68	22	0.99958
232	38	0.998894
218	96	0.998988
128	126	0.998927
230	138	0.999257
431	406	0.999452
97	27	0.99883
303	170	0.998832
67	49	0.999495
480	280	0.999317
381	112	0.998973
168	96	0.998784
301	217	0.999396
176	157	0.999127
150	136	0.998988
401	247	0.998923
453	426	0.998953
371	261	0.998881
278	96	0.999158
224	10	0.998889
375	180	0.999323
468	200	0.999941
191	142	0.999573
58	38	0.999625
245	82	0.99925
441	20	0.999214
319	254	0.999769
62	46	0.999302
128	39	0.998786
381	302	0.998971
175	137	0.999689
159	81	0.999746
494	159	0.999792
145	130	0.999295
273	202	0.99878
396	210	0.999344
303	238	0.99891
433	337	0.998847
212	67	0.999823
268	40	0.998942
168	113	0.999347
106	84	0.999068
161	65	0.999801
178	89	0.999947
135	20	0.998815
467	160	0.999606
216	140	0.999413
426	326	0.999967
381	19	0.999767
281	209	0.99988
288	76	0.998802
173	41	0.999733
315	174	0.99915
219	127	0.999418
184	72	0.998831
216	64	0.998862
227	95	0.999821
133	5	0.999866
387	106	0.998865
401	379	0.999913
434	297	0.999273
70	64	0.999354
186	87	0.998915
457	368	0.999468
485	355	0.999259
430	59	0.999269
461	120	0.999102
234	158	0.999861
270	24	0.999202
437	358	0.99944
101	99	0.999636
106	89	0.999843
301	44	0.999232
139	112	0.999662
387	361	0.999813
338	153	0.999088
349	130	0.999693
478	84	0.999248
367	31	0.99931
431	162	0.999672
358	77	0.999631
71	60	0.999145
366	354	0.999644
467	394	0.999041
146	35	0.999873
160	124	0.998935
125	34	0.998895
411	152	0.99923
390	209	0.999577
279	228	0.998972
100	39	0.999973
182	147	0.999877
440	61	0.999228
373	170	0.999291
103	36	0.999682
91	40	0.999018
329	225	0.999431
217	159	0.999067
327	92	0.999848
174	35	0.999128
98	50	0.99973
453	364	0.999436
393	335	0.999939
375	183	0.999845
424	389	0.999585
85	18	0.999415
130	121	0.99963
210	194	0.99917
214	79	0.998954
272	242	0.999019
398	121	0.999105
174	10	0.999849
427	20	0.999899
429	82	0.999301
85	38	0.999547
308	224	0.998883
217	201	0.999073
112	90	0.999415
278	213	0.999199
472	271	0.999713
153	39	0.999117
140	14	0.99973
320	128	0.998881
366	39	0.999896
359	196	0.999359
97	88	0.998996
335	177	0.999133
292	161	0.998865
252	82	0.999727
307	182	0.999758
287	146	0.99943
133	87	0.998872
125	116	0.999893
459	78	0.998777
330	265	0.999953
309	17	0.998875
243	17	0.999369
138	38	0.999045
52	45	0.99942
371	29	0.999426
355	160	0.999499
376	304	0.999899
377	253	0.999871
431	92	0.999009
205	128	0.999129
105	36	0.999576
216	175	0.999876
126	46	0.999643
85	52	0.999574
70	29	0.998829
350	61	0.999332
365	318	0.99985
306	81	0.999703
102	6	0.999743
465	266	0.998782
251	198	0.999144
79	36	0.999288
115	39	0.999499
118	32	0.999547
399	397	0.999558
265	210	0.999528
131	74	0.998777
389	82	0.999402
275	111	0.999323
318	28	0.999522
354	262	0.999796
173	58	0.999291
187	111	0.999522
466	231	0.999516
232	22	0.99938
357	283	0.999059
472	213	0.999293
272	114	0.999773
151	148	0.999506
226	192	0.999176
219	217	0.999457
175	84	0.999333
186	121	0.999154
104	99	0.99952
430	265	0.999387
321	274	0.999964
339	62	0.999003
309	22	0.999066
468	205	0.998933
96	22	0.999969
56	8	0.999331
358	347	0.999751
337	77	0.999307
158	22	0.999677
339	220	0.999007
390	228	0.998994
170	141	0.999338
375	41	0.999212
151	62	0.999223
175	44	0.999397
313	151	0.999629
73	33	0.998807
365	218	0.99902
270	185	0.999969
451	151	0.999363
63	5	0.999423
102	45	0.998807
106	54	0.999304
315	145	0.999403
348	320	0.999719
365	261	0.999024
187	70	0.999781
233	17	0.999077
68	14	0.998815
202	172	0.998959
174	84	0.999202
393	247	0.999812
257	62	0.999225
175	88	0.998959
126	78	0.998809
158	46	0.999316
445	190	0.999495
414	127	0.999674
66	40	0.999302
472	47	0.999732
76	20	0.999904
294	57	0.999859
116	68	0.999667
424	200	0.998804
188	84	0.999983
76	67	0.998915
51	10	0.999175
220	76	0.99957
457	269	0.999762
130	97	0.999015
119	27	0.999686
151	108	0.999914
304	85	0.998934
275	24	0.999193
274	245	0.998926
65	52	0.999603
472	464	0.999426
171	127	0.999031
482	111	0.999089
66	42	0.99942
129	104	0.999339
167	129	0.999387
483	214	0.99942
123	107	0.998922
135	91	0.999469
279	85	0.999914
320	161	0.999289
387	21	0.999085
246	124	0.998998
225	60	0.998957
82	26	0.999208
105	55	0.999589
230	228	0.999881
252	251	0.99898
367	79	0.999661
175	7	0.999988
98	47	0.998826
104	15	0.9995
330	195	0.999501
176	67	0.999684
143	100	0.999123
355	296	0.999867
165	137	0.999096
271	268	0.999714
192	191	0.998959
55	8	0.999539
429	334	0.999533
375	226	0.999515
396	122	0.999488
146	111	0.999189
259	24	0.999639
401	28	0.9995
368	316	0.999714
327	95	0.998854
184	174	0.999862
173	48	0.999748
240	230	0.999461
71	63	0.999242
410	53	0.999563
474	464	0.999635
447	222	0.999252
266	59	0.998875
308	212	0.999048
390	226	0.99909
245	96	0.999522
429	149	0.999487
116	96	0.99963
79	28	0.999203
378	183	0.998863
413	58	0.998906
272	49	0.999565
80	37	0.999758
325	259	0.999032
78	73	0.999953
217	178	0.999972
315	244	0.998915
250	133	0.999765
61	8	0.999714
250	28	0.999757
62	57	0.999726
118	113	0.99883
247	158	0.999056
90	71	0.999073
209	75	0.999199
430	319	0.999181
481	164	0.999791
379	339	0.999613
444	406	0.998827
225	21	0.999257
78	33	0.999269
480	347	0.999461
149	6	0.999697
56	25	0.999638
91	39	0.998821
468	94	0.998808
99	55	0.998991
369	301	0.998835
430	328	0.999305
360	225	0.999291
183	66	0.999862
471	62	0.999629
232	72	0.998859
304	254	0.999374
466	208	0.999354
270	195	0.999873
489	52	0.999867
285	65	0.998994
443	419	0.999115
406	317	0.999474
396	90	0.998815
97	27	0.998924
342	13	0.999527
110	43	0.998838
348	193	0.999843
463	461	0.999566
128	83	0.999257
191	127	0.99897
240	175	0.999174
492	298	0.998859
191	100	0.999239
396	28	0.999134
62	43	0.999916
233	225	0.999724
359	141	0.99939
416	230	0.999688
412	350	0.999397
477	225	0.998813
111	91	0.99931
110	22	0.999332
333	26	0.999408
452	217	0.999525
292	85	0.998938
448	397	0.999875
444	255	0.999452
182	63	0.999735
278	82	0.998788
172	156	0.999616
156	138	0.999301
163	110	0.998901
417	389	0.99971
137	114	0.999555
188	149	0.999654
441	368	0.999931
323	108	0.999392
269	267	0.998777
188	151	0.99909
463	391	0.999068
484	285	0.998805
150	34	0.998845
428	35	0.999865
160	17	0.999476
390	43	0.998811
370	237	0.998926
196	43	0.999538
126	97	0.999352
151	76	0.998911
280	113	0.998888
346	204	0.999951
147	85	0.99902
111	96	0.998802
375	47	0.999342
202	127	0.99944
62	20	0.99974
331	77	0.999864
379	313	0.999353
332	192	0.999102
436	389	0.999132
258	146	0.999149
194	179	0.999573
473	196	0.999396
218	50	0.999469
191	92	0.999064
444	203	0.999552
143	59	0.999214
280	279	0.999176
105	71	0.999188
412	223	0.999034
54	18	0.999066
275	165	0.998951
79	28	0.998902
375	19	0.99944
350	157	0.999431
60	9	0.999201
173	170	0.998892
447	149	0.999047
359	212	0.999365
174	95	0.999132
189	37	0.999229
352	294	0.998954
489	61	0.999111
288	247	0.998962
440	319	0.998939
342	237	0.99959
235	208	0.999533
60	29	0.999568
324	41	0.999344
116	45	0.999673
235	213	0.999815
119	28	0.999865
70	53	0.999343
232	65	0.998894
434	265	0.999343
88	55	0.999732
363	201	0.998982
402	218	0.999215
341	324	0.99882
115	48	0.999004
327	264	0.999005
162	23	0.998841
173	93	0.999196
444	79	0.9998
499	382	0.999342
320	308	0.999974
468	374	0.998876
327	303	0.999636
233	102	0.999881
491	58	0.998923
481	219	0.999882
350	136	0.999176
72	24	0.99904
171	134	0.999795
264	172	0.998955
469	56	0.999365
413	33	0.999372
77	49	0.999367
225	174	0.999126
184	42	0.999041
274	116	0.999023
149	104	0.999198
110	60	0.999066
264	114	0.999241
97	18	0.999009
408	286	0.999959
132	110	0.998997
377	231	0.998854
291	140	0.99991
155	139	0.999272
285	135	0.998923
474	462	0.999932
78	23	0.999441
174	33	0.999565
214	145	0.999166
402	306	0.999375
65	31	0.999008
112	96	0.99983
164	152	0.999808
288	234	0.998986
459	316	0.999741
346	48	0.999848
77	43	0.999388
216	94	0.999005
214	205	0.999581
182	69	0.999617
375	133	0.998929
374	61	0.999352
172	113	0.999138
395	259	0.99956
302	71	0.999493
65	19	0.999876
393	279	0.99924
69	23	0.998807
397	267	0.999474
58	21	0.999955
229	227	0.99986
272	150	0.99988
474	78	0.998916
291	97	0.999773
255	75	0.99894
174	72	0.999161
99	62	0.999871
322	127	0.99939
362	249	0.999294
406	19	0.999689
147	131	0.998856
246	129	0.998903
371	267	0.999687
138	112	0.999239
314	165	0.999059
69	32	0.99956
130	98	0.999061
242	28	0.998982
334	228	0.999279
356	216	0.999383
57	4	0.999974
433	376	0.999235
315	246	0.999646
271	174	0.999242
451	272	0.999274
205	137	0.999193
181	103	0.999337
111	20	0.998804
351	309	0.998818
173	148	0.998932
194	180	0.99918
131	94	0.999011
442	394	0.999474
469	367	0.999612
236	15	0.999649
125	59	0.998942
117	44	0.999769
153	66	0.99924
186	166	0.999151
301	68	0.99914
303	96	0.999348
141	46	0.998772
229	26	0.999156
336	129	0.999819
167	27	0.999
150	91	0.999133
237	197	0.999494
434	136	0.999706
402	376	0.99971
429	83	0.999952
485	113	0.999054
243	198	0.999994
450	18	0.99963
259	99	0.999983
152	130	0.999446
224	183	0.999657
132	64	0.999609
181	84	0.999356
474	220	0.999073
438	29	0.99878
98	23	0.998843
255	125	0.999914
379	295	0.999124
72	15	0.999483
99	8	0.999846
186	127	0.998803
259	175	0.999948
193	90	0.999084
255	248	0.999084
224	108	0.99979
349	285	0.999142
348	127	0.998902
217	85	0.999496
185	53	0.998945
382	231	0.999538
208	86	0.999446
347	133	0.999132
460	357	0.998823
455	54	0.998778
53	51	0.99935
457	269	0.999202
151	97	0.998873
229	147	0.999372
380	31	0.999692
54	38	0.999704
105	92	0.999462
479	310	0.998888
333	331	0.999536
416	311	0.999674
397	236	0.999374
461	173	0.999521
93	59	0.998994
50	45	0.998802
393	21	0.998835
339	136	0.999907
204	50	0.999994
296	252	0.999107
252	180	0.999423
429	207	0.999673
234	223	0.999165
67	36	0.998798
110	83	0.999365
162	142	0.999133
66	26	0.999216
90	50	0.999964
307	222	0.99958
258	119	0.999463
354	307	0.998775
60	18	0.998791
496	136	0.998876
399	20	0.99935
492	433	0.999569
351	301	0.999246
121	45	0.999158
391	250	0.99916
357	265	0.999256
78	39	0.999751
403	56	0.998791
73	42	0.999077
478	72	0.998911
364	317	0.999338
94	22	0.999968
427	151	0.999991
98	73	0.999929
350	249	0.999914
110	105	0.999471
143	118	0.999455
301	89	0.999187
497	338	0.99905
214	110	0.99887
144	13	0.999729
229	19	0.99881
119	77	0.999643
218	108	0.99907
175	74	0.998885
383	145	0.999631
229	223	0.999127
80	72	0.999374
447	143	0.999275
75	57	0.999964
97	64	0.999446
467	130	0.999156
145	122	0.998896
340	107	0.999749
250	227	0.999
254	190	0.99977
412	36	0.999867
73	10	0.999991
414	130	0.999306
209	145	0.999441
480	98	0.999688
239	64	0.998836
302	56	0.999994
500	39	0.999548
399	42	0.999699
98	51	0.99925
395	373	0.999019
435	158	0.999275
150	50	0.999052
329	124	0.999758
441	49	0.999932
395	100	0.999014
497	325	0.999204
472	28	0.999982
480	143	0.999487
127	28	0.999501
163	161	0.999142
333	329	0.999986
89	32	0.998837
449	446	0.999332
50	23	0.999565
243	11	0.999429
240	204	0.99932
234	57	0.999797
449	444	0.999521
403	152	0.999494
54	53	0.999742
196	49	0.999661
315	164	0.999452
400	306	0.998927
478	371	0.999684
313	56	0.998846
372	343	0.999444
488	346	0.999037
113	52	0.999923
201	197	0.999967
195	68	0.999248
377	191	0.999099
445	185	0.99916
146	54	0.999422
484	128	0.999998
256	47	0.999122
66	15	0.999662
493	103	0.999608
465	419	0.998906
128	87	0.999493
77	66	0.999126
167	82	0.999498
180	85	0.999364
415	264	0.998975
496	121	0.999789
415	100	0.999871
191	117	0.999861
104	11	0.999221
174	144	0.998823
495	198	0.999666
126	80	0.999371
424	284	0.999035
493	40	0.999282
403	235	0.999174
417	303	0.999396
190	46	0.999962
80	57	0.999177
454	84	0.999342
283	221	0.999772
289	288	0.999106
142	47	0.998948
387	186	0.998872
277	206	0.999601
94	35	0.99885
162	123	0.999838
366	55	0.999995
268	75	0.998799
74	27	0.999912
431	89	0.999013
321	285	0.999381
234	126	0.999342
480	459	0.999219
266	244	0.999596
364	127	0.99981
335	247	0.999854
380	102	0.999439
492	476	0.999638
496	388	0.998956
62	7	0.999009
423	42	0.999631
184	7	0.999722
141	27	0.999991
251	120	0.999652
317	98	0.999969
135	61	0.999776
436	309	0.998786
281	170	0.998802
263	51	0.999203
306	26	0.999356
174	124	0.999487
380	66	0.999288
59	58	0.999748
397	140	0.999651
316	245	0.999918
494	232	0.999877
473	412	0.999612
464	235	0.999668
487	421	0.999433
405	192	0.999667
209	59	0.999579
155	83	0.999424
263	86	0.999126
268	263	0.999862
106	15	0.999769
354	294	0.999815
245	123	0.999799
288	125	0.99893
252	115	0.999047
158	22	0.999827
143	18	0.999544
127	120	0.999597
485	252	0.999101
499	400	0.999088
135	118	0.999188
153	75	0.998996
139	40	0.999424
406	102	0.998988
110	32	0.999966
400	190	0.998976
480	157	0.999353
451	341	0.999721
443	96	0.99912
485	106	0.999519
449	221	0.999275
444	327	0.999496
241	96	0.999439
107	68	0.999277
129	71	0.999375
189	124	0.998966
190	139	0.998924
253	237	0.99936
83	42	0.998984
294	223	0.999679
301	204	0.999223
269	211	0.999883
319	192	0.998933
274	222	0.999505
249	152	0.998911
279	170	0.998994
68	53	0.999586
61	50	0.999624
184	64	0.999854
306	120	0.999402
370	262	0.99965
172	42	0.999007
64	36	0.99985
226	178	0.998949
312	236	0.999027
163	146	0.99885
230	88	0.999982
96	42	0.999124
464	265	0.998876
274	114	0.999835
365	302	0.998865
496	462	0.999776
374	360	0.999066
486	445	0.999877
189	113	0.999689
399	67	0.999307
276	68	0.998978
406	344	0.998992
281	50	0.99905
466	352	0.999247
469	187	0.998835
301	78	0.99882
400	58	0.999633
287	258	0.999913
410	318	0.999388
449	175	0.999619
140	97	0.998926
418	36	0.999861
493	95	0.99928
152	109	0.999799
269	193	0.99894
134	46	0.998873
229	123	0.999073
428	146	0.999306
209	8	0.99915
384	70	0.998986
270	154	0.999471
151	89	0.999877
291	212	0.999661
161	115	0.999441
84	59	0.998903
231	189	0.998881
240	131	0.999815
476	136	0.999905
257	181	0.999732
364	34	0.998944
399	18	0.998915
483	239	0.999455
51	42	0.999194
462	136	0.999437
52	32	0.998928
140	43	0.99895
475	341	0.999186
62	28	0.999983
157	127	0.999515
133	27	0.999881
346	69	0.999219
269	87	0.999528
270	76	0.998892
246	23	0.999972
463	281	0.998981
247	99	0.999116
247	133	0.998826
370	103	0.99925
156	110	0.99977
229	161	0.999549
92	31	0.999996
60	17	0.998921
472	460	0.999959
258	130	0.999301
333	276	0.999607
296	78	0.999827
277	11	0.999719
155	49	0.999089
496	59	0.999423
453	261	0.998935
89	8	0.999568
203	141	0.999144
425	171	0.998803
328	140	0.998964
108	41	0.999968
193	159	0.999261
451	292	0.998955
276	227	0.999671
474	171	0.999472
134	29	0.999204
252	214	0.999644
243	138	0.999581
454	23	0.998775
471	330	0.999133
390	85	0.999251
165	130	0.999258
119	53	0.999263
418	356	0.998775
436	404	0.999516
435	283	0.999749
320	37	0.999255
351	256	0.998915
355	192	0.999515
481	167	0.998797
237	115	0.999019
389	202	0.999806
67	49	0.999034
310	60	0.999075
107	96	0.999877
264	193	0.999358
407	332	0.999338
379	74	0.999369
268	200	0.999523
463	52	0.99967
97	16	0.999866
133	37	0.999067
75	27	0.999387
341	165	0.999569
100	63	0.999883
253	203	0.999666
332	198	0.999633
463	161	0.99931
72	51	0.999004
255	173	0.999188
54	9	0.999382
129	33	0.998786
141	76	0.999722
78	33	0.999127
453	227	0.9997
161	158	0.999708
205	124	0.998953
197	100	0.998926
447	274	0.999083
108	18	0.99991
88	12	0.998981
94	51	0.999144
476	280	0.999842
139	110	0.99955
493	30	0.999802
312	171	0.999659
74	19	0.999815
77	18	0.99881
61	59	0.999074
182	39	0.999434
498	94	0.998778
414	148	0.99894
140	107	0.999349
426	164	0.999789
339	116	0.999435
206	53	0.998872
81	55	0.999819
341	250	0.998862
210	145	0.998994
318	247	0.999876
340	283	0.999956
421	375	0.999089
364	15	0.999307
371	80	0.999159
438	109	0.999647
202	16	0.999272
278	99	0.999783
288	286	0.999894
207	169	0.999073
86	77	0.999519
245	100	0.999232
180	108	0.999697
208	48	0.99924
163	26	0.99918
499	331	0.998867
494	34	0.999573
196	51	0.999695
148	16	0.999199
304	207	0.99897
498	360	0.999068
227	167	0.999763
148	146	0.999979
91	25	0.999558
68	6	0.999495
430	187	0.999277
375	289	0.999137
61	4	0.999234
337	62	0.998867
301	204	0.999737
246	151	0.999537
444	107	0.999077
348	126	0.999242
262	16	0.999882
158	128	0.999053
244	236	0.999763
141	66	0.999374
424	78	0.999878
93	9	0.99908
469	40	0.999991
359	282	0.999059
67	66	0.999569
463	162	0.999431
472	183	0.999177
488	279	0.9997
349	101	0.999423
485	238	0.999828
320	37	0.999431
304	261	0.999837
174	69	0.999844
377	361	0.998804
184	106	0.998874
188	32	0.999366
280	31	0.999026
394	128	0.999607
309	284	0.998986
434	418	0.99942
243	168	0.999143
114	113	0.998945
312	231	0.99973
456	399	0.998773
350	38	0.99974
187	184	0.998938
254	215	0.999166
452	277	0.999909
390	388	0.999767
76	57	0.999686
481	276	0.999088
425	27	0.998924
90	46	0.999937
369	68	0.99915
124	114	0.999355
407	146	0.999926
385	33	0.999026
203	158	0.999767
84	62	0.99964
411	40	0.999608
86	25	0.999139
212	77	0.999986
60	46	0.999035
243	91	0.999376
247	12	0.999047
91	51	0.999606
493	288	0.998873
87	13	0.999635
251	39	0.999347
366	245	0.999527
430	184	0.999919
73	15	0.999412
377	323	0.999256
436	293	0.999312
151	93	0.999537
396	17	0.999047
399	336	0.999509
336	295	0.999005
355	319	0.99995
107	95	0.99981
58	14	0.999189
458	277	0.998894
421	46	0.999291
209	136	0.999592
261	59	0.999523
118	113	0.999422
352	292	0.999225
275	269	0.999849
471	346	0.998906
111	97	0.999329
473	141	0.9999
233	46	0.999869
137	50	0.99895
349	231	0.999787
305	267	0.999891
198	70	0.998953
122	49	0.999412
58	23	0.998832
444	21	0.999894
53	45	0.999418
364	232	0.999186
176	160	0.999523
443	101	0.99978
409	282	0.998879
176	85	0.99887
113	70	0.99887
54	31	0.998997
171	133	0.999208
85	60	0.999385
245	121	0.998816
336	145	0.999886
187	68	0.99944
288	197	0.998842
443	336	0.999198
458	337	0.999165
406	19	0.999218
126	7	0.999077
169	108	0.999007
347	213	0.999564
160	56	0.998874
490	422	0.999263
466	232	0.998971
211	163	0.998951
90	47	0.999291
124	75	0.99965
107	48	0.998919
238	24	0.999305
392	36	0.999968
224	182	0.999957
418	189	0.998802
130	117	0.999196
489	241	0.99911
432	349	0.999785
52	49	0.998856
416	119	0.999797
99	76	0.99958
445	28	0.999926
321	219	0.998788
490	152	0.998797
247	80	0.999499
411	214	0.998907
171	170	0.999905
353	44	0.998873
160	130	0.999778
424	246	0.999889
179	165	0.99912
214	192	0.999869
204	119	0.999555
166	77	0.999196
379	311	0.999672
425	63	0.998913
472	236	0.999603
431	163	0.999975
344	343	0.999434
96	48	0.999698
439	247	0.99951
141	136	0.999897
482	476	0.999463
475	135	0.999243
462	255	0.998997
470	286	0.999729
280	161	0.999678
187	23	0.999995
189	7	0.999385
458	180	0.999258
304	272	0.999112
448	218	0.999671
304	58	0.999959
367	48	0.999975
58	22	0.999116
111	38	0.999574
277	156	0.999995
196	153	0.998929
153	90	0.999617
412	17	0.999306
234	123	0.999409
86	5	0.999983
473	321	0.99988
74	43	0.999161
307	301	0.999521
164	162	0.999672
300	184	0.999772
246	146	0.999383
272	197	0.999255
184	169	0.999611
52	51	0.999857
193	46	0.999731
483	194	0.999284
225	156	0.999639
161	94	0.999754
295	213	0.999687
150	31	0.999603
319	80	0.99887
289	221	0.998948
410	79	0.999059
57	52	0.99981
59	37	0.999274
102	68	0.999891
415	169	0.999266
235	30	0.999881
115	20	0.999124
253	223	0.999343
66	41	0.998797
432	223	0.999191
79	4	0.999792
107	30	0.999318
298	67	0.999331
68	63	0.999606
437	121	0.999446
125	118	0.998977
115	70	0.999948
123	83	0.999902
479	62	0.998799
344	133	0.999428
197	23	0.999552
142	137	0.999064
489	317	0.99984
431	368	0.9989
431	111	0.999602
245	16	0.999352
179	97	0.999059
311	41	0.999928
196	11	0.999194
265	153	0.998973
277	184	0.99984
211	127	0.999165
76	33	0.998878
291	288	0.999078
80	35	0.999442
494	441	0.999719
91	55	0.998885
233	34	0.999939
173	106	0.999811
264	63	0.999025
383	379	0.998996
218	194	0.999961
64	37	0.999487
310	45	0.999787
379	185	0.999622
321	193	0.999892
151	132	0.99885
68	15	0.998827
492	185	0.998846
324	141	0.999392
383	330	0.999046
145	60	0.999816
217	29	0.999047
283	163	0.998809
416	270	0.99881
137	119	0.999361
414	279	0.999721
473	147	0.99998
191	13	0.998929
175	51	0.999882
288	192	0.999591
82	51	0.999753
467	100	0.999854
74	23	0.999024
335	72	0.999729
483	211	0.999866
244	159	0.999616
91	50	0.998875
116	101	0.999593
485	369	0.999435
304	218	0.999019
436	277	0.998791
163	154	0.99972
402	389	0.998923
115	12	0.999811
131	34	0.999537
299	180	0.999623
96	73	0.998957
192	145	0.99884
142	110	0.998915
239	30	0.999998
452	101	0.999762
497	484	0.999776
227	40	0.998939
238	57	0.998897
106	36	0.999294
436	132	0.999584
