6000
203	160	0.99951
89	61	0.999643
263	218	0.999698
382	277	0.999258
345	201	0.99989
50	31	0.999246
215	135	0.99933
266	88	0.999515
215	129	0.999249
71	29	0.999887
421	374	0.999522
80	38	0.999869
235	129	0.999363
380	223	0.999248
60	45	0.999722
220	42	0.999426
322	58	0.999271
333	294	0.999825
334	251	0.999727
200	109	0.999485
205	89	0.999763
354	276	0.999268
72	67	0.999482
194	155	0.999728
139	70	0.999731
321	244	0.999348
253	158	0.999435
363	101	0.999416
471	305	0.999551
178	134	0.999902
76	24	0.999395
483	116	0.999783
231	163	0.999329
230	60	0.999763
439	313	0.999801
210	154	0.999499
68	45	0.999889
243	82	0.99977
464	64	0.999509
447	303	0.999395
360	104	0.999302
166	107	0.999318
105	66	0.999808
428	298	0.999582
378	325	0.999721
410	116	0.999991
463	316	0.999972
267	75	0.99926
407	145	0.999926
245	143	0.99944
227	195	0.999369
107	47	0.999449
57	48	0.999525
332	295	0.999662
446	65	0.999614
260	60	0.999519
281	221	0.999684
190	177	0.999294
51	8	0.999562
274	162	0.999782
336	331	0.999708
259	42	0.999947
106	43	0.999857
244	133	0.999491
235	69	0.99969
253	227	0.999785
416	322	0.99949
71	10	0.999973
480	271	0.999438
416	397	0.999749
98	26	0.999918
371	100	0.999359
117	74	0.999342
296	179	0.99939
131	33	0.999479
264	39	0.999456
437	51	0.999965
175	149	0.999791
80	17	0.999376
403	191	0.999684
191	148	0.999368
56	29	0.999694
333	164	0.999992
420	140	0.999478
119	79	0.999757
230	176	0.999794
466	163	0.999286
191	83	0.999279
62	42	0.999762
456	300	0.999221
58	52	0.999574
240	225	0.999862
458	173	0.999643
440	267	0.999913
163	43	0.999559
158	86	0.999467
493	380	0.99936
269	135	0.999258
156	48	0.999785
419	45	0.999395
322	168	0.999597
180	39	0.999799
253	113	0.999839
245	185	0.999608
144	69	0.99968
122	120	0.99958
130	43	0.999268
460	385	0.999736
362	134	0.999907
254	100	0.999335
322	217	0.99942
82	46	0.999608
367	228	0.999327
377	112	0.999389
114	18	0.999695
444	102	0.999419
142	52	0.999482
399	206	0.999335
464	169	0.999855
256	162	0.999698
219	49	0.999597
327	95	0.999325
93	38	0.999757
470	266	0.99932
64	17	0.999458
451	204	0.99946
163	64	0.999661
130	40	0.999568
389	341	0.999511
457	253	0.999617
110	25	0.999828
318	148	0.999576
469	294	0.999995
372	112	0.999297
241	230	0.999446
377	345	0.99946
181	63	0.999691
363	166	0.999222
330	286	0.999879
208	173	0.999333
346	210	0.999509
163	102	0.999559
466	454	0.999442
122	58	0.999398
62	22	0.999978
448	104	0.999344
83	8	0.999549
327	79	0.999588
183	167	0.99998
457	170	0.999913
108	56	0.999643
367	347	0.999403
235	213	0.999719
343	261	0.999362
279	76	0.999955
474	466	0.999698
234	210	0.999901
434	429	0.999749
105	42	0.99953
196	69	0.999604
365	248	0.999294
149	131	0.999951
297	284	0.999359
204	77	0.999397
296	198	0.999268
253	237	0.999573
253	152	0.999485
499	239	0.999381
256	39	0.999343
234	183	0.999696
314	312	0.999709
196	106	0.999402
100	23	0.9993
363	305	0.999436
380	254	0.999327
401	88	0.999889
138	76	0.999272
77	59	0.999658
376	106	0.999667
376	312	0.999868
187	62	0.999962
50	21	0.999648
290	274	0.999331
202	188	0.999714
368	250	0.999439
114	19	0.999294
286	244	0.999518
455	236	0.999254
431	130	0.999521
286	275	0.999856
282	264	0.999483
275	117	0.999356
216	69	0.999372
201	101	0.999315
431	279	0.999993
485	331	0.999775
426	58	0.999971
240	116	0.999305
112	105	0.999878
488	306	0.999484
305	42	0.999418
177	19	0.999474
493	182	0.999711
341	250	0.999733
108	83	0.999689
389	315	0.999928
215	111	0.999928
84	57	0.99926
465	146	0.99969
365	88	0.999558
485	465	0.99931
294	28	0.999759
219	153	0.999702
387	128	0.999907
426	187	0.999729
435	210	0.999406
281	81	0.999969
106	83	0.999503
419	124	0.999759
297	154	0.999833
322	50	0.999636
372	220	0.999295
189	186	0.999275
276	94	0.999778
222	57	0.999496
257	53	0.999733
128	96	0.999564
413	303	0.9999
102	15	0.999751
348	103	0.999799
115	86	0.999403
218	77	0.999764
443	123	0.999658
452	276	0.999252
408	108	0.999636
303	266	0.999496
435	68	0.999861
78	21	0.99932
155	32	0.999231
159	116	0.999618
367	296	0.999656
215	174	0.999244
394	222	0.999439
469	347	0.999469
332	139	0.999572
286	133	0.999824
476	412	0.999716
338	60	0.999875
206	169	0.999631
433	405	0.999269
320	250	0.999855
291	234	0.999441
216	148	0.999951
186	98	0.999843
235	86	0.999947
396	39	0.999528
213	71	0.999803
336	295	0.999749
243	66	0.99985
51	9	0.999461
199	35	0.999797
497	438	0.99955
483	266	0.999394
70	41	0.999298
193	66	0.999376
87	57	0.999709
82	81	0.999816
255	123	0.999238
392	310	0.999487
323	275	0.999515
154	30	0.999341
451	438	0.999439
305	139	0.99981
177	139	0.999848
135	66	0.999521
358	273	0.999645
171	48	0.999985
138	130	0.999818
258	140	0.999397
413	333	0.999393
131	86	0.999667
128	49	0.999749
220	89	0.999399
328	150	0.999644
163	24	0.999716
298	283	0.999761
137	60	0.999364
406	96	0.999702
93	28	0.999293
135	89	0.999248
410	341	0.999507
349	323	0.999431
458	113	0.999559
88	87	0.999591
161	134	0.999802
183	109	0.999573
57	18	0.999549
300	239	0.99925
166	16	0.999686
226	195	0.999957
277	205	0.999822
340	273	0.999776
496	232	0.999554
152	30	0.99972
395	382	0.999825
247	154	0.999877
173	34	0.999912
446	163	0.999823
294	261	0.999594
406	64	0.999743
250	248	0.999687
495	60	0.999285
99	87	0.999219
482	451	0.999232
305	267	0.99923
335	105	0.999566
428	148	0.999269
299	259	0.999364
379	47	0.999556
452	142	0.999486
96	21	0.999983
316	164	0.999937
152	68	0.999414
277	172	0.999684
490	433	0.999562
340	158	0.999533
396	101	0.999377
443	255	0.999444
360	85	0.999732
349	323	0.999849
357	226	0.999998
149	121	0.999745
400	125	0.999262
488	253	0.999651
267	79	0.99994
219	208	0.999273
480	409	0.999578
390	245	0.999724
94	31	0.999843
496	186	0.999489
90	24	0.999996
71	53	0.999285
169	62	0.999326
151	135	0.999929
438	193	0.999293
468	399	0.999663
198	19	0.999612
496	343	0.999454
92	74	0.999374
302	71	0.999507
160	134	0.999256
207	48	0.999269
175	95	0.999375
246	244	0.999422
70	39	0.999251
204	45	0.999767
379	344	0.99925
416	212	0.999717
379	309	0.999478
249	244	0.999867
126	37	0.999251
174	146	0.999529
366	109	0.999932
167	25	0.999633
355	201	0.999322
261	115	0.999944
291	181	0.999403
327	311	0.999644
90	41	0.999532
286	115	0.999609
199	138	0.999453
139	83	0.999943
302	296	0.999946
473	210	0.999395
253	233	0.999431
426	406	0.999792
455	200	0.999441
58	40	0.999936
431	265	0.999941
147	50	0.999785
93	72	0.999881
445	262	0.999926
427	386	0.99951
480	376	0.999232
297	42	0.999433
294	83	0.999385
228	147	0.999623
436	105	0.999278
478	274	0.999854
87	16	0.999433
323	70	0.999786
85	44	0.999949
96	95	0.999592
417	240	0.999478
126	114	0.999478
332	51	0.999951
390	272	0.999384
89	27	0.999825
120	40	0.999855
107	38	0.99993
417	156	0.999595
189	125	0.999651
224	180	0.999646
216	169	0.999268
196	173	0.999218
176	127	0.999917
360	355	0.999948
425	147	0.999989
458	221	0.999971
364	287	0.9997
154	74	0.999806
113	54	0.999744
381	338	0.999777
259	242	0.999577
312	100	0.999805
228	40	0.999962
250	249	0.999493
256	126	0.999948
451	449	0.999289
171	44	0.99927
432	264	0.999607
434	368	0.999687
326	275	0.999558
459	330	0.999803
130	76	0.999644
104	31	0.999359
76	70	0.999971
347	125	0.999626
293	53	0.999771
494	245	0.999349
334	276	0.99991
244	174	0.999349
333	296	0.999471
266	107	0.999817
386	332	0.999502
245	229	0.999797
326	97	0.999308
81	28	0.99991
188	114	0.999936
191	20	0.999334
137	121	0.999561
202	164	0.999592
171	39	0.999565
141	75	0.999821
183	89	0.999951
242	50	0.999921
264	240	0.999263
341	177	0.999671
439	348	0.999255
53	47	0.999496
72	9	0.999696
479	409	0.99951
124	57	0.999479
333	67	0.999955
54	44	0.999939
124	86	0.999426
206	106	0.999424
230	189	0.999367
139	131	0.999995
490	131	0.999376
158	119	0.999386
492	137	0.999725
352	210	0.999444
275	103	0.999356
320	264	0.999745
489	385	0.999362
404	262	0.999521
197	138	0.999937
304	78	0.999259
408	144	0.999937
91	76	0.999449
446	251	0.999995
143	66	0.99979
197	141	0.999874
275	109	0.999894
62	45	0.999977
70	20	0.999395
410	51	0.999821
386	321	0.999691
259	115	0.999335
58	35	0.999943
72	11	0.999944
140	24	0.999874
414	99	0.999417
139	47	0.999608
64	23	0.999699
248	179	0.999371
119	47	0.999292
182	116	0.999439
282	42	0.99932
333	168	0.999963
372	281	0.999585
200	119	0.999488
137	15	0.999352
297	65	0.999457
223	196	0.999954
80	49	0.999772
55	8	0.999718
203	136	0.999752
184	71	0.999859
114	37	0.999914
297	296	0.999919
92	34	0.999887
315	35	0.999607
208	25	0.999899
187	45	0.999478
146	23	0.999785
311	42	0.999324
376	52	0.999953
433	152	0.999955
427	331	0.999463
350	185	0.999263
258	64	0.999717
389	290	0.999404
489	295	0.999892
222	165	0.999392
448	258	0.999841
308	168	0.999235
76	20	0.999231
150	146	0.999861
293	144	0.999972
236	65	0.999472
226	186	0.999955
263	258	0.999918
250	121	0.999835
275	54	0.999633
158	79	0.999383
416	65	0.999589
129	28	0.999857
132	35	0.99995
417	392	0.999235
160	95	0.99985
450	390	0.999623
190	82	0.999488
196	157	0.999985
191	133	0.999313
117	81	0.999756
263	39	0.999478
188	51	0.999946
97	29	0.999448
401	81	0.999973
154	109	0.999676
124	119	0.999511
120	109	0.999858
421	258	0.999438
394	316	0.99929
106	91	0.999739
85	59	0.999898
469	182	0.999738
423	144	0.999277
243	195	0.999893
178	60	0.999498
53	29	0.999344
363	357	0.999508
398	375	0.999915
477	397	0.999745
467	410	0.999305
289	276	0.999907
256	111	0.99935
148	84	0.999678
364	212	0.999687
158	84	0.999893
424	160	0.99934
145	86	0.999398
378	249	0.999332
385	343	0.999298
124	102	0.999834
175	35	0.999945
485	391	0.999953
407	345	0.99941
86	47	0.999709
319	139	0.999359
86	57	0.999741
194	22	0.999818
125	76	0.999798
286	246	0.999309
106	60	0.999429
271	208	0.999392
359	149	0.9998
317	241	0.999605
492	360	0.999502
475	384	0.999919
79	23	0.999285
92	27	0.999896
179	47	0.999511
69	26	0.999449
121	49	0.999629
422	123	0.999245
493	158	0.999984
221	65	0.99945
79	66	0.999704
345	230	0.99933
491	429	0.999633
51	15	0.999303
265	142	0.999226
113	40	0.999562
453	151	0.9996
245	142	0.999507
60	23	0.999843
448	295	0.9997
243	90	0.999807
288	251	0.999799
344	98	0.999619
470	161	0.999548
350	269	0.999917
169	59	0.999763
93	75	0.999219
111	90	0.999594
64	32	0.999227
350	173	0.999812
381	62	0.999262
215	78	0.999715
213	57	0.999795
305	54	0.999881
388	261	0.999532
398	82	0.99954
335	188	0.999275
426	42	0.999359
291	132	0.999691
136	32	0.999525
223	101	0.999674
87	53	0.999312
299	158	0.999424
373	288	0.999851
497	260	0.999742
102	48	0.999747
380	295	0.99938
360	75	0.999313
85	67	0.999798
95	86	0.999569
208	70	0.999966
447	197	0.999924
128	58	0.999319
226	136	0.999312
161	46	0.999965
346	94	0.999604
414	102	0.999373
412	341	0.99976
484	360	0.999984
253	195	0.999862
392	200	0.999652
385	65	0.999484
307	153	0.999356
227	144	0.999491
360	44	0.999286
239	157	0.999545
453	382	0.999262
184	170	0.999659
111	108	0.99989
282	88	0.999842
476	100	0.999896
172	166	0.999807
122	43	0.999878
114	93	0.999677
336	243	0.99965
256	91	0.999414
71	61	0.99981
366	235	0.999407
499	141	0.999383
404	173	0.999745
244	99	0.999281
386	319	0.999791
439	196	0.999406
440	402	0.999352
478	470	0.999771
116	91	0.999698
330	196	0.999239
213	79	0.999409
180	167	0.999865
159	22	0.999557
269	251	0.999803
257	87	0.999286
426	302	0.999371
100	71	0.999543
360	305	0.99999
377	195	0.999218
439	53	0.999237
55	6	0.999843
58	49	0.999724
111	97	0.999821
407	203	0.999948
101	86	0.999603
145	143	0.999562
223	115	0.99989
84	60	0.999413
124	104	0.999384
54	7	0.999266
406	91	0.999294
357	90	0.99944
298	284	0.999379
108	78	0.999285
352	66	0.999589
274	97	0.999942
192	178	0.999493
93	84	0.999816
82	42	0.999403
489	461	0.999478
214	160	0.999615
96	11	0.999608
201	97	0.999938
92	35	0.999431
162	129	0.999297
304	77	0.999266
358	251	0.999604
237	146	0.999873
74	48	0.999407
93	19	0.999301
123	35	0.999484
373	156	0.999743
71	22	0.999779
268	169	0.999532
121	71	0.999411
305	44	0.999618
140	14	0.99994
446	307	0.999962
86	23	0.999222
294	112	0.999429
50	38	0.999615
256	98	0.999925
123	15	0.999673
458	421	0.999242
279	186	0.999502
296	222	0.999626
263	122	0.999446
467	336	0.999698
358	257	0.999495
371	319	0.999488
171	108	0.999308
148	66	0.999868
388	103	0.999958
54	12	0.999714
162	75	0.999385
466	215	0.999626
253	117	0.999759
202	70	0.999771
326	235	0.999538
471	86	0.999345
393	235	0.999538
284	48	0.999773
94	33	0.999778
115	40	0.999766
266	203	0.999444
457	190	0.99923
451	344	0.999608
396	376	0.999988
189	94	0.999237
105	22	0.999273
446	80	0.99946
440	104	0.999259
244	190	0.999365
320	118	0.999663
215	105	0.999557
171	70	0.999305
420	372	0.999779
252	238	0.999498
75	36	0.999711
267	121	0.99944
281	123	0.999803
372	295	0.999458
128	45	0.999432
159	124	0.999958
480	121	0.999614
375	89	0.999411
184	137	0.999852
158	124	0.999698
217	83	0.999389
181	23	0.99933
61	21	0.999492
398	243	0.999541
106	76	0.999489
273	160	0.999924
81	61	0.999789
323	102	0.999939
114	46	0.999316
441	402	0.999665
111	35	0.999731
124	59	0.999245
227	216	0.999855
248	229	0.999737
66	13	0.999721
174	122	0.99954
227	68	0.999443
67	30	0.999959
260	89	0.999387
222	57	0.999907
413	117	0.999388
221	162	0.999462
464	124	0.999901
191	70	0.999388
411	387	0.999317
351	216	0.999264
53	13	0.999549
225	112	0.99994
428	245	0.999695
244	235	0.9994
343	97	0.999775
409	158	0.999235
106	100	0.999855
106	34	0.999437
496	163	0.999266
247	147	0.999959
489	144	0.999279
254	213	0.999228
119	45	0.999942
476	81	0.999671
365	40	0.999514
342	39	0.999995
354	138	0.999578
446	371	0.999787
304	100	0.999676
129	116	0.999698
228	83	0.999944
85	40	0.999763
76	45	0.999314
345	47	0.999551
282	96	0.999297
140	109	0.999357
321	54	0.999426
238	219	0.999535
153	137	0.999786
189	188	0.999964
190	67	0.999303
67	53	0.999991
339	212	0.999497
443	43	0.999897
499	464	0.99951
203	47	0.999767
154	51	0.999408
269	75	0.999901
369	145	0.999729
341	92	0.999644
331	284	0.999736
203	67	0.999883
161	25	0.999285
437	128	0.999531
95	44	0.999703
413	164	0.999711
255	31	0.999458
455	439	0.999346
489	108	0.99923
133	21	0.999984
495	211	0.999587
202	85	0.999875
276	142	0.999302
258	68	0.999641
308	113	0.999801
130	72	0.999698
345	61	0.999287
482	425	0.999937
234	107	0.999625
211	114	0.999952
435	427	0.999483
242	238	0.999825
473	155	0.999671
129	80	0.999281
208	28	0.999554
397	181	0.999278
308	77	0.999244
253	222	0.999912
242	149	0.999565
416	213	0.999958
81	45	0.999476
440	388	0.999266
209	145	0.999278
73	45	0.999305
424	420	0.999853
136	16	0.999687
100	57	0.999976
417	393	0.999331
395	332	0.999827
339	225	0.999661
127	80	0.999496
185	121	0.999716
187	94	0.999446
134	107	0.999717
391	105	0.999683
182	97	0.99927
214	192	0.999301
269	258	0.999495
308	210	0.999408
242	219	0.99954
363	53	0.999606
345	117	0.999242
454	80	0.999244
179	121	0.999728
155	50	0.999781
228	176	0.999933
436	329	0.999984
170	130	0.999649
125	99	0.999927
477	232	0.999934
406	133	0.999724
53	47	0.999687
500	442	0.999269
446	329	0.999328
374	216	0.999644
250	135	0.999947
345	181	0.999784
188	43	0.999503
68	29	0.99972
160	18	0.999883
179	73	0.999414
209	161	0.99948
92	70	0.999374
178	93	0.999258
326	132	0.999891
477	187	0.999565
216	107	0.999669
153	53	0.999641
412	344	0.999276
322	302	0.999658
401	192	0.999489
73	71	0.999861
214	84	0.999304
432	303	0.999451
430	166	0.99943
308	142	0.999821
108	106	0.99942
360	209	0.999514
155	39	0.999873
497	478	0.999444
99	36	0.99994
273	100	0.999363
496	373	0.99986
443	232	0.999769
66	20	0.999279
108	100	0.99922
84	22	0.999965
264	97	0.999988
198	133	0.99969
416	169	0.999886
227	136	0.999482
98	67	0.999294
195	58	0.999852
117	18	0.999801
88	24	0.999437
64	47	0.999258
122	91	0.999936
76	22	0.999642
229	36	0.999908
276	138	0.999441
145	46	0.999294
471	410	0.999248
468	451	0.99948
224	218	0.999732
306	146	0.99929
342	187	0.99976
209	89	0.999268
141	59	0.999281
80	55	0.999351
205	33	0.999719
490	427	0.999644
180	155	0.999384
423	195	0.999574
365	54	0.999439
130	34	0.999279
195	60	0.99933
340	138	0.999282
85	26	0.999582
354	92	0.999554
193	178	0.999524
390	206	0.999911
151	16	0.999845
388	184	0.999305
97	78	0.999898
286	112	0.999926
223	45	0.999457
222	163	0.999962
145	35	0.999579
198	95	0.999709
484	432	0.999648
388	352	0.999246
484	82	0.99959
337	272	0.999824
215	87	0.999589
430	271	0.999452
173	134	0.99975
107	49	0.999335
292	185	0.999887
381	283	0.999349
163	60	0.999565
320	282	0.999383
118	22	0.999338
380	356	0.999989
409	387	0.999951
126	35	0.9994
87	12	0.999608
327	188	0.999583
89	57	0.99985
337	50	0.999876
79	23	0.999446
497	264	0.999522
208	125	0.999305
483	315	0.999724
278	186	0.999875
135	112	0.999521
171	130	0.999399
225	59	0.999428
306	33	0.999724
79	49	0.999976
155	83	0.99963
186	143	0.999385
414	229	0.999867
412	267	0.999575
249	27	0.999654
187	124	0.999934
228	42	0.999421
273	148	0.999768
423	401	0.999828
83	69	0.999323
488	372	0.999955
227	66	0.999284
408	254	0.999792
235	177	0.999778
135	99	0.999578
374	190	0.999394
229	108	0.99953
264	161	0.999843
223	209	0.999301
184	42	0.999259
93	72	0.999334
367	279	0.999809
481	254	0.999432
152	26	0.999975
129	57	0.999434
349	203	0.999341
497	318	0.999468
145	32	0.9997
190	79	0.999516
169	68	0.999809
393	244	0.999467
298	270	0.999784
84	12	0.99974
497	96	0.999788
112	29	0.999365
127	106	0.999741
375	337	0.999593
248	211	0.999832
305	247	0.999638
413	381	0.999436
177	171	0.999844
199	70	0.999534
202	32	0.999937
378	351	0.999446
98	65	0.999313
58	25	0.999569
206	38	0.999514
351	140	0.999746
96	49	0.999395
147	23	0.999809
187	142	0.99932
195	172	0.999449
403	339	0.999648
92	70	0.999685
424	398	0.99934
201	71	0.99985
353	248	0.999695
122	62	0.999492
385	48	0.999472
66	40	0.999658
384	68	0.999619
492	306	0.999998
403	150	0.999343
388	239	0.999672
140	74	0.999366
141	115	0.999343
267	101	0.999803
462	102	0.99957
163	96	0.999909
127	58	0.999286
314	68	0.999998
322	181	0.999991
130	46	0.999793
357	62	0.999783
376	359	0.999478
70	47	0.99993
284	121	0.999789
341	228	0.999367
132	76	0.999799
389	212	0.999412
153	41	0.999958
472	193	0.999498
221	82	0.999695
470	164	0.999918
65	49	0.999986
307	103	0.999335
151	77	0.999752
329	126	0.999372
483	428	0.999861
234	45	0.999939
464	274	0.999377
88	40	0.999486
153	45	0.999316
63	44	0.999641
310	252	0.999556
278	254	0.99969
254	183	0.999377
89	79	0.999822
252	235	0.999633
130	107	0.999318
266	116	0.999968
250	226	0.999949
314	249	0.999757
488	114	0.999742
65	10	0.999855
160	148	0.999368
376	185	0.999431
57	12	0.999811
398	95	0.999352
397	126	0.999648
236	102	0.999305
423	44	0.999295
250	204	0.999739
67	60	0.99944
281	43	0.999369
372	313	0.999922
349	268	0.999487
229	30	0.999781
380	173	0.999395
407	220	0.999323
370	158	0.999374
239	217	0.999363
105	59	0.999291
249	185	0.999951
406	95	0.999353
208	44	0.999601
188	57	0.999411
344	336	0.999458
343	329	0.999608
127	94	0.999736
273	42	0.999811
286	123	0.999919
159	83	0.999323
265	223	0.999656
185	94	0.999985
383	378	0.999694
349	189	0.99938
345	96	0.999251
382	154	0.999489
250	213	0.999549
183	68	0.99946
491	416	0.999785
262	179	0.999518
349	241	0.999969
197	154	0.999526
88	27	0.999485
210	190	0.999251
464	411	0.999652
206	26	0.99923
444	418	0.999916
304	112	0.999899
334	317	0.999539
249	172	0.999533
378	250	0.999604
438	413	0.99975
367	234	0.999294
457	329	0.999262
151	77	0.999434
447	444	0.999381
151	22	0.999854
253	223	0.999887
298	70	0.999555
207	158	0.999464
309	161	0.999505
376	175	0.999395
184	125	0.999435
400	372	0.999658
222	206	0.999722
79	60	0.999435
422	251	0.999612
327	131	0.999418
432	310	0.999965
353	335	0.999772
410	193	0.999854
402	332	0.999668
450	364	0.999712
371	63	0.999385
57	28	0.999717
128	34	0.999574
233	30	0.999924
114	54	0.999433
322	166	0.999503
363	230	0.999244
291	174	0.999407
361	236	0.99976
205	190	0.999403
262	127	0.999932
301	232	0.999754
225	198	0.999935
330	81	0.999797
319	278	0.99947
232	169	0.999263
340	170	0.99969
488	299	0.999673
500	359	0.999898
229	84	0.999644
305	121	0.999284
255	217	0.999417
363	241	0.999901
370	163	0.999557
327	186	0.999283
98	51	0.99942
455	364	0.999622
454	432	0.999311
183	60	0.999566
351	132	0.99932
340	113	0.999297
403	147	0.999315
418	338	0.999543
278	102	0.999638
422	314	0.999447
445	395	0.999843
499	386	0.999821
306	270	0.9997
99	79	0.999842
477	424	0.999738
404	184	0.999691
120	115	0.999257
263	194	0.999385
329	40	0.999635
282	274	0.999713
333	84	0.999745
399	307	0.999554
222	55	0.999283
272	113	0.999639
280	62	0.999266
307	250	0.999447
243	227	0.999934
360	78	0.999528
400	322	0.999505
230	109	0.999565
271	124	0.999821
460	416	0.999887
301	84	0.999919
404	47	0.999785
468	374	0.999868
388	214	0.999453
110	81	0.999776
307	249	0.999571
461	340	0.999592
428	184	0.999897
302	119	0.99937
421	258	0.999717
122	77	0.999266
216	130	0.999695
389	195	0.999223
78	9	0.999661
500	266	0.999684
61	13	0.999775
182	24	0.999586
282	181	0.999911
226	75	0.99936
247	129	0.999482
170	147	0.99941
291	115	0.999446
493	219	0.999465
101	99	0.999291
60	24	0.999706
499	127	0.999932
135	120	0.999427
333	132	0.999724
99	71	0.999569
490	477	0.999396
123	41	0.999623
152	122	0.999889
129	78	0.999508
473	397	0.999833
136	133	0.999734
133	45	0.999519
53	8	0.999882
297	221	0.999449
480	167	0.999969
148	129	0.999248
75	67	0.99989
376	191	0.999646
204	84	0.999425
278	83	0.999435
423	339	0.999603
52	48	0.999371
133	58	0.999558
94	37	0.999229
454	281	0.999982
482	75	0.999787
394	201	0.999659
286	172	0.9999
484	169	0.999633
63	62	0.999579
397	71	0.999625
453	75	0.999989
314	244	0.999472
64	13	0.99989
280	115	0.999892
452	142	0.999395
155	138	0.999276
423	281	0.999742
478	277	0.999862
499	186	0.999604
227	100	0.999968
120	77	0.999694
439	339	0.999576
284	230	0.999944
296	246	0.999658
307	200	0.999623
239	105	0.999961
475	446	0.999698
108	68	0.999915
61	34	0.999724
291	174	0.999391
470	422	0.999716
308	79	0.999698
349	318	0.999784
434	157	0.999913
438	254	0.999339
52	16	0.999914
154	148	0.999837
233	77	0.999291
336	94	0.999383
234	103	0.999654
193	124	0.999449
183	50	0.999662
499	180	0.999998
115	82	0.999319
331	287	0.99979
288	242	0.999709
339	304	0.999454
454	125	0.999583
149	28	0.999644
479	342	0.99945
343	219	0.999398
436	106	0.999945
194	162	0.999811
90	68	0.999553
287	87	0.999444
402	86	0.99967
258	81	0.999364
58	44	0.999963
204	37	0.999801
416	114	0.999519
452	157	0.999937
238	175	0.99951
207	156	0.999314
339	182	0.999738
122	121	0.999992
380	180	0.99969
133	128	0.999277
320	239	0.999792
328	305	0.999419
204	97	0.999701
98	48	0.999373
162	159	0.999854
324	307	0.999724
111	68	0.999487
65	37	0.999577
357	150	0.99976
94	13	0.99992
77	63	0.999484
99	20	0.999854
311	191	0.999818
292	217	0.999947
418	409	0.999875
173	94	0.999565
467	454	0.999842
235	37	0.999496
113	46	0.999782
79	29	0.999949
355	169	0.999513
493	344	0.999406
79	20	0.999346
185	169	0.999579
376	215	0.999226
129	104	0.999392
401	173	0.999666
267	171	0.999459
203	201	0.999796
135	111	0.999505
334	106	0.999226
408	279	0.999306
92	10	0.999512
443	146	0.999695
437	334	0.999635
412	163	0.999716
165	116	0.999749
263	200	0.999302
263	220	0.999475
253	148	0.999818
302	30	0.999626
217	111	0.999384
402	136	0.999966
497	312	0.999609
264	62	0.999266
70	45	0.999266
264	96	0.999425
71	14	0.999619
421	304	0.99999
106	40	0.999356
250	61	0.999907
300	285	0.999947
279	238	0.999582
334	116	0.999904
255	194	0.999327
75	69	0.999327
169	109	0.999967
427	237	0.999836
160	142	0.999391
329	87	0.999875
310	152	0.999225
464	74	0.999724
460	73	0.999359
387	301	0.999251
335	86	0.999668
332	309	0.999545
292	168	0.999689
326	255	0.999957
294	253	0.999589
218	120	0.999774
62	6	0.99967
51	13	0.999294
348	157	0.999554
380	257	0.999812
95	17	0.999836
447	383	0.999799
394	191	0.999915
90	52	0.999957
266	37	0.99937
180	143	0.999937
157	50	0.999527
208	129	0.999304
101	64	0.999872
337	289	0.999928
314	295	0.999438
61	29	0.999779
164	88	0.999727
124	61	0.999228
192	88	0.999388
271	93	0.999244
333	177	0.9997
462	119	0.999951
133	54	0.999603
352	51	0.999309
66	54	0.999457
114	35	0.99929
335	42	0.999779
69	67	0.999305
214	165	0.999222
54	28	0.999962
101	54	0.999716
263	102	0.999406
116	43	0.999743
183	73	0.999384
266	131	0.999445
97	48	0.999227
118	37	0.999595
329	57	0.999863
126	121	0.999787
322	117	0.999418
193	98	0.999339
296	230	0.999291
436	95	0.999374
154	123	0.999435
463	459	0.999234
219	170	0.999452
81	43	0.999409
404	283	0.999411
339	147	0.999518
439	411	0.999326
457	229	0.999942
357	238	0.999271
144	15	0.999229
356	40	0.999771
309	33	0.999866
125	33	0.999471
95	68	0.999262
453	414	0.999287
128	90	0.999615
267	162	0.999385
125	124	0.999292
281	251	0.999852
55	38	0.999581
61	48	0.99949
314	32	0.999392
451	439	0.999219
298	133	0.999727
500	83	0.999673
161	84	0.9993
282	234	0.999813
287	206	0.999328
413	41	0.99963
443	85	0.99999
295	156	0.999785
494	315	0.999621
447	296	0.999863
407	141	0.999914
82	17	0.999217
357	89	0.99928
280	211	0.999616
205	71	0.999355
350	40	0.999776
163	34	0.999303
220	192	0.999861
431	190	0.999487
123	86	0.999316
138	23	0.999409
462	268	0.99936
430	273	0.999414
189	55	0.999667
120	53	0.999652
209	199	0.999332
432	371	0.999803
186	97	0.999594
462	258	0.999482
407	279	0.999675
125	101	0.999777
472	345	0.999833
188	38	0.99935
418	168	0.99928
415	345	0.999728
65	12	0.999488
355	240	0.999556
398	101	0.999324
361	297	0.999864
119	31	0.999395
59	23	0.999916
372	341	0.999969
468	70	0.999389
461	387	0.999855
189	129	0.999719
177	101	0.999479
68	49	0.99993
123	31	0.999789
203	160	0.999282
296	249	0.999883
341	303	0.999934
298	88	0.999388
251	250	0.999732
177	151	0.999868
52	36	0.999669
246	46	0.999229
143	59	0.999594
499	217	0.999385
444	408	0.999651
263	214	0.999984
412	208	0.999251
395	224	0.999377
253	66	0.999571
192	38	0.999513
400	386	0.99985
364	72	0.999741
218	101	0.999908
363	302	0.999721
50	23	0.999962
200	146	0.999583
72	70	0.999828
382	183	0.99963
156	145	0.999338
220	206	0.999679
57	19	0.999927
69	63	0.999979
283	228	0.999241
310	106	0.999381
440	196	0.999752
343	70	0.999905
373	324	0.999851
215	208	0.999229
140	103	0.99974
269	169	0.99927
447	388	0.999338
111	77	0.999749
441	245	0.999969
356	185	0.999226
264	126	0.999966
133	124	0.999987
238	69	0.999248
332	310	0.999664
466	167	0.999619
238	26	0.999537
70	10	0.999785
273	268	0.999519
155	148	0.99989
101	27	0.999861
133	42	0.999279
126	99	0.999715
450	124	0.999276
426	375	0.999532
241	230	0.999626
197	57	0.999241
249	204	0.999459
244	169	0.999687
135	15	0.9998
194	97	0.999453
130	39	0.999772
469	338	0.999861
385	104	0.999778
418	209	0.999568
136	86	0.999485
380	60	0.999771
241	202	0.99973
463	69	0.999886
409	273	0.999327
52	15	0.999852
356	43	0.999248
212	161	0.999276
85	41	0.999272
221	97	0.999462
369	46	0.999984
209	176	0.999483
245	200	0.999691
150	122	0.999961
205	165	0.999258
169	38	0.999511
358	163	0.999632
126	15	0.999881
368	324	0.999806
471	146	0.999541
156	79	0.999422
163	104	0.999903
425	229	0.999976
204	138	0.999751
62	21	0.999987
280	264	0.999995
177	131	0.999811
166	61	0.999962
321	53	0.999521
367	352	0.999261
289	156	0.999498
198	96	0.99959
389	106	0.999739
271	182	0.999717
278	246	0.999796
494	85	0.999977
312	266	0.999576
94	89	0.999892
208	102	0.99999
348	317	0.999744
246	183	0.999831
78	63	0.999445
415	383	0.999302
364	323	0.999536
213	200	0.999948
439	55	0.999543
351	197	0.999489
237	39	0.999963
94	34	0.999871
307	182	0.999428
361	227	0.999966
475	467	0.999381
269	203	0.999878
142	62	0.999279
286	203	0.999756
305	285	0.999871
312	222	0.999582
217	42	0.999836
207	123	0.999685
174	100	0.999617
254	211	0.99972
89	50	0.999812
249	73	0.999457
425	405	0.99929
110	20	0.999751
394	254	0.999687
204	93	0.999266
54	21	0.999269
249	99	0.999365
478	260	0.999885
206	31	0.999809
442	394	0.999827
248	226	0.999685
397	312	0.999222
456	290	0.999578
408	288	0.999879
241	194	0.999258
398	146	0.999776
102	35	0.999404
220	180	0.999367
310	187	0.999707
378	41	0.999993
113	27	0.999972
74	34	0.999951
183	31	0.99968
187	156	0.999413
124	58	0.999358
406	178	0.999904
357	249	0.999249
206	64	0.99934
443	227	0.999902
324	73	0.999671
197	89	0.999327
223	190	0.999529
258	228	0.999317
446	362	0.99992
443	268	0.999442
157	56	0.99978
134	72	0.999817
105	10	0.999423
339	300	0.999684
393	389	0.999314
405	221	0.999747
79	10	0.999458
211	111	0.9996
145	106	0.999334
196	144	0.999924
473	213	0.999394
51	17	0.999647
184	111	0.999797
332	313	0.999537
225	89	0.999791
310	243	0.999825
86	84	0.999771
193	151	0.999431
227	74	0.999938
79	45	0.999291
233	182	0.999416
317	277	0.999546
475	192	0.999539
240	44	0.99948
326	246	0.999277
255	126	0.999503
434	321	0.999997
130	108	0.999493
213	99	0.999691
403	279	0.999289
106	41	0.999553
450	295	0.999472
288	75	0.999536
257	43	0.999894
400	292	0.999506
285	195	0.999499
313	186	0.999334
108	33	0.999327
376	296	0.999218
479	88	0.999771
154	115	0.99971
245	189	0.99932
343	88	0.999818
51	18	0.999533
500	471	0.999791
180	55	0.999626
257	184	0.999918
456	387	0.999831
276	147	0.999966
400	361	0.999469
295	268	0.999767
305	107	0.999466
311	43	0.999766
146	123	0.999744
310	135	0.99924
415	134	0.999776
499	318	0.999413
427	344	0.999749
397	40	0.999352
155	108	0.999346
249	108	0.999241
461	316	0.999799
184	113	0.999623
216	195	0.999543
312	213	0.999489
73	64	0.999446
370	145	0.999758
259	27	0.999864
433	160	0.999781
204	147	0.999445
202	134	0.999549
68	17	0.999641
120	79	0.999635
289	47	0.999868
150	63	0.999746
383	89	0.999838
365	289	0.999427
342	34	0.999373
98	41	0.999715
450	296	0.999693
136	86	0.99965
483	54	0.999235
321	70	0.999992
495	59	0.99959
419	87	0.999727
458	248	0.999701
166	93	0.999814
383	74	0.999255
136	60	0.999611
294	167	0.999741
452	414	0.999739
144	24	0.999311
469	163	0.999707
98	77	0.999995
395	220	0.999771
353	314	0.99973
113	80	0.999941
457	156	0.999875
293	37	0.999252
400	232	0.99968
242	181	0.999521
140	27	0.999308
54	28	0.999547
98	39	0.999654
437	229	0.999281
149	24	0.999532
149	33	0.999928
477	206	0.999557
347	110	0.999951
269	43	0.999892
376	44	0.999735
198	154	0.999269
390	259	0.999394
500	351	0.999248
50	44	0.999284
493	73	0.999804
315	188	0.999424
307	247	0.99959
265	188	0.999509
469	308	0.999983
156	62	0.999908
376	95	0.999273
333	227	0.999756
357	214	0.999389
351	304	0.999539
187	53	0.999463
145	100	0.999886
358	339	0.999579
490	243	0.999629
457	358	0.999968
90	76	0.999905
409	307	0.99968
410	187	0.999552
409	79	0.999309
432	387	0.999724
287	178	0.999973
259	231	0.999317
261	130	0.999309
295	107	0.999717
321	241	0.999524
428	225	0.999408
78	75	0.999711
498	376	0.999631
497	250	0.999734
220	180	0.999578
399	218	0.999453
141	132	0.99999
218	37	0.999309
166	68	0.999676
248	49	0.999904
52	20	0.999219
468	227	0.999439
100	92	0.999991
88	30	0.999293
258	104	0.999355
449	111	0.999784
183	151	0.99941
451	272	0.999448
456	333	0.999604
298	286	0.999953
375	51	0.999381
435	290	0.999435
207	128	0.999475
301	160	0.999763
297	66	0.999366
417	413	0.999695
158	51	0.999604
433	93	0.999939
500	169	0.999691
289	107	0.999363
110	23	0.99998
84	72	0.999318
255	54	0.999255
331	160	0.999438
394	204	0.999745
166	111	0.999245
228	130	0.99985
339	91	0.999369
357	236	0.999965
307	31	0.99998
424	107	0.999643
300	289	0.999543
416	266	0.999981
268	214	0.999623
229	220	0.999612
180	152	0.999895
308	131	0.999659
191	126	0.999913
132	78	0.999808
341	60	0.999841
274	89	0.999405
396	305	0.999664
195	170	0.999755
251	145	0.999407
252	131	0.999584
113	30	0.999242
109	63	0.999909
412	183	0.999815
422	91	0.999495
109	60	0.999402
364	172	0.999416
328	264	0.999251
374	363	0.999983
402	65	0.999557
442	303	0.999601
335	54	0.999505
236	108	0.99945
55	17	0.999356
262	51	0.999241
460	420	0.999941
343	217	0.999416
364	35	0.999693
114	60	0.999406
237	233	0.999255
190	123	0.999953
481	289	0.999919
363	288	0.999662
214	213	0.999832
166	140	0.999388
203	198	0.999499
202	110	0.999955
176	94	0.999656
434	60	0.999409
330	145	0.999662
116	82	0.999952
100	37	0.999931
52	43	0.99947
212	164	0.999547
181	126	0.999579
324	298	0.999325
424	168	0.999937
209	133	0.999621
476	207	0.999364
319	69	0.999779
111	36	0.999724
309	89	0.999554
112	49	0.999657
465	86	0.999893
193	57	0.999691
109	49	0.999597
246	104	0.999902
222	145	0.999258
422	381	0.999816
419	322	0.999793
158	120	0.999901
191	149	0.999868
297	141	0.999853
409	179	0.999656
232	130	0.99997
399	110	0.999837
361	87	0.999347
367	117	0.999782
438	107	0.999254
137	66	0.999727
91	59	0.999357
54	21	0.999597
338	193	0.999879
349	233	0.999958
466	276	0.999601
151	121	0.999778
75	42	0.999374
92	54	0.999759
294	268	0.999266
154	121	0.999901
360	291	0.999439
485	428	0.999981
157	82	0.999587
284	269	0.999621
393	271	0.999672
324	218	0.999448
473	425	0.999649
300	240	0.999898
288	175	0.999655
451	118	0.999988
133	81	0.999953
490	361	0.9999
428	266	0.999773
128	121	0.999725
251	180	0.999237
407	247	0.999457
453	419	0.999584
173	47	0.999227
462	131	0.999228
68	60	0.999857
271	167	0.999937
395	195	0.999296
72	33	0.999703
56	11	0.999911
484	399	0.999666
470	260	0.999995
379	123	0.999811
382	199	0.999606
396	332	0.999722
207	88	0.999363
351	151	0.999451
126	35	0.999989
377	181	0.999834
140	138	0.999806
476	98	0.999592
476	118	0.99961
420	300	0.999987
176	130	0.999477
334	205	0.999529
471	319	0.999262
495	377	0.999611
252	206	0.999247
215	46	0.999237
240	41	0.999976
305	50	0.999835
339	318	0.999521
434	336	0.999525
183	109	0.99977
419	311	0.999782
469	84	0.999577
151	70	0.999767
166	76	0.999473
51	46	0.999613
134	54	0.999969
100	49	0.999546
482	140	0.99931
491	316	0.999508
111	31	0.999943
338	116	0.9995
206	96	0.999893
103	58	0.99955
383	341	0.999765
250	149	0.999825
281	130	0.999378
227	123	0.999734
432	261	0.999815
241	96	0.999831
214	51	0.99933
440	281	0.999439
109	102	0.999619
324	258	0.999944
166	74	0.99984
244	90	0.999435
54	41	0.999496
429	388	0.999972
133	108	0.999377
246	47	0.999777
499	159	0.999229
474	278	0.999548
93	62	0.999892
374	103	0.999222
172	168	0.999338
439	106	0.999989
461	141	0.999832
448	416	0.999925
250	120	0.999327
148	85	0.999507
447	405	0.999521
401	206	0.999606
370	157	0.999247
272	48	0.99925
404	213	0.999605
321	268	0.999545
163	27	0.999861
393	288	0.999257
80	43	0.999511
469	207	0.999702
465	138	0.999449
181	168	0.999539
226	41	0.999974
489	191	0.999792
116	101	0.999718
280	93	0.999514
249	185	0.999402
206	63	0.999651
212	62	0.999937
100	24	0.999889
156	152	0.999883
373	110	0.999586
58	36	0.999393
407	109	0.999732
365	267	0.999963
94	45	0.999819
263	186	0.999594
390	41	0.999654
288	220	0.99962
434	256	0.999725
329	103	0.999756
415	327	0.999435
324	319	0.99993
184	166	0.999828
420	215	0.999536
122	101	0.999797
443	56	0.999595
458	268	0.999528
371	336	0.999493
491	249	0.999966
471	231	0.999326
289	68	0.999636
113	95	0.999648
463	265	0.999628
465	209	0.999366
145	81	0.999219
81	10	0.999253
207	203	0.999666
273	232	0.999808
159	152	0.999843
224	32	0.99986
381	323	0.999431
451	309	0.999727
498	402	0.999727
158	34	0.99951
343	138	0.999938
233	145	0.999972
491	157	0.999494
429	127	0.999231
412	111	0.999838
353	153	0.999621
128	90	0.999758
279	196	0.9999
408	262	0.999319
147	69	0.99994
466	232	0.99946
404	221	0.999309
182	130	0.999601
217	88	0.999565
392	380	0.999676
496	372	0.999908
284	213	0.9994
98	95	0.999301
357	235	0.999481
453	101	0.999807
323	154	0.999904
225	162	0.999943
422	42	0.999909
224	126	0.999637
295	270	0.999863
233	55	0.999788
347	84	0.999389
125	14	0.999341
357	163	0.999467
460	275	0.999746
259	191	0.999478
340	88	0.999937
470	326	0.999509
379	91	0.99933
466	303	0.999328
138	84	0.999866
331	316	0.999236
417	266	0.999644
142	120	0.999579
489	215	0.999886
55	29	0.999963
332	257	0.99944
298	159	0.999264
230	107	0.999615
179	113	0.999568
251	154	0.999358
226	225	0.999796
285	149	0.999789
119	34	0.999631
462	71	0.999663
446	45	0.999691
322	243	0.999762
125	122	0.999381
319	63	0.999936
85	84	0.99935
220	218	0.999515
359	53	0.999693
483	128	0.999482
433	243	0.999457
176	162	0.999923
413	347	0.999389
161	48	0.999516
407	90	0.999882
370	286	0.999853
402	236	0.99941
254	36	0.999258
173	52	0.99955
410	66	0.999923
221	168	0.99933
228	168	0.99928
174	59	0.999225
92	44	0.999937
215	105	0.999545
495	174	0.999968
344	240	0.999356
487	306	0.999744
192	69	0.999285
85	43	0.999912
422	334	0.999518
466	407	0.999467
102	31	0.999269
496	50	0.99976
78	9	0.999588
499	376	0.99938
427	248	0.999555
482	474	0.99933
393	184	0.999854
311	96	0.999586
276	177	0.999403
113	55	0.999283
495	452	0.999796
320	266	0.999544
469	245	0.999796
410	300	0.999245
203	201	0.999913
91	38	0.999948
302	237	0.999745
258	225	0.999733
246	167	0.999437
189	182	0.999867
173	89	0.999774
402	207	0.999246
448	189	0.9998
446	76	0.99933
237	81	0.999251
492	299	0.999922
444	436	0.999802
112	91	0.999878
377	146	0.999326
238	70	0.999945
423	97	0.999615
153	122	0.999966
272	68	0.999601
316	85	0.999571
493	48	0.99946
344	290	0.999882
56	39	0.999518
241	53	0.999217
392	250	0.999594
188	165	0.999662
396	161	0.999833
232	107	0.999687
208	81	0.999351
486	465	0.999778
370	98	0.999635
385	373	0.999414
232	36	0.999769
413	155	0.999723
282	181	0.999564
166	89	0.999272
167	56	0.999222
280	83	0.999666
498	187	0.999836
89	42	0.999782
200	76	0.999956
237	196	0.999685
52	34	0.999767
462	95	0.999701
423	256	0.999761
317	73	0.999992
145	106	0.999333
386	104	0.999395
497	112	0.999345
490	293	0.99973
243	137	0.999906
426	393	0.999822
358	220	0.999704
96	66	0.999753
378	339	0.999527
135	88	0.999696
92	78	0.999937
211	170	0.999876
53	35	0.99933
100	59	0.999424
488	459	0.999524
88	15	0.999963
363	36	0.999632
457	350	0.999867
438	313	0.999969
344	37	0.999229
332	172	0.999271
137	54	0.999539
167	22	0.999271
79	59	0.999987
225	92	0.999398
94	61	0.999976
333	119	0.999671
132	48	0.999291
241	108	0.999719
208	184	0.999507
265	148	0.999474
239	96	0.999518
405	352	0.999349
328	304	0.999581
392	76	0.999515
53	31	0.999914
234	159	0.999738
292	69	0.999547
354	161	0.999804
136	30	0.999673
113	34	0.999254
72	67	0.999231
198	54	0.999274
98	47	0.999219
408	242	0.999851
289	236	0.999676
383	75	0.999295
139	27	0.999644
196	176	0.999757
430	87	0.999414
421	319	0.999717
372	63	0.999579
415	216	0.999302
63	56	0.999496
457	127	0.999279
447	219	0.999781
444	346	0.99932
376	325	0.999285
115	15	0.999518
368	146	0.999561
61	26	0.999872
178	173	0.999565
431	329	0.999596
323	189	0.999878
121	72	0.999558
125	16	0.999974
235	160	0.99944
94	41	0.999779
339	45	0.99938
107	65	0.999604
170	50	0.999285
482	75	0.999492
189	95	0.999558
402	236	0.999768
284	154	0.999818
460	85	0.999384
246	76	0.999323
408	385	0.999457
343	305	0.999576
262	57	0.999632
327	39	0.999751
376	77	0.999878
468	458	0.999373
365	160	0.999647
133	30	0.999994
469	64	0.999884
498	171	0.999608
117	59	0.999389
177	163	0.999935
171	121	0.999777
55	20	0.999881
401	284	0.99988
401	101	0.999471
165	119	0.999449
279	64	0.999574
248	65	0.999431
74	26	0.999268
377	218	0.99964
296	137	0.999596
222	62	0.999719
240	173	0.999372
459	220	0.999556
454	357	0.999305
428	201	0.999953
479	362	0.999678
89	80	0.99969
460	399	0.999518
304	69	0.999508
229	155	0.999697
269	96	0.999926
345	222	0.999894
215	170	0.999682
80	26	0.999238
55	20	0.999489
121	78	0.999606
60	25	0.999283
349	246	0.999916
468	114	0.999278
480	361	0.999794
396	181	0.999572
485	229	0.999975
333	176	0.999941
242	204	0.999794
145	111	0.999579
345	298	0.999771
395	155	0.999524
164	121	0.999897
215	66	0.999655
464	383	0.999433
450	366	0.999881
427	69	0.999373
253	176	0.999856
462	215	0.999601
343	46	0.999586
203	150	0.999288
262	197	0.999567
380	162	0.99924
127	107	0.999963
429	306	0.99931
280	82	0.999911
333	64	0.999976
195	47	0.999828
118	47	0.999771
65	21	0.999221
314	287	0.999552
121	59	0.999346
419	180	0.999819
201	197	0.999263
108	42	0.999233
150	18	0.999585
178	28	0.999525
191	170	0.999935
142	135	0.999575
102	60	0.999327
455	118	0.999797
236	204	0.999242
421	52	0.999386
478	215	0.999293
438	310	0.999935
165	126	0.99946
162	144	0.999572
275	238	0.999429
186	109	0.999851
166	34	0.999892
434	227	0.999823
238	185	0.999545
60	57	0.999597
339	61	0.999727
133	18	0.999321
223	118	0.999877
135	27	0.999303
335	165	0.999684
142	76	0.999991
193	156	0.999605
59	13	0.999639
347	340	0.999923
394	133	0.999684
273	189	0.999276
436	91	0.999798
193	145	0.999493
340	57	0.999269
469	290	0.999331
226	50	0.999981
223	81	0.999294
270	89	0.999226
377	209	0.999324
463	316	0.999718
325	48	0.99961
151	100	0.999626
442	83	0.99972
419	296	0.999716
203	119	0.999568
366	85	0.99928
394	250	0.999406
55	17	0.999592
183	138	0.999615
50	29	0.999764
132	13	0.999939
277	219	0.999398
106	77	0.999395
345	309	0.999681
460	369	0.999967
196	177	0.999482
198	159	0.999763
393	123	0.99934
398	316	0.99942
173	87	0.99993
321	194	0.99956
219	168	0.999561
153	143	0.999856
89	85	0.999258
177	127	0.999829
390	119	0.999999
444	215	0.99985
319	216	0.999357
427	383	0.999894
286	239	0.99932
100	60	0.999671
250	189	0.999857
391	239	0.999669
435	165	0.999545
134	42	0.999592
410	360	0.999465
396	322	0.999875
372	140	0.999874
158	143	0.9995
469	241	0.999821
209	192	0.999303
140	53	0.999608
389	319	0.999921
308	46	0.999818
413	212	0.999836
157	48	0.999603
454	162	0.999368
300	49	0.999501
384	199	0.999421
428	326	0.999338
284	69	0.999579
473	74	0.999219
227	129	0.999596
419	80	0.999358
394	383	0.999617
83	57	0.999562
465	288	0.999726
488	347	0.999269
244	241	0.999632
118	90	0.999637
220	162	0.999903
481	114	0.999933
447	249	0.999482
435	200	0.99956
452	442	0.999458
340	107	0.999475
247	43	0.999884
471	155	0.999933
354	98	0.999898
59	57	0.999803
448	368	0.999671
247	68	0.999995
306	92	0.999985
126	119	0.999854
404	150	0.999434
445	312	0.999773
392	186	0.999379
192	73	0.999561
265	109	0.999388
187	53	0.999446
193	106	0.999955
70	59	0.999623
253	50	0.999636
72	56	0.999868
181	172	0.999883
148	47	0.999559
321	192	0.999287
168	42	0.999634
442	343	0.999641
289	168	0.999724
298	95	0.999402
68	35	0.99934
409	298	0.999222
466	187	0.999717
421	199	0.999771
143	64	0.999288
204	132	0.999637
65	62	0.999616
499	386	0.999969
349	324	0.999892
122	83	0.999983
317	173	0.999867
87	60	0.999429
372	350	0.999937
253	62	0.999495
238	52	0.999998
302	253	0.999619
257	29	0.999995
264	140	0.999708
57	7	0.999887
264	157	0.999439
251	130	0.999837
364	156	0.99998
327	167	0.99938
83	67	0.999846
417	374	0.999344
57	51	0.999393
222	201	0.999227
488	191	0.999774
115	83	0.999889
277	229	0.999936
182	110	0.999459
293	189	0.999377
316	291	0.999839
228	40	0.99933
243	238	0.99983
259	52	0.999367
178	45	0.999391
449	281	0.999665
202	86	0.999542
106	42	0.999729
91	57	0.999936
324	31	0.999598
423	287	0.999369
403	204	0.99954
466	145	0.999579
463	223	0.99926
180	110	0.99931
438	105	0.999478
311	212	0.999399
97	49	0.999241
356	250	0.999421
429	345	0.999759
208	33	0.999868
438	231	0.999399
235	74	0.9994
453	105	0.999843
265	139	0.999285
167	152	0.999565
493	113	0.999276
51	14	0.99946
96	76	0.999364
183	20	0.999872
457	358	0.999659
171	131	0.999258
120	37	0.999785
316	185	0.999637
379	99	0.999949
419	204	0.999509
86	42	0.99937
60	21	0.999951
231	47	0.999697
83	63	0.999393
417	409	0.999865
229	88	0.999801
136	135	0.999461
124	107	0.999531
430	216	0.999664
481	71	0.999927
124	53	0.999713
105	23	0.99991
54	17	0.999239
347	230	0.999243
323	175	0.999993
271	183	0.999317
493	336	0.99935
216	177	0.999733
401	202	0.99968
391	247	0.999812
467	405	0.999278
348	266	0.999999
318	55	0.999869
369	142	0.999268
206	130	0.99986
176	171	0.999896
443	123	0.999313
210	88	0.999503
96	71	0.999303
444	303	0.999469
358	73	0.999854
119	84	0.999872
188	51	0.999732
210	197	0.999852
478	322	0.999512
438	140	0.999669
455	408	0.999473
338	133	0.999818
197	139	0.999782
467	130	0.999226
182	19	0.999787
172	131	0.999802
331	218	0.99927
288	239	0.999687
97	43	0.999595
114	60	0.999363
192	20	0.99924
100	67	0.999926
359	267	0.999648
96	54	0.999339
91	34	0.999904
355	137	0.999495
266	147	0.999289
165	95	0.999914
193	73	0.999845
141	21	0.999771
241	64	0.999623
161	126	0.999314
334	134	0.999602
102	33	0.999555
234	104	0.999436
471	117	0.999681
498	113	0.999907
430	350	0.999426
426	162	0.999568
486	103	0.999355
90	87	0.999536
117	47	0.999326
206	139	0.999903
60	46	0.99993
141	51	0.999421
322	313	0.999583
231	216	0.999917
485	467	0.999502
179	58	0.99946
103	81	0.999837
351	217	0.999325
157	78	0.999525
253	96	0.999911
434	391	0.999504
96	81	0.999243
331	74	0.999344
390	152	0.999687
495	268	0.99968
358	40	0.999282
255	211	0.999905
113	104	0.999455
353	161	0.999393
427	346	0.999253
424	159	0.999644
70	62	0.99952
65	14	0.999425
260	156	0.999356
339	291	0.999938
197	194	0.999747
186	22	0.999959
455	45	0.999766
483	184	0.999587
442	220	0.999852
460	226	0.999958
154	36	0.999886
359	242	0.999822
87	48	0.999439
381	104	0.999944
118	35	0.999298
129	21	0.999402
423	173	0.999236
456	52	0.999707
427	345	0.999731
402	114	0.999895
356	342	0.999517
376	332	0.999434
95	94	0.999363
264	198	0.999908
141	121	0.999743
262	106	0.99981
153	23	0.999927
112	54	0.999315
445	136	0.999637
375	366	0.999795
467	76	0.999311
183	79	0.999493
399	184	0.999392
59	48	0.999483
379	325	0.999977
360	177	0.999399
303	233	0.999563
104	63	0.999377
276	189	0.999903
364	156	0.999543
227	197	0.999321
117	30	0.999364
487	129	0.999294
453	151	0.999662
463	410	0.999303
354	276	0.999953
354	233	0.999837
92	51	0.999377
439	371	0.999654
434	205	0.999407
145	114	0.999426
64	12	0.999745
268	236	0.999839
276	211	0.999728
156	52	0.999759
372	324	0.999917
77	40	0.99997
230	218	0.999773
204	53	0.999565
192	122	0.999809
131	47	0.999716
78	31	0.999537
150	26	0.999339
139	35	0.999789
483	138	0.999682
452	47	0.999242
322	188	0.999493
159	120	0.999949
235	168	0.999533
140	30	0.999628
226	203	0.999453
110	27	0.999468
227	156	0.99932
57	45	0.999668
230	35	0.999868
136	34	0.999716
271	225	0.999827
188	48	0.99943
284	200	0.999366
70	13	0.999899
281	55	0.999228
393	281	0.999731
263	166	0.999273
306	301	0.999279
376	53	0.999691
200	175	0.999771
415	149	0.999679
175	27	0.999341
219	159	0.999357
407	101	0.999662
202	84	0.999612
496	413	0.999799
217	192	0.999973
431	198	0.999702
179	91	0.999409
478	262	0.999569
485	315	0.999326
436	124	0.999597
328	304	0.999502
205	112	0.999422
368	81	0.999428
225	66	0.999835
313	118	0.999406
156	143	0.999363
190	119	0.999474
460	213	0.999414
157	122	0.999818
494	167	0.999223
101	75	0.999536
80	16	0.999777
332	189	0.999521
61	12	0.99933
180	166	0.999453
352	91	0.999916
229	203	0.999973
390	111	0.999886
219	24	0.999968
312	161	0.999667
146	142	0.999817
256	38	0.999279
443	418	0.999319
318	51	0.999335
215	54	0.999567
393	389	0.999356
216	138	0.999777
456	368	0.999281
66	60	0.999979
173	55	0.999835
63	24	0.999612
417	267	0.999728
442	344	0.99977
397	65	0.999222
181	144	0.999841
121	19	0.999291
439	131	0.999359
490	303	0.99928
497	310	0.99925
262	47	0.999746
148	50	0.999691
233	180	0.999866
292	168	0.999382
258	233	0.999246
465	142	0.999937
79	56	0.999419
406	310	0.999294
394	332	0.999729
472	349	0.999998
447	62	0.999671
338	298	0.999392
114	23	0.999255
329	268	0.999918
53	47	0.9995
269	117	0.999651
101	78	0.999486
356	153	0.999342
170	47	0.999698
435	194	0.999252
312	267	0.999985
459	443	0.999834
384	133	0.999734
414	265	0.999471
107	26	0.999368
97	18	0.999976
77	23	0.999601
85	11	0.999393
397	224	0.999328
310	205	0.999933
59	40	0.999297
170	109	0.999681
306	192	0.999799
484	358	0.999758
387	225	0.999359
183	118	0.999674
371	300	0.999565
265	219	0.999935
482	470	0.999404
417	136	0.999351
443	83	0.999846
442	343	0.999443
206	28	0.999612
367	185	0.999604
156	67	0.999605
500	406	0.999413
328	60	0.999906
261	247	0.999449
186	183	0.999504
93	65	0.999457
421	220	0.999901
364	101	0.999802
283	269	0.999728
84	39	0.999848
415	95	0.999586
465	397	0.999691
151	84	0.999821
296	176	0.999656
171	108	0.999527
232	118	0.999413
381	343	0.999902
317	228	0.99952
193	90	0.999784
380	314	0.999311
443	303	0.999908
494	135	0.999563
358	242	0.999613
330	285	0.999863
252	237	0.999395
110	50	0.999958
254	196	0.999911
171	33	0.999968
197	80	0.999341
384	155	0.999543
415	72	0.99968
214	28	0.999255
94	90	0.999448
79	65	0.999706
134	50	0.999854
279	166	0.999313
123	25	0.999676
487	298	0.999869
144	105	0.999658
236	218	0.999366
118	91	0.999803
458	397	0.99997
390	118	0.999614
424	180	0.999523
494	214	0.99975
420	408	0.999767
76	48	0.999262
318	98	0.999489
121	98	0.999579
263	222	0.999766
329	108	0.999759
99	14	0.999676
374	254	0.999644
99	84	0.999576
93	50	0.999777
411	247	0.999485
110	68	0.999712
94	57	0.999891
153	148	0.999971
257	31	0.999471
188	43	0.999702
78	65	0.99972
120	110	0.999884
168	155	0.999251
51	27	0.999856
367	127	0.999651
392	149	0.999776
298	171	0.999465
77	18	0.999229
252	34	0.999546
227	179	0.99954
217	92	0.999222
78	75	0.999424
177	140	0.999457
340	114	0.99925
383	254	0.999309
447	138	0.999594
135	116	0.99993
411	307	0.999389
124	98	0.99948
132	107	0.999849
388	288	0.999763
75	10	0.999489
95	87	0.999284
492	56	0.999905
190	122	0.999831
356	204	0.999922
279	223	0.999574
189	88	0.999485
344	144	0.999713
352	82	0.999333
289	123	0.999875
387	85	0.99946
146	73	0.999795
385	335	0.999528
163	54	0.999394
384	241	0.999977
150	70	0.999534
348	127	0.999339
257	69	0.999771
271	77	0.999377
480	282	0.999585
393	224	0.999475
257	42	0.999821
70	48	0.99984
437	157	0.999715
340	164	0.999658
393	211	0.999496
186	92	0.999849
300	131	0.999861
467	79	0.999794
271	88	0.999846
476	223	0.999316
259	239	0.999846
147	143	0.999608
386	153	0.999317
216	159	0.999984
212	139	0.999358
168	33	0.999764
156	113	0.999731
326	255	0.9997
152	53	0.999471
54	48	0.999367
229	186	0.999463
465	364	0.999522
85	78	0.999381
112	38	0.999806
365	67	0.999284
214	204	0.999285
128	104	0.999682
103	89	0.999665
476	381	0.999982
427	138	0.999316
168	63	0.999633
357	102	0.999952
68	24	0.999981
184	113	0.999569
492	240	0.999695
488	93	0.9997
209	184	0.999459
85	48	0.999649
229	25	0.999816
461	80	0.999363
395	387	0.999625
183	122	0.999879
285	274	0.999886
452	369	0.999382
386	45	0.999699
188	36	0.999872
297	123	0.999594
183	40	0.999392
138	94	0.999929
291	219	0.999237
393	114	0.999704
94	60	0.999448
441	270	0.999451
242	192	0.999318
462	366	0.999261
108	46	0.999789
350	103	0.999979
114	50	0.999684
469	136	0.999866
65	43	0.999831
98	18	0.999321
169	97	0.999487
479	305	0.999916
488	116	0.999798
192	22	0.999945
122	51	0.999568
391	42	0.999293
493	95	0.999644
271	67	0.999717
134	13	0.99959
462	54	0.999849
385	164	0.99945
204	59	0.999881
225	86	0.999715
253	42	0.999782
379	343	0.999239
499	346	0.999763
456	175	0.999765
256	189	0.999919
411	214	0.999295
144	143	0.999626
175	40	0.999412
217	33	0.999641
190	112	0.999421
225	120	0.999437
401	162	0.999273
128	17	0.999493
246	96	0.999633
356	61	0.999803
487	167	0.999276
314	185	0.999604
312	58	0.99972
280	51	0.999447
236	26	0.999286
211	81	0.99946
193	41	0.999704
493	427	0.999773
115	43	0.99946
57	24	0.999679
299	163	0.999622
391	383	0.999521
437	74	0.999602
340	266	0.999262
170	113	0.999914
308	146	0.99934
141	124	0.999251
209	66	0.999609
289	232	0.999494
457	190	0.999671
334	250	0.999217
188	181	0.999489
341	216	0.999532
180	83	0.999734
477	342	0.999847
215	53	0.999775
358	350	0.999602
382	214	0.999947
144	102	0.999436
51	30	0.999599
76	19	0.999291
367	350	0.999298
374	354	0.999452
93	40	0.999315
115	88	0.999839
358	156	0.99978
367	353	0.999275
232	140	0.999521
336	81	0.999323
478	410	0.99955
216	215	0.999399
118	108	0.999556
243	145	0.999461
334	76	0.999954
406	201	0.999769
427	325	0.999721
87	83	0.999861
321	75	0.999565
119	14	0.999897
413	397	0.99985
256	140	0.999629
437	212	0.99981
302	144	0.999435
318	226	0.999767
365	165	0.999446
404	351	0.999782
485	106	0.999227
169	113	0.999503
163	17	0.999489
360	251	0.999536
81	56	0.999413
394	82	0.999954
90	29	0.999988
74	73	0.999257
353	97	0.999361
480	454	0.999875
391	128	0.999315
346	39	0.999915
73	40	0.999338
333	90	0.999219
184	68	0.999512
321	214	0.99952
489	127	0.999263
407	155	0.999821
107	45	0.999756
172	118	0.999822
363	352	0.999713
375	85	0.999898
496	441	0.999426
57	18	0.99931
223	216	0.999272
173	128	0.999409
298	36	0.99933
179	87	0.999444
63	57	0.999485
364	114	0.999418
260	151	0.999759
480	249	0.999665
255	93	0.999672
341	145	0.999442
414	223	0.999999
462	78	0.999612
258	44	0.99964
299	244	0.999897
166	57	0.999623
496	416	0.999601
200	84	0.999882
310	292	0.999237
477	323	0.999962
446	129	0.999623
457	276	0.999901
245	206	0.999589
168	112	0.999987
490	361	0.99985
471	137	0.999453
148	33	0.999272
231	90	0.999644
430	222	0.999556
435	98	0.999388
116	67	0.9996
332	305	0.999471
489	325	0.999272
148	74	0.999486
399	379	0.999617
277	229	0.999836
107	21	0.999744
188	174	0.999666
362	318	0.999962
152	60	0.999659
383	293	0.999498
467	200	0.999386
330	108	0.999523
221	44	0.999901
75	16	0.999285
246	202	0.999704
247	150	0.999967
347	328	0.999828
457	135	0.999424
449	334	0.999966
456	366	0.999586
139	79	0.999653
142	87	0.999634
337	60	0.999601
374	56	0.999284
349	270	0.999621
279	199	0.99993
349	314	0.999938
245	128	0.999769
499	84	0.999597
417	67	0.999447
70	58	0.99994
175	29	0.999341
450	403	0.999783
209	40	0.999911
293	99	0.999466
387	339	0.999308
77	75	0.999667
274	268	0.99955
373	109	0.999561
230	97	0.999237
359	172	0.999876
411	237	0.999603
257	164	0.999284
304	250	0.999487
275	209	0.999724
89	48	0.99942
100	27	0.999523
104	57	0.999273
400	235	0.999395
338	246	0.999263
333	324	0.999322
97	20	0.999401
274	175	0.999822
479	222	0.999961
379	156	0.999364
345	317	0.999832
383	208	0.999637
141	134	0.999262
186	76	0.999626
308	248	0.999398
334	260	0.99958
333	51	0.99954
254	63	0.999796
445	391	0.999879
314	165	0.999671
81	44	0.999673
130	110	0.999916
95	88	0.999367
253	108	0.999791
356	309	0.999729
351	81	0.99996
143	67	0.999344
121	83	0.999521
179	87	0.999892
138	64	0.999933
163	41	0.99992
192	126	0.999803
483	473	0.999782
80	33	0.999946
406	310	0.999575
137	40	0.999706
290	176	0.99924
403	118	0.999228
423	204	0.999846
321	238	0.999483
171	104	0.999294
62	25	0.999357
463	335	0.999261
468	89	0.999412
452	378	0.999532
342	115	0.999453
51	22	0.999912
199	82	0.999608
400	107	0.99966
293	164	0.999779
141	132	0.999219
197	67	0.999694
152	113	0.99989
279	158	0.999685
356	54	0.999471
244	110	0.999259
377	350	0.999868
380	38	0.999916
61	9	0.999291
214	76	0.999334
440	356	0.999247
321	99	0.999361
327	239	0.999832
315	221	0.999752
333	152	0.999565
144	24	0.999826
269	76	0.999239
101	78	0.999623
109	78	0.999594
370	220	0.999355
264	229	0.99996
393	132	0.999482
171	39	0.999502
484	328	0.999445
373	72	0.99993
210	83	0.999359
409	245	0.999738
358	261	0.999298
159	68	0.999921
93	90	0.999778
287	264	0.999746
343	317	0.99972
215	210	0.999787
490	434	0.999821
470	111	0.999771
69	35	0.999754
302	182	0.999834
199	166	0.999649
321	242	0.999539
457	135	0.999958
126	37	0.999426
93	12	0.999418
141	29	0.999984
257	116	0.999469
234	29	0.999787
314	240	0.999306
332	224	0.999469
253	26	0.999956
323	294	0.999929
302	50	0.999835
467	339	0.999364
308	57	0.999809
95	26	0.999644
384	73	0.999469
332	287	0.999282
89	42	0.999441
481	164	0.999899
54	9	0.999607
166	73	0.999871
60	9	0.999883
114	62	0.999779
241	48	0.999468
247	44	0.999611
119	21	0.999319
475	392	0.999408
298	154	0.99998
66	59	0.999457
289	266	0.999419
458	349	0.999804
209	110	0.999357
208	44	0.999828
490	381	0.999532
129	46	0.999367
127	111	0.999814
236	218	0.999623
452	73	0.999837
110	109	0.999653
168	24	0.999836
324	204	0.999661
344	250	0.999238
87	9	0.999291
303	248	0.999762
326	300	0.999344
474	212	0.999505
88	22	0.999785
394	249	0.999886
377	240	0.999685
200	41	0.999829
401	353	0.999798
489	400	0.999439
201	178	0.999321
312	93	0.99985
170	102	0.999673
317	243	0.999641
249	98	0.999279
260	107	0.999776
305	88	0.999606
389	128	0.999226
87	62	0.999477
474	119	0.999532
185	39	0.9998
51	38	0.999995
239	25	0.999337
146	144	0.999248
312	113	0.999925
95	42	0.999346
99	94	0.999463
82	65	0.999294
408	145	0.999917
50	8	0.99954
340	118	0.999632
124	123	0.999875
367	364	0.999828
246	120	0.999827
404	274	0.999276
276	269	0.99961
490	120	0.999419
476	239	0.999705
153	117	0.999684
221	131	0.999243
64	28	0.999515
427	177	0.999952
351	334	0.9994
482	184	0.999861
416	228	0.999439
232	193	0.999623
220	163	0.999603
298	181	0.999462
412	396	0.999309
142	94	0.999908
400	388	0.999997
76	44	0.999287
431	342	0.999278
145	71	0.999253
137	61	0.999499
397	343	0.99953
300	40	0.999531
181	153	0.999218
498	63	0.999731
391	145	0.999779
67	9	0.999647
381	65	0.999909
276	90	0.999577
180	18	0.999918
269	162	0.999943
426	227	0.999301
350	60	0.999401
234	166	0.999255
276	142	0.999391
109	71	0.999963
380	246	0.999738
225	27	0.999924
261	31	0.999841
169	32	0.999724
87	83	0.999748
74	44	0.999822
97	17	0.999467
350	113	0.999409
452	291	0.999948
50	17	0.999828
139	83	0.999286
447	94	0.999951
180	147	0.999322
259	200	0.999507
447	419	0.999338
337	260	0.999666
82	33	0.999669
306	111	0.99951
460	102	0.999396
183	136	0.999616
166	114	0.999913
111	42	0.999721
303	204	0.999922
142	124	0.999844
89	25	0.999503
371	90	0.999607
430	68	0.999512
407	301	0.999529
421	159	0.999821
211	23	0.999487
322	80	0.99983
61	30	0.999928
166	154	0.999238
303	216	0.999815
298	66	0.999242
495	177	0.99937
190	48	0.99996
311	195	0.999784
181	22	0.999435
181	155	0.999447
151	103	0.999309
291	95	0.999536
236	50	0.999723
162	118	0.999921
110	42	0.999515
308	112	0.999274
423	90	0.999501
256	105	0.99989
129	121	0.999926
123	90	0.999958
98	44	0.999845
110	103	0.999431
422	359	0.999333
210	69	0.99961
178	111	0.999901
105	58	0.999453
162	88	0.999769
241	42	0.999518
321	115	0.999943
132	83	0.999219
471	261	0.999977
428	133	0.999303
67	25	0.999496
178	167	0.999258
176	131	0.999532
220	103	0.999694
480	111	0.999993
212	144	0.999648
127	119	0.999334
166	58	0.999691
77	23	0.99972
365	148	0.999986
220	146	0.999595
320	101	0.999789
378	192	0.999958
356	148	0.999669
249	77	0.999731
279	151	0.999646
445	212	0.999288
299	253	0.999949
252	220	0.999709
362	251	0.999976
443	344	0.999612
340	302	0.999839
71	60	0.999864
264	38	0.999554
65	41	0.999767
188	172	0.999376
413	45	0.999548
324	248	0.999734
244	134	0.999253
286	80	0.99954
310	206	0.999676
351	62	0.999674
282	222	0.999666
396	174	0.999597
111	39	0.999569
269	29	0.999439
432	186	0.999582
311	58	0.999673
308	229	0.999765
298	113	0.999677
382	288	0.999291
88	33	0.999902
434	338	0.999802
353	233	0.999511
78	70	0.99994
316	171	0.99964
233	41	0.999246
130	46	0.999412
494	252	0.999908
136	133	0.999919
86	21	0.999702
351	201	0.999244
53	21	0.999523
436	418	0.999596
325	225	0.999957
83	33	0.999892
394	121	0.999487
497	360	0.999279
91	9	0.99956
463	74	0.999791
157	115	0.999919
148	118	0.999546
158	40	0.999904
372	61	0.999612
154	62	0.999915
223	140	0.999395
444	417	0.999756
249	187	0.999666
110	14	0.999518
237	224	0.99989
384	180	0.999421
423	100	0.999332
56	42	0.99974
285	280	0.999619
233	80	0.999708
367	219	0.999679
161	32	0.999765
459	422	0.9993
157	67	0.999233
490	244	0.999995
137	88	0.99993
369	349	0.999321
433	314	0.999588
307	217	0.99963
89	21	0.999416
358	98	0.999755
380	257	0.99943
408	355	0.999561
390	293	0.999503
391	183	0.999749
497	134	0.999226
144	100	0.999493
298	32	0.999856
327	122	0.99983
330	277	0.999888
418	311	0.999217
94	28	0.999438
312	219	0.999718
247	63	0.999303
430	88	0.999747
445	428	0.999784
391	91	0.99959
443	393	0.999982
96	68	0.999473
129	116	0.999747
260	80	0.999266
488	71	0.999977
286	181	0.99975
99	36	0.999461
499	129	0.999691
232	214	0.999948
348	232	0.999731
81	20	0.999764
59	7	0.999248
305	36	0.99982
223	29	0.999296
423	318	0.999872
332	168	0.999287
143	84	0.999721
193	98	0.999321
61	32	0.999407
428	297	0.999788
461	146	0.999641
275	41	0.999915
433	193	0.999593
478	198	0.999733
497	136	0.999742
237	224	0.999921
381	353	0.999352
242	26	0.99951
154	23	0.999515
182	138	0.999786
297	43	0.999481
282	84	0.999387
200	184	0.999875
390	370	0.999307
176	64	0.999591
403	351	0.999722
490	353	0.999442
460	309	0.999366
309	33	0.999423
73	22	0.999576
115	74	0.999576
143	23	0.999484
87	28	0.999742
433	349	0.999933
374	263	0.999392
475	298	0.999597
197	158	0.999727
305	232	0.99942
54	21	0.999811
457	283	0.999349
204	164	0.999512
389	139	0.999976
275	104	0.999688
492	477	0.999909
432	90	0.999331
414	238	0.999617
78	52	0.999551
389	54	0.999248
180	40	0.999642
113	109	0.999413
124	95	0.999579
256	147	0.999721
235	40	0.999361
254	185	0.999625
289	57	0.999919
96	71	0.999466
104	76	0.999493
354	207	0.999395
422	143	0.999356
252	148	0.99967
218	136	0.999717
175	67	0.99941
460	409	0.999811
132	112	0.99989
478	210	0.99952
418	270	0.99955
148	56	0.999359
443	151	0.999659
308	277	0.999678
463	243	0.999892
391	119	0.999381
244	74	0.999473
201	119	0.999529
149	46	0.999327
437	61	0.999688
486	397	0.999944
481	100	0.999593
180	25	0.999904
411	370	0.999721
360	259	0.99954
175	27	0.999471
343	268	0.999428
478	294	0.99948
99	96	0.999889
74	19	0.999892
498	88	0.999605
240	175	0.999732
344	103	0.999239
440	195	0.999496
402	288	0.999788
94	48	0.999764
449	437	0.999704
204	120	0.99931
248	182	0.99953
326	120	0.999522
491	397	0.99993
254	251	0.999405
318	302	0.99941
248	168	0.999538
83	70	0.999752
236	176	0.999431
389	138	0.999482
120	25	0.999359
156	138	0.999924
82	14	0.999461
219	41	0.99972
456	45	0.999695
464	101	0.999864
392	376	0.999687
212	70	0.999279
234	197	0.999842
136	64	0.999808
206	199	0.999802
286	246	0.999316
488	217	0.999337
270	53	0.999604
51	5	0.999901
221	111	0.999939
134	20	0.99992
80	34	0.999405
440	85	0.999542
173	118	0.999731
196	153	0.999873
267	75	0.999261
280	248	0.999246
77	8	0.999446
347	234	0.999933
162	113	0.9997
85	29	0.999633
477	228	0.999269
352	141	0.999493
158	146	0.999467
478	317	0.999738
94	24	0.999275
433	273	0.99964
179	137	0.999462
289	229	0.999572
297	33	0.999569
142	73	0.999327
260	249	0.999901
198	180	0.999786
382	120	0.999803
446	355	0.99933
85	10	0.999424
196	179	0.999248
344	84	0.999833
208	189	0.999425
61	7	0.9997
179	66	0.999712
419	294	0.999436
141	45	0.999373
315	139	0.999278
134	50	0.999654
169	155	0.999696
190	96	0.999457
288	259	0.999446
500	340	0.999756
427	277	0.999897
357	334	0.999564
257	198	0.999738
404	252	0.999672
307	159	0.999632
450	89	0.999253
409	117	0.999828
350	93	0.999792
421	111	0.999497
72	50	0.999281
288	119	0.999544
194	191	0.999867
70	38	0.999622
244	156	0.999572
324	92	0.999399
121	116	0.999656
141	58	0.999504
201	184	0.999266
373	341	0.999237
479	97	0.999454
230	54	0.999286
188	146	0.99968
163	102	0.999736
446	164	0.999993
467	65	0.999312
296	33	0.999771
129	85	0.999943
460	189	0.999725
94	38	0.999961
280	249	0.999525
200	126	0.999808
375	102	0.999402
80	77	0.99972
466	70	0.999776
278	168	0.999564
419	261	0.999222
150	85	0.9995
61	37	0.999377
405	123	0.999533
113	48	0.999218
259	40	0.999482
440	296	0.999982
364	239	0.999722
99	52	0.999481
334	333	0.999554
301	92	0.99989
453	224	0.999448
405	59	0.999477
474	238	0.999973
429	177	0.999488
290	122	0.999548
278	256	0.999381
157	68	0.999255
464	146	0.999958
375	160	0.999299
236	212	0.999439
409	144	0.999381
402	370	0.999831
162	101	0.999503
272	267	0.999957
266	242	0.99963
210	196	0.999269
249	116	0.999396
285	157	0.999832
418	120	0.999669
384	369	0.999795
467	388	0.999891
204	181	0.999859
156	31	0.999546
82	72	0.999413
71	58	0.999259
132	103	0.999593
353	211	0.999855
468	417	0.999733
428	125	0.999933
377	164	0.999846
133	36	0.999536
425	125	0.999383
412	40	0.999287
435	407	0.99928
133	117	0.999449
296	231	0.999459
410	148	0.999551
248	168	0.999295
133	35	0.999647
125	38	0.999612
191	34	0.999422
143	42	0.999392
251	85	0.999829
222	101	0.999851
208	145	0.999926
423	216	0.999829
397	335	0.999447
249	88	0.999992
111	81	0.999998
361	249	0.999419
59	37	0.999927
248	69	0.999584
427	304	0.999796
132	106	0.999406
402	396	0.999505
171	61	0.999237
384	273	0.999728
499	93	0.999713
427	356	0.999944
160	60	0.999781
283	261	0.999439
496	92	0.999407
257	216	0.999489
424	203	0.99955
348	219	0.999428
442	283	0.999683
152	97	0.999513
92	36	0.999756
249	70	0.999989
312	143	0.999264
277	165	0.999481
163	128	0.999546
201	89	0.999852
482	167	0.999774
350	176	0.999964
114	92	0.999305
400	335	0.99971
197	141	0.999287
105	20	0.999999
448	428	0.999253
313	249	0.999308
337	277	0.999306
448	138	0.999522
463	203	0.999917
264	165	0.999446
243	161	0.999818
278	106	0.999767
64	25	0.999681
243	232	0.999787
359	290	0.999708
493	73	0.999628
417	305	0.999386
242	106	0.999279
418	70	0.999763
142	102	0.999894
445	365	0.999427
172	51	0.999798
284	166	0.999503
346	342	0.999311
223	127	0.999561
305	170	0.99954
382	57	0.999912
470	309	0.99923
105	79	0.999417
304	241	0.999733
95	59	0.99925
470	67	0.999244
67	46	0.999259
486	259	0.999268
463	289	0.999608
329	62	0.999288
433	281	0.999669
60	39	0.999673
55	37	0.999327
481	360	0.999808
137	119	0.999775
385	316	0.999714
318	240	0.999535
394	221	0.999537
439	155	0.999361
385	233	0.999339
488	235	0.999639
460	191	0.999687
382	265	0.999317
444	97	0.999389
463	102	0.999691
78	60	0.999955
477	130	0.999409
442	310	0.999268
395	142	0.999327
115	71	0.99983
120	114	0.999534
331	329	0.99962
62	56	0.999641
211	62	0.99974
77	37	0.999639
437	411	0.999739
311	120	0.999859
355	114	0.999622
98	12	0.999944
175	75	0.999226
177	46	0.999393
58	36	0.999486
140	52	0.99996
169	41	0.999375
206	165	0.999514
67	7	0.999741
50	5	0.999925
101	41	0.999374
182	60	0.999839
399	204	0.999632
150	35	0.999219
102	13	0.99981
67	27	0.999368
59	12	0.99971
430	43	0.999769
228	55	0.999974
387	84	0.999247
231	140	0.999985
431	160	0.999639
129	26	0.999706
361	291	0.999222
64	34	0.999372
224	182	0.999334
393	232	0.99927
471	318	0.999603
117	36	0.999903
280	126	0.999376
213	96	0.999796
215	43	0.999699
220	65	0.999772
335	233	0.999741
335	214	0.99976
405	289	0.999816
155	91	0.999768
56	12	0.999605
132	18	0.999828
354	104	0.999781
479	93	0.999583
410	405	0.999345
238	45	0.999248
346	180	0.999568
452	114	0.999843
359	71	0.999943
382	191	0.99926
343	154	0.999791
67	44	0.999974
411	409	0.999362
325	75	0.999368
279	244	0.999296
418	230	0.99969
182	31	0.999939
131	130	0.999745
411	119	0.999424
193	161	0.999779
136	123	0.999368
498	477	0.9993
337	271	0.999489
397	353	0.999931
112	87	0.999897
172	28	0.999586
51	7	0.999716
176	164	0.999317
120	105	0.999393
483	166	0.999469
114	69	0.999242
166	34	0.999872
369	117	0.999824
71	39	0.999958
332	282	0.99949
476	299	0.999774
125	16	0.999277
166	32	0.99999
493	283	0.999311
382	200	0.999689
330	241	0.999486
264	103	0.999346
198	127	0.999242
282	194	0.999521
98	79	0.999675
270	111	0.999998
497	427	0.999507
301	56	0.999241
59	23	0.999439
291	271	0.999794
278	135	0.999606
392	338	0.999969
195	21	0.999511
123	17	0.999765
388	341	0.999822
408	83	0.999722
82	36	0.999877
426	178	0.9998
395	144	0.999572
231	32	0.999279
58	7	0.999645
304	44	0.999737
231	83	0.999296
496	111	0.999795
162	92	0.999924
450	241	0.999601
455	138	0.999395
131	85	0.999277
141	44	0.999437
436	189	0.99948
309	185	0.999941
51	43	0.999617
282	255	0.999545
390	328	0.999471
468	449	0.999469
321	68	0.999719
401	269	0.999264
339	89	0.999982
217	178	0.999744
477	87	0.999423
406	219	0.999686
226	136	0.999918
472	433	0.999749
434	313	0.999309
172	48	0.99928
257	256	0.999496
259	90	0.999298
98	52	0.999786
354	301	0.999886
85	14	0.999951
245	179	0.999478
466	224	0.999876
326	37	0.999897
342	228	0.999452
413	194	0.999341
414	260	0.999503
331	119	0.999269
485	53	0.999547
135	47	0.99991
299	96	0.99957
61	31	0.999507
248	140	0.999219
78	35	0.99946
214	132	0.999556
488	165	0.999632
410	339	0.999868
55	14	0.999713
117	22	0.999537
462	157	0.999839
444	142	0.999243
207	76	0.999386
289	116	0.999796
89	28	0.999946
350	324	0.999355
398	91	0.99982
149	120	0.999257
83	60	0.999402
185	86	0.999707
250	221	0.99997
202	120	0.999831
434	98	0.999567
267	38	0.999616
216	105	0.999219
455	271	0.999542
397	309	0.999375
195	188	0.999411
134	106	0.999815
65	61	0.999431
358	327	0.999511
299	48	0.999548
160	67	0.999245
79	55	0.999218
178	114	0.99932
324	253	0.999771
205	95	0.99969
344	289	0.999632
287	88	0.999426
357	118	0.999607
393	240	0.999348
128	25	0.99994
57	42	0.999615
349	173	0.999876
446	127	0.99981
197	166	0.99961
360	48	0.999334
238	205	0.999467
255	175	0.999922
314	208	0.999579
61	35	0.999485
377	256	0.999451
272	219	0.99948
166	63	0.999482
309	212	0.999673
474	221	0.999518
369	346	0.999452
339	82	0.999979
464	82	0.999606
94	85	0.999379
317	85	0.999525
400	277	0.999713
423	272	0.999955
223	132	0.999807
176	42	0.999398
162	147	0.999316
474	308	0.999612
321	194	0.99991
80	20	0.999267
491	330	0.999348
210	154	0.999823
482	330	0.999324
380	90	0.999637
337	158	0.999544
58	27	0.999593
353	323	0.999372
395	212	0.9997
466	309	0.999713
319	97	0.999829
388	201	0.999995
430	233	0.999234
421	190	0.999904
274	58	0.999498
164	59	0.999381
96	90	0.999674
110	45	0.999643
318	214	0.99927
499	388	0.99992
304	47	0.999741
141	121	0.999798
343	254	0.999222
378	275	0.999899
233	151	0.999717
491	268	0.999403
331	146	0.999511
184	18	0.999341
60	6	0.999752
149	35	0.9995
260	131	0.999733
370	150	0.999953
479	345	0.999442
149	57	0.999217
104	28	0.999657
467	197	0.999974
489	462	0.999671
59	46	0.999229
319	35	0.999471
84	30	0.999815
290	269	0.999933
238	84	0.999318
469	266	0.999309
71	50	0.999864
76	12	0.9995
436	127	0.999948
460	255	0.999887
408	196	0.999603
153	152	0.999334
481	122	0.999846
250	96	0.999487
192	100	0.999824
393	261	0.999905
407	112	0.999641
287	156	0.999616
120	16	0.999977
402	387	0.999329
167	142	0.999402
283	192	0.999748
122	13	0.999742
415	312	0.999302
391	169	0.999238
168	138	0.999614
99	48	0.999464
73	44	0.99993
283	249	0.999485
98	13	0.999632
106	24	0.99963
94	62	0.999513
404	396	0.999561
199	98	0.999455
95	26	0.999784
265	102	0.999277
70	66	0.999548
381	129	0.999664
424	395	0.999894
149	101	0.999454
317	132	0.999461
142	59	0.999832
413	260	0.999793
172	125	0.999362
433	103	0.999253
357	258	0.999497
191	95	0.999933
100	86	0.999713
420	99	0.999684
358	123	0.99946
193	77	0.99969
175	98	0.999443
436	298	0.999812
194	173	0.99956
255	102	0.999725
396	116	0.999311
348	70	0.999764
276	41	0.99976
160	107	0.999669
350	84	0.999951
443	157	0.999653
313	60	0.999805
206	190	0.999976
150	46	0.999836
108	17	0.99961
357	350	0.999457
500	401	0.999951
183	102	0.999871
279	193	0.999705
108	28	0.999754
211	133	0.999951
60	29	0.999938
431	186	0.999667
470	58	0.999552
230	182	0.999726
177	167	0.999382
431	191	0.999926
403	238	0.999767
313	110	0.99946
428	210	0.999576
63	41	0.999821
256	43	0.999996
485	218	0.999356
375	372	0.999431
214	76	0.99995
350	217	0.999266
330	329	0.999353
230	117	0.999323
483	270	0.999338
308	121	0.999868
342	341	0.999971
207	30	0.999716
405	248	0.999219
486	450	0.999998
182	167	0.999451
115	88	0.999485
241	58	0.999338
363	201	0.999466
119	81	0.999345
86	61	0.999637
227	181	0.999954
487	292	0.999791
328	195	0.999424
297	167	0.999785
305	191	0.999647
76	72	0.999676
491	137	0.99974
350	340	0.999888
319	49	0.999321
126	98	0.999366
169	163	0.999325
149	25	0.999848
437	316	0.999284
296	149	0.999517
119	44	0.999448
275	247	0.999653
497	107	0.999293
313	280	0.999832
155	60	0.999777
326	41	0.999799
408	343	0.999824
146	92	0.999915
159	42	0.999639
200	133	0.99948
187	21	0.999392
350	219	0.999395
391	366	0.999236
372	188	0.999586
50	11	0.999591
240	95	0.999554
82	22	0.999851
80	30	0.999493
383	197	0.999439
410	290	0.99941
358	214	0.999453
334	250	0.999431
268	66	0.999918
223	32	0.999937
194	24	0.999828
315	120	0.999488
63	50	0.999511
272	225	0.999328
311	75	0.999667
185	64	0.999227
270	181	0.999909
79	15	0.999262
174	49	0.999958
151	40	0.999431
240	225	0.999671
158	85	0.999789
379	99	0.999458
106	34	0.99995
287	73	0.999973
327	67	0.99962
433	408	0.999616
238	33	0.999384
391	322	0.999763
450	257	0.999849
414	123	0.999259
161	40	0.999579
348	222	0.999612
482	227	0.999251
181	26	0.999467
142	80	0.999696
300	251	0.999475
304	285	0.999783
123	87	0.999368
355	157	0.999521
154	31	0.999939
373	320	0.999595
303	29	0.999839
152	67	0.999594
349	136	0.999779
393	334	0.999591
471	117	0.999843
133	55	0.999964
236	218	0.999692
357	115	0.999682
292	277	0.999344
407	322	0.999841
357	235	0.999748
198	47	0.999708
484	165	0.999537
209	81	0.999395
190	59	0.999383
469	109	0.999393
326	227	0.99934
434	95	0.999493
324	290	0.999356
482	252	0.999848
464	424	0.999284
112	42	0.99928
381	178	0.999667
489	119	0.999268
101	95	0.999585
281	248	0.999767
124	37	0.999825
435	227	0.999461
433	67	0.999275
75	35	0.99937
206	203	0.999239
375	291	0.99961
203	111	0.999664
353	271	0.999679
55	36	0.999488
206	158	0.999677
210	29	0.99955
199	125	0.999558
309	230	0.999397
193	131	0.999528
247	103	0.99966
325	49	0.999384
277	77	0.999944
297	268	0.999277
294	147	0.999374
261	155	0.999685
142	134	0.999466
405	179	0.999725
283	122	0.999554
288	216	0.999233
295	73	0.999507
355	216	0.999814
171	95	0.999307
382	363	0.999547
495	100	0.999858
450	323	0.999232
69	64	0.999962
188	34	0.999716
132	114	0.99985
221	199	0.999862
79	76	0.999927
439	67	0.99982
124	22	0.999434
337	88	0.999222
390	43	0.999832
455	389	0.999814
88	18	0.99994
262	138	0.99993
100	64	0.999898
347	232	0.999894
490	158	0.999435
450	138	0.99958
457	63	0.999407
484	482	0.999664
312	32	0.999355
379	226	0.999787
386	38	0.999883
68	9	0.99923
308	68	0.999314
105	10	0.999235
186	20	0.999396
200	26	0.999444
102	11	0.999633
401	154	0.999668
354	217	0.999771
164	95	0.999786
476	98	0.999673
142	36	0.999414
499	203	0.999706
207	180	0.999467
166	112	0.999671
323	163	0.999366
51	36	0.999342
150	33	0.999666
89	51	0.999604
105	15	0.999653
396	115	0.999692
325	75	0.999219
370	264	0.999482
86	33	0.999832
155	18	0.999381
51	18	0.999971
118	13	0.999856
251	67	0.999977
151	98	0.999933
449	268	0.999298
342	115	0.999854
441	440	0.999687
440	157	0.99958
303	104	0.999922
64	39	0.999358
367	102	0.999475
204	162	0.999234
66	20	0.999412
200	121	0.999732
328	38	0.999712
137	62	0.999632
499	155	0.999447
180	63	0.999868
275	122	0.999642
186	81	0.999496
127	101	0.999291
117	18	0.999619
208	100	0.999982
205	120	0.999656
130	106	0.999503
475	270	0.99997
267	236	0.999261
379	157	0.999783
166	146	0.999709
393	50	0.999958
243	198	0.999486
168	46	0.99994
357	109	0.999691
198	152	0.999597
460	287	0.99923
351	298	0.999938
276	246	0.999915
79	75	0.999407
427	328	0.999562
449	222	0.999281
400	70	0.999903
135	128	0.999915
475	272	0.999432
196	136	0.999675
389	181	0.99989
67	27	0.99936
267	175	0.999504
230	86	0.999463
492	432	0.999564
453	293	0.999269
74	29	0.99994
277	179	0.999345
292	113	0.999821
313	93	0.999576
330	64	0.99941
387	133	0.999626
59	38	0.999719
276	70	0.999477
285	133	0.999388
499	414	0.999655
89	26	0.999312
416	136	0.999421
272	165	0.999649
253	135	0.999334
238	37	0.999922
54	25	0.999982
272	177	0.999676
187	162	0.99992
466	81	0.999473
91	57	0.999826
162	104	0.999332
186	175	0.99959
172	80	0.999918
322	123	0.999532
180	22	0.999329
490	207	0.999479
129	81	0.999918
339	232	0.999292
212	142	0.999256
127	65	0.999919
451	313	0.999872
335	138	0.999705
409	269	0.999706
456	318	0.99986
181	151	0.999654
417	204	0.999297
141	87	0.999513
417	244	0.999903
448	375	0.999689
60	51	0.99923
500	238	0.999912
364	129	0.999926
467	322	0.999411
280	124	0.99976
206	109	0.999987
87	43	0.999374
96	25	0.999498
424	392	0.999255
113	109	0.999883
200	97	0.999768
287	272	0.999475
458	186	0.999987
95	94	0.999608
143	117	0.999628
332	259	0.99954
143	97	0.999442
271	252	0.999442
118	104	0.999785
277	186	0.999918
138	106	0.9994
322	44	0.999839
391	321	0.999854
213	66	0.999248
76	36	0.999711
129	59	0.999679
338	142	0.999431
436	108	0.999579
141	75	0.99963
342	116	0.999471
142	92	0.999957
343	177	0.999485
51	19	0.999794
253	74	0.999676
241	141	0.999696
57	8	0.999522
260	149	0.99926
354	297	0.999798
375	191	0.999912
280	38	0.999537
55	30	0.999758
396	389	0.999966
436	141	0.999549
231	102	0.99976
239	49	0.999322
154	101	0.999501
485	390	0.999528
357	301	0.999561
366	107	0.999926
468	397	0.999701
464	377	0.999265
80	41	0.999674
265	103	0.999525
60	15	0.999532
406	75	0.999601
176	27	0.999654
186	120	0.99999
470	323	0.999489
339	309	0.999363
162	72	0.999282
116	16	0.999254
418	258	0.999854
363	52	0.999381
327	162	0.99958
109	14	0.999604
365	268	0.999558
202	54	0.999437
291	204	0.99945
230	133	0.999312
88	86	0.999845
141	63	0.999975
254	208	0.99957
498	294	0.999794
387	57	0.999312
382	338	0.99994
208	171	0.999481
468	387	0.999903
284	179	0.99933
213	210	0.99939
377	188	0.99947
241	183	0.999897
489	67	0.999512
159	60	0.999734
285	170	0.999956
96	66	0.999839
494	124	0.999363
448	78	0.999956
454	67	0.999411
455	122	0.999634
339	224	0.999425
318	154	0.999857
429	79	0.999814
274	53	0.999687
381	228	0.999746
217	75	0.999475
212	137	0.999619
261	31	0.999769
455	48	0.999905
239	134	0.999832
498	61	0.999413
305	92	0.999716
144	82	0.999421
220	203	0.999594
212	21	0.99989
310	225	0.99959
359	253	0.999958
181	178	0.999901
388	182	0.999861
280	206	0.999508
457	81	0.999952
433	163	0.999511
144	37	0.999763
417	258	0.99982
412	101	0.999317
139	21	0.999285
319	239	0.999686
380	173	0.999443
309	162	0.999264
271	78	0.999638
110	88	0.999959
263	83	0.99953
449	381	0.999837
433	340	0.999852
367	274	0.999633
95	17	0.999934
272	143	0.999248
468	233	0.999756
152	105	0.999623
402	134	0.999833
191	45	0.999601
414	80	0.999591
203	58	0.999777
65	32	0.99968
196	193	0.999403
208	27	0.99977
136	133	0.999749
480	408	0.999565
377	314	0.999458
317	231	0.999237
188	153	0.999308
121	22	0.999586
382	301	0.999779
59	41	0.999978
394	135	0.999888
399	235	0.999881
126	61	0.999715
254	105	0.99949
268	87	0.999595
100	72	0.999338
358	136	0.999464
498	78	0.999687
157	89	0.999924
482	308	0.999223
441	226	0.99956
290	144	0.99963
111	39	0.999668
401	350	0.999495
304	51	0.999991
422	138	0.999501
58	43	0.999853
443	282	0.999601
367	198	0.999384
164	102	0.999296
308	118	0.999791
393	158	0.999345
472	46	0.999889
317	303	0.999259
134	19	0.999258
381	120	0.999814
379	237	0.999987
89	56	0.999982
181	63	0.999424
59	55	0.999291
471	202	0.999425
69	26	0.99976
332	193	0.999726
317	274	0.999328
69	42	0.999521
419	368	0.999805
262	131	0.999234
405	290	0.999966
271	120	0.999222
176	120	0.999734
224	124	0.999675
388	203	0.999374
81	50	0.999338
81	17	0.999387
332	188	0.999941
232	209	0.999846
376	203	0.999365
369	332	0.9995
357	300	0.999262
154	54	0.999476
101	63	0.999528
75	29	0.999368
165	129	0.999944
62	35	0.999654
482	263	0.999771
124	88	0.999367
349	319	0.999603
453	451	0.999251
135	88	0.999642
91	34	0.99974
93	45	0.999409
379	124	0.999583
468	174	0.999265
75	64	0.999786
216	79	0.999394
71	61	0.999987
461	126	0.999706
270	30	0.999747
432	160	0.999885
339	335	0.999914
75	55	0.999619
350	80	0.999468
231	82	0.999442
127	73	0.999961
458	191	0.999307
351	246	0.999489
470	325	0.999925
171	59	0.99961
459	235	0.99967
406	343	0.999292
225	223	0.999224
449	205	0.999329
290	210	0.999999
55	50	0.999417
256	218	0.999857
298	39	0.999395
413	62	0.999343
322	136	0.999566
106	104	0.999453
304	276	0.999664
142	35	0.99965
416	55	0.999763
143	109	0.999414
352	201	0.99963
257	255	0.999873
398	164	0.999854
383	210	0.999377
89	53	0.999448
308	99	0.999489
68	40	0.999939
427	365	0.999949
363	134	0.999565
170	158	0.999231
383	341	0.999984
262	235	0.999716
387	95	0.999492
276	100	0.999584
82	12	0.999714
197	29	0.999762
239	65	0.999254
423	176	0.99942
76	24	0.999325
237	109	0.99963
149	57	0.999338
67	56	0.99995
94	36	0.999479
106	41	0.999666
418	372	0.999469
268	136	0.999302
159	111	0.999738
200	148	0.999819
233	185	0.999626
62	47	0.999384
298	282	0.999768
84	43	0.999291
202	136	0.999802
109	75	0.999249
264	189	0.999579
151	82	0.999419
145	36	0.999432
401	274	0.999635
94	47	0.999228
80	61	0.999951
385	235	0.999233
56	27	0.999273
239	111	0.999591
380	266	0.999328
489	185	0.999977
254	130	0.999921
360	347	0.999495
218	63	0.999254
148	137	0.999553
397	64	0.999387
456	204	0.999219
315	205	0.999484
479	288	0.999456
71	25	0.99959
412	61	0.999868
413	380	0.999943
280	34	0.999278
493	116	0.999697
114	76	0.999369
156	87	0.999637
337	167	0.999346
317	106	0.999681
66	36	0.999887
309	283	0.999543
158	140	0.999933
85	77	0.999807
462	443	0.999391
489	364	0.99998
219	93	0.999281
177	81	0.999691
315	200	0.999588
432	63	0.999447
82	8	0.999779
349	232	0.999317
381	330	0.99967
66	54	0.99961
118	42	0.999978
83	13	0.999705
91	44	0.999218
345	153	0.999362
87	66	0.999601
143	114	0.999378
266	75	0.999485
364	98	0.999552
497	311	0.999588
264	145	0.999952
486	212	0.999803
331	181	0.999467
70	66	0.999429
246	205	0.999372
486	52	0.999364
192	173	0.999465
317	221	0.99992
420	73	0.999658
397	74	0.999432
360	351	0.999235
305	41	0.999737
239	134	0.999276
269	216	0.999964
321	310	0.99923
97	53	0.999762
459	56	0.999437
370	186	0.999681
340	75	0.999261
321	146	0.999834
379	69	0.999491
166	67	0.999783
475	264	0.99992
462	113	0.999908
471	358	0.999359
80	75	0.999424
409	322	0.999271
499	167	0.999989
171	77	0.999722
93	52	0.999518
234	108	0.999957
204	157	0.999719
225	149	0.999402
95	68	0.999424
234	75	0.999538
82	68	0.999507
444	175	0.999705
73	12	0.999361
224	119	0.999621
125	82	0.999539
302	99	0.999789
444	156	0.999536
393	150	0.99993
279	236	0.999308
201	64	0.999437
450	175	0.999677
357	281	0.99947
196	150	0.99935
178	47	0.999418
454	380	0.999667
438	103	0.999962
199	47	0.999734
175	82	0.999496
411	351	0.999511
228	210	0.999287
387	216	0.99972
489	69	0.999249
300	232	0.999449
72	16	0.999829
318	63	0.999997
402	252	0.999778
377	289	0.999248
369	202	0.999659
321	67	0.999648
218	146	0.999473
121	48	0.99972
320	31	0.99963
293	196	0.999735
71	34	0.999496
450	277	0.999995
272	35	0.999375
292	28	0.999986
234	115	0.999329
392	275	0.999865
100	30	0.999374
315	287	0.999366
420	146	0.999623
286	250	0.999666
344	58	0.999662
83	36	0.9997
464	63	0.999326
289	154	0.999937
480	468	0.999416
112	16	0.99947
321	243	0.999358
201	133	0.999381
140	84	0.999451
230	51	0.999472
144	143	0.999709
230	160	0.999455
121	36	0.999532
98	86	0.999673
390	388	0.999784
488	92	0.999367
55	40	0.999561
480	202	0.99942
357	44	0.999453
326	290	0.999442
139	128	0.999229
458	94	0.999504
70	59	0.99986
447	407	0.999545
400	391	0.999428
376	61	0.999941
472	55	0.999851
92	37	0.999646
68	21	0.999765
330	49	0.999995
192	113	0.999724
443	70	0.999251
292	160	0.999257
202	175	0.999828
217	164	0.999404
369	277	0.999222
115	87	0.999503
196	167	0.999597
403	133	0.999585
120	99	0.999642
290	193	0.999621
52	48	0.999615
131	25	0.999675
89	53	0.99929
415	205	0.999872
484	271	0.999719
420	147	0.999743
209	66	0.999793
186	39	0.999962
121	99	0.999928
400	377	0.999686
187	56	0.999579
134	41	0.999586
275	252	0.999639
455	74	0.999392
197	64	0.999427
205	128	0.999778
99	74	0.999955
230	133	0.999417
168	43	0.999875
315	142	0.999488
408	375	0.999832
233	186	0.999616
63	28	0.999949
369	107	0.999914
201	54	0.999399
159	40	0.999964
111	68	0.999971
107	103	0.999577
123	29	0.999928
236	95	0.99994
83	12	0.999676
228	204	0.999453
251	218	0.999359
189	147	0.999771
352	102	0.99995
249	78	0.999756
248	29	0.999519
385	182	0.999824
57	19	0.999727
349	208	0.999477
477	406	0.999225
462	80	0.999999
183	95	0.999806
80	27	0.99954
397	381	0.999603
88	81	0.999242
112	89	0.999356
471	350	0.999613
294	174	0.999791
229	204	0.999468
172	75	0.999325
295	226	0.99968
498	233	0.999293
63	37	0.99935
130	109	0.999277
123	98	0.999825
446	280	0.999386
152	74	0.999416
241	130	0.999762
310	133	0.999789
466	85	0.999971
114	59	0.999516
245	125	0.999963
232	60	0.999787
283	251	0.999875
106	63	0.99948
141	87	0.999551
177	46	0.999354
128	44	0.999886
248	126	0.999471
318	71	0.999403
152	151	0.999727
82	71	0.999514
398	120	0.999792
75	44	0.999314
189	62	0.999391
301	222	0.999402
152	21	0.999294
177	77	0.99952
358	122	0.999803
291	199	0.999653
109	63	0.999825
275	63	0.999477
454	211	0.99975
186	18	0.999811
265	29	0.999805
437	307	0.999716
405	330	0.99966
466	221	0.999413
358	181	0.99972
264	36	0.999647
391	115	0.999893
242	164	0.99985
415	365	0.999986
417	284	0.999626
386	132	0.999512
410	295	0.999446
238	71	0.999437
108	76	0.999771
236	192	0.999353
343	98	0.99934
131	125	0.999387
418	193	0.999948
211	191	0.999348
302	283	0.999821
125	119	0.999694
89	78	0.999859
391	279	0.999662
93	78	0.999678
305	153	0.999464
500	274	0.999257
190	155	0.999374
459	207	0.999412
244	30	0.999669
60	27	0.999238
414	66	0.999289
247	123	0.999416
461	215	0.999897
462	80	0.999765
480	126	0.9997
77	49	0.999941
163	70	0.99954
171	117	0.999338
300	295	0.999392
177	140	0.999298
368	197	0.999574
279	258	0.999559
213	34	0.999535
298	254	0.999601
142	43	0.999715
169	98	0.999667
204	94	0.999874
408	167	0.999586
183	65	0.999903
281	56	0.999436
51	19	0.999495
411	121	0.999254
375	223	0.999391
403	239	0.999781
132	13	0.999801
435	116	0.999692
262	65	0.99945
220	80	0.999917
473	313	0.999726
460	172	0.99926
333	92	0.999773
292	192	0.9995
60	20	0.999363
420	416	0.999273
289	106	0.999513
120	18	0.999222
180	133	0.999398
100	92	0.999538
324	96	0.999395
234	107	0.999323
261	257	0.9996
282	228	0.999413
173	34	0.999515
89	30	0.999278
73	64	0.999772
405	337	0.999415
277	77	0.999653
354	252	0.999399
152	98	0.999839
330	92	0.999308
432	409	0.99968
156	63	0.99987
87	9	0.999472
74	20	0.999403
355	268	0.999849
403	180	0.999824
396	372	0.999221
116	108	0.99955
82	26	0.999433
360	324	0.999793
89	30	0.999497
64	48	0.999292
234	204	0.999971
218	22	0.999922
291	152	0.99985
120	49	0.999805
304	154	0.999568
373	141	0.999864
51	20	0.999523
304	105	0.999549
444	331	0.999879
232	181	0.99988
393	112	0.999711
365	107	0.999284
164	42	0.999808
329	35	0.999797
165	157	0.999485
489	465	0.9995
323	293	0.999319
429	254	0.999312
456	392	0.999468
320	114	0.999871
192	142	0.999386
72	21	0.999833
306	248	0.999314
393	354	0.99986
347	255	0.999879
220	164	0.999818
472	326	0.99971
207	26	0.999232
321	263	0.999648
152	127	0.999695
462	242	0.99963
285	246	0.999916
444	197	0.999779
389	202	0.999762
115	98	0.999509
432	51	0.999503
461	133	0.999694
135	131	0.999415
430	51	0.999481
173	95	0.99993
397	383	0.999747
389	45	0.999868
434	87	0.999701
298	154	0.999703
236	113	0.999266
256	134	0.999748
248	184	0.999549
200	175	0.999553
483	320	0.999493
414	358	0.999778
499	312	0.999359
116	93	0.999558
139	55	0.999967
306	119	0.999778
422	285	0.999688
395	120	0.999409
125	34	0.999845
67	7	0.999606
192	81	0.999925
230	110	0.999897
226	99	0.99968
292	154	0.999967
426	201	0.99983
258	216	0.999511
360	346	0.999276
211	175	0.999229
282	253	0.999799
276	65	0.999707
381	369	0.999387
156	128	0.999345
336	42	0.999686
470	396	0.999669
349	220	0.999594
465	444	0.999761
120	81	0.999641
377	142	0.999877
335	46	0.999363
204	52	0.999441
213	165	0.999359
176	101	0.999843
356	203	0.999793
219	194	0.999401
183	169	0.999409
256	137	0.99991
104	73	0.999879
330	228	0.999742
472	259	0.999241
351	183	0.999907
115	53	0.999966
59	45	0.999312
119	85	0.999839
126	46	0.999821
320	48	0.999867
371	93	0.999709
220	115	0.999921
344	293	0.99932
485	369	0.999222
144	35	0.999671
98	81	0.99955
464	415	0.999484
343	321	0.999828
100	12	0.999641
496	171	0.999767
97	27	0.999423
232	111	0.999728
369	82	0.999493
410	281	0.999836
73	25	0.999484
487	191	0.999836
422	41	0.999454
80	71	0.999872
397	317	0.999702
365	241	0.999437
144	123	0.99955
127	113	0.999464
342	240	0.999896
396	87	0.999274
172	26	0.999413
391	128	0.999523
477	167	0.99988
465	238	0.999466
429	419	0.999641
475	183	0.999548
82	30	0.999388
333	126	0.999331
118	17	0.999982
150	89	0.999507
325	278	0.999331
329	226	0.999753
364	361	0.999471
463	428	0.999415
98	91	0.99941
215	48	0.999811
127	56	0.999509
490	256	0.999493
436	295	0.999875
67	50	0.999723
282	91	0.999316
454	209	0.99938
407	190	0.999826
211	84	0.999803
61	40	0.999492
95	71	0.999331
121	34	0.999384
466	263	0.999486
277	144	0.999683
350	270	0.999678
63	7	0.999328
261	252	0.99962
204	28	0.999673
458	72	0.999478
386	376	0.999366
106	87	0.999957
405	340	0.999478
110	53	0.999574
491	345	0.999963
104	43	0.999344
202	28	0.99952
54	49	0.999814
62	11	0.999539
407	156	0.999473
76	65	0.999403
470	426	0.999975
213	105	0.999413
97	34	0.999358
136	118	0.999955
465	181	0.9999
425	150	0.999933
75	23	0.999623
242	61	0.999373
297	161	0.999866
149	74	0.99949
186	132	0.999726
228	199	0.999547
112	31	0.999798
498	123	0.999219
457	254	0.999977
450	86	0.999843
105	42	0.999592
287	223	0.999953
242	102	0.99954
179	143	0.999273
94	61	0.99986
109	34	0.999734
244	159	0.999383
230	110	0.999806
486	91	0.99975
154	105	0.99984
371	137	0.999932
321	160	0.99978
75	15	0.999482
166	153	0.999669
100	34	0.999267
470	355	0.999652
449	310	0.999545
419	177	0.99941
114	110	0.99954
246	93	0.999363
290	260	0.999689
288	58	0.999749
111	12	0.999861
182	57	0.999779
284	183	0.999394
358	235	0.999395
211	37	0.999283
179	24	0.999558
316	97	0.99996
223	182	0.999481
138	59	0.999922
207	109	0.999519
309	189	0.999473
408	316	0.999626
240	52	0.999914
305	168	0.999418
434	166	0.999339
99	72	0.999888
460	163	0.99954
300	41	0.999276
430	280	0.999568
429	142	0.999607
267	144	0.999854
304	30	0.999622
165	115	0.999219
408	374	0.999285
328	196	0.999672
74	72	0.999648
345	71	0.999436
62	39	0.999681
430	363	0.999918
473	48	0.999405
404	119	0.999367
286	221	0.999919
490	301	0.999755
57	28	0.999853
499	475	0.99982
289	260	0.999444
131	121	0.999328
187	105	0.999333
282	234	0.999372
270	128	0.999958
325	181	0.999926
413	114	0.999646
206	23	0.999697
482	321	0.999583
235	89	0.999969
223	187	0.999518
51	24	0.999679
131	111	0.999901
170	150	0.999296
359	331	0.999568
189	61	0.999677
392	378	0.999581
254	202	0.999369
51	38	0.999694
285	274	0.999561
150	44	0.999854
392	383	0.999963
435	426	0.999444
438	425	0.999974
366	125	0.9999
318	79	0.999334
480	49	0.999841
263	26	0.999222
375	196	0.999871
71	31	0.9995
72	27	0.999495
386	195	0.999518
481	150	0.999644
239	85	0.999362
129	96	0.999714
162	150	0.999843
486	265	0.999313
179	35	0.999591
492	202	0.99933
89	78	0.999473
362	333	0.999305
348	342	0.999734
462	195	0.999338
246	26	0.999881
183	45	0.999376
90	55	0.999219
229	143	0.999534
411	153	0.999569
169	112	0.999543
292	200	0.999305
163	131	0.999339
252	29	0.999393
117	109	0.999313
397	113	0.999955
451	143	0.9993
73	15	0.999548
244	209	0.999303
307	190	0.999641
61	27	0.999969
228	157	0.999928
362	134	0.999326
408	240	0.99997
324	309	0.999312
307	167	0.999859
339	282	0.999452
77	58	0.999474
295	108	0.999529
234	52	0.99933
499	265	0.999421
328	92	0.999914
378	168	0.999615
438	340	0.999618
246	46	0.999803
250	208	0.999884
440	126	0.99945
88	50	0.999894
226	99	0.999587
407	184	0.999453
164	54	0.999634
246	55	0.999993
245	33	0.999846
416	269	0.99989
202	166	0.999508
158	81	0.99963
196	59	0.999843
435	199	0.999236
291	227	0.999884
221	24	0.999919
355	285	0.999727
101	35	0.999346
250	121	0.999676
73	66	0.999305
67	28	0.999927
448	362	0.999629
166	145	0.999904
498	179	0.999669
242	197	0.999761
189	142	0.999345
97	39	0.999752
141	82	0.999323
429	425	0.999478
111	32	0.999283
370	250	0.999596
434	100	0.999996
469	413	0.999329
207	30	0.999625
94	68	0.999498
152	151	0.999606
215	132	0.99949
207	96	0.999847
76	70	0.999602
187	161	0.999234
278	69	0.9997
260	50	0.999536
492	398	0.999725
456	124	0.999482
276	216	0.999803
466	345	0.999889
231	190	0.99926
299	285	0.999359
315	163	0.999497
125	13	0.999392
69	22	0.999708
347	59	0.999338
414	413	0.999474
154	105	0.999859
214	123	0.99994
424	256	0.999889
405	283	0.999928
421	361	0.999352
272	161	0.999377
458	197	0.999967
196	153	0.999738
254	186	0.99966
282	218	0.99978
185	57	0.999645
499	367	0.999901
457	94	0.999436
174	43	0.999637
231	57	0.999982
445	178	0.999601
450	385	0.999533
204	145	0.999796
332	260	0.999413
347	138	0.999609
436	266	0.999857
81	40	0.999987
336	44	0.999727
345	294	0.999639
286	273	0.999813
383	367	0.999765
326	74	0.999926
460	77	0.999732
187	99	0.999572
291	30	0.999935
478	385	0.999738
313	38	0.999288
372	269	0.999435
337	132	0.999647
57	39	0.999237
222	213	0.999987
438	327	0.999505
197	147	0.99995
113	45	0.999868
407	106	0.999949
328	234	0.999623
102	47	0.999401
300	131	0.999953
342	199	0.999677
57	31	0.99959
429	231	0.9995
353	176	0.999778
358	196	0.999991
361	58	0.999734
134	108	0.999239
454	117	0.999382
168	47	0.999951
142	135	0.999298
197	137	0.999637
271	209	0.999619
111	56	0.999576
371	342	0.999761
441	119	0.999608
425	213	0.999607
148	44	0.999553
399	280	0.999425
70	36	0.999836
140	50	0.999893
179	59	0.999266
403	332	0.99996
300	102	0.999289
394	95	0.999489
83	57	0.999582
499	334	0.99981
261	258	0.999688
263	175	0.999709
89	53	0.99964
123	93	0.999377
432	261	0.999766
221	192	0.999565
284	203	0.999639
409	275	0.999334
466	424	0.999899
225	119	0.999993
302	161	0.999962
268	215	0.999261
319	49	0.999926
244	94	0.999305
410	75	0.999533
52	41	0.99987
228	187	0.99966
122	90	0.999531
336	127	0.999844
186	153	0.999552
54	10	0.99993
499	447	0.999605
287	75	0.99976
280	188	0.99994
438	72	0.999689
311	253	0.999222
148	58	0.999637
340	338	0.999825
225	211	0.999828
432	343	0.999702
499	97	0.99962
348	230	0.99998
177	125	0.999724
377	137	0.999968
426	188	0.999919
495	345	0.999391
235	32	0.999937
68	29	0.999906
181	124	0.999608
75	28	0.999299
156	67	0.999973
111	89	0.999556
427	264	0.999928
137	86	0.999901
272	117	0.99984
160	79	0.999517
493	391	0.999838
107	34	0.999435
336	57	0.999951
218	130	0.999855
320	108	0.999402
365	314	0.999549
148	66	0.999472
291	266	0.999301
225	49	0.999306
285	33	0.999538
122	43	0.999854
289	114	0.9995
192	183	0.999628
324	233	0.999611
419	86	0.999616
150	38	0.999744
104	74	0.999675
166	156	0.99964
207	164	0.999491
233	55	0.999781
443	289	0.999828
473	420	0.999765
118	101	0.999326
76	25	0.999541
109	96	0.999338
365	222	0.999392
332	98	0.999573
212	198	0.999831
372	46	0.999647
292	58	0.99928
406	106	0.999589
175	173	0.999893
290	135	0.999267
166	29	0.999474
72	45	0.999385
445	56	0.999263
409	117	0.999383
367	70	0.999544
437	147	0.999373
195	146	0.999312
216	167	0.999342
460	226	0.999978
369	326	0.999271
233	96	0.999664
339	237	0.999341
335	278	0.999408
456	142	0.999874
275	159	0.999891
353	155	0.999719
281	274	0.99928
166	65	0.99931
62	30	0.99942
53	12	0.99941
264	258	0.999338
86	34	0.999734
407	375	0.999922
187	67	0.999472
264	98	0.999731
138	105	0.999904
194	117	0.999574
264	68	0.999673
329	140	0.999669
147	74	0.999825
287	44	0.999604
162	110	0.999872
148	16	0.999498
142	17	0.999729
137	125	0.999924
268	69	0.9995
53	47	0.999764
275	205	0.999867
76	75	0.999222
162	142	0.999662
216	65	0.999809
483	201	0.999829
299	295	0.999648
120	71	0.999414
498	465	0.999517
359	290	0.999823
160	118	0.999493
424	343	0.999762
482	464	0.999519
470	70	0.999318
314	292	0.999739
269	185	0.999816
185	130	0.99927
67	10	0.999795
301	89	0.999377
200	74	0.999819
280	80	0.999475
171	72	0.999521
453	238	0.999352
284	253	0.999493
266	41	0.999601
205	120	0.999868
53	22	0.999219
184	68	0.999291
142	96	0.999875
99	57	0.999901
260	138	0.99954
378	275	0.999907
242	117	0.999751
50	47	0.999251
417	153	0.999542
175	125	0.999684
327	248	0.999277
393	310	0.999807
212	121	0.999833
497	195	0.999923
131	32	0.999308
409	310	0.999244
215	106	0.999388
171	97	0.999851
82	30	0.999356
136	40	0.99989
113	11	0.999643
418	57	0.999908
110	51	0.999564
160	94	0.999337
217	154	0.999388
279	261	0.99924
376	324	0.999415
143	131	0.999625
169	60	0.999911
465	374	0.999378
287	181	0.999619
245	206	0.999886
326	73	0.999739
420	349	0.999468
232	101	0.999603
442	357	0.999826
54	6	0.999663
363	355	0.999375
89	37	0.999721
208	178	0.99934
90	29	0.999404
69	31	0.999839
177	36	0.999983
250	175	0.999272
441	436	0.99937
275	108	0.999341
150	130	0.999235
207	83	0.999325
274	125	0.999309
280	266	0.999871
51	17	0.999801
107	64	0.999992
237	25	0.99939
216	176	0.999722
191	115	0.99926
135	41	0.999934
177	149	0.999293
320	172	0.999544
87	33	0.999229
326	242	0.99986
79	28	0.999833
293	244	0.999273
248	175	0.999363
93	77	0.999746
282	33	0.999666
306	195	0.999356
181	131	0.999271
144	112	0.99977
105	34	0.999888
477	133	0.999807
316	279	0.999977
440	64	0.999374
264	53	0.999374
315	109	0.999235
337	166	0.999248
495	234	0.999899
376	259	0.999485
445	198	0.999978
299	186	0.999765
391	42	0.999872
373	220	0.999363
330	273	0.999958
136	33	0.999802
110	59	0.999477
157	123	0.999256
406	294	0.999455
100	98	0.999867
490	256	0.99949
391	312	0.999603
429	75	0.999997
298	59	0.999663
486	194	0.999993
172	39	0.999218
339	156	0.999967
91	77	0.999564
420	323	0.999484
62	10	0.99978
332	305	0.999633
170	31	0.99971
450	435	0.999658
140	134	0.999318
438	424	0.999483
370	42	0.999816
141	109	0.99933
250	48	0.999724
351	253	0.999262
167	62	0.99994
234	27	0.99947
409	184	0.999907
411	168	0.999674
268	250	0.999482
490	376	0.999761
71	50	0.999255
285	125	0.999806
81	44	0.999399
104	50	0.999223
441	146	0.999713
399	218	0.999424
105	28	0.999859
180	110	0.999485
154	135	0.999926
291	104	0.999662
430	237	0.999623
169	157	0.999394
157	97	0.999395
111	24	0.999439
479	268	0.999988
362	266	0.999675
402	53	0.999273
348	317	0.999399
275	183	0.999604
169	96	0.999441
364	327	0.999868
251	115	0.99969
370	141	0.999248
352	236	0.999886
243	170	0.999724
405	222	0.999455
149	87	0.999648
130	28	0.999951
125	87	0.999969
234	216	0.999737
381	204	0.999399
208	86	0.999663
294	261	0.999606
433	326	0.999881
129	41	0.999435
251	212	0.99992
245	25	0.999949
383	84	0.999659
249	126	0.999559
455	72	0.999922
332	259	0.999437
84	80	0.999991
125	57	0.999702
74	56	0.999893
304	129	0.999905
391	334	0.99948
242	65	0.999418
54	53	0.999906
171	138	0.999593
164	126	0.999754
225	205	0.99972
122	32	0.999465
311	172	0.999695
59	15	0.999319
215	27	0.999781
293	90	0.999742
85	55	0.999754
385	177	0.999365
110	94	0.999452
161	132	0.999919
88	30	0.999908
91	83	0.999484
72	33	0.999949
432	200	0.999739
70	23	0.999419
387	275	0.999305
191	34	0.999388
314	140	0.999421
201	129	0.999566
227	127	0.999359
403	392	0.99946
366	277	0.999619
430	101	0.999434
385	299	0.999478
286	33	0.999244
267	34	0.999305
402	288	0.999256
61	29	0.99959
420	213	0.999436
499	313	0.999343
423	210	0.999337
493	136	0.999503
425	209	0.999761
465	128	0.999562
358	208	0.999853
307	42	0.999275
354	280	0.999569
116	67	0.999536
65	49	0.999554
398	349	0.999284
116	107	0.999673
313	240	0.99998
472	217	0.999732
358	79	0.999843
480	368	0.999232
477	72	0.99987
451	208	0.999784
93	21	0.999872
133	92	0.999873
96	47	0.99972
165	149	0.999806
67	54	0.999908
270	106	0.999854
268	200	0.999474
68	50	0.99954
267	246	0.999867
342	58	0.999734
316	275	0.999924
136	121	0.999709
81	21	0.999307
259	132	0.999706
494	111	0.99963
469	439	0.999426
208	57	0.99931
115	86	0.999872
135	72	0.999893
467	453	0.999805
487	69	0.999566
230	63	0.99965
307	107	0.99923
239	103	0.999425
426	340	0.999566
230	172	0.99929
225	115	0.999863
329	37	0.999532
432	310	0.999954
446	160	0.999911
160	104	0.999538
131	107	0.999405
378	220	0.999356
65	20	0.999525
487	415	0.999726
353	159	0.999943
311	282	0.999689
196	154	0.999312
91	31	0.999333
182	129	0.99924
295	95	0.999957
253	141	0.999583
75	14	0.999974
363	104	0.999867
147	19	0.999724
355	219	0.999276
332	192	0.999877
450	189	0.999994
221	174	0.999581
463	424	0.999832
336	171	0.999348
113	26	0.999903
284	126	0.999946
266	192	0.999498
274	50	0.99947
407	207	0.999435
300	174	0.999294
309	221	0.999394
353	260	0.999655
163	57	0.999921
382	70	0.99946
163	71	0.999428
105	19	0.999472
119	95	0.999472
331	229	0.999716
217	54	0.999844
316	276	0.999706
213	102	0.999468
389	270	0.999702
453	125	0.999791
269	77	0.999471
155	108	0.999428
128	58	0.999323
138	98	0.999358
59	26	0.999843
480	394	0.999942
121	110	0.999229
185	86	0.999498
252	143	0.999259
306	252	0.99944
176	101	0.99924
491	66	0.999948
155	126	0.999272
433	140	0.99976
210	99	0.99969
247	110	0.999716
235	108	0.999581
256	168	0.999638
225	133	0.999628
