4500
77	66	0.999778
493	403	0.999756
108	57	0.999966
446	273	0.999902
413	384	0.999823
356	220	0.999683
129	101	0.999867
68	53	0.999684
427	402	0.999829
92	84	0.999885
230	171	0.99992
453	330	0.999957
434	349	0.999786
224	129	0.999718
112	81	0.999715
487	300	0.999674
217	157	0.99974
450	419	0.9997
284	229	0.999744
493	432	0.999954
354	252	0.999717
236	128	0.999832
118	87	0.999983
195	177	0.999887
203	176	0.999887
481	352	0.999772
154	84	0.99972
139	117	0.999743
404	298	0.999896
272	199	0.999962
474	373	0.999962
255	166	0.999841
87	46	0.999669
271	233	0.999837
223	212	0.999807
97	91	0.999812
176	107	0.999799
268	135	0.999919
190	135	0.999906
305	205	0.999681
257	246	0.999668
238	209	0.999844
352	221	0.999901
113	76	0.999784
120	63	0.999717
317	207	0.999696
119	103	0.999749
282	257	0.999957
274	231	0.999789
160	137	0.999904
50	41	0.999692
164	162	0.999884
354	256	0.999758
67	35	0.999869
193	183	0.999754
310	168	0.999673
368	260	0.999908
199	162	0.999802
373	367	0.999837
434	253	0.999767
136	88	0.999804
473	430	0.999728
211	138	0.999841
388	348	0.999823
127	120	0.999922
411	214	0.999981
152	142	0.999885
386	277	0.999773
257	182	0.999684
246	129	0.999737
140	105	0.999726
392	335	0.999781
210	140	0.999861
335	254	0.999799
237	158	0.999906
89	56	0.999941
403	253	0.999909
88	57	0.999709
222	175	0.999886
121	110	0.99975
210	159	0.999884
194	148	0.999722
342	323	0.999895
373	250	0.999722
264	128	0.999974
328	272	0.99995
172	167	0.99992
403	395	0.999707
119	106	0.999949
405	380	0.999721
409	247	0.999704
78	71	0.999728
66	42	0.999706
249	148	0.999696
339	237	0.999974
444	273	0.999969
409	267	0.999665
375	299	0.99968
137	92	0.999968
445	308	0.999947
360	218	0.999887
359	243	0.999765
494	423	0.999921
225	195	0.999712
259	163	0.99979
296	290	0.999692
149	96	0.999861
404	229	0.99982
354	329	0.999942
284	249	0.999983
223	173	0.999794
134	129	0.99997
402	268	0.99989
489	342	0.99977
264	202	0.999743
290	199	0.999755
381	316	0.999878
490	255	0.999713
210	178	0.999815
494	469	0.999777
399	212	0.999891
417	377	0.999878
178	97	0.999877
166	116	0.999787
182	137	0.999766
386	265	0.999734
436	227	0.999795
328	234	0.999982
456	242	0.99981
476	264	0.999722
229	216	0.999799
437	396	0.999998
97	71	0.999667
454	291	0.999865
284	156	0.999813
350	251	0.999835
136	94	0.99981
226	115	0.999928
296	170	0.999996
284	236	0.999898
50	43	0.999937
177	133	0.999989
119	104	0.999985
119	90	0.999987
300	166	0.999697
130	110	0.999867
185	149	0.999805
149	146	0.999849
495	275	0.999831
198	144	0.999994
194	120	0.999848
315	281	0.999667
479	240	0.999697
80	48	0.999881
208	163	0.999853
112	84	0.999919
459	219	0.999973
263	223	0.999713
216	180	0.999702
500	242	0.999892
411	271	0.999865
332	192	0.999702
193	92	0.999815
404	379	0.999704
387	340	0.999918
57	52	0.999798
421	289	0.99982
440	439	0.999955
119	67	0.999913
335	239	0.99975
120	96	0.999831
185	126	0.999687
450	313	0.999918
101	66	0.999665
270	141	0.99998
178	84	0.999956
238	139	0.999993
397	319	0.999944
134	77	0.999808
407	381	0.99985
493	463	0.999832
456	309	0.999968
336	195	0.999972
306	293	0.999777
155	142	0.999748
397	345	0.99989
164	103	0.999843
492	412	0.999807
250	246	0.999797
284	262	0.999767
107	56	0.999794
480	399	0.999726
289	141	0.999969
303	159	0.999673
286	139	0.999905
104	53	0.999926
199	141	0.999716
306	258	0.999994
347	338	0.999912
284	170	0.99978
243	182	0.999905
143	106	0.999893
146	145	0.999928
452	401	0.999833
196	161	0.999696
216	203	0.999952
403	252	0.99975
315	162	0.999869
263	191	0.999959
281	247	0.999704
115	97	0.999735
437	350	0.99989
418	236	0.999943
312	221	0.999744
299	265	0.999981
204	122	0.999939
100	99	0.999986
495	309	0.999847
121	68	0.999992
101	70	0.999798
222	211	0.99968
151	120	0.999709
157	148	0.999833
240	195	0.99977
271	205	0.999921
455	271	0.999917
165	139	0.999895
291	221	0.99998
199	154	0.999767
319	152	0.999924
97	58	0.999864
336	273	0.999871
393	360	0.999913
315	218	0.999986
481	400	0.999728
263	127	0.999672
297	195	0.999955
449	380	0.999714
94	82	0.999967
180	102	0.999698
119	87	0.999826
242	186	0.999824
193	170	0.99967
278	247	0.999884
248	164	0.999755
165	95	0.999914
172	98	0.999984
233	157	0.999805
163	151	0.999789
219	165	0.999933
353	321	0.999754
199	113	0.99987
410	265	0.999795
268	197	0.999956
255	243	0.9999
457	222	0.999786
231	206	0.999925
413	329	0.999988
269	146	0.999973
222	161	0.999768
402	330	0.999851
73	51	0.999687
442	351	0.999861
308	182	0.999792
329	164	0.999961
66	63	0.999685
405	361	0.999848
482	283	0.999744
489	374	0.999734
70	45	0.999848
483	331	0.999835
367	299	0.999715
244	116	0.999729
343	208	0.999905
192	129	0.999708
313	229	0.999773
472	431	0.999992
330	248	0.999764
460	443	0.999898
119	84	0.999869
148	76	0.999814
228	187	0.99986
387	331	0.999731
336	285	0.999691
111	75	0.999866
461	274	0.999713
149	123	0.99971
368	203	0.99988
306	278	0.999984
456	325	0.999743
163	100	0.999751
399	222	0.999751
442	209	0.999697
143	80	0.99989
66	32	0.999847
248	123	0.999699
332	242	0.999795
111	92	0.999879
316	177	0.999983
121	109	0.999989
354	281	0.999746
108	87	0.999905
142	75	0.999713
108	82	0.999896
245	146	0.999786
333	167	0.999755
426	290	0.999735
427	210	0.999766
58	41	0.999846
233	170	0.999757
51	33	0.999843
371	240	0.999727
351	318	0.999941
329	167	0.999723
476	372	0.99987
107	91	0.999941
309	190	0.999858
200	162	0.99986
256	203	0.999666
188	101	0.999961
440	420	0.999711
130	73	0.999915
62	33	0.999878
432	212	0.999781
301	265	0.99993
320	200	0.99999
123	111	0.999678
322	306	0.999959
90	89	0.999979
437	385	0.999859
144	118	0.999801
341	330	0.999893
75	67	0.999751
224	222	0.999984
146	98	0.999693
380	340	0.999953
306	211	0.999878
337	260	0.999864
481	269	0.99999
87	69	0.999729
117	108	0.999806
186	118	0.999801
367	206	0.999695
234	124	0.999748
67	63	0.999706
68	48	0.999906
430	355	0.999667
243	178	0.999766
355	270	0.999972
132	102	0.999747
76	66	0.999888
98	59	0.999695
453	440	0.999966
427	220	0.999736
280	148	0.999953
239	144	0.999702
245	144	0.999795
101	100	0.999709
355	336	0.999684
390	273	0.999987
339	315	0.999713
193	168	0.999685
196	93	0.999953
323	312	0.999922
253	171	0.999753
387	307	0.999704
299	159	0.99998
189	153	0.999997
386	253	0.999834
386	380	0.999872
307	222	0.99982
343	199	0.999914
388	352	0.999928
236	139	0.999725
434	326	0.999929
250	189	0.999733
430	231	0.999915
397	211	0.999878
378	235	0.99997
152	130	0.999788
303	249	0.999783
426	353	0.999947
94	72	0.999946
162	144	0.999884
98	91	0.999969
465	262	0.999827
253	144	0.999759
102	92	0.99993
153	137	0.999972
296	164	0.999824
112	56	0.999745
123	95	0.999712
133	100	0.999904
274	219	0.999858
392	198	0.99975
94	84	0.999985
431	239	0.999805
401	259	0.999974
252	233	0.999994
393	367	0.999877
146	71	0.999811
319	289	0.999955
352	234	0.999874
246	155	0.999784
88	85	0.999904
118	70	0.999787
169	138	0.999744
360	229	0.999901
156	128	0.999734
91	71	0.999801
223	205	0.9999
108	71	0.999818
155	77	0.999871
95	75	0.999781
323	187	0.999852
265	198	0.999861
403	301	0.999848
300	223	0.99976
240	145	0.999724
130	66	0.999742
390	288	0.999733
478	471	0.99978
98	53	0.99968
373	275	0.999796
416	340	0.999798
429	224	0.99976
403	225	0.999903
258	124	0.999674
408	325	0.99993
413	366	0.999682
225	154	0.999818
65	39	0.99972
216	178	0.999765
459	339	0.999882
317	205	0.999972
136	72	0.999971
410	409	0.999782
316	182	0.999966
252	163	0.99976
178	103	0.999889
167	109	0.999792
377	276	0.999824
206	102	0.999801
229	119	0.999846
86	62	0.999883
447	374	0.999986
435	370	0.999733
210	99	0.999882
76	47	0.999902
269	210	0.99998
324	179	0.999913
336	184	0.999826
254	166	0.999738
141	100	0.99973
216	108	0.999757
66	48	0.999865
192	148	0.999995
186	114	0.999908
182	180	0.999948
379	201	0.999815
215	189	0.999735
449	279	0.999905
210	196	0.999763
359	324	0.999917
318	246	0.999906
480	275	0.999981
152	78	0.99968
234	197	0.999783
349	169	0.999688
142	98	0.999907
226	197	0.999686
332	240	0.99976
217	154	0.999738
306	284	0.999769
221	175	0.999928
262	193	0.999828
53	51	0.999876
447	372	0.999686
50	31	0.999732
456	378	0.999923
51	28	0.999856
414	197	0.999781
225	167	0.999709
467	389	0.999739
291	275	0.999844
387	327	0.999697
362	174	0.999791
357	220	0.999987
302	155	0.999822
357	260	0.999931
225	167	0.999868
500	258	0.999687
418	234	0.999695
187	181	0.999819
424	208	0.999888
201	137	0.999949
339	272	0.999702
447	235	0.999968
322	316	0.999862
202	174	0.999763
394	342	0.999713
109	105	0.999812
332	240	0.999724
155	107	0.999692
483	230	0.999812
352	273	0.999849
95	46	0.999999
385	220	0.999784
396	380	0.999902
468	350	0.999707
465	289	0.999832
238	137	0.999828
481	258	0.999832
219	104	0.999943
62	59	0.999666
420	388	0.999936
421	327	0.999789
230	188	0.999889
131	77	0.999972
208	121	0.999848
422	259	0.9997
406	260	0.999856
219	139	0.999903
463	234	0.99989
384	348	0.999881
340	250	0.999688
54	38	0.99997
215	134	0.999987
190	97	0.999899
482	432	0.99967
126	103	0.99977
334	309	0.9998
411	197	0.999916
148	115	0.99983
378	375	0.999748
65	33	0.999856
243	162	0.999696
444	260	0.999691
185	130	0.999873
122	81	0.999989
424	251	0.999957
337	259	0.999924
475	452	0.999998
369	287	0.999707
469	375	0.999863
259	185	0.999721
297	167	0.999763
58	48	0.999757
119	97	0.99978
432	322	0.999878
282	281	0.999849
246	244	0.999905
111	82	0.999872
389	235	0.999805
483	251	0.999723
168	114	0.999948
88	66	0.999827
373	369	0.999988
138	110	0.999928
69	65	0.999694
250	198	0.999872
482	359	0.999796
102	90	0.999944
230	213	0.999854
253	181	0.999875
460	328	0.999979
103	98	0.999973
268	130	0.999916
309	173	0.999793
349	341	0.99998
283	280	0.999731
92	75	0.999839
330	329	0.999817
187	143	0.999673
105	60	0.999848
300	242	0.999762
52	27	0.999731
396	269	0.999829
58	36	0.999689
266	233	0.999836
56	49	0.999868
248	123	0.999836
386	314	0.999847
59	39	0.999978
402	321	0.999692
388	280	0.999834
345	302	0.999995
216	106	0.999683
126	64	0.99973
463	277	0.999924
278	148	0.999885
77	48	0.999684
203	122	0.999686
455	380	0.999897
141	72	0.999894
375	207	0.999814
230	135	0.999828
122	87	0.999887
140	79	0.999881
158	78	0.999667
149	82	0.999822
118	79	0.999906
234	127	0.999916
239	198	0.999745
196	192	0.999915
199	180	0.99968
450	225	0.999773
133	92	0.999784
286	140	0.999781
123	77	0.999686
109	85	0.999996
426	205	0.999779
182	114	0.999806
359	217	0.999713
54	49	0.999774
442	251	0.99973
432	403	0.999807
109	62	0.999856
151	117	0.999986
304	182	0.999826
135	72	0.999868
123	75	0.99971
123	99	0.999793
196	119	0.99996
143	113	0.999876
474	372	0.99985
73	55	0.999862
171	109	0.999995
216	147	0.999734
350	252	0.999957
487	270	0.999933
406	320	0.999855
55	44	0.999772
464	458	0.999906
75	73	0.999801
469	231	0.999977
289	196	0.999945
162	125	0.999763
327	300	0.999707
381	286	0.999858
391	267	0.999867
155	109	0.999729
257	205	0.999733
387	337	0.999787
217	135	0.999766
246	149	0.999678
52	36	0.999895
445	309	0.999861
357	314	0.999852
65	37	0.999846
403	253	0.999752
189	114	0.999846
380	258	0.999959
395	281	0.999968
163	77	0.999904
426	385	0.999942
355	349	0.999879
279	176	0.999921
149	125	0.999752
152	94	0.999999
431	291	0.999742
296	258	0.999867
183	175	0.99979
484	423	0.999763
469	273	0.999882
418	292	0.999915
290	140	0.999821
105	79	0.999841
89	77	0.999994
171	164	0.999757
99	58	0.999697
336	306	0.999747
217	105	0.999939
459	419	0.999929
447	426	0.999942
309	299	0.999846
229	216	0.999743
389	306	0.999696
79	62	0.999846
281	235	0.99989
352	255	0.999913
108	87	0.999852
457	253	0.99974
353	173	0.999714
62	47	0.999706
173	108	0.999731
235	167	0.999672
164	139	0.999881
409	254	0.99993
64	34	0.999698
365	238	0.999738
291	169	0.999998
337	170	0.999998
64	46	0.999948
403	367	0.999694
142	133	0.999815
460	439	0.999894
305	156	0.999999
70	54	0.999845
254	195	0.999698
439	409	0.999757
58	30	0.999858
311	224	0.999742
110	68	0.999937
389	237	0.999928
161	109	0.999921
486	472	0.999686
373	303	0.999829
131	88	0.999933
500	469	0.999844
232	119	0.999925
281	272	0.999872
167	104	0.999815
351	229	0.999719
457	292	0.999667
177	105	0.999769
229	137	0.999688
143	100	0.999977
311	199	0.999953
425	381	0.999915
370	176	0.999917
69	67	0.999757
395	268	0.999847
87	68	0.999688
425	208	0.999701
298	228	0.999735
488	320	0.999905
243	159	0.999845
139	103	0.999955
134	87	0.999845
68	53	0.999717
391	189	0.999808
233	160	0.999912
70	55	0.999669
342	296	0.999757
67	66	0.99988
56	54	0.999814
205	144	0.999833
435	367	0.999847
393	277	0.999715
187	123	0.999897
414	255	0.999817
404	400	0.999881
404	333	0.999887
95	75	0.99992
275	140	0.999667
378	192	0.999921
83	78	0.999673
234	148	0.999944
355	244	0.999998
164	91	0.999847
196	143	0.999795
494	309	0.999828
107	58	0.999866
261	212	0.999788
472	281	0.999699
122	110	0.999876
268	141	0.999825
400	394	0.999992
299	184	0.999933
173	86	0.999906
293	248	0.999888
113	105	0.999805
80	70	0.999916
124	101	0.999718
334	304	0.999745
249	215	0.999701
255	151	0.999696
225	124	0.999823
464	393	0.999751
339	220	0.999931
290	155	0.999722
301	181	0.999946
139	70	0.999805
183	110	0.99978
248	170	0.999803
113	96	0.999831
355	181	0.999977
366	258	0.999686
133	104	0.999839
412	336	0.999948
458	294	0.999847
432	415	0.999907
334	322	0.999667
282	251	0.999707
362	243	0.999918
254	214	0.999884
384	213	0.999878
184	131	0.999992
67	56	0.999706
53	46	0.999714
106	85	0.999841
471	338	0.999716
252	222	0.999781
384	290	0.999942
294	205	0.999926
178	113	0.999698
162	96	0.999988
386	233	0.999738
442	415	0.999847
118	78	0.99992
173	172	0.999724
186	132	0.999814
495	347	0.999835
271	221	0.999668
211	134	0.999885
185	92	0.99992
65	45	0.999851
182	149	0.999788
324	194	0.999756
71	69	0.99986
141	107	0.999963
319	177	0.999699
222	213	0.999946
76	66	0.999983
420	246	0.999788
445	220	0.999761
162	154	0.999786
339	286	0.99997
364	194	0.999864
470	331	0.999997
352	329	0.999779
473	313	0.999681
343	314	0.999708
395	391	0.999851
466	422	0.999822
388	243	0.999885
392	191	0.9997
408	320	0.999691
344	288	0.999997
84	77	0.999773
449	280	0.999884
384	343	0.999702
224	144	0.999722
299	179	0.999953
467	380	0.999965
155	149	0.999696
331	314	0.999761
195	162	0.999823
386	312	0.999917
454	385	0.999866
156	118	0.999936
136	71	0.999716
243	122	0.999673
441	242	0.999792
288	182	0.999692
404	293	0.99975
430	413	0.999794
285	175	0.999821
104	99	0.999943
88	50	0.999872
434	418	0.999788
421	378	0.99977
333	244	0.999681
495	381	0.999891
322	284	0.999993
394	387	0.999691
405	314	0.999949
125	103	0.999666
313	159	0.999757
435	334	0.999701
158	85	0.999789
257	139	0.999764
418	320	0.999771
261	160	0.999828
266	216	0.999866
199	116	0.999666
259	132	0.99968
276	159	0.999994
61	49	0.999969
463	432	0.999689
316	178	0.999962
309	225	0.999683
174	134	0.999977
467	425	0.9999
262	145	0.999911
309	238	0.999859
465	405	0.999961
181	141	0.999903
345	325	0.999786
377	330	0.999973
243	208	0.999706
335	239	0.999707
111	60	0.99969
416	272	0.999839
126	96	0.999827
487	303	0.999754
82	80	0.999993
440	330	0.999777
141	83	0.999723
250	132	0.999948
128	114	0.999702
97	75	0.999691
493	326	0.999677
305	164	0.999886
202	189	0.99986
251	198	0.999967
390	277	0.999984
316	244	0.999694
254	230	0.999908
181	97	0.99998
212	190	0.999776
327	185	0.999977
102	89	0.999886
56	29	0.999676
173	115	0.99996
288	214	0.999948
438	379	0.999713
388	260	0.999767
165	153	0.999813
494	476	0.999848
227	210	0.999823
300	152	0.999851
182	112	0.999955
261	145	0.999938
339	235	0.999855
83	54	0.999736
274	186	0.999968
484	331	0.999995
83	62	0.999681
247	223	0.999911
451	254	0.999713
309	249	0.999908
277	135	0.999823
205	186	0.999822
413	279	0.999872
178	174	0.999812
68	64	0.999963
397	372	0.999702
357	201	0.999905
135	126	0.999951
471	262	0.999806
116	93	0.999784
211	176	0.999756
499	340	0.999771
171	95	0.999817
154	142	0.999881
231	195	0.999701
100	68	0.999924
202	133	0.999801
362	226	0.999696
139	73	0.999672
166	148	0.99986
252	206	0.999812
92	53	0.999786
222	199	0.999938
64	44	0.99986
153	87	0.999817
355	174	0.99998
128	73	0.999775
142	72	0.999818
128	96	0.999762
435	208	0.99988
404	391	0.99987
457	223	0.99997
392	386	0.999904
371	341	0.999705
300	213	0.999761
467	258	0.999799
409	385	0.999968
443	261	0.999962
285	263	0.999942
212	177	0.999881
345	297	0.999766
380	351	0.999665
419	411	0.999989
199	108	0.999843
452	409	0.999674
340	165	0.999732
171	100	0.999999
302	268	0.99997
73	55	0.99993
251	243	0.999744
192	174	0.999915
248	184	0.999716
142	121	0.999779
272	218	0.99976
93	46	0.999733
60	51	0.999908
472	274	0.999847
385	213	0.999752
182	181	0.999945
271	197	0.999753
124	117	0.999986
128	109	0.999757
223	137	0.999879
262	188	0.999919
381	180	0.999787
260	133	0.999737
492	280	0.999762
87	51	0.999841
73	64	0.999838
50	34	0.99972
334	299	0.999953
348	222	0.999801
234	134	0.999834
304	275	0.999713
412	401	0.999681
431	372	0.999839
254	133	0.999863
253	122	0.999785
498	300	0.999874
62	48	0.999936
285	219	0.999702
126	100	0.999784
245	241	0.999914
144	73	0.999999
175	137	0.999918
289	251	0.999835
317	177	0.999799
388	311	0.999772
378	308	0.999818
321	156	0.999797
267	194	0.999857
94	71	0.999714
96	63	0.999997
86	76	0.999864
196	170	0.999713
493	242	0.999959
51	29	0.999778
413	213	0.999785
138	102	0.999907
80	56	0.999963
416	236	0.9999
492	291	0.999746
296	159	0.999921
257	224	0.99977
365	356	0.999997
105	98	0.999719
77	41	0.999825
75	47	0.999715
427	339	0.999758
247	189	0.999758
60	44	0.999779
149	146	0.999896
154	150	0.999719
261	205	0.99998
74	68	0.999883
383	339	0.999815
222	133	0.999947
232	197	0.999976
188	160	0.999932
179	156	0.999864
130	62	0.999671
260	183	0.9998
148	101	0.999776
490	364	0.99995
157	134	0.999787
142	124	0.999859
76	64	0.999847
444	378	0.999893
142	123	0.999819
365	228	0.99989
319	269	0.999727
267	206	0.999733
136	133	0.999748
170	154	0.999807
93	78	0.999924
365	187	0.999678
354	285	0.999784
364	302	0.999807
233	160	0.999835
90	65	0.999962
171	132	0.9997
255	220	0.999946
94	80	0.999873
288	241	0.99985
373	311	0.999857
259	210	0.999768
495	327	0.999668
71	67	0.999915
395	269	0.999885
111	94	0.999696
133	114	0.999986
181	131	0.999919
61	51	0.999921
236	149	0.99975
171	112	0.999775
161	151	0.999946
368	190	0.999675
250	129	0.999733
476	275	0.999778
150	141	0.999862
91	78	0.999793
369	184	0.999862
237	229	0.99992
222	202	0.999881
358	333	0.999949
404	284	0.99972
113	103	0.999967
338	206	0.999983
449	301	0.999948
202	187	0.999746
315	308	0.999865
337	188	0.999878
237	206	0.999997
348	292	0.999898
320	180	0.999837
57	45	0.999966
271	160	0.999869
184	162	0.999991
285	195	0.999705
172	151	0.999665
365	296	0.999866
148	70	0.999973
256	191	0.99994
184	154	0.999888
413	411	0.999852
398	236	0.99979
293	180	0.999889
348	165	0.999783
128	114	0.999986
387	253	0.999675
324	185	0.999822
397	199	0.999808
295	216	0.999728
127	75	0.999679
92	85	0.999907
497	239	0.999818
75	38	0.999721
194	159	0.99999
298	145	0.999794
111	60	0.999857
257	237	0.999953
208	133	0.999875
71	60	0.999792
299	271	0.999966
327	179	0.999711
195	102	0.999858
163	114	0.999822
162	101	0.999935
236	170	0.999701
86	85	0.99985
335	236	0.999712
441	384	0.999923
129	95	0.999789
304	271	0.999932
377	240	0.999782
197	113	0.999988
56	51	0.999859
224	158	0.999722
258	176	0.999829
320	293	0.999969
364	181	0.999768
105	90	0.999746
223	195	0.999741
50	38	0.999986
302	213	0.999782
102	101	0.999731
133	86	0.999963
214	201	0.999829
349	331	0.999996
376	244	0.999681
402	387	0.99973
459	340	0.99985
338	309	0.999874
169	137	0.999985
273	168	0.999868
321	182	0.999784
96	79	0.999931
152	77	0.999926
415	230	0.999882
351	181	0.999674
105	63	0.999942
216	129	0.999863
118	82	0.99969
128	121	0.999789
320	246	0.99981
134	125	0.999846
343	236	0.999744
100	95	0.999998
335	279	0.999984
376	286	0.999903
422	380	0.99971
363	240	0.999879
221	130	0.999704
317	277	0.999734
328	253	0.999979
145	87	0.999993
204	121	0.999912
469	234	0.999766
143	113	0.999847
184	159	0.999844
294	160	0.999679
62	42	0.999906
94	80	0.999952
132	114	0.999997
197	118	0.999984
460	244	0.999857
134	76	0.999831
247	171	0.999997
277	221	0.999941
309	261	0.999735
413	206	0.999942
383	382	0.999734
221	184	0.999915
291	215	0.999887
377	184	0.999885
321	193	0.999762
147	78	0.999842
81	69	0.999872
158	130	0.999966
181	93	0.99967
397	282	0.999957
404	332	0.999961
218	145	0.99995
314	210	0.999745
317	173	0.999702
205	195	0.999977
406	270	0.999825
186	174	0.999824
216	121	0.999905
447	283	0.999852
408	289	0.99994
97	69	0.999762
66	34	0.999675
134	115	0.999703
146	103	0.999746
177	84	0.999772
75	45	0.999708
302	292	0.999753
482	377	0.999873
250	201	0.999942
399	260	0.999669
459	458	0.999844
191	141	0.999668
448	229	0.999693
150	138	0.999969
375	353	0.999714
399	366	0.999789
117	74	0.999681
481	242	0.999957
52	45	0.999827
212	197	0.999957
274	191	0.999964
442	271	0.999732
275	228	0.999848
333	315	0.999884
499	269	0.999801
266	211	0.999749
217	145	0.999827
127	74	0.999893
196	185	0.999994
385	299	0.999766
468	260	0.999691
482	249	0.999804
134	133	0.999844
334	237	0.999686
276	205	0.999886
102	66	0.999986
202	142	0.99975
106	91	0.999946
419	203	0.999962
363	194	0.999904
212	122	0.999683
357	303	0.999696
365	177	0.999865
471	398	0.999901
427	279	0.999786
318	244	0.999824
90	88	0.999747
74	71	0.999765
87	82	0.999963
465	256	0.999878
142	94	0.999804
390	187	0.999775
126	112	0.999868
499	255	0.999796
331	276	0.999941
329	304	0.999713
485	314	0.999876
117	66	0.999825
195	176	0.999835
52	42	0.999851
443	423	0.999865
491	296	0.999812
141	102	0.999777
132	121	0.999672
53	38	0.999986
151	120	0.999837
498	437	0.999837
345	275	0.999771
386	252	0.999899
73	46	0.999761
248	137	0.999721
275	269	0.999726
287	169	0.999925
82	73	0.999811
423	341	0.999874
158	103	0.999907
106	74	0.999897
460	247	0.999786
451	339	0.999681
413	319	0.999956
219	161	0.999959
88	67	0.999947
228	161	0.999841
312	301	0.999888
189	128	0.999909
96	67	0.999691
58	30	0.999731
318	292	0.999697
350	275	0.999843
124	74	0.999682
307	274	0.999738
490	300	0.999915
66	56	0.999737
458	323	0.999984
338	299	0.999824
280	139	0.999702
205	194	0.999874
336	329	0.999914
370	356	0.99974
68	45	0.999922
473	452	0.999991
464	461	0.999835
119	88	0.999961
116	64	0.999802
343	182	0.999787
121	81	0.999952
315	184	0.999896
189	121	0.999804
411	218	0.999788
174	128	0.999984
122	114	0.999836
183	114	0.999938
247	163	0.999987
447	277	0.999773
435	271	0.999835
420	413	0.99997
404	298	0.999937
323	252	0.999904
66	55	0.999825
350	256	0.999831
354	219	0.999669
175	153	0.999861
255	195	0.99987
399	291	0.999888
254	194	0.999731
464	224	0.999846
460	344	0.999998
187	113	0.999987
387	248	0.999998
319	178	0.999808
469	317	0.999784
340	170	0.999716
280	274	0.999718
156	92	0.99984
240	192	0.999814
462	445	0.999686
66	49	0.999795
100	77	0.999672
408	227	0.999842
294	197	0.99977
257	179	0.999671
62	37	0.999862
217	152	0.999792
327	180	0.999705
119	103	0.999728
86	69	0.999672
253	140	0.999687
254	173	0.999772
472	258	0.999864
302	174	0.999756
175	105	0.999786
343	255	0.999811
201	98	0.999974
85	58	0.999879
112	98	0.999884
320	246	0.999715
444	258	0.999919
175	130	0.999856
56	51	0.999995
157	145	0.999974
302	294	0.999673
368	318	0.9997
50	31	0.999824
431	328	0.999966
109	96	0.999677
286	166	0.999751
279	214	0.999875
447	229	0.999683
148	82	0.999738
362	227	0.999668
108	84	0.999783
231	230	0.999904
303	211	0.999701
181	95	0.999777
378	322	0.999742
57	29	0.999902
181	95	0.999686
178	122	0.999945
152	134	0.999873
272	206	0.999695
355	205	0.999958
109	84	0.999693
221	196	0.999988
166	129	0.999977
401	197	0.99985
156	106	0.999869
112	88	0.999948
430	204	0.999772
293	243	0.999777
332	237	0.99968
371	317	0.999744
474	333	0.999882
272	146	0.999791
204	188	0.999689
447	291	0.999888
471	284	0.999675
286	152	0.999746
257	230	0.999868
85	42	0.999676
136	85	0.999927
61	59	0.999874
258	222	0.999753
434	286	0.99969
198	190	0.999752
176	130	0.999679
132	103	0.99971
76	75	0.999967
431	368	0.999915
400	194	0.999686
167	123	0.999742
392	245	0.999842
158	118	0.999862
470	288	0.999738
180	97	0.999736
314	174	0.999892
315	150	0.999797
208	113	0.999802
224	147	0.99979
418	374	0.999964
228	135	0.999945
234	224	0.99979
329	307	0.999721
78	46	0.999958
244	234	0.999681
80	39	0.999912
455	346	0.999876
311	188	0.999798
498	315	0.99985
446	293	0.999769
144	76	0.999815
324	303	0.9997
372	303	0.999885
311	246	0.999962
186	182	0.999739
446	374	0.999771
280	213	0.999876
415	205	0.999843
454	403	0.999736
490	394	0.999762
69	55	0.999682
293	182	0.999731
437	375	0.999912
204	137	0.999926
372	220	0.999898
192	168	0.999896
341	319	0.999878
127	71	0.999951
433	213	0.999897
499	401	0.999703
84	82	0.999768
124	111	0.999997
499	395	0.999871
257	154	0.99977
73	52	0.99994
293	289	0.999674
131	126	0.999901
416	335	0.999728
159	125	0.999951
263	189	0.999684
328	166	0.999942
341	289	0.999838
197	154	0.999738
132	91	0.999767
362	234	0.99979
419	312	0.999929
358	247	0.999764
77	44	0.999957
103	51	0.999785
399	212	0.999947
471	307	0.999665
392	336	0.999828
323	273	0.999882
102	79	0.999931
292	241	0.999927
93	44	0.99996
212	185	0.999838
250	136	0.999986
119	88	0.999798
402	321	0.999707
154	129	0.99999
68	36	0.999725
108	56	0.999683
260	248	0.999883
59	37	0.999779
53	51	0.999748
263	131	0.999922
154	103	0.999854
364	206	0.999936
135	109	0.999882
268	220	0.999873
348	259	0.999907
85	75	0.999972
94	75	0.999742
360	256	0.999735
360	295	0.999781
410	340	0.999943
425	262	0.999877
172	95	0.999721
388	227	0.999681
261	159	0.99974
126	72	0.999869
119	80	0.999741
57	41	0.999837
271	179	0.999674
94	45	0.999745
231	119	0.999756
417	341	0.999775
421	297	0.999823
66	58	0.999823
117	66	0.999671
166	116	0.99998
319	162	0.999698
462	322	0.999976
374	258	0.99992
201	136	0.999871
262	217	0.999688
317	315	0.999725
435	340	0.999818
113	68	0.999984
97	85	0.999965
64	40	0.999956
82	42	0.999739
462	444	0.999691
279	176	0.99998
194	168	0.999898
242	152	0.999913
228	187	0.999724
260	133	0.999824
181	164	0.999816
215	126	0.999814
470	256	0.999956
173	110	0.999911
410	284	0.999745
480	448	0.999771
283	164	0.999705
163	116	0.999809
210	178	0.999683
216	182	0.999685
261	253	0.99976
88	69	0.999917
283	175	0.999839
129	70	0.999694
180	149	0.999701
313	308	0.999968
66	59	0.9999
50	29	0.999711
168	164	0.999972
364	352	0.99973
127	103	0.999827
427	336	0.9998
328	326	0.999979
435	416	0.999707
410	283	0.999959
285	249	0.999963
68	48	0.999736
206	107	0.999744
261	137	0.999962
129	103	0.999812
121	118	0.999927
433	428	0.999921
384	339	0.999769
455	403	0.999945
267	170	0.999875
416	318	0.999987
265	148	0.999719
452	411	0.999798
426	369	0.99989
439	366	0.999678
392	357	0.999939
137	97	0.999983
338	208	0.999977
385	378	0.999786
148	91	0.999827
206	165	0.999836
493	376	0.99979
243	151	0.99995
403	269	0.999704
229	210	0.999689
257	153	0.999945
76	72	0.99984
454	418	0.999823
415	396	0.999778
78	46	0.999823
155	127	0.999974
83	44	0.999862
409	206	0.999758
277	208	0.999947
446	428	0.999976
360	241	0.999859
201	102	0.99973
160	87	0.999675
486	308	0.999896
317	240	0.999922
272	143	0.999968
131	105	0.999794
178	122	0.999824
490	328	0.999798
447	241	0.999946
195	175	0.99982
254	232	0.99994
354	209	0.999942
265	143	0.999675
412	197	0.999822
370	204	0.99992
150	76	0.999821
385	320	0.999791
97	83	0.999823
467	287	0.99993
449	435	0.999847
337	169	0.999919
179	170	0.999968
297	168	0.999743
439	270	0.999812
450	388	0.999845
68	37	0.999762
468	412	0.999876
109	80	0.999727
138	84	0.999984
465	350	0.999747
60	44	0.999847
476	286	0.999851
396	247	0.999669
458	282	0.999923
183	125	0.999986
455	344	0.999879
190	163	1
500	426	0.999786
292	238	0.999735
311	206	0.999985
295	210	0.999717
56	54	0.999922
311	281	0.999673
244	169	0.999739
75	51	0.999858
391	195	0.999752
276	171	0.999956
105	52	0.999949
452	351	0.999924
162	148	0.999786
160	76	0.99985
496	249	0.999847
247	173	0.999997
185	129	0.999676
62	35	0.999795
461	244	0.999983
130	79	0.99982
222	212	0.999742
274	251	0.999739
218	142	0.99995
73	39	0.999756
226	196	0.999894
426	390	0.999673
121	81	0.999824
146	87	0.999809
363	248	0.999704
485	367	0.999865
91	70	0.999727
382	244	0.999858
264	197	0.999921
381	211	0.999895
248	206	0.999867
426	294	0.99982
62	40	0.999779
360	350	0.999707
60	51	0.999842
288	188	0.999734
92	71	0.999846
475	307	0.999856
371	220	0.999955
181	114	0.999873
55	32	0.999678
497	241	0.999813
113	94	0.999667
124	111	0.999934
91	53	0.999734
462	440	0.99998
313	252	0.999724
284	177	0.999953
324	235	0.99999
425	391	0.999783
381	218	0.999882
252	207	0.999852
265	144	0.999778
426	214	0.999826
71	58	0.999839
182	157	0.999999
150	115	0.999772
485	280	0.999817
250	238	0.999713
464	229	0.999807
251	223	0.999818
274	194	0.999979
67	44	0.999732
485	276	0.999696
236	235	0.999695
375	362	0.999981
204	138	0.999934
474	351	0.999682
447	254	0.999826
207	190	0.999955
372	369	0.999895
381	297	0.999903
241	170	0.99977
193	153	0.999853
337	267	0.999706
132	76	0.999882
253	222	0.999835
431	423	0.99986
267	244	0.999686
336	315	0.99981
446	402	0.999802
259	217	0.999889
445	360	0.99972
95	80	0.999779
163	78	0.999855
400	205	0.999961
264	205	0.999977
151	150	0.999854
234	201	0.999793
86	84	0.9999
491	233	0.999976
122	114	0.999742
66	34	0.999713
469	401	0.999855
368	311	0.999771
432	238	0.999669
367	286	0.999749
298	249	0.999885
93	47	0.999811
264	140	0.999721
313	264	0.999691
207	136	0.999809
97	85	0.99978
317	205	0.999923
339	316	0.999998
461	358	0.999993
116	84	0.999697
328	318	0.999911
154	109	0.999984
357	257	0.999829
339	238	0.999881
157	129	0.999877
373	326	0.999713
77	47	0.999832
293	143	0.99977
118	98	0.999904
302	235	0.99982
289	242	0.999887
349	237	0.999861
490	387	0.999914
71	56	0.999668
53	51	0.999681
265	210	0.999684
460	400	0.999776
81	46	0.999989
226	162	0.999906
264	138	0.999673
146	127	0.999959
471	435	0.999784
274	170	0.999885
376	182	0.999769
54	47	0.999751
382	220	0.999963
404	326	0.999854
129	124	0.999857
347	330	0.999835
240	146	0.999981
457	316	0.99989
246	228	0.999884
225	204	0.999748
157	115	0.999691
336	262	0.999857
115	87	0.999794
445	311	0.999925
469	281	0.999943
464	375	0.999695
77	63	0.999907
200	119	0.999919
163	151	0.999877
458	317	0.999862
331	239	0.999939
303	227	0.99988
353	207	0.999957
204	131	0.999848
349	250	0.999854
377	234	0.999833
442	221	0.999763
423	236	0.9997
317	246	0.999928
434	352	0.999859
500	310	0.99984
237	154	0.999753
473	460	0.999831
144	134	0.999839
223	137	0.999943
331	272	0.999678
290	260	0.999818
446	323	0.999905
197	112	0.999692
62	30	0.99991
454	348	0.999715
179	115	0.999845
189	134	0.999992
360	249	0.999762
79	48	0.999942
450	229	0.999717
54	46	0.999842
391	196	0.999933
455	237	0.999723
76	39	0.999992
397	207	0.999971
204	97	0.999908
167	103	0.999888
170	158	0.999937
156	143	0.999788
459	399	0.999904
97	52	0.999815
352	176	0.999937
261	183	0.999774
256	151	0.999763
466	317	0.999725
133	116	0.999926
418	216	0.999991
265	174	0.999817
186	184	0.999933
56	35	0.999709
214	174	0.999975
272	129	0.99986
339	307	0.999736
152	74	0.99985
252	239	0.999959
173	141	0.999906
301	274	0.99969
285	160	0.999774
254	174	0.999676
286	247	0.999841
65	39	0.999669
208	191	0.999993
155	152	0.999669
207	140	0.999728
190	104	0.999967
161	127	0.999817
297	151	0.999797
333	219	0.999885
195	156	0.999729
336	254	0.999768
98	91	0.999895
343	232	0.999841
322	185	0.999955
123	81	0.999873
269	242	0.999989
170	154	0.999869
449	248	0.999866
332	293	0.999951
167	133	0.999699
403	320	0.999894
349	275	0.999855
358	215	0.999883
394	324	0.999809
463	348	0.999755
71	52	0.999769
108	71	0.999913
166	90	0.999786
239	131	0.999893
341	319	0.999699
216	191	0.999959
81	48	0.999898
231	146	0.99975
106	99	0.999669
408	274	0.999673
106	102	0.999721
178	104	0.999856
458	415	0.999983
425	411	0.999724
253	211	0.999707
481	385	0.999742
481	325	0.999927
302	254	0.999784
425	228	0.99997
411	345	0.999924
327	220	0.999794
414	248	0.999774
434	373	0.999933
204	114	0.999868
78	46	0.999877
398	200	0.999729
438	213	0.999671
396	283	0.999918
294	231	0.999835
296	291	0.999748
204	142	0.999862
398	204	0.999805
277	139	0.999756
56	51	0.999905
360	329	0.999822
207	152	0.999883
109	98	0.999685
97	73	0.999772
346	219	0.999727
235	127	0.999767
127	73	0.999849
211	174	0.99974
309	192	0.999905
95	67	0.999862
78	63	0.999926
336	258	1
385	315	0.999836
400	315	0.999697
66	41	0.999709
321	189	0.999824
376	372	0.999707
147	78	0.999724
152	115	0.999675
81	69	0.999672
310	255	0.999862
87	58	0.999797
140	110	0.999948
119	89	0.9999
91	51	0.999795
224	206	0.999851
328	203	0.999922
168	159	0.999928
177	165	0.999683
473	281	0.999745
305	200	0.999873
232	199	0.999804
294	198	0.999924
423	223	0.999763
70	60	0.999735
357	282	0.999674
440	374	0.999822
343	257	0.9999
368	353	0.99995
377	222	0.999789
479	278	0.999973
305	199	0.999861
471	385	0.999751
420	387	0.999697
230	226	0.99986
146	126	0.999808
422	399	0.999724
133	64	0.999786
282	198	0.999894
470	445	0.999804
226	165	0.999892
426	399	0.999857
492	382	0.999991
413	276	0.99985
168	98	0.999695
480	294	0.999825
194	163	0.999917
378	311	0.999959
251	187	0.999954
92	52	0.999872
316	226	0.999719
281	168	0.99973
246	196	0.999919
420	396	0.999772
383	340	0.999957
338	234	0.999913
122	105	0.999704
214	129	0.999909
98	65	0.999762
161	87	0.999862
481	460	0.999862
438	264	0.999732
490	374	0.999735
380	198	0.99979
164	120	0.999992
352	273	0.999729
126	93	0.999731
127	115	0.999836
263	192	0.999702
370	354	0.999683
498	284	0.999812
247	150	0.999751
317	251	0.999921
283	230	0.99967
451	299	0.999975
434	430	0.999832
460	333	0.999687
137	103	0.99975
403	359	0.99987
93	45	0.999793
312	308	0.999951
197	135	0.999738
400	240	0.999802
127	71	0.999821
261	165	0.999725
243	214	0.999999
485	455	0.999863
314	200	0.999963
249	234	0.999847
74	57	0.999804
356	189	0.999875
419	367	0.999885
404	362	0.999755
383	183	0.999841
337	300	0.99973
294	276	0.999774
83	76	0.999989
284	151	0.999788
303	263	0.999773
395	239	0.999995
342	313	0.999906
448	227	0.999925
373	263	0.999766
357	320	0.999925
218	181	0.999688
497	313	0.999895
412	402	0.99996
494	403	0.999961
454	434	0.999916
150	112	0.999915
400	206	0.999808
161	156	0.999899
388	307	0.999695
76	45	0.999981
481	283	0.999947
427	203	0.999832
327	252	0.999754
134	116	0.999878
93	68	0.999896
152	76	0.999944
188	101	0.999775
406	307	0.999866
316	173	0.999931
352	228	0.999902
60	34	0.999827
438	281	0.999924
107	101	0.999751
189	165	0.999862
304	302	0.999736
273	146	0.999818
259	123	0.999771
101	97	0.999834
476	467	0.999961
208	164	0.9999
100	93	0.999851
334	190	0.999904
128	74	0.999756
228	131	0.999673
50	30	0.999836
399	287	0.999973
442	379	0.999713
291	199	0.999804
481	335	0.999994
295	176	0.999832
210	106	0.999821
317	172	0.999874
406	242	0.999929
451	447	0.999808
191	168	0.999924
339	222	0.999965
87	60	0.999999
414	251	0.999844
223	196	0.999754
185	170	0.999719
354	178	0.999871
442	415	0.999867
267	265	0.999987
251	159	0.999851
470	439	0.999921
393	247	0.99995
84	73	0.999825
111	65	0.999792
278	253	0.999955
274	157	0.999719
208	161	0.999862
474	408	0.9998
73	41	0.999816
171	138	0.999837
306	204	0.999677
241	120	0.999664
368	316	0.999898
96	64	0.999977
437	377	0.999943
139	132	0.999817
339	263	0.999752
380	259	0.999756
205	119	0.999931
80	55	0.999941
106	66	0.99979
261	159	0.999985
341	237	0.999874
139	106	0.999715
419	346	0.99971
152	81	0.999834
364	338	0.999811
157	144	0.999999
165	88	0.999797
265	166	0.999912
162	120	0.999999
89	68	0.999955
289	246	0.999772
429	209	0.999982
140	100	0.999749
376	271	0.999775
60	30	0.999944
373	319	0.999903
110	56	0.999895
398	231	0.999785
348	248	0.999897
401	360	0.999856
471	428	0.999669
359	343	0.999969
481	455	0.999691
466	418	0.999713
363	257	0.999763
353	310	0.999978
355	239	0.999876
411	379	0.999689
447	235	0.999764
227	126	0.999847
379	201	0.999738
460	422	0.999665
193	169	0.999823
380	354	0.999787
137	98	0.999884
119	97	0.999755
296	180	0.999755
295	182	0.999929
279	166	0.999988
393	363	0.999816
292	149	0.999722
488	327	0.999932
350	201	0.999971
199	150	0.999746
285	174	0.999847
314	234	0.999737
421	209	0.999974
182	163	0.999751
290	167	0.999696
439	241	0.99986
380	292	0.999735
150	132	0.999898
191	117	0.999882
138	99	0.999882
170	100	0.999819
327	155	0.999992
365	322	0.999965
353	182	0.99974
377	251	0.999976
394	246	0.999818
380	249	0.999721
217	179	0.999919
394	389	0.999797
93	69	0.999937
161	142	0.999933
124	73	0.999837
229	157	0.999941
75	44	0.999996
179	166	0.999674
80	48	0.99968
369	248	0.999684
238	189	0.999911
377	186	0.999725
190	132	0.999674
388	339	0.999779
142	89	0.99996
392	312	0.99982
467	333	0.999973
472	252	0.999735
431	369	0.999766
170	150	0.999832
452	264	0.999755
309	256	0.999934
268	211	0.999879
267	239	0.999791
96	51	0.999826
101	66	0.999741
292	185	0.99967
499	447	0.999747
62	47	0.999929
205	135	0.999936
296	147	0.999797
490	309	0.9998
322	253	0.999861
50	26	0.999929
323	196	0.999811
149	141	0.999837
456	358	0.999773
244	152	0.99973
231	160	0.999948
174	155	0.999818
184	167	0.999717
73	43	0.99992
219	154	0.999836
348	196	0.999667
353	347	0.999758
123	95	0.99998
132	79	0.999836
408	324	0.999977
186	106	0.999927
122	64	0.999822
400	261	0.999787
83	64	0.999801
91	84	0.999763
207	129	0.999774
425	266	0.999794
450	230	0.999791
203	159	0.999845
155	126	0.999743
102	57	0.999758
467	233	0.999815
480	340	0.999858
95	73	0.999801
416	220	0.999788
267	152	0.999667
90	70	0.999991
286	135	0.999675
64	33	0.999814
149	130	0.999717
98	80	0.999795
457	385	0.999931
74	46	0.999676
197	131	0.999783
355	308	0.999784
122	83	0.99999
476	305	0.999669
321	259	0.999886
194	167	0.999732
81	50	0.999835
205	108	0.999705
116	61	0.999999
87	64	0.999744
483	422	0.999846
365	216	0.999791
347	274	0.999722
144	117	0.999908
443	238	0.999882
316	266	0.999908
207	164	0.99986
465	435	0.999965
220	138	0.999976
437	229	0.999968
195	184	0.999683
329	173	0.999727
122	72	0.999745
326	231	0.999981
430	389	0.99977
447	270	0.999851
296	152	0.9998
96	59	0.999835
341	185	0.999671
225	195	0.999838
485	454	0.999897
411	204	0.999764
495	382	0.999984
386	218	0.99981
347	343	0.999872
278	210	0.999887
368	223	0.999943
345	180	0.999883
437	296	0.999835
328	242	0.99971
408	402	0.999801
134	90	0.999736
279	239	0.999827
171	104	0.999934
198	141	0.999831
308	281	0.999696
474	244	0.99971
263	175	0.999986
88	73	0.99999
480	439	0.999813
151	121	0.999681
373	338	0.9997
351	344	0.999771
309	236	0.999863
340	326	0.999685
414	328	0.999866
282	171	0.999956
221	177	0.999905
185	88	0.999746
96	93	0.999711
417	309	0.999761
153	131	0.999978
106	73	0.999807
438	265	0.999888
335	282	0.999803
227	144	0.999695
210	123	0.999737
299	287	0.999826
401	243	0.999853
199	198	0.999782
487	298	0.999738
335	257	0.999776
477	338	0.999722
210	173	0.999947
67	53	0.999791
384	350	0.999718
193	105	0.999924
282	180	0.99997
433	255	0.999919
476	234	0.999682
336	209	0.999932
105	85	0.999718
179	132	0.999812
443	293	0.999969
400	228	0.999879
119	68	0.999744
394	273	0.999947
408	314	0.999847
175	144	0.999958
212	191	0.999945
182	180	0.999961
111	102	0.999992
301	148	0.999719
466	366	0.999952
495	286	0.999903
208	184	0.999819
111	96	0.999811
166	141	0.999793
468	252	0.999761
482	316	0.999821
397	334	0.999734
191	189	0.999911
127	92	0.999725
51	34	0.999725
471	461	0.999888
193	183	0.999956
231	131	0.999722
160	157	0.999932
76	41	0.999706
418	376	0.999711
215	205	0.999862
66	38	0.999677
367	267	0.999838
116	81	0.999943
307	264	0.999813
229	133	0.999801
333	302	0.999993
283	193	0.999826
246	152	0.999698
351	316	0.999724
268	254	0.999866
92	61	0.999949
495	456	0.999975
304	182	0.999719
135	95	0.999981
415	414	0.999886
261	234	0.999934
475	356	0.999997
423	210	0.999701
231	190	0.99988
239	140	0.99989
66	63	0.999826
401	365	0.999899
338	167	0.999776
93	47	0.999842
404	315	0.999895
112	64	0.999818
108	67	0.999995
443	390	0.99998
145	118	0.999693
458	310	0.999949
423	264	0.999961
276	134	0.999702
338	257	0.999941
335	334	0.999925
407	210	0.999969
298	155	0.999903
196	105	0.999805
287	223	0.999667
213	201	0.999814
374	227	0.999815
121	98	0.999923
379	342	0.999812
393	258	0.999886
382	237	0.999762
395	297	0.999998
357	275	0.999985
65	53	0.999779
492	274	0.999842
233	167	0.999959
240	177	0.99978
444	318	0.99968
360	213	0.999952
403	370	0.99968
447	417	0.999774
331	215	0.999995
309	304	0.999999
462	350	0.999953
315	267	0.99981
230	143	0.999759
269	255	0.99972
64	63	0.999944
223	216	0.999725
173	105	0.999823
154	125	0.999888
215	102	0.999913
257	140	0.999745
123	111	0.999677
121	105	0.999869
377	285	0.999809
320	160	0.999841
77	54	0.999918
430	294	0.999716
408	300	0.999678
448	350	0.999827
237	221	0.999998
486	276	0.999694
265	156	0.99971
367	202	0.999801
78	52	0.999931
84	81	0.99994
490	385	0.999681
309	249	0.999731
141	133	0.99978
51	41	0.999843
466	406	0.999789
135	87	0.999876
439	371	0.999892
440	436	0.999711
64	35	0.999899
413	408	0.999909
154	149	0.999856
360	191	0.999695
216	155	0.999845
70	34	0.999727
162	120	0.999771
172	94	0.999801
418	226	0.999911
330	279	0.999946
265	215	0.999683
466	417	0.999917
345	222	0.999943
330	261	0.999946
137	77	0.999946
91	73	0.999881
313	302	0.999968
366	275	0.999667
77	65	0.999802
228	121	0.999982
191	158	0.999748
101	73	0.999927
314	148	0.999696
205	138	0.999815
352	323	0.99971
374	373	0.999947
410	203	0.999962
344	211	0.999702
350	193	0.999926
447	321	0.999825
84	82	0.999831
247	183	0.999998
345	274	0.999785
141	134	0.999791
176	123	0.999749
319	283	0.999935
195	114	0.999997
319	211	0.999733
207	202	0.999942
301	235	0.999954
429	328	0.999891
157	117	0.999895
108	84	0.999679
377	303	0.999998
148	92	0.999716
251	166	0.999838
297	261	0.999963
392	294	0.999921
473	297	0.999965
461	434	0.999854
441	335	0.999704
118	82	0.999748
181	96	0.999916
500	472	0.999999
252	172	0.999882
194	99	0.999799
474	373	0.999969
102	91	0.999879
253	233	0.999965
82	51	0.99984
410	263	0.999976
381	233	0.999704
105	63	0.999677
53	35	0.999818
197	147	0.999681
350	184	0.999957
293	270	0.9997
394	387	0.999669
194	153	0.999713
464	384	0.999702
351	175	0.999833
193	173	0.999816
105	87	0.999852
195	155	0.999707
171	95	0.999724
77	52	0.999976
430	244	0.999827
228	193	0.999908
181	166	0.999869
129	78	0.999724
407	319	0.999739
77	54	0.999926
454	390	0.999857
351	334	0.999726
66	60	0.999755
55	27	0.999872
371	261	0.999707
397	198	0.999986
119	111	0.999667
475	316	0.999675
323	230	0.999695
484	268	0.999997
230	147	0.999881
258	153	0.999752
221	121	0.999986
307	230	0.99979
348	227	0.999999
142	91	0.999917
456	420	0.999839
130	82	0.999754
326	285	0.999972
103	88	0.999854
262	154	0.999933
455	274	0.999859
406	280	0.999841
396	360	0.999714
260	231	0.999997
175	171	0.999956
89	46	0.999929
155	115	0.999665
163	158	0.99972
351	261	0.999769
352	271	0.999668
323	248	0.999939
117	67	0.999997
53	44	0.99984
248	212	0.999667
190	113	0.999995
199	106	0.999956
398	248	0.999999
122	87	0.999993
466	399	0.999754
463	311	0.999924
332	252	0.999728
277	218	0.999693
111	77	0.999687
491	448	0.999727
434	336	0.999708
482	291	0.999819
317	151	0.999849
138	72	0.999767
268	249	0.999963
412	408	0.999852
484	329	0.999743
496	298	0.999837
303	148	0.999731
375	226	0.999889
375	197	0.999982
305	159	0.999695
263	210	0.999938
86	84	0.999904
143	86	0.99975
300	166	0.999727
130	80	0.999993
100	75	0.999727
417	412	0.999837
62	60	0.999801
231	228	0.999756
355	203	0.999992
286	283	0.999878
288	143	0.999858
148	85	0.999721
228	218	0.999882
366	277	0.999799
124	87	0.999814
451	275	0.999986
404	209	0.999689
171	170	0.999872
351	256	0.999747
373	328	0.999788
298	294	0.999811
141	81	0.999957
208	183	0.999742
217	112	0.999845
419	230	0.999711
426	267	0.999729
141	113	0.999927
442	328	0.999916
77	53	0.999824
184	128	0.999971
481	451	0.999787
270	225	0.999959
450	358	0.999885
364	304	0.999678
103	89	0.999921
89	70	0.999809
340	320	0.99967
348	177	0.999887
296	170	0.999983
269	211	0.999931
408	402	0.999971
201	133	0.999945
437	298	0.99971
71	38	0.999846
215	118	0.999898
241	215	0.999918
76	54	0.999992
92	90	0.999841
491	361	0.999844
426	411	0.999892
438	349	0.999958
237	192	0.999946
243	176	0.999886
470	404	0.999896
287	262	0.999971
204	119	0.999826
111	77	0.999776
244	199	0.999922
68	41	0.999707
470	365	0.9997
126	63	0.999957
418	307	0.999959
69	36	0.99978
107	73	0.999774
263	240	0.999804
247	195	0.999749
85	76	0.999941
179	147	0.999988
427	279	0.999934
325	307	0.999863
177	141	0.999917
230	140	0.999861
299	281	0.999846
318	165	0.999948
130	104	0.999774
294	279	0.999888
322	280	0.999837
94	65	0.999869
173	121	0.999729
224	118	0.999856
215	196	0.999887
106	69	0.999763
155	146	0.999667
155	153	0.999836
386	368	0.999918
93	49	0.999753
442	426	0.999833
375	362	0.999754
211	104	0.999817
323	234	0.999714
172	121	0.99975
326	172	0.999733
63	43	0.999943
80	60	0.99991
431	326	0.999867
469	430	0.999973
495	249	0.999676
368	272	0.9998
300	236	0.999988
453	402	0.999819
236	130	0.999886
60	47	0.999668
302	172	0.999723
416	220	0.99979
327	179	0.999851
170	148	0.999984
96	90	0.999685
133	96	0.999847
474	289	0.999707
383	237	0.999832
447	321	0.999954
428	350	0.999951
408	383	0.999912
300	291	0.999915
54	48	0.999909
199	193	0.999963
247	182	0.99984
150	149	0.99986
164	114	0.99981
424	223	0.999996
408	244	0.999879
281	264	0.999667
349	323	0.999924
142	102	0.999859
128	121	0.999714
434	362	0.999682
145	142	0.999826
398	220	0.999817
51	29	0.999707
159	142	0.999886
162	118	0.999738
396	324	0.999927
337	245	0.999792
54	44	0.999738
442	287	0.999997
485	282	0.999735
96	61	0.999947
60	58	0.999994
60	53	0.999865
483	342	0.99982
143	117	0.999889
436	240	0.999932
328	252	0.999696
146	70	0.999833
213	148	0.999847
152	149	0.999808
366	344	0.999855
264	177	0.999944
240	226	0.999769
151	78	0.999835
259	137	0.999677
102	90	0.999743
270	209	0.999793
232	181	0.999907
271	250	0.999882
407	281	0.999921
456	228	0.999845
464	322	0.999914
400	294	0.999949
101	87	0.999765
254	167	0.999934
292	251	0.999715
113	70	0.999753
361	313	0.999713
483	326	0.999906
66	33	0.999733
437	257	0.999991
404	280	0.999809
127	63	0.999938
341	248	0.999827
254	192	0.999721
193	111	0.999752
137	81	0.999786
96	68	0.999775
320	169	0.999849
286	285	0.999758
473	300	0.999962
267	215	0.999854
273	211	0.999774
54	42	0.999756
91	53	0.999739
147	127	0.999923
399	346	0.999933
386	355	0.999926
356	246	0.999813
470	338	0.999709
443	357	0.999693
399	294	0.999729
309	242	0.999862
92	82	0.999855
478	300	0.999744
354	168	0.999672
443	424	0.999813
237	127	0.999916
376	256	0.999674
84	45	0.999865
244	171	0.999984
316	258	0.999709
369	192	0.99973
139	120	0.999755
106	51	0.999916
202	158	0.999723
444	318	0.999945
386	213	0.999959
410	360	0.99991
273	164	0.999907
64	31	0.999992
329	295	0.999844
51	34	0.999823
485	444	0.999982
114	65	0.999815
277	260	0.999959
212	153	0.999902
184	145	0.999839
205	155	0.9998
298	172	0.999878
468	340	0.999721
256	195	0.999862
105	102	0.999903
238	212	0.999931
342	194	0.999784
145	100	0.999791
389	334	0.999969
461	332	0.999876
253	182	0.999762
421	345	0.999803
283	197	0.999841
273	221	0.999748
487	304	0.999968
482	399	0.999815
499	428	0.999851
443	325	0.999874
210	148	0.999715
117	71	0.999711
435	291	0.999682
285	254	0.999983
461	250	0.999844
134	73	0.999754
386	344	0.999837
387	185	0.999822
66	46	0.999916
80	77	0.999835
449	351	0.999822
436	236	0.999919
337	302	0.999806
150	110	0.999705
496	449	0.999766
424	391	0.999754
262	139	0.999753
303	147	0.999897
256	193	0.999875
258	186	0.999776
490	272	0.999681
485	470	0.99967
459	332	0.999713
216	111	0.999768
162	90	0.99993
399	192	0.999964
415	324	0.999892
258	141	0.999847
194	164	0.999908
462	389	0.999701
403	317	0.999841
332	309	0.999977
241	194	0.999689
156	85	0.999802
368	247	0.999809
324	237	0.999671
463	306	0.999998
389	229	0.999698
296	188	0.999886
456	414	0.999926
320	319	0.999726
64	60	0.99987
325	251	0.999888
338	210	0.999706
53	26	0.999936
90	82	0.999679
414	260	0.999838
317	281	0.999984
483	230	0.999764
266	239	0.999968
130	128	0.999716
255	187	0.999912
81	56	0.999874
249	141	0.999766
327	244	0.999826
123	115	0.999723
295	257	0.999722
426	264	0.999857
263	144	0.999931
344	225	0.999966
222	213	0.999829
376	351	0.999746
325	173	0.999843
175	130	0.99989
383	234	0.999742
185	106	0.999946
322	217	0.999823
467	357	0.999898
384	302	0.999966
317	254	0.999988
486	284	0.99989
67	55	0.99995
285	162	0.999812
500	276	0.999777
307	172	0.999676
74	54	0.999986
225	211	0.999752
309	278	0.999907
136	125	0.999777
74	66	0.999786
269	216	0.999988
280	163	0.999895
468	403	0.99968
424	348	0.999901
320	196	0.999757
399	289	0.99985
115	88	0.999877
304	214	0.999693
215	104	0.99967
399	330	0.9999
67	34	0.999883
245	139	0.999667
479	273	0.999707
147	138	0.999956
154	97	0.999933
99	88	0.999894
194	153	0.999798
198	136	0.99972
427	369	0.999669
393	223	0.999678
258	227	0.999963
206	119	0.999868
105	79	0.999888
493	341	0.999927
378	203	0.999949
424	223	0.999775
484	445	0.999736
222	157	0.999817
230	225	0.99975
55	41	0.999729
66	58	0.999983
332	195	0.999826
486	481	0.999818
149	111	0.99983
226	173	0.99989
346	312	0.999895
322	244	0.999673
73	42	0.999989
68	37	0.999717
454	360	0.999818
119	103	0.999772
384	325	0.999901
200	95	0.999787
142	129	0.999898
322	246	0.999675
394	216	0.999926
291	257	0.999916
85	52	0.999888
248	189	0.99988
368	315	0.999669
95	57	0.999838
76	36	0.99981
196	143	0.999747
362	293	0.999833
381	335	0.999738
305	272	0.999833
470	241	0.999817
388	236	0.999938
267	210	1
378	333	0.999938
304	252	0.999727
416	397	0.99983
420	384	0.99969
289	153	0.999766
192	101	0.999796
143	133	0.999829
376	225	0.999899
185	144	0.999727
93	51	0.999728
166	118	0.99989
136	69	0.999961
382	245	0.999891
223	164	0.999974
87	42	0.999765
238	162	0.999995
462	242	0.999779
135	75	0.999724
318	193	0.999804
124	83	0.999954
292	156	0.999899
224	134	0.999752
213	140	0.999931
64	40	0.99982
312	257	0.999853
194	123	0.999874
197	161	0.999807
490	285	0.999744
357	213	0.999905
157	125	0.999972
288	174	0.999869
130	75	0.99968
80	54	0.999671
448	424	0.999927
478	433	0.999983
262	139	0.999996
287	176	0.999828
323	173	0.999716
250	213	0.999941
119	79	0.999799
348	224	0.999676
391	244	0.999755
350	341	0.999915
493	360	0.999907
137	116	0.999817
425	292	0.999941
414	242	0.999767
443	289	0.99967
58	54	0.999863
407	268	0.999692
397	249	0.999826
134	130	0.999976
406	382	0.999687
434	350	0.999969
112	78	0.999938
116	112	0.99976
464	242	0.999762
108	80	0.999904
301	206	0.999867
118	94	0.999783
297	200	0.999837
131	64	0.999675
306	199	0.999753
283	263	0.999999
274	147	0.999872
406	263	0.999763
107	83	0.999794
65	35	0.999748
296	194	0.999992
260	249	0.999846
166	153	0.999925
175	84	0.999863
89	57	0.999672
397	348	0.999995
449	389	0.999958
474	445	0.999937
407	363	0.999827
181	133	0.999774
73	41	0.999995
143	108	0.9997
55	37	0.999914
417	375	0.999833
407	375	0.999777
197	100	0.999869
432	230	0.999991
350	208	0.999758
167	139	0.999777
168	122	0.999964
389	215	0.999754
370	190	0.9997
259	220	0.999901
330	315	0.999783
313	263	0.999793
353	336	0.999741
354	244	0.999677
356	327	0.999927
457	318	0.999833
242	146	0.99974
244	181	0.999962
473	259	0.999891
207	142	0.999995
218	156	0.999723
415	396	0.999758
454	361	0.999771
175	105	0.999729
357	263	0.999794
161	142	0.999736
181	104	0.999763
483	369	0.999826
376	252	0.999703
156	106	0.999892
334	286	0.999685
357	260	0.999902
225	135	0.999677
148	132	0.999837
223	171	0.999925
384	220	0.999924
277	161	0.999816
214	201	0.999822
376	239	0.999938
393	308	0.999732
294	243	0.999832
249	144	0.999991
414	394	0.999943
305	243	0.999864
72	60	0.999786
354	177	0.999792
330	269	0.999889
416	369	0.999984
150	107	0.999813
306	180	0.999825
344	173	0.999872
190	169	0.999755
78	73	0.999874
54	43	0.999934
208	164	0.999762
284	196	0.99983
475	255	0.99999
68	34	0.999953
85	81	0.999786
175	132	0.999845
166	110	0.999794
102	99	0.999844
366	360	0.999737
470	438	0.999838
373	260	0.999804
215	158	0.999705
169	143	0.999767
293	188	0.999888
408	371	1
159	75	0.999799
275	268	0.999665
294	256	0.999963
161	90	0.999837
393	282	0.999975
464	305	0.999832
198	123	0.999937
446	368	0.999993
81	46	0.999965
262	246	0.999746
181	99	0.999713
488	349	0.999844
294	201	0.99974
112	67	0.999845
483	316	0.999889
472	267	0.999889
125	89	0.999966
135	120	0.999748
424	322	0.999882
333	238	0.999858
94	62	0.999691
364	174	0.999749
474	456	0.999902
314	296	0.99987
189	100	0.99999
206	133	0.999944
373	223	0.999882
342	290	0.999786
408	235	0.999703
176	98	0.99989
132	126	0.999736
475	227	0.999904
111	107	0.999837
270	255	0.999974
366	327	0.999831
483	229	0.999877
369	335	0.999799
431	239	0.999957
204	135	0.999859
427	304	0.999911
78	66	0.999971
370	292	0.999818
142	102	0.999729
466	397	0.999982
279	221	0.999957
357	256	0.999781
473	427	0.999763
447	346	0.999742
308	194	0.99983
462	301	0.999827
449	436	0.99972
435	245	0.999839
232	200	0.999843
119	107	0.999776
275	207	0.999836
362	194	0.999878
262	219	0.999699
360	261	0.999798
354	194	0.999923
125	109	0.999836
168	112	0.999907
78	65	0.99997
135	92	0.999947
191	160	0.999753
201	133	0.999812
329	286	0.999739
179	101	0.999986
357	180	0.999895
97	96	0.999913
346	256	0.999964
253	188	0.999671
192	190	0.999899
278	164	0.999888
438	261	0.999821
319	178	0.999676
292	165	0.999939
447	287	0.999716
336	321	0.999799
255	252	0.999832
248	159	0.99978
101	85	0.999988
242	178	0.999786
447	314	0.999779
380	377	0.99974
328	285	0.999723
157	155	0.999804
130	67	0.999927
63	62	0.999956
51	50	0.999837
264	237	0.999804
382	269	0.999864
156	116	0.999777
497	434	0.99984
234	205	0.999853
212	119	0.999855
115	105	0.999987
271	143	0.999678
342	250	0.999972
196	159	0.999834
450	258	0.999968
66	46	0.99967
185	96	0.999766
326	272	0.999753
447	388	0.999994
332	285	0.999874
243	234	0.999673
262	155	0.999719
287	158	0.999908
263	258	0.999674
162	150	0.999815
346	212	0.999847
344	219	0.999692
370	200	0.999871
300	253	0.999895
220	111	0.999802
178	93	0.999839
74	44	0.999883
228	112	0.999868
422	229	0.999915
153	79	0.999673
225	142	0.999824
95	81	0.999785
267	126	0.99988
164	118	0.999816
198	170	0.999685
485	379	0.999806
311	296	0.999888
62	42	0.999732
229	111	0.999715
71	43	0.999851
126	114	0.999841
153	98	0.999956
412	301	0.999767
241	226	0.999989
338	332	0.999752
145	104	0.999973
142	114	0.999897
473	462	0.999855
247	226	0.999969
484	313	0.999767
298	248	0.999799
295	245	0.999917
153	91	0.999958
353	289	0.99978
500	276	0.999668
386	199	0.999902
429	393	0.999721
479	419	0.999783
421	333	0.999921
255	254	0.999944
69	56	0.999869
151	130	0.99995
442	268	0.999766
426	377	0.999959
75	41	0.999685
372	340	0.99985
174	107	0.999769
454	313	0.999796
280	255	0.999777
470	335	0.999949
276	228	0.999806
187	165	0.999927
352	170	0.999951
117	65	0.99984
393	300	0.999797
321	205	0.999797
119	97	0.999771
272	148	0.999716
56	43	0.999672
368	298	0.999811
106	53	0.999717
226	148	0.999728
280	149	0.999878
79	61	0.999694
329	278	0.999793
222	119	0.99977
438	273	0.999955
231	201	0.999952
55	52	0.999776
57	28	0.999999
460	293	0.999971
103	53	0.999724
236	196	0.999874
92	89	0.999945
68	56	0.999806
269	234	0.999819
206	191	0.999863
460	296	0.999893
371	317	0.999885
386	299	0.999939
158	130	0.999903
434	391	0.999867
231	155	0.999914
450	251	0.999872
297	148	0.999876
99	95	0.999815
269	163	0.999669
467	440	0.999686
297	188	0.999831
185	93	0.999862
275	253	0.999665
184	174	0.999876
70	56	0.999807
94	77	0.999831
302	298	0.999775
351	231	0.999666
99	47	0.999837
214	146	0.999833
151	113	0.999911
393	375	0.999903
377	359	0.999719
443	406	0.999996
162	130	0.999987
436	413	0.999721
295	208	0.999742
403	331	0.999801
344	224	0.999924
223	208	0.99989
208	102	0.999887
243	220	0.999797
102	84	0.999762
259	169	0.999959
323	165	0.999762
368	239	0.999818
365	341	0.999797
321	270	0.999821
432	406	0.999977
155	123	0.999784
90	52	0.999689
205	108	0.999871
68	46	0.999986
180	166	0.999692
400	365	0.999847
280	233	0.999671
199	129	0.999714
75	37	0.999768
64	37	0.999743
103	59	0.999675
151	131	0.999943
224	161	0.99995
138	84	0.999889
302	150	0.999932
381	205	0.999992
298	264	0.999717
191	103	0.99988
371	238	0.999821
459	246	0.999857
167	106	0.999736
213	125	0.999742
66	34	0.999901
67	53	0.999931
303	300	0.999964
420	368	0.999915
445	262	0.999786
449	260	0.999726
484	368	0.999998
371	344	0.999784
103	58	0.999953
344	242	0.999866
256	178	0.9997
336	251	0.999877
412	357	0.999799
364	173	0.999678
126	113	0.99988
467	315	0.999678
276	243	0.99982
401	355	0.999902
96	85	0.999941
202	164	0.999826
351	173	0.999934
283	261	0.999773
157	153	0.999742
255	156	0.99973
314	210	0.999668
415	287	0.999948
87	79	0.999854
267	192	0.999948
445	299	0.999851
209	129	0.999686
230	194	0.999694
437	244	0.999996
187	133	0.999722
428	302	0.999824
329	288	0.999901
418	364	0.999851
487	340	0.999804
340	330	0.999742
240	203	0.999897
206	164	0.999859
464	400	0.999995
57	32	0.999743
311	297	0.999988
143	97	0.999971
218	177	0.999743
490	267	0.999721
192	111	0.999752
253	173	0.999932
175	159	0.999682
242	223	0.999915
231	200	0.999801
269	143	0.999792
257	162	0.999835
471	286	0.999667
451	328	0.999979
396	339	0.999962
248	122	0.999775
113	65	0.999917
397	239	0.999901
151	132	0.999863
118	99	0.999957
359	237	0.999812
460	221	0.999817
116	105	0.999911
164	154	0.999891
352	263	0.99998
341	277	0.999693
147	137	0.999702
190	161	0.999919
60	39	0.999775
416	362	0.999977
481	227	0.999914
428	292	0.999887
87	59	0.99972
384	379	0.999991
278	152	0.999686
237	182	0.999929
410	345	0.999928
55	39	0.99968
359	284	0.999734
212	164	0.999739
272	207	0.999989
484	390	0.999838
147	111	0.999939
245	137	0.99968
143	74	0.999906
163	95	0.999994
183	152	0.999798
363	248	0.999782
174	84	0.999845
450	294	0.999988
443	258	0.999994
187	163	0.999869
240	198	0.999824
108	76	0.999765
273	198	0.999969
91	43	0.999713
474	357	0.999847
444	313	0.999749
319	281	0.999888
100	72	0.99994
206	176	0.999714
210	117	0.999765
305	210	0.999955
132	69	0.99974
262	128	0.999811
63	30	0.999848
244	225	0.99976
61	36	0.999875
168	124	0.999848
220	191	0.999875
183	98	0.999712
408	320	0.999998
408	344	0.999676
306	213	0.999698
342	294	0.99999
179	175	0.999926
402	347	0.99982
318	295	0.999821
387	218	0.999671
340	188	0.999956
336	310	0.999882
319	207	0.99982
379	280	0.999821
433	248	0.999981
287	173	0.99991
163	93	0.999788
449	307	0.999893
188	112	0.999824
62	47	0.999985
173	145	0.999915
476	410	0.999708
308	223	0.999815
176	88	0.999996
63	46	0.999902
459	384	0.999802
110	55	0.999755
322	316	0.999692
349	251	0.999858
79	56	0.999747
68	63	0.999826
204	104	0.999677
374	262	0.999783
413	308	0.999985
344	312	0.999869
67	55	0.999765
91	78	0.999984
126	122	0.999802
134	118	0.999914
257	193	0.999959
153	141	0.999814
395	215	0.999927
349	196	0.999933
390	286	0.999929
289	214	0.999798
196	119	0.999686
84	76	0.999935
296	192	0.999871
423	214	0.999797
392	185	0.999675
120	110	0.99989
117	78	0.999973
376	212	0.999751
194	99	0.99975
125	116	0.99993
284	269	0.999812
450	379	0.999911
216	172	0.999924
102	97	0.999839
182	96	0.999866
216	211	0.999776
73	54	0.999719
288	239	0.999946
290	247	0.999889
115	94	0.999872
190	134	0.999715
69	66	0.999935
176	113	0.999765
209	197	0.999754
206	134	0.999667
434	422	0.999846
138	102	0.999839
409	285	0.999713
149	107	0.999872
66	49	0.999794
436	338	0.999842
248	225	0.999917
389	308	0.999762
495	422	0.999839
292	213	0.999868
477	310	0.999851
138	69	0.99979
108	72	0.999915
243	234	0.999756
297	205	0.999931
446	441	0.999854
404	217	0.999766
497	296	0.999814
94	50	0.999841
302	200	0.999765
75	62	0.999941
338	222	0.999886
275	132	0.999946
249	245	0.999922
388	244	0.999986
283	182	0.999795
283	166	0.999787
391	284	0.999725
229	114	0.999823
278	219	0.999972
469	231	0.999791
237	221	0.999875
112	91	0.99975
350	315	0.999957
482	269	0.999867
139	107	0.999804
199	144	0.999757
53	38	0.999803
387	306	0.999858
417	294	0.999716
78	70	0.999811
117	108	0.99968
169	112	0.999761
100	52	0.999883
368	355	0.999675
314	293	0.999846
469	237	0.999856
449	304	0.999921
347	165	0.999743
72	43	0.999814
365	211	0.999947
454	297	0.999847
370	366	0.999949
109	95	0.999875
223	131	0.999844
125	100	0.999797
262	243	0.999791
82	67	0.99993
496	374	0.99971
435	295	0.999973
270	179	0.999954
115	77	0.999816
439	285	0.999935
170	100	0.999811
449	316	0.999763
398	197	0.999858
333	199	0.99983
384	360	0.999737
282	272	0.999712
123	94	0.999876
470	310	0.999745
439	234	0.999769
302	175	0.999793
343	255	0.999943
473	378	0.999805
376	297	0.999703
194	179	0.999887
421	220	0.999958
326	168	0.999672
230	229	0.999668
92	48	0.999858
291	218	0.999756
386	182	0.999938
448	283	0.999768
497	258	0.99985
415	216	0.999707
353	327	0.999916
406	359	0.999841
364	218	0.999736
352	350	0.999961
444	283	0.999779
353	317	0.999676
109	67	0.999953
217	211	0.999835
467	438	0.999776
466	276	0.999971
218	122	0.999823
442	413	0.999849
221	166	0.999895
157	148	0.999937
482	385	0.999894
198	139	0.999898
463	368	0.999879
136	68	0.999685
330	183	0.999724
359	269	0.999905
167	102	0.999675
475	327	0.999832
254	138	0.999835
239	115	0.999765
134	112	0.999865
123	75	0.999796
126	62	0.999838
146	124	0.999705
382	367	0.99993
401	296	0.999921
417	315	0.999917
466	330	0.99994
468	412	0.999902
306	289	0.999841
98	93	0.999786
195	178	0.999848
129	71	0.999979
496	258	0.999717
368	297	0.999788
152	73	0.999712
308	261	0.999796
151	78	0.999762
231	172	0.999699
57	36	0.999712
286	243	0.999726
195	111	0.999799
433	387	0.999963
290	193	0.999774
337	270	0.999991
192	152	0.999881
57	47	0.999817
144	140	0.999799
299	142	0.999919
449	339	0.999987
379	270	0.999712
112	85	0.9997
329	276	0.999937
157	112	0.999794
139	97	0.999693
350	223	0.999772
437	254	0.999732
118	99	0.99983
407	253	0.999691
350	225	0.999862
473	416	0.999782
123	88	0.999898
299	143	0.999784
195	133	0.999937
333	294	0.999853
427	422	0.999869
436	435	0.999878
427	271	0.999982
139	85	0.999756
116	107	0.999977
261	238	0.999704
91	60	0.99986
314	232	0.999705
424	409	0.999924
257	234	0.999895
382	190	0.999719
317	280	0.999722
260	156	0.999701
173	151	0.999843
325	158	0.999948
262	176	0.99969
100	83	0.999803
206	163	0.999903
366	258	0.999936
120	80	0.999825
54	49	0.999827
415	228	0.999737
374	370	0.999982
128	83	0.999791
137	77	0.999683
386	257	0.999926
207	131	0.999697
263	248	0.999917
282	171	0.999735
220	132	0.999732
349	236	0.999755
159	131	0.999707
308	254	0.999926
119	114	0.999724
75	58	0.999909
442	367	0.999866
333	186	0.999892
298	227	0.999992
305	252	0.999683
382	312	0.999776
236	126	0.999952
166	83	0.999848
408	290	0.999749
352	231	0.999961
283	234	0.99991
488	260	0.999742
268	206	0.999683
65	45	0.999987
277	158	0.999699
280	191	0.999979
191	149	0.999932
283	228	0.999699
267	190	0.999775
117	107	0.999706
378	305	0.999751
216	130	0.999888
472	320	0.999897
462	437	0.999665
258	215	0.999718
93	84	0.999855
65	59	0.999848
85	68	0.99999
365	260	0.999831
354	249	0.999965
348	173	0.999981
287	199	0.999788
195	159	0.999766
358	214	0.999932
229	224	0.999937
202	120	0.999671
371	271	0.999772
178	122	0.99989
255	132	0.999688
314	260	0.99974
259	186	0.999947
240	226	0.999782
341	330	0.999907
295	158	0.999742
226	220	0.999859
449	346	0.999962
398	316	0.999858
137	76	0.999865
450	392	0.999956
209	197	0.999831
305	292	0.999813
404	291	0.999983
101	75	0.999688
388	204	0.999973
188	174	0.999838
499	364	0.999943
290	209	0.99969
123	60	0.999807
390	231	0.999909
223	124	0.999928
67	37	0.999689
343	294	0.999924
61	31	0.999693
121	74	0.999704
64	57	0.999686
206	199	0.99971
76	45	0.999949
486	409	0.999906
422	302	0.999953
432	367	0.99997
309	211	0.999892
301	170	0.999728
171	84	0.999881
211	140	0.999706
320	314	0.999746
148	96	0.999867
124	69	0.99996
304	242	0.999934
287	207	0.999774
469	236	0.999697
484	245	0.999907
127	85	0.999891
96	56	0.999997
419	228	0.999922
54	48	0.999792
83	67	0.999694
468	412	0.999709
282	212	0.99996
168	118	0.999796
318	162	0.999825
450	271	0.999996
252	217	0.999848
90	75	0.999723
261	152	0.999729
252	190	0.999733
435	220	0.999715
462	451	0.999814
69	58	0.999882
301	275	0.999935
77	68	0.999737
274	237	0.999988
299	296	0.999717
359	181	0.999777
184	101	0.999939
197	189	0.99972
365	285	0.999781
207	199	0.999705
64	52	0.999686
204	127	0.999812
346	293	0.999838
234	138	0.9998
419	349	0.999798
216	205	0.99971
104	103	0.999673
355	329	0.999955
211	155	0.999757
226	209	0.999846
320	225	0.999729
192	163	0.999814
105	55	0.999972
436	320	0.99968
121	118	0.999942
360	257	0.999964
109	75	0.999885
237	220	0.999948
124	114	0.999752
365	250	0.999981
175	90	0.999672
313	176	0.999951
78	72	0.999997
324	281	0.999869
292	219	0.999887
206	160	0.999842
75	47	0.999775
321	295	0.999716
184	152	0.999779
192	147	0.999909
207	174	0.999838
234	205	0.999999
393	339	0.99974
279	187	0.999816
394	274	0.999823
435	409	0.999705
491	359	0.99987
136	88	0.99981
108	85	0.999819
358	198	0.999845
437	271	0.999816
371	221	0.999866
291	169	0.999796
171	89	0.999729
339	239	0.999828
429	426	0.999963
52	35	0.999949
249	124	0.999905
144	91	0.999912
281	248	0.999904
430	212	0.999682
130	104	0.999816
132	67	0.999835
233	224	0.999926
304	192	0.999728
200	110	0.999827
102	59	0.999924
98	89	0.999669
311	213	0.999728
97	84	0.999909
203	139	0.999674
332	168	0.999701
293	176	0.999664
383	358	0.999826
400	194	0.999689
355	234	0.999693
488	246	0.99979
444	419	0.999973
88	84	0.999734
131	78	0.999814
407	403	0.999679
145	112	0.999907
266	168	0.999736
119	66	0.999752
451	417	0.999691
302	182	0.999948
288	277	0.999775
351	301	0.999776
288	230	0.999967
262	239	0.999985
65	50	0.999774
349	190	0.999895
318	284	0.999688
199	174	0.999998
461	364	0.999725
173	106	0.999841
478	238	0.999668
419	263	0.999978
102	101	0.999912
320	249	0.999864
364	257	0.999932
135	91	0.99976
206	198	0.999677
416	409	0.999697
468	271	0.999819
222	170	0.999683
380	284	0.999851
318	186	0.999725
61	51	0.999855
173	159	0.999882
277	271	0.999785
204	190	0.999708
149	125	0.999968
300	198	0.999928
370	327	0.999754
390	325	0.999966
158	80	0.999706
434	236	0.999997
252	181	0.999672
413	209	0.999687
369	356	0.999735
94	65	0.999761
413	334	0.999713
151	90	0.999724
176	127	0.999887
325	166	0.999771
199	101	0.999907
127	103	0.999744
318	298	0.999982
264	134	0.999829
474	461	0.999698
447	428	0.999716
255	132	0.999854
289	224	0.999944
55	31	0.999861
173	134	0.999998
151	81	0.99978
227	157	0.999694
113	58	0.999765
308	306	0.999695
352	238	0.999954
51	49	0.999887
78	70	0.99975
58	48	0.999691
493	242	0.999805
176	126	0.999932
421	409	0.99983
94	52	0.999749
230	167	0.999875
345	178	0.999798
409	225	0.99993
84	67	0.999931
234	117	0.999934
142	138	0.9999
494	242	0.999845
115	60	0.999735
74	61	0.999741
445	219	0.999728
110	75	0.999704
427	294	0.999998
401	362	0.999868
325	208	0.999791
132	115	0.999967
153	94	0.999868
88	76	0.999718
60	31	0.999688
485	362	0.999949
50	29	0.999678
93	86	0.999828
89	44	0.999872
285	254	0.999932
264	246	0.999785
110	91	0.999939
182	115	0.999979
473	472	0.999763
192	111	0.999815
242	169	0.999689
134	68	0.999771
479	265	0.999697
379	343	0.999782
224	145	0.999913
500	446	0.999669
398	331	0.999818
444	420	0.999799
114	58	0.999869
341	174	0.999927
56	54	0.999665
156	141	0.999866
172	154	0.999966
380	340	0.99996
124	86	0.999719
413	239	0.999831
169	92	0.999716
283	144	0.999941
260	174	0.999908
185	92	0.999766
157	122	0.999679
211	146	0.999975
236	124	0.999824
205	200	0.999822
209	192	0.999783
315	186	0.999901
254	136	0.999984
427	354	0.999795
434	298	0.999941
340	298	0.999962
270	156	0.999755
73	71	0.999799
378	362	0.999913
221	108	0.999959
259	196	0.999737
298	290	0.999882
90	89	0.999862
178	93	0.999846
88	80	0.999716
274	165	0.999712
399	252	0.999869
283	203	0.999796
330	301	0.999912
259	216	0.999714
291	142	0.999713
423	413	0.999985
271	202	0.999844
351	263	0.999955
253	138	0.999681
448	230	0.9998
170	160	0.999946
219	106	0.999985
102	59	0.999844
156	100	0.999743
240	148	0.999926
270	221	0.999836
90	70	0.999775
297	195	0.999803
332	288	0.99967
485	463	0.999688
168	80	0.999923
227	110	0.999674
288	268	0.99971
220	125	0.999819
239	115	0.999737
310	232	0.999954
126	83	0.999954
201	124	0.999731
206	112	0.999986
396	388	0.999966
393	189	0.999672
153	107	0.999672
265	155	0.999875
219	125	0.999807
119	64	0.999879
317	292	0.999996
152	113	0.999963
80	47	0.999851
495	294	0.99999
133	118	0.999967
458	224	0.999921
375	230	0.999793
481	227	0.999815
227	114	0.999969
137	109	0.99989
379	239	0.999675
281	252	0.999846
428	211	0.999726
136	110	0.999961
485	389	0.999965
402	219	0.999952
338	161	0.99974
409	239	0.999979
500	313	0.999753
147	133	0.999851
321	164	0.999716
67	56	0.999873
156	88	0.999986
322	268	0.999953
413	220	0.999986
383	184	0.999805
484	402	0.999961
484	266	0.999906
184	105	0.999766
255	195	0.999838
346	276	0.999769
476	347	0.99993
453	423	0.999711
195	131	0.999839
290	208	0.999709
124	82	0.999789
185	119	0.999902
496	454	0.999974
429	412	0.999673
292	269	0.999855
493	357	0.999931
229	214	0.999974
471	335	0.999845
308	274	0.999826
330	233	0.999915
212	207	0.999675
374	206	0.999866
492	387	0.999753
106	97	0.999717
414	287	0.999738
227	174	0.999918
61	40	0.999949
300	246	0.999876
327	245	0.99984
78	71	0.999988
494	395	0.999844
395	331	0.99984
423	307	0.999987
57	45	0.999982
104	90	0.999841
491	264	0.999831
418	348	0.999777
387	238	0.999669
497	415	0.999964
408	304	0.999989
203	193	0.999842
498	274	0.999822
426	231	0.999779
83	82	0.999835
172	145	0.999778
458	436	0.999865
369	190	0.999758
206	197	0.999684
435	374	0.999706
247	180	0.999789
162	99	0.999832
330	294	0.999878
433	388	0.999985
403	387	0.999724
125	83	0.999761
408	315	0.999697
180	96	0.999685
395	226	0.999961
415	313	0.999755
282	244	0.999942
172	132	0.999721
216	127	0.999761
96	86	0.999684
420	276	0.99982
369	319	0.999681
105	77	0.999791
444	366	0.999807
68	47	0.999952
401	381	0.999956
416	387	0.999799
93	87	0.999855
159	137	0.999714
152	75	0.999914
129	126	0.999717
123	73	0.999786
236	233	0.999747
181	135	0.999953
114	79	0.999811
195	96	0.999877
396	190	0.999735
98	92	0.999741
85	75	0.999801
181	140	0.99998
78	43	0.999724
217	124	0.999765
323	155	0.999728
305	253	0.999941
144	131	0.999962
407	233	0.999869
416	200	0.999767
325	202	0.999778
299	173	0.999991
449	372	0.999702
410	350	0.999709
179	112	0.999741
100	71	0.999797
195	177	0.99996
231	189	0.999991
429	407	0.999791
478	272	0.999956
433	234	0.999736
141	100	0.99978
83	66	0.99972
145	88	0.999867
402	326	0.999753
495	440	0.999847
439	293	0.999722
249	173	0.999855
301	167	0.999778
74	57	0.999789
402	351	0.999744
498	396	0.999997
279	210	0.999993
359	278	0.999778
493	454	0.999898
327	161	0.999902
200	165	0.999957
416	278	0.999698
190	139	0.999951
348	231	0.999866
245	144	0.999837
388	379	0.999816
208	200	0.999723
251	224	0.999939
463	241	0.999885
402	219	0.999942
345	337	0.999974
425	205	0.999754
481	373	0.999995
289	225	0.999842
470	455	0.999734
121	104	0.999866
333	332	0.999685
82	61	0.999899
143	84	0.999947
327	312	0.999943
146	127	0.999783
112	101	0.999748
354	189	0.999741
320	253	0.999803
217	112	0.999773
185	160	0.999694
213	180	0.999822
302	246	0.999721
293	150	0.999669
179	128	0.999861
349	209	0.999887
472	369	0.999864
234	115	0.999923
184	113	0.999826
56	46	0.999822
311	291	0.999858
231	216	0.999896
252	248	0.999713
470	326	0.999953
139	78	0.999906
61	30	0.999699
104	76	0.999761
408	230	0.999929
158	128	0.999908
109	75	0.999991
363	324	0.999881
420	254	0.999692
92	54	0.999804
198	119	0.999953
345	166	0.999731
137	111	0.999768
323	168	0.999755
136	134	0.999854
119	75	0.999944
112	53	0.999974
256	214	0.999962
322	209	0.999703
210	199	0.999669
414	232	0.999716
422	228	0.999899
500	300	0.999743
214	190	0.999869
234	159	0.99983
494	421	0.999759
298	229	0.999986
311	305	0.999798
435	362	0.999842
471	355	0.999791
444	341	0.999911
311	306	0.999674
117	101	0.999867
190	116	0.999982
307	206	0.999828
200	165	0.999996
101	48	0.999907
308	291	0.99993
289	196	0.999998
250	143	0.999925
477	307	0.999682
113	55	0.999712
390	266	0.999718
110	109	0.999912
469	452	0.999884
295	167	0.999884
306	207	0.999723
237	140	0.999752
209	113	0.999736
169	89	0.999992
106	95	0.999864
448	327	0.999762
481	234	0.999959
425	252	0.999955
489	459	0.999802
302	152	0.999805
447	216	0.999719
363	292	0.999886
81	62	0.999776
56	37	0.999684
74	51	0.999888
332	328	0.999716
261	209	0.999684
217	124	0.999946
184	155	0.999843
331	178	0.999857
194	162	0.999676
406	400	0.999741
442	288	0.999701
218	129	0.999971
131	86	0.999909
111	63	0.999837
390	225	0.999694
65	43	0.99975
315	192	0.999852
99	49	0.999833
458	295	0.999775
340	316	0.999735
261	125	0.999717
182	167	0.999681
206	197	0.999749
414	251	0.999917
248	244	0.999992
167	81	0.999953
425	268	0.999936
209	177	0.999765
287	190	0.999754
107	96	0.999896
445	270	0.999756
98	48	0.999771
328	230	0.999946
116	82	0.999728
79	60	0.99977
296	218	0.999979
254	179	0.999773
189	183	0.999699
381	277	0.999905
338	227	0.999775
358	329	0.999911
256	233	0.99983
441	231	0.99975
93	88	0.99982
227	222	0.999849
164	101	0.999738
97	55	0.999882
174	114	0.99975
252	176	0.999753
62	37	0.999832
211	122	0.999742
259	232	0.999829
306	267	0.999794
452	261	0.99986
352	276	0.999921
286	206	0.999671
476	315	0.999835
411	200	0.999864
191	127	0.999832
183	169	0.999743
200	124	0.999728
299	294	0.999801
433	212	0.999754
302	244	0.99997
76	75	0.999929
385	273	0.999836
156	86	0.999816
139	100	0.999705
176	129	0.999948
500	402	0.999731
311	281	0.999741
99	55	0.999825
408	233	0.999785
382	366	0.999766
233	176	0.999705
280	262	0.999782
347	183	0.999704
391	307	0.999679
354	215	0.999865
355	175	0.999706
135	85	0.999924
256	137	0.999768
255	243	0.999975
431	356	0.99984
500	402	0.999752
139	98	0.999749
184	129	0.999725
261	219	0.99985
206	200	0.999888
312	259	0.999932
225	186	0.999889
195	190	0.99973
178	125	0.999868
428	338	0.999809
173	85	0.99979
249	121	0.999825
92	48	0.999796
333	252	0.999905
447	430	0.99967
105	67	0.999979
205	184	0.999878
449	438	0.999984
405	235	0.999819
185	118	0.99972
187	145	0.99971
478	409	0.99997
343	176	0.999962
247	241	0.999763
72	68	0.999864
374	212	0.999667
353	203	0.999961
472	234	0.999779
242	214	0.999844
75	41	0.999831
354	320	0.999842
364	189	0.999828
181	137	0.999844
109	72	0.999733
449	353	0.999926
253	223	0.999944
54	32	0.999981
143	124	0.999873
434	360	0.999991
298	245	0.999679
108	91	0.99997
178	112	0.999856
139	91	0.999864
291	178	0.999948
218	104	0.999887
432	373	0.999712
193	104	0.999693
305	151	0.999907
328	295	0.999874
140	93	0.999753
119	108	0.999821
52	32	0.999914
345	305	0.999807
238	155	0.999899
185	149	0.999807
257	243	0.999914
305	273	0.999938
108	53	0.999971
338	304	0.999908
200	144	0.999935
254	197	0.999791
419	226	0.999841
315	149	0.999883
413	243	0.999797
81	54	0.999787
289	144	0.999794
437	424	0.999872
314	268	0.999693
135	103	0.999721
302	157	0.999721
399	210	0.999871
175	167	0.999751
216	102	0.999765
161	112	0.999748
456	269	0.999923
210	180	0.999955
410	362	0.999948
425	234	0.999907
445	259	0.999722
392	286	0.999967
348	213	0.999856
371	251	0.999779
404	231	0.999928
127	97	0.999992
247	239	0.999868
454	226	0.999997
309	224	0.999872
215	130	0.999829
89	55	0.999799
112	110	0.999872
243	174	0.9998
96	52	0.999743
429	353	0.99975
429	411	0.999896
463	318	0.999814
442	237	0.999798
78	65	0.999772
235	218	0.999803
405	278	0.999929
188	107	0.999938
188	91	0.999786
488	283	0.999954
106	100	0.999829
296	278	0.99968
496	395	0.99981
347	311	0.999901
192	162	0.999721
302	186	0.999882
497	454	0.999847
240	138	0.999825
234	167	0.999974
225	130	0.999917
128	117	0.999683
329	273	0.999845
291	185	0.999821
215	135	0.999819
124	95	0.999749
329	216	0.99983
295	146	0.999878
59	41	0.999913
414	350	0.99968
221	109	0.999881
464	228	0.999963
