2000
162	135	0.999622
162	106	0.999941
162	115	0.999989
162	156	0.999831
162	109	0.999758
162	115	0.9999
162	117	0.999579
162	118	0.999968
162	116	0.999719
162	122	0.999924
162	127	0.999894
162	158	0.999683
162	141	0.999836
162	129	0.999996
162	127	0.999837
162	154	0.99978
162	113	0.999659
162	147	0.999892
162	142	0.999617
162	155	0.999919
162	128	0.999727
162	108	0.999651
162	128	0.99963
162	124	0.99987
162	138	0.999952
162	143	0.999976
162	133	0.999838
162	138	0.999805
162	106	0.999793
162	143	0.999804
162	153	0.999705
162	161	0.999983
162	149	0.999666
162	142	0.99983
162	123	0.999782
162	150	0.999739
162	155	0.999652
162	155	0.999696
162	158	0.99969
162	139	0.999716
162	155	1
162	114	0.999886
162	111	0.999913
162	116	0.999805
162	143	0.999823
162	127	0.99967
162	124	0.999911
162	133	0.999626
162	140	0.999707
162	142	0.999751
162	110	0.999756
162	118	0.999921
162	144	0.999972
162	147	0.999941
162	111	0.999713
162	117	0.999842
162	117	0.999699
162	156	0.999741
162	107	0.999569
162	138	0.99969
162	145	0.999704
162	156	0.999579
162	137	0.999927
162	105	0.999809
162	140	0.999882
162	145	0.999747
162	150	0.999818
162	133	0.999841
162	128	0.999769
162	129	0.999663
162	161	0.999843
162	117	0.99972
162	131	0.999724
162	105	0.999742
162	140	0.999853
162	136	0.999961
162	115	0.999561
162	105	0.999888
162	149	0.999792
162	126	0.99961
162	131	0.999693
162	142	0.999725
162	112	0.99981
162	117	0.999581
162	116	0.999951
162	111	0.999961
162	110	0.999831
162	161	0.999684
162	144	0.999628
162	123	0.999713
162	147	0.999676
162	113	0.999998
162	116	0.999977
162	127	0.999803
162	137	0.999576
162	141	0.999765
162	114	0.999582
162	121	0.999663
162	117	0.999937
162	113	0.999981
162	147	0.999999
162	145	0.999846
162	146	0.999941
162	131	0.999893
162	123	0.999732
162	131	0.999561
162	156	0.999752
162	137	0.999637
162	130	0.999737
162	143	0.999731
162	126	0.999909
162	129	0.999593
162	110	0.999654
162	152	0.999905
162	150	0.999656
162	108	0.999692
162	121	0.999717
162	134	0.999958
162	141	0.999996
162	123	0.999586
162	132	0.999576
162	140	0.999674
162	152	0.999756
162	120	0.999709
162	114	0.999576
162	135	0.999779
162	156	0.999592
162	128	0.999605
162	150	0.999752
162	131	0.999686
162	133	0.999752
162	118	0.999793
162	119	0.999675
162	127	0.999908
162	145	0.999599
162	118	0.999809
162	127	0.999616
162	120	0.999567
162	130	0.999953
162	161	0.99984
162	107	0.999614
162	121	0.999743
162	118	0.999835
162	138	0.999835
162	149	0.99969
162	123	0.999758
162	134	0.999815
162	119	0.99973
162	127	0.99962
162	139	0.999996
162	137	0.999814
162	156	0.999757
162	115	0.999559
162	125	0.999843
162	150	0.999724
162	137	0.999705
162	161	0.99976
162	115	0.99995
162	140	0.999654
162	133	0.999773
162	154	0.999756
162	154	0.999644
162	147	0.999898
162	147	0.999679
162	157	0.999818
162	140	0.99998
162	159	0.999664
162	105	0.999675
162	111	0.999933
162	147	0.999775
162	121	0.999704
162	127	0.999977
162	113	0.999726
162	114	0.999791
162	132	0.999894
162	154	0.999893
162	109	0.999641
162	108	0.999931
162	149	0.999843
162	111	0.999783
162	137	0.999563
162	123	0.999877
162	117	0.999908
162	143	0.999627
162	137	0.999885
162	132	0.999883
162	133	0.999886
162	144	0.999761
162	118	0.999906
162	119	0.999615
162	147	0.999694
162	156	0.999931
162	158	0.999689
162	119	0.999977
162	153	0.999747
162	120	0.999575
162	150	0.999794
162	140	0.999676
162	140	0.99978
162	145	0.999823
162	161	0.99993
162	115	0.99972
162	122	0.999934
162	113	0.999987
162	115	0.999709
162	127	0.999724
162	151	0.999911
162	126	0.999766
162	116	0.999564
162	141	0.999727
162	156	0.999863
162	135	0.999986
162	158	0.999906
162	126	0.999999
162	151	0.999819
162	117	0.999681
162	150	0.99978
162	108	0.999749
162	135	0.999782
162	148	0.999695
162	147	0.999611
162	116	0.999652
162	133	0.999692
162	140	0.999956
162	128	0.99987
162	136	0.999562
162	134	0.999796
162	117	0.999593
162	128	0.999936
162	129	0.999803
162	148	0.999993
162	146	0.999869
162	157	0.999803
162	123	0.999669
162	135	0.999832
162	122	0.999975
162	151	0.999852
162	126	0.999907
162	131	0.999739
162	123	0.999745
162	112	0.999694
162	120	0.99999
162	127	0.999949
162	130	0.99992
162	108	0.999642
162	131	0.999687
162	156	0.999564
162	125	0.99968
162	112	0.999826
162	130	0.999568
162	141	0.999752
162	134	0.999603
162	113	0.999781
162	138	0.999779
162	134	0.999976
162	105	0.999956
162	159	0.99956
162	107	0.999948
162	144	0.999781
162	122	0.999924
162	144	0.999774
162	112	0.999597
162	105	0.99991
162	113	0.999819
162	144	0.9999
162	134	0.999786
162	151	0.999704
162	156	0.999557
162	129	0.999617
162	111	0.99983
162	123	0.999925
162	151	0.999906
162	157	0.99969
162	150	0.999808
162	132	0.999933
162	148	0.999774
162	122	0.999806
162	121	0.999933
162	117	0.999594
162	112	0.999584
162	138	0.999586
162	134	0.999811
162	121	0.999913
162	110	0.999773
162	116	0.999714
162	150	0.99991
162	140	0.999969
162	111	0.999871
162	129	0.999937
162	107	0.999783
162	154	0.999791
162	137	0.999694
162	105	0.999892
162	136	0.999854
162	105	0.999994
162	118	0.999779
162	150	0.99989
162	157	0.999854
162	157	0.999835
162	133	0.99966
162	145	0.99961
162	138	0.999819
162	129	0.999959
162	130	0.999909
162	138	0.99967
162	159	0.999667
162	106	0.999695
162	124	0.999635
162	151	0.999602
162	158	0.999934
162	109	0.999898
162	117	0.999884
162	156	0.999697
162	133	0.999637
162	148	0.999931
162	113	0.99965
162	134	0.999817
162	130	0.999782
162	132	0.999981
162	156	0.999558
162	134	0.999942
162	127	0.99983
162	143	0.999999
162	133	0.999843
162	132	0.999674
162	142	0.999716
162	108	0.999982
162	114	0.999737
162	127	0.9998
162	139	0.999911
162	147	0.999914
162	139	0.999823
162	135	0.999984
162	122	0.999731
162	140	0.999844
162	127	0.999674
162	122	0.99974
162	160	0.9999
162	131	0.999816
162	148	0.999826
162	154	0.999669
162	127	0.999902
162	125	0.999945
162	156	0.99963
162	138	0.999788
162	159	0.999909
162	132	0.999705
162	126	0.999779
162	143	0.999617
162	146	0.999777
162	157	0.999587
162	151	0.999802
162	133	0.999594
162	129	0.999913
162	126	0.999908
162	118	0.999657
162	108	0.999599
162	156	0.999584
162	105	0.999748
162	125	0.999966
162	117	0.999861
162	144	0.999583
162	114	0.999855
162	139	0.999662
162	154	0.999932
162	130	0.999743
162	144	0.999997
162	140	0.999903
162	153	0.999906
162	119	0.999949
162	106	0.999851
162	154	0.999915
162	147	0.999872
162	150	0.999877
162	157	0.999659
162	160	0.999699
162	155	0.999903
162	153	0.999715
162	116	0.999973
162	154	0.999881
162	134	0.99995
162	158	0.999867
162	137	0.999917
162	131	0.999786
162	107	0.999564
162	112	0.999866
162	122	0.999713
162	125	0.999972
162	147	0.99964
162	130	0.999797
162	122	0.999638
162	151	0.999876
162	142	0.999764
162	151	0.999643
162	153	0.999933
162	157	0.999874
162	137	0.999976
162	144	0.999787
162	119	0.999937
162	138	0.999749
162	127	0.999722
162	127	0.999931
162	119	0.99976
162	116	0.999791
162	117	0.999666
162	159	0.99997
162	113	0.999645
162	106	0.999967
162	124	0.999602
162	143	0.99982
162	145	0.999694
162	160	0.999822
162	127	0.999901
162	146	0.999657
162	143	0.999863
162	140	0.999597
162	151	0.99961
162	123	0.999848
162	127	0.999886
162	149	0.999925
162	105	0.999776
162	152	0.99958
162	113	0.999762
162	141	0.999607
162	144	0.999886
162	107	0.999941
162	142	0.999861
162	105	0.999874
162	152	0.999575
162	138	0.999629
162	157	0.999596
162	152	0.999915
162	123	0.999831
162	155	0.99966
162	133	0.999807
162	156	0.999905
162	141	0.999947
162	124	0.999966
162	154	0.999654
162	151	0.999959
162	136	0.999795
162	133	0.999935
162	149	0.999611
162	143	0.999706
162	134	0.999615
162	151	0.999811
162	120	0.999645
162	125	0.999834
162	111	0.999999
162	113	0.99999
162	108	0.999827
162	115	0.999575
162	130	0.999802
162	132	0.999769
162	143	0.999974
162	144	0.99965
162	140	0.999618
162	147	0.999558
162	129	0.999988
162	123	0.999879
162	124	0.999623
162	110	0.999761
162	156	0.999583
162	114	0.999859
162	116	0.999811
162	115	0.999623
162	122	0.999728
162	123	0.999603
162	116	0.99967
162	105	0.999601
162	154	0.999917
162	134	0.999807
162	137	0.999907
162	153	0.999653
162	129	0.999985
162	122	0.999678
162	134	0.999682
162	114	0.999626
162	148	0.999965
162	140	0.999694
162	119	0.999974
162	145	0.999931
162	134	0.999613
162	134	0.999656
162	131	0.999707
162	125	0.999798
162	137	0.99978
162	131	0.999858
162	124	0.999724
162	114	0.999882
162	107	0.999736
162	137	0.999629
162	106	0.99984
162	152	0.999891
162	155	0.999963
162	124	0.99963
162	145	0.999687
162	159	0.999668
162	116	0.99957
162	144	0.999743
162	128	0.999697
162	111	0.999574
162	113	0.999902
162	125	0.999649
162	140	0.999817
162	131	0.999969
162	128	0.999876
162	132	0.999888
162	138	0.999673
162	112	0.999993
162	107	0.99996
162	128	0.999845
162	105	0.999669
162	143	0.999806
162	117	0.999657
162	160	0.99968
162	155	0.999924
162	133	0.999945
162	119	0.999976
162	136	0.999636
162	132	0.999743
162	139	0.999606
162	116	0.999974
162	155	0.999611
162	120	0.999774
162	121	0.999897
162	157	0.9999
162	118	0.999592
162	109	0.999778
162	144	0.999809
162	159	0.999987
162	116	0.999879
162	110	0.999662
162	110	0.999597
162	138	0.999929
162	135	0.999992
162	143	0.999908
162	132	0.99993
162	154	0.999679
162	110	0.999984
162	131	0.999869
162	120	0.999894
162	161	0.999929
162	132	0.999575
162	152	0.999955
162	112	0.999898
162	140	0.999706
162	122	0.99971
162	141	0.999862
162	129	0.999896
162	112	0.999648
162	158	0.999623
162	133	0.999747
162	129	0.99989
162	133	0.999785
162	153	0.999768
162	141	0.999674
162	109	0.999941
162	126	0.999647
162	136	0.999632
162	123	0.99968
162	128	0.999952
162	146	0.999746
162	123	0.999998
162	111	0.999936
162	125	0.999947
162	114	0.999925
162	155	0.999628
162	151	0.999578
162	141	0.999719
162	112	0.999949
162	159	0.999574
162	116	0.999888
162	161	0.999793
162	107	0.999588
162	109	0.999731
162	146	0.999629
162	154	0.999899
162	115	0.999779
162	131	0.999977
162	134	0.999937
162	145	0.999828
162	154	0.999597
162	108	0.999828
162	144	0.999856
162	156	0.999563
162	146	0.999905
162	158	0.999667
162	125	0.999757
162	136	0.999808
162	119	0.999823
162	138	0.999727
162	138	0.999815
162	154	0.999556
162	113	0.99964
162	134	0.999635
162	139	0.999782
162	151	0.999844
162	111	0.999992
162	143	0.999625
162	126	0.999855
162	140	0.999988
162	107	0.999905
162	152	0.999902
162	159	0.99987
162	132	0.999993
162	157	0.99962
162	122	0.999876
162	112	0.999944
162	157	0.999916
162	153	0.999989
162	148	0.99976
162	126	0.999739
162	144	0.999831
162	128	0.999881
162	126	0.999771
162	140	0.999715
162	153	0.999924
162	147	0.999941
162	136	0.999639
162	126	0.999924
162	160	0.999937
162	113	0.9998
162	158	0.999903
162	150	0.999719
162	152	0.99968
162	142	0.99964
162	126	0.999715
162	121	0.999801
162	108	0.999864
162	139	0.999745
162	151	0.999931
162	146	0.999917
162	139	0.9996
162	158	0.999675
162	123	0.999927
162	149	0.999896
162	110	0.99969
162	132	0.999995
162	118	0.999913
162	142	0.999633
162	158	0.999921
162	152	0.999717
162	146	0.999841
162	147	0.999752
162	131	0.999867
162	105	0.999578
162	133	0.999602
162	153	0.999764
162	151	0.999937
162	126	0.999836
162	110	0.99967
162	134	0.999911
162	111	0.999992
162	136	0.99991
162	134	0.999988
162	137	0.99988
162	128	0.999597
162	125	0.999838
162	132	0.999601
162	123	0.999674
162	123	0.999894
162	115	0.999648
162	150	0.999636
162	105	0.999823
162	123	0.999721
162	136	0.99974
162	124	0.999981
162	131	0.999822
162	111	0.999619
162	121	0.999705
162	147	0.999734
162	155	0.999628
162	146	0.99981
162	105	0.99988
162	155	0.999851
162	136	0.999894
162	140	0.999739
162	135	0.999982
162	127	0.999566
162	147	0.999672
162	120	0.999704
162	135	0.999894
162	153	0.999712
162	160	0.999596
162	131	0.999967
162	113	0.999885
162	106	0.99962
162	106	0.999653
162	146	0.999677
162	148	0.999896
162	133	0.999788
162	113	0.999803
162	114	0.999623
162	121	0.999797
162	148	0.999596
162	123	0.999737
162	106	0.999771
162	135	0.99976
162	120	0.999787
162	142	0.999944
162	110	0.999771
162	135	0.999706
162	134	0.999658
162	119	0.999856
162	123	0.999706
162	110	0.999558
162	114	0.999756
162	140	0.999657
162	119	0.99991
162	158	0.999704
162	158	0.999801
162	105	0.999744
162	139	0.999716
162	144	0.999764
162	151	0.999805
162	137	0.999658
162	145	0.999704
162	139	0.999578
162	117	0.999854
162	124	0.999777
162	154	0.999589
162	149	0.999783
162	159	0.999566
162	129	0.999592
162	119	0.999971
162	112	0.999597
162	115	0.999933
162	122	0.999725
162	159	0.999642
162	154	0.999664
162	140	0.999581
162	132	0.999601
162	118	0.999843
162	155	0.999828
162	124	0.999914
162	147	0.999615
162	145	0.999581
162	116	0.999752
162	139	0.999664
162	107	0.999755
162	131	0.999796
162	113	0.999934
162	113	0.999788
162	130	0.999863
162	128	0.999658
162	107	0.999897
162	133	0.999727
162	121	0.999819
162	132	0.999623
162	131	0.999823
162	120	0.999826
162	150	0.999729
162	106	0.999765
162	123	0.99981
162	113	0.999587
162	120	0.999802
162	112	0.999913
162	151	0.999966
162	155	0.999898
162	131	0.999787
162	108	0.999973
162	125	0.999802
162	122	0.999746
162	110	0.999726
162	106	0.9997
162	135	0.999824
162	159	0.99963
162	151	0.999818
162	118	0.999635
162	114	0.999984
162	145	0.999996
162	138	0.999809
162	118	0.999591
162	123	0.999623
162	140	0.999795
162	120	0.999925
162	130	0.999752
162	111	0.999988
162	153	0.999707
162	140	0.999986
162	147	0.999862
162	148	0.999988
162	111	0.999567
162	140	0.999803
162	149	0.999792
162	116	0.999966
162	130	0.99974
162	116	0.999641
162	142	0.999917
162	106	0.999675
162	108	0.999839
162	125	0.999656
162	107	0.999732
162	128	0.99983
162	125	0.999594
162	151	0.999791
162	157	0.99962
162	122	0.999808
162	121	0.999604
162	106	0.99979
162	120	0.999906
162	131	0.999656
162	127	0.999761
162	126	0.999911
162	136	0.999842
162	140	0.999689
162	113	0.999641
162	114	0.999599
162	105	0.999971
162	161	0.999623
162	113	0.999642
162	161	0.999807
162	117	0.999696
162	146	0.999603
162	143	0.999898
162	150	0.999945
162	153	0.999662
162	148	0.999743
162	146	0.999921
162	151	0.99956
162	135	0.999807
162	131	0.999686
162	148	0.999826
162	130	0.999786
162	151	0.999848
162	155	0.999818
162	108	0.999732
162	144	0.999676
162	147	0.999879
162	160	0.999578
162	118	0.999617
162	114	0.999666
162	147	0.99967
162	129	0.999611
162	156	0.999798
162	140	0.999831
162	133	0.999747
162	150	0.999834
162	109	0.999589
162	116	0.999708
162	139	0.999867
162	145	0.999713
162	117	0.999872
162	131	0.999927
162	131	0.999839
162	129	0.999685
162	123	0.999572
162	139	0.999905
162	145	0.999562
162	125	0.999992
162	111	0.999845
162	116	0.99959
162	115	0.999598
162	117	0.999785
162	115	0.999808
162	117	0.999988
162	158	0.999914
162	107	0.999687
162	141	0.999567
162	132	0.999651
162	158	0.999884
162	158	0.999865
162	135	0.999563
162	113	0.999618
162	121	0.999646
162	138	0.9997
162	158	0.999572
162	161	0.999978
162	160	0.999882
162	144	0.99985
162	153	0.999674
162	138	0.999794
162	152	0.999961
162	137	0.999759
162	138	0.999856
162	152	0.999863
162	109	0.999825
162	138	0.99982
162	147	0.999712
162	120	0.999947
162	110	0.99996
162	113	0.999565
162	144	0.999699
162	144	0.99988
162	157	0.999975
162	111	0.999776
162	136	0.999817
162	106	0.999876
162	139	0.999966
162	127	0.999693
162	120	0.999695
162	113	0.99998
162	124	0.999609
162	136	0.999855
162	152	0.999649
162	106	0.999587
162	140	0.999928
162	157	0.999866
162	158	0.999774
162	112	0.999748
162	145	0.999766
162	107	0.999785
162	132	0.999587
162	114	0.999782
162	151	0.999913
162	133	0.999622
162	111	0.999854
162	129	0.999843
162	149	0.999928
162	143	0.999995
162	109	0.999657
162	110	0.999849
162	142	0.999876
162	122	0.999817
162	157	0.999558
162	115	0.999884
162	118	0.999945
162	146	0.999577
162	136	0.999823
162	143	0.999851
162	147	0.999896
162	159	0.999674
162	137	0.999871
162	143	0.999786
162	130	0.999837
162	136	0.999929
162	159	0.999639
162	156	0.99965
162	132	0.999705
162	126	0.999625
162	120	0.999562
162	149	0.999929
162	127	0.999803
162	146	0.999643
162	134	0.999635
162	143	0.999997
162	115	0.999563
162	119	0.999657
162	141	0.999601
162	161	0.999915
162	106	0.999957
162	156	0.999782
162	124	0.999674
162	129	0.999756
162	105	0.999579
162	157	0.999748
162	131	0.999577
162	134	0.99965
162	124	0.99959
162	132	0.999919
162	146	0.999885
162	110	0.999986
162	125	0.999831
162	125	0.999736
162	152	0.999945
162	116	0.999591
162	160	0.99976
162	123	0.99994
162	127	0.999622
162	106	0.999828
162	128	0.999971
162	111	0.999839
162	113	0.99964
162	152	0.999564
162	161	0.999651
162	152	0.999699
162	110	0.99995
162	146	0.999759
162	130	0.999945
162	134	0.99976
162	153	0.999976
162	121	0.999698
162	157	0.99988
162	139	0.999956
162	137	0.999838
162	111	0.999737
162	145	0.999772
162	139	0.99999
162	133	0.999624
162	158	0.999981
162	125	0.999738
162	133	0.999891
162	161	0.999908
162	106	0.999827
162	121	0.99979
162	107	0.999794
162	123	0.99982
162	123	0.999678
162	160	0.999835
162	138	0.999684
162	142	0.99962
162	121	0.999679
162	123	0.99977
162	127	0.999729
162	121	0.999559
162	142	0.999933
162	158	0.999898
162	151	0.999937
162	136	0.999578
162	147	0.999694
162	140	0.999831
162	129	0.999603
162	131	0.999929
162	124	0.999953
162	132	0.999639
162	112	0.999992
162	125	0.999775
162	114	0.999607
162	133	0.999902
162	154	0.999609
162	109	0.999566
162	120	0.999712
162	140	0.999615
162	151	0.999972
162	126	0.999759
162	143	0.999766
162	141	0.999655
162	133	0.999848
162	112	0.99988
162	137	0.999789
162	129	0.99981
162	158	0.999853
162	107	0.999733
162	142	0.999991
162	151	0.999624
162	110	0.999681
162	151	0.999827
162	146	0.999712
162	150	0.999674
162	133	0.999606
162	160	0.999572
162	151	0.999992
162	156	0.999684
162	158	0.999741
162	145	0.999876
162	147	0.999911
162	146	0.999871
162	138	0.999844
162	155	0.999807
162	120	0.999984
162	116	0.999655
162	108	0.999835
162	149	0.999619
162	113	0.999965
162	120	0.999864
162	153	0.99964
162	125	0.999956
162	126	0.999733
162	155	0.999976
162	106	0.999655
162	146	0.999893
162	112	0.999602
162	126	0.999686
162	127	0.999856
162	106	0.99967
162	135	0.999792
162	147	0.99991
162	127	0.99989
162	129	0.999744
162	159	0.999913
162	140	0.999797
162	149	0.999736
162	139	0.999869
162	145	0.999854
162	127	0.999991
162	121	0.999964
162	151	0.999733
162	147	0.999978
162	147	0.999934
162	142	0.99975
162	160	0.99988
162	135	0.999828
162	137	0.999611
162	132	0.999767
162	122	0.999959
162	159	0.999947
162	123	0.999952
162	152	0.999692
162	119	0.999698
162	155	0.999584
162	117	0.999596
162	155	0.99992
162	141	0.999948
162	108	0.999723
162	156	0.999867
162	129	0.999606
162	135	0.999803
162	117	0.999868
162	126	0.999764
162	147	0.99975
162	144	0.999626
162	160	0.999582
162	138	0.999579
162	153	0.999738
162	128	0.999823
162	141	0.999673
162	136	0.999624
162	138	0.999963
162	147	0.999707
162	123	0.999842
162	106	0.999661
162	107	0.999749
162	122	0.999872
162	128	0.999897
162	137	0.999825
162	154	0.999974
162	161	0.999965
162	141	0.999734
162	156	0.999906
162	106	0.999962
162	116	0.999657
162	131	0.999609
162	144	0.999646
162	127	0.999945
162	125	0.999737
162	146	0.9998
162	147	0.999716
162	150	0.999696
162	124	0.999878
162	115	0.999601
162	129	0.999872
162	130	0.999776
162	158	0.999568
162	156	0.999618
162	124	0.999746
162	152	0.999647
162	137	0.999938
162	112	0.999694
162	118	0.999701
162	107	0.999971
162	150	0.999859
162	130	0.999967
162	152	0.999907
162	149	0.999971
162	156	0.999698
162	106	0.999962
162	131	0.999702
162	156	0.999661
162	116	0.999669
162	118	0.999816
162	137	0.999871
162	122	0.999853
162	160	0.999756
162	153	0.99987
162	132	0.999625
162	133	0.999859
162	137	0.999564
162	134	0.999628
162	151	0.999604
162	158	0.999794
162	156	0.999775
162	122	0.999939
162	110	0.999627
162	130	0.999572
162	123	0.999877
162	107	0.999868
162	139	0.9999
162	129	0.999617
162	124	0.999848
162	161	0.999886
162	108	0.999876
162	151	0.999811
162	149	0.999835
162	116	0.999559
162	120	0.999831
162	129	0.999788
162	155	0.999925
162	114	0.999981
162	120	0.999659
162	156	0.999819
162	124	0.999838
162	144	0.999575
162	145	0.999649
162	158	0.99956
162	158	0.999733
162	120	0.999876
162	152	0.999731
162	124	0.999694
162	115	0.999662
162	132	0.999696
162	119	0.999802
162	123	0.999948
162	129	0.999638
162	116	0.999743
162	116	0.999842
162	146	0.999957
162	105	0.999565
162	112	0.999743
162	126	0.999831
162	125	0.999734
162	111	0.999641
162	129	0.999749
162	135	0.999701
162	125	0.999983
162	129	0.999631
162	135	0.999676
162	158	0.999772
162	141	0.999768
162	138	0.999726
162	134	0.999954
162	115	0.999842
162	148	0.999964
162	153	0.999629
162	151	0.999558
162	150	0.999814
162	127	0.999797
162	155	0.999669
162	117	0.999643
162	152	0.999576
162	152	0.999855
162	133	0.999998
162	127	0.999709
162	143	0.99966
162	152	0.999863
162	133	0.999799
162	114	0.999698
162	153	0.999838
162	125	0.99981
162	140	0.99983
162	122	0.999699
162	131	0.999604
162	153	0.999672
162	118	0.999574
162	138	0.999752
162	139	0.999855
162	117	0.999923
162	130	0.999957
162	146	0.999949
162	159	0.999958
162	160	0.999634
162	134	0.999852
162	113	0.999953
162	144	0.999694
162	122	0.999664
162	152	0.999597
162	151	0.999899
162	155	0.999563
162	106	0.999961
162	110	0.999801
162	160	0.999726
162	153	0.999815
162	139	0.999854
162	124	0.999772
162	138	0.999969
162	116	0.999658
162	150	0.99966
162	148	0.999647
162	159	0.999811
162	131	0.999971
162	153	0.999952
162	135	0.99966
162	115	0.999871
162	112	0.999642
162	139	0.999673
162	155	0.999797
162	146	0.999717
162	131	0.999669
162	130	0.999622
162	121	0.999588
162	131	0.999671
162	109	0.999665
162	152	0.999612
162	109	0.999858
162	109	0.999641
162	139	0.999982
162	112	0.999716
162	144	0.999768
162	122	0.999988
162	150	0.999874
162	112	0.999936
162	151	0.999673
162	154	0.999772
162	159	0.999564
162	124	0.999972
162	112	0.999776
162	116	0.999843
162	136	0.999656
162	131	0.999845
162	154	0.999856
162	123	0.999833
162	158	0.99995
162	112	0.999947
162	106	0.999734
162	114	0.999961
162	137	0.999862
162	140	0.999848
162	125	0.999631
162	118	0.99963
162	140	0.999792
162	111	0.999797
162	147	0.999984
162	111	0.999634
162	113	0.999926
162	150	0.999796
162	159	0.999778
162	121	0.999859
162	121	0.99973
162	136	0.999674
162	125	0.999952
162	133	0.999568
162	108	0.999584
162	130	0.999573
162	108	0.999652
162	161	0.999615
162	120	0.9996
162	160	0.999603
162	130	0.999929
162	110	0.99986
162	127	0.999682
162	126	0.999939
162	144	0.999611
162	128	0.999748
162	119	0.999882
162	142	0.999614
162	149	0.999647
162	115	0.999812
162	135	0.999761
162	155	0.999629
162	121	0.999711
162	118	0.999847
162	128	0.999947
162	151	0.999807
162	129	0.99984
162	137	0.999802
162	161	0.999718
162	138	0.999791
162	152	0.999946
162	113	0.999592
162	131	0.999665
162	159	0.999982
162	114	0.999897
162	151	0.999858
162	137	0.99988
162	141	0.999671
162	161	0.999578
162	129	0.999697
162	117	0.999685
162	127	0.99998
162	161	0.999831
162	133	0.999714
162	159	0.999794
162	115	0.999813
162	161	1
162	112	0.999774
162	118	0.999617
162	153	0.999641
162	139	0.999617
162	108	0.999829
162	130	0.999615
162	141	0.999766
162	151	0.999855
162	117	0.999866
162	133	0.999585
162	150	0.999966
162	120	0.999941
162	135	0.999719
162	152	0.999797
162	132	0.999927
162	126	0.999903
162	129	0.999957
162	140	0.999586
162	133	0.999738
162	124	0.999585
162	138	0.999638
162	153	0.99969
162	131	0.999694
162	157	0.999694
162	134	0.999703
162	114	0.999636
162	124	0.999885
162	134	0.999785
162	128	0.99965
162	142	0.999937
162	118	0.999911
162	122	0.999748
162	133	0.99985
162	109	0.99982
162	159	0.999862
162	155	0.999727
162	107	0.999885
162	137	0.999698
162	116	0.999815
162	145	0.99979
162	137	0.99968
162	153	0.999815
162	145	0.999576
162	154	0.999718
162	140	0.999634
162	141	0.99999
162	148	0.999776
162	111	0.999786
162	113	0.999568
162	128	0.999777
162	158	0.99966
162	156	0.999996
162	146	0.999568
162	157	0.99996
162	134	0.999583
162	107	0.999682
162	109	0.999923
162	111	0.999562
162	122	0.999787
162	144	0.9996
162	147	0.999918
162	105	0.999919
162	149	0.999898
162	150	0.999715
162	108	0.999669
162	159	0.999735
162	131	0.999819
162	148	0.999862
162	139	0.999771
162	131	0.999603
162	125	0.999649
162	155	0.999661
162	117	0.999734
162	126	0.999637
162	157	0.999802
162	120	0.999943
162	143	0.999915
162	125	0.999727
162	121	0.999894
162	158	0.999911
162	111	0.999994
162	122	0.999817
162	144	0.999878
162	153	0.999846
162	132	0.999988
162	110	0.999633
162	122	0.999811
162	117	0.999906
162	106	0.999703
162	121	0.999611
162	150	0.999607
162	117	0.999978
162	116	0.999631
162	156	0.999563
162	158	0.999817
162	105	0.999788
162	142	0.999845
162	134	0.999815
162	116	0.999907
162	139	0.999705
162	110	0.999874
162	158	0.999792
162	158	0.999788
162	110	0.999844
162	142	0.99967
162	155	0.99978
162	146	0.999578
162	135	0.999593
162	141	0.999878
162	113	0.999796
162	114	0.999793
162	111	0.999879
162	144	0.999584
162	115	0.999819
162	141	0.999784
162	160	0.999976
162	122	0.999997
162	139	0.999973
162	161	0.999898
162	138	0.999713
162	126	0.999638
162	143	0.999958
162	142	0.999855
162	113	0.999859
162	136	0.999866
162	151	0.999984
162	136	0.999621
162	136	0.999637
162	134	0.999819
162	129	0.999693
162	142	0.99968
162	137	0.999654
162	147	0.999724
162	123	0.999719
162	110	0.999957
162	147	0.99963
162	141	0.999638
162	110	0.999921
162	127	0.999757
162	134	0.999989
162	161	0.999831
162	130	0.999797
162	130	0.999941
162	126	0.999899
162	127	0.999841
162	131	0.99991
162	110	0.999782
162	158	0.999797
162	142	0.999677
162	155	0.999927
162	112	0.99956
162	107	0.999618
162	150	0.999794
162	137	0.999694
162	136	0.999617
162	155	0.999601
162	125	0.999609
162	121	0.999851
162	132	0.999892
162	146	0.999903
162	121	0.999767
162	159	0.999614
162	143	0.999908
162	153	0.999766
162	105	0.999946
162	160	0.999579
162	141	0.999859
162	131	0.999902
162	141	0.999724
162	124	0.999973
162	105	0.999976
162	120	0.999891
162	116	0.999924
162	108	0.999805
162	142	0.999909
162	122	0.999625
162	105	0.999603
162	129	0.999921
162	125	0.999707
162	116	0.999671
162	158	0.99966
162	151	0.999705
162	120	0.999722
162	141	0.9997
162	133	0.999847
162	122	0.999709
162	137	0.999687
162	107	0.99983
162	130	0.999595
162	146	0.999965
162	142	0.999743
162	128	0.999876
162	149	0.999782
162	158	0.999694
162	155	0.999888
162	119	0.999569
162	144	0.999985
162	159	0.999801
162	112	0.999883
162	138	0.999719
162	156	0.999811
162	127	0.999736
162	123	0.999633
162	119	0.999897
162	146	0.999733
162	154	0.999644
162	157	0.999734
162	140	0.99958
162	139	0.999673
162	107	0.999926
162	110	0.999943
162	136	0.999784
162	110	0.999842
162	116	0.999694
162	125	0.999644
162	135	0.999874
162	117	0.999821
162	124	0.999815
162	118	0.999966
162	156	0.999603
162	158	0.999858
162	112	0.999933
162	160	0.999951
162	106	0.999565
162	143	0.999804
162	161	0.999789
162	110	0.999776
162	105	0.999809
162	135	0.999942
162	133	0.999942
162	135	0.999963
162	128	0.999661
162	116	0.999583
162	126	0.999643
162	137	0.999978
162	109	0.999737
162	156	0.999665
162	141	0.999674
162	154	0.999999
162	134	0.999759
162	119	0.999634
162	161	0.999916
162	130	0.999955
162	150	0.999926
162	114	0.999794
162	106	0.999929
162	110	0.999971
162	126	0.999823
162	128	0.999932
162	147	0.99971
162	109	0.999568
162	156	0.999729
162	145	0.999574
162	150	0.999713
162	153	0.999953
162	113	0.999982
162	159	0.999959
162	134	0.999585
162	117	0.999606
162	147	0.999818
162	122	0.999984
162	105	0.99997
162	125	0.999678
162	125	0.999834
162	160	0.999759
162	158	0.999998
162	125	0.999709
162	155	0.999694
162	109	0.999866
162	159	0.999819
162	150	0.9996
162	106	0.999869
162	156	0.999927
162	145	0.999577
162	155	0.999772
162	131	0.999883
162	160	0.999986
162	119	0.999822
162	140	0.999894
162	147	0.999971
162	131	0.999597
162	146	0.999846
162	110	0.999643
162	135	0.999977
162	156	0.999929
162	131	0.999939
162	129	0.999573
162	119	0.999715
162	152	0.999678
162	121	0.999913
162	138	0.999861
162	115	0.999804
162	127	0.99997
162	117	0.999807
162	116	0.999582
162	118	0.999705
162	150	0.9997
162	130	0.999803
162	107	0.999941
162	123	0.999687
162	145	0.999625
162	139	0.999589
162	149	0.999966
162	109	0.999826
162	120	0.999791
162	144	0.999906
162	143	0.999979
162	143	0.999573
162	152	0.999574
162	105	0.999725
162	153	0.999694
162	150	0.999792
162	145	0.999652
162	113	0.999757
162	145	0.999675
162	157	0.999833
162	137	0.999691
162	160	0.999933
162	117	0.999723
162	136	0.999706
162	141	0.99972
162	114	0.999878
162	135	0.999819
162	130	0.999792
162	109	0.99978
162	118	0.999834
162	120	0.999761
162	155	0.999586
162	143	0.999964
162	157	0.999814
162	139	0.999871
162	155	0.999564
162	131	0.999574
162	157	0.9996
162	134	0.999736
162	145	0.999616
162	150	0.999577
162	150	0.999674
162	153	0.999828
162	139	0.999951
162	143	0.999665
162	109	0.9998
162	106	0.999985
162	114	0.999666
162	132	0.999937
162	143	0.999624
162	140	0.999884
162	152	0.999656
162	113	0.999837
162	160	0.999977
162	129	0.999638
162	152	0.999773
162	120	0.999754
162	156	0.999742
162	155	0.99958
162	137	0.999734
162	115	0.999967
162	155	0.999643
162	126	0.9999
162	152	0.999824
162	113	0.99991
162	149	0.999642
162	132	0.999614
162	119	0.999689
162	121	0.999748
162	143	0.999711
162	155	0.999645
162	150	0.99968
162	157	0.999748
162	156	0.99972
162	105	0.999929
162	152	0.999935
162	105	0.999784
162	142	0.999637
162	139	0.999796
162	149	0.999625
162	140	0.999745
162	146	0.999746
162	123	0.999858
162	105	0.999694
162	147	0.999696
162	152	0.999738
162	142	0.999756
162	154	0.999572
162	132	0.999808
162	131	0.999969
162	132	0.999725
162	110	0.999598
162	115	0.999617
162	130	0.999592
162	105	0.999752
162	128	0.999784
162	154	0.999735
162	116	0.999865
162	121	0.999659
162	144	0.99978
162	125	0.999682
162	156	0.999878
162	140	0.999703
162	106	0.999832
162	107	0.999595
162	141	0.999576
162	122	0.999807
162	146	0.999564
162	130	0.999769
162	116	0.999838
162	128	0.99976
162	144	0.999592
162	131	0.999641
162	121	0.999851
162	137	0.999559
162	153	0.999908
162	111	0.999585
162	118	0.999562
162	154	0.999777
162	154	0.999769
162	122	0.999868
162	137	0.999957
162	109	0.999655
162	153	0.999874
162	116	0.999976
162	125	0.999777
162	156	0.999609
162	144	0.999749
162	105	0.999878
162	147	0.999992
162	108	0.999922
162	115	0.999768
162	126	0.999725
162	134	0.999662
162	159	0.999792
162	137	0.999717
162	121	0.999866
162	135	0.999641
162	154	0.999697
162	156	0.999635
162	130	0.999901
162	106	0.999644
162	148	0.999856
162	136	0.999843
162	159	0.999801
162	160	0.999823
162	120	0.999853
162	147	0.999747
162	140	0.999739
162	152	0.999698
162	122	0.999813
162	141	0.999925
162	160	0.999917
162	156	0.999762
162	141	0.9998
162	122	0.999734
162	138	0.999654
162	149	0.999624
162	113	0.999646
162	148	0.99976
162	114	0.999959
162	133	0.999874
162	152	0.999625
162	136	0.99984
162	146	0.999886
162	150	0.999653
162	130	0.999591
162	115	0.999917
162	126	0.999698
162	138	0.999717
162	150	0.999791
162	134	0.999972
162	150	0.999643
162	115	0.999868
162	118	0.999741
162	113	0.999984
162	158	0.999837
162	113	0.999817
162	123	0.999658
162	132	0.999662
162	142	0.999688
162	149	0.999984
162	119	0.999602
162	130	0.999849
162	149	0.99983
162	130	0.99983
162	142	0.999592
162	116	0.999791
162	137	0.999877
162	135	0.99992
162	113	0.999798
162	145	0.999686
162	126	0.999817
162	148	0.999619
162	154	0.999801
162	144	0.999689
162	140	0.999659
162	150	0.999741
162	106	0.999859
162	142	0.999852
162	117	0.99988
162	116	0.99986
162	130	0.999949
162	112	0.999933
162	158	0.999651
162	107	0.999842
162	119	0.999744
162	105	0.999739
162	117	0.999942
162	129	0.999603
162	143	0.999788
162	131	0.999796
162	154	0.999766
162	133	0.999695
162	144	0.999741
162	152	0.999962
162	156	0.999996
162	147	0.999672
162	150	0.999654
162	128	0.999576
162	154	0.99965
162	115	0.999627
162	156	0.999601
162	110	0.999691
162	141	0.999937
162	126	0.999968
162	144	0.999881
162	153	0.999588
162	134	0.99968
162	125	0.999888
162	141	0.999896
162	127	0.999707
162	121	0.999609
162	125	0.999718
162	111	0.999805
162	121	0.999868
162	144	0.999922
162	106	0.999596
162	116	0.999625
162	158	0.999607
162	158	0.999879
162	131	0.999858
162	159	0.999947
162	112	0.999911
162	158	0.999615
162	136	0.999899
162	133	0.999657
162	125	0.999951
162	140	0.999992
162	141	0.999624
162	132	0.999644
162	137	0.999848
162	147	0.999717
162	157	0.999606
162	146	0.999792
162	145	0.999965
162	151	0.999665
162	137	0.999906
162	148	0.999702
162	158	0.999988
162	107	0.999683
162	145	0.999689
162	139	0.999967
162	148	0.999886
162	141	0.999841
162	156	0.999792
162	161	0.99985
162	147	0.999666
162	106	0.999902
162	116	0.99995
162	126	0.999779
162	132	0.999922
162	109	0.999974
162	135	0.999908
162	157	0.999599
162	113	0.999933
162	119	0.999898
162	156	0.999783
162	161	0.999658
162	139	0.999853
162	152	0.999565
162	150	0.999611
162	137	0.999746
162	109	0.999871
162	160	0.999943
162	106	0.999874
162	107	0.999996
162	112	0.999645
162	120	0.999967
162	138	0.999993
162	155	0.999658
162	141	0.999913
162	109	0.999883
162	137	0.999834
162	137	0.999851
162	133	0.999698
162	135	0.999929
162	150	0.999787
162	110	0.99978
162	146	0.99993
162	156	0.999905
162	116	0.999764
162	124	0.999661
162	129	0.999833
162	137	0.999822
162	129	0.999813
162	134	0.99978
162	151	0.999815
162	155	0.999587
162	137	0.99965
162	155	0.999708
162	114	0.999774
162	135	0.999868
162	132	0.999793
162	138	0.999988
162	125	0.999572
162	158	0.999866
162	157	0.999722
162	124	0.999609
162	132	0.999906
162	129	0.999955
162	147	0.999869
162	148	0.999706
162	146	0.999887
162	150	0.999776
162	129	0.999767
162	140	0.999691
162	129	0.999566
162	133	0.999878
162	148	0.99987
162	136	0.99976
162	131	0.999953
162	155	0.999824
162	131	0.99969
162	156	0.999772
162	161	0.999782
162	116	0.999861
162	126	0.999973
162	113	0.999872
162	151	0.999565
162	124	0.999869
162	117	0.999988
162	127	0.999615
162	116	0.999611
162	127	0.999866
162	152	0.999736
162	125	0.999759
162	137	0.999657
162	126	0.99956
162	145	0.999856
162	139	0.999646
162	135	0.999884
162	113	0.999596
162	117	0.999957
162	141	0.999839
162	150	0.999942
162	146	0.999957
162	134	0.999755
162	110	0.999753
162	118	0.999884
