2500
307	275	0.999934
307	263	0.99988
307	283	0.999873
307	286	0.999964
307	270	0.999877
307	289	0.999987
307	295	0.999914
307	292	0.999879
307	288	0.999935
307	281	0.999946
307	284	0.999965
307	273	0.999892
307	263	0.999873
307	268	0.999908
307	302	0.999916
307	263	0.999917
307	270	0.999947
307	283	0.999918
307	306	0.999879
307	268	0.999956
307	304	0.999975
307	275	0.999881
307	264	0.999878
307	286	0.999881
307	283	0.999984
307	304	0.999992
307	280	0.999954
307	303	0.999972
307	301	0.999917
307	300	0.999889
307	274	0.999995
307	272	0.999954
307	271	0.999983
307	300	0.999925
307	297	0.999957
307	297	0.999909
307	303	0.999967
307	276	0.999906
307	303	0.999965
307	282	0.99998
307	288	0.999945
307	267	0.999937
307	303	0.999941
307	270	0.999884
307	282	0.999996
307	287	0.999893
307	288	0.999879
307	303	0.999982
307	286	0.999998
307	270	0.999907
307	266	0.999931
307	288	0.999982
307	280	0.999894
307	276	0.999886
307	277	0.99993
307	272	0.999931
307	301	0.999906
307	304	0.999915
307	276	0.999943
307	297	0.999948
307	286	0.999953
307	284	0.999882
307	306	0.999917
307	269	0.999957
307	292	0.999914
307	301	0.999979
307	289	0.999979
307	268	0.99999
307	269	0.999875
307	294	0.999947
307	290	0.999984
307	283	0.999902
307	306	0.999885
307	271	0.999989
307	280	0.999878
307	286	0.999967
307	305	0.999959
307	292	0.999933
307	289	0.999954
307	306	0.999986
307	291	0.999992
307	276	0.999936
307	297	0.999965
307	268	0.999992
307	302	0.999899
307	302	0.999955
307	281	0.999911
307	281	0.999889
307	275	0.999979
307	303	0.999949
307	276	0.999945
307	301	0.999889
307	305	0.999891
307	294	0.999985
307	280	0.999915
307	295	0.99995
307	301	0.999873
307	273	0.999885
307	278	0.99993
307	293	0.999992
307	306	0.999978
307	284	0.999946
307	273	0.999889
307	296	0.999956
307	273	0.999951
307	270	0.999873
307	304	0.999939
307	275	0.999973
307	271	0.999963
307	279	0.999879
307	282	0.999928
307	290	0.999997
307	269	0.999963
307	305	0.999973
307	303	0.999875
307	270	0.999939
307	278	0.999891
307	300	0.999991
307	278	0.999891
307	270	0.999881
307	276	0.999934
307	272	0.999932
307	274	0.999988
307	301	0.999971
307	275	0.999984
307	300	0.999982
307	306	0.999894
307	306	0.999995
307	280	0.99992
307	304	0.999976
307	306	0.999989
307	287	0.999905
307	280	0.999982
307	283	0.99999
307	296	0.999993
307	276	0.99995
307	282	0.999921
307	273	0.999973
307	281	0.999895
307	300	0.999905
307	272	0.999928
307	276	0.999876
307	306	0.999963
307	267	0.999877
307	272	0.999879
307	293	0.999965
307	292	0.999918
307	302	0.999924
307	274	0.99991
307	278	0.999939
307	270	0.999879
307	286	0.999899
307	278	0.999995
307	273	0.999886
307	283	0.999894
307	294	0.999879
307	270	0.999975
307	296	0.999886
307	279	0.9999
307	301	0.999941
307	280	0.999968
307	295	0.999901
307	283	0.999982
307	297	0.99993
307	270	0.999966
307	291	0.999962
307	265	0.999919
307	263	0.999921
307	272	0.99988
307	276	0.999992
307	300	0.999996
307	295	0.999913
307	295	0.999939
307	275	0.999874
307	267	0.999966
307	298	0.999996
307	280	0.999981
307	286	0.999957
307	302	0.99992
307	274	0.999918
307	305	0.99989
307	272	0.999888
307	267	0.999881
307	305	0.99998
307	284	0.999945
307	277	0.999992
307	300	0.999873
307	265	0.99995
307	293	0.999976
307	298	0.999988
307	291	0.999917
307	305	0.999999
307	281	0.999926
307	284	0.999889
307	284	0.999918
307	271	0.999964
307	280	0.999925
307	306	0.999955
307	271	0.999934
307	293	0.999905
307	288	0.999932
307	267	0.999921
307	274	0.999911
307	295	0.999877
307	296	0.999882
307	282	0.999962
307	285	0.999975
307	294	0.999928
307	272	0.999983
307	292	0.999897
307	294	0.999904
307	298	0.999974
307	280	0.999977
307	296	0.999973
307	272	0.999875
307	300	0.999923
307	299	0.999963
307	279	0.999963
307	295	0.99993
307	265	0.999941
307	294	0.999918
307	296	0.999916
307	271	0.999874
307	263	0.999953
307	270	0.999923
307	262	0.999924
307	289	0.999976
307	269	0.999937
307	298	0.999958
307	298	0.999906
307	284	0.999951
307	273	0.999908
307	280	0.999938
307	279	0.999972
307	304	0.999941
307	287	0.999965
307	292	0.999929
307	263	0.99991
307	306	0.999949
307	282	0.999929
307	270	0.999989
307	301	0.999892
307	290	0.99995
307	276	0.999971
307	272	0.999874
307	287	0.999994
307	284	0.99999
307	264	0.999931
307	299	0.999874
307	285	0.999933
307	263	0.999942
307	271	0.99995
307	291	0.999984
307	271	0.999875
307	304	0.999894
307	276	0.999904
307	273	0.999971
307	270	0.999948
307	297	0.999954
307	298	0.999965
307	286	0.999915
307	281	0.999997
307	298	0.999892
307	268	0.999987
307	300	0.999974
307	290	0.999911
307	266	0.999887
307	273	1
307	271	0.999971
307	279	0.999998
307	284	0.999875
307	295	0.999938
307	291	0.99995
307	276	0.999875
307	272	0.999966
307	281	0.999961
307	271	0.999894
307	267	0.999969
307	303	0.999961
307	281	0.999905
307	304	0.999963
307	294	0.999943
307	303	0.999943
307	274	0.999905
307	303	0.999976
307	294	0.999878
307	288	0.999983
307	299	0.999892
307	298	0.999918
307	292	0.999914
307	281	0.999944
307	281	0.999981
307	301	0.999903
307	284	0.999915
307	281	0.999966
307	263	0.999922
307	283	0.999897
307	267	0.999891
307	262	0.999926
307	267	0.999872
307	265	0.999898
307	280	0.99999
307	267	0.999927
307	270	0.999887
307	262	0.999947
307	293	0.999886
307	305	0.999964
307	272	0.999924
307	277	0.999875
307	271	0.999968
307	288	0.999874
307	265	0.999982
307	270	0.999879
307	295	0.999987
307	280	0.999966
307	297	0.99989
307	282	0.999993
307	264	0.999928
307	292	0.9999
307	270	0.999955
307	292	0.999965
307	272	0.999885
307	265	0.999934
307	284	0.999892
307	276	0.999946
307	262	0.999895
307	267	0.999928
307	288	0.999878
307	287	0.999995
307	298	0.999892
307	263	0.99988
307	305	0.999883
307	293	0.999929
307	287	0.999897
307	277	0.999942
307	295	0.999995
307	295	0.999883
307	286	0.999909
307	283	0.999959
307	263	0.999928
307	279	0.999952
307	282	0.999923
307	298	0.999907
307	299	0.999882
307	301	0.999992
307	277	0.999978
307	280	0.999904
307	302	0.999889
307	296	0.999898
307	265	0.999995
307	295	0.999881
307	273	0.999996
307	287	0.999894
307	302	0.999888
307	279	0.999876
307	300	0.999903
307	287	0.999934
307	287	0.999962
307	304	0.999882
307	304	0.999929
307	283	0.999986
307	283	0.999883
307	304	0.999907
307	269	0.999948
307	272	0.999973
307	298	0.999968
307	277	0.999905
307	269	0.999917
307	270	0.999953
307	305	0.999972
307	268	0.999894
307	292	0.999872
307	265	0.999915
307	266	0.999922
307	267	0.999918
307	270	0.99992
307	289	0.999879
307	301	0.999928
307	265	0.999986
307	286	0.999879
307	283	0.999995
307	298	0.999939
307	292	0.999908
307	273	0.999998
307	288	0.999987
307	271	0.999914
307	281	0.999898
307	303	0.999934
307	277	0.999924
307	268	0.999932
307	289	0.999935
307	298	0.999884
307	302	0.999971
307	278	0.99988
307	296	0.999988
307	284	0.999873
307	266	0.999939
307	282	0.999882
307	293	0.999927
307	304	0.999873
307	276	0.999942
307	304	0.999998
307	287	0.999964
307	291	0.999953
307	274	0.999975
307	303	0.999958
307	304	0.999993
307	271	0.999984
307	276	0.999879
307	305	0.999901
307	293	0.999997
307	295	0.999982
307	262	0.999886
307	293	0.999948
307	264	0.999905
307	287	0.999952
307	262	0.999909
307	279	0.999997
307	275	0.999918
307	281	0.999877
307	263	0.999926
307	263	0.999931
307	287	0.999985
307	267	0.999987
307	293	0.999921
307	269	0.999883
307	302	0.999992
307	306	0.999945
307	264	0.999992
307	283	0.999991
307	271	0.999967
307	277	0.999914
307	272	0.999899
307	286	0.999898
307	277	0.999901
307	287	0.999941
307	291	0.999967
307	278	0.999883
307	266	0.999947
307	304	0.999938
307	304	0.999932
307	266	0.999977
307	273	0.999887
307	266	0.999975
307	297	0.999905
307	297	0.999909
307	282	0.999957
307	267	0.999909
307	265	0.999885
307	284	0.999951
307	279	0.999975
307	262	0.999985
307	283	0.999877
307	270	0.999876
307	267	0.999894
307	303	0.999994
307	288	0.999908
307	275	0.999988
307	291	0.999918
307	277	0.999986
307	275	0.999884
307	301	0.999897
307	285	0.99993
307	265	0.999915
307	263	0.99989
307	292	0.99999
307	291	0.99997
307	269	0.999945
307	285	0.99999
307	299	0.999975
307	285	0.999994
307	305	0.999932
307	284	0.999882
307	299	0.999884
307	278	0.999872
307	266	0.999884
307	275	0.999997
307	299	0.999887
307	279	0.999925
307	293	0.999903
307	266	0.999891
307	301	0.999906
307	281	0.999992
307	289	0.999895
307	265	0.999901
307	272	0.999887
307	294	0.999886
307	296	0.999985
307	297	0.999913
307	284	0.999922
307	302	0.999998
307	294	0.999937
307	300	0.99992
307	304	0.999932
307	283	0.999884
307	266	0.999961
307	274	0.999961
307	264	0.999988
307	289	0.99995
307	283	0.999873
307	304	0.999991
307	282	0.999957
307	300	0.999877
307	298	0.99992
307	292	0.999909
307	294	0.999891
307	299	0.999997
307	303	0.999928
307	297	0.999982
307	289	0.999948
307	263	0.999973
307	280	0.999969
307	296	0.99994
307	289	0.999888
307	297	0.99992
307	285	0.999965
307	290	0.999996
307	285	0.999873
307	266	0.999922
307	272	0.999972
307	299	0.999873
307	302	0.999882
307	295	0.999962
307	282	0.99988
307	299	0.999928
307	274	0.99993
307	302	0.999959
307	273	0.999967
307	265	0.999911
307	284	0.999906
307	295	0.999936
307	291	0.999997
307	300	0.999971
307	273	0.999905
307	269	0.999952
307	276	0.999911
307	299	0.99999
307	292	0.999908
307	298	0.999964
307	290	0.999995
307	290	0.999885
307	297	0.999905
307	303	0.999999
307	269	0.999932
307	292	0.999883
307	285	0.999933
307	274	0.999882
307	272	0.999994
307	290	0.999878
307	262	0.99992
307	306	0.999959
307	274	0.999999
307	266	0.999994
307	290	0.999922
307	275	0.999915
307	267	0.999873
307	290	0.999919
307	294	0.999969
307	263	0.999897
307	276	0.999996
307	266	0.999972
307	270	0.999928
307	271	0.999914
307	282	0.999946
307	298	0.999964
307	294	0.999908
307	290	0.999907
307	295	0.999941
307	277	0.999945
307	290	0.99999
307	296	0.999994
307	296	0.999876
307	292	0.999951
307	269	0.999882
307	297	0.999951
307	301	0.999992
307	264	0.999983
307	303	0.999981
307	304	0.99994
307	270	0.999961
307	282	0.999935
307	274	0.999937
307	301	0.999877
307	303	0.999922
307	305	0.999944
307	283	0.999953
307	290	0.999929
307	297	0.999969
307	293	0.999913
307	300	0.999875
307	296	0.999969
307	282	0.999935
307	296	0.999882
307	288	0.999998
307	298	0.999906
307	294	0.999914
307	265	0.999913
307	275	0.999898
307	281	0.999913
307	270	0.999892
307	289	0.999916
307	265	0.999942
307	271	0.99994
307	268	0.999891
307	265	0.999877
307	283	0.999982
307	292	0.999874
307	267	0.999922
307	282	0.999983
307	262	0.999954
307	269	0.99998
307	291	0.999971
307	280	0.999912
307	293	0.999914
307	274	0.999885
307	292	0.999962
307	279	0.999992
307	268	1
307	284	0.999962
307	297	0.999933
307	282	0.999928
307	301	0.999874
307	266	0.99995
307	281	0.999979
307	293	0.999991
307	301	0.999897
307	292	0.999962
307	295	0.999901
307	302	0.999917
307	296	0.999958
307	289	0.999997
307	301	0.999899
307	285	0.999874
307	299	0.999898
307	298	0.999953
307	286	0.999996
307	274	0.999939
307	300	0.999969
307	279	0.999967
307	298	0.999906
307	298	0.999952
307	293	0.999965
307	269	0.999982
307	304	0.999892
307	291	0.999925
307	263	0.999882
307	291	0.999927
307	262	0.999993
307	288	0.99998
307	267	0.999987
307	272	0.999992
307	296	0.999872
307	289	0.999948
307	300	0.999895
307	303	0.999967
307	302	0.999989
307	267	0.999985
307	299	0.999906
307	286	0.999972
307	305	0.999952
307	302	0.99988
307	268	0.999885
307	266	0.99996
307	304	0.999989
307	300	0.999998
307	293	0.999916
307	290	0.999994
307	294	0.999991
307	273	0.999884
307	277	0.999916
307	278	0.999935
307	269	0.999956
307	293	0.999946
307	295	0.999983
307	301	0.999971
307	294	0.999905
307	295	0.999875
307	303	0.999997
307	283	0.999951
307	293	0.999969
307	279	0.999951
307	302	0.999992
307	286	0.999966
307	292	0.999952
307	298	0.999963
307	306	0.999945
307	269	0.999873
307	264	0.999936
307	278	0.999899
307	288	0.999919
307	277	0.999988
307	288	0.999967
307	287	0.999959
307	305	0.999909
307	264	0.999997
307	269	0.999889
307	282	0.999984
307	288	0.999901
307	304	0.999883
307	290	0.999876
307	285	0.999963
307	264	0.99998
307	300	1
307	266	0.999959
307	267	0.999899
307	264	0.999985
307	264	0.999917
307	263	0.999939
307	302	0.999896
307	267	0.999879
307	295	0.999925
307	284	0.999958
307	282	0.999965
307	267	0.999927
307	298	0.999921
307	288	0.999936
307	305	0.999939
307	266	0.999953
307	300	0.999904
307	266	0.999969
307	277	0.999924
307	298	0.999986
307	265	0.999941
307	286	0.999888
307	286	0.999956
307	304	0.999913
307	285	0.999872
307	284	0.999983
307	263	0.999999
307	277	0.999908
307	295	0.999933
307	267	0.999899
307	271	0.999923
307	267	0.999928
307	280	0.999962
307	302	0.999902
307	262	0.999959
307	270	0.999883
307	300	0.999954
307	305	0.999887
307	263	0.999956
307	290	0.999933
307	280	0.999894
307	290	0.99997
307	298	0.999874
307	306	0.999939
307	295	0.99995
307	293	0.99999
307	267	0.99996
307	286	0.999923
307	285	0.999982
307	274	0.999884
307	267	0.999955
307	272	0.999961
307	271	0.999957
307	286	0.999922
307	306	0.999927
307	264	0.999878
307	295	0.999964
307	295	0.999925
307	287	0.999978
307	295	0.999942
307	281	0.999998
307	297	0.999893
307	288	0.999997
307	285	0.999899
307	287	0.999933
307	280	0.999904
307	279	0.999939
307	289	0.999933
307	288	0.999971
307	294	0.999905
307	299	0.999995
307	302	0.999992
307	264	0.999877
307	299	0.999918
307	264	0.999987
307	272	0.999985
307	263	0.999963
307	262	0.999956
307	288	0.999881
307	306	0.99997
307	287	0.999937
307	295	0.999936
307	278	0.999942
307	279	0.999988
307	271	0.99989
307	271	0.999877
307	275	0.999985
307	270	0.999895
307	281	0.999953
307	304	0.999931
307	265	0.999952
307	284	0.999935
307	270	0.99993
307	270	0.999956
307	295	0.999966
307	269	0.999923
307	292	0.999891
307	304	0.999977
307	284	0.999891
307	278	0.999958
307	269	0.999895
307	275	0.999937
307	288	0.999909
307	272	0.999968
307	266	0.999959
307	293	0.999998
307	269	0.999996
307	263	0.999934
307	274	0.999968
307	269	0.999975
307	279	0.999905
307	284	0.99993
307	270	0.999918
307	271	0.999882
307	284	0.999962
307	265	0.999967
307	289	0.999905
307	303	0.999937
307	299	0.999954
307	302	0.999989
307	283	0.999989
307	296	0.99989
307	273	0.999884
307	275	0.999997
307	265	0.999994
307	271	0.999964
307	294	0.999987
307	295	0.999972
307	305	0.999907
307	289	0.999965
307	297	0.999992
307	274	0.999963
307	270	0.999999
307	283	0.999945
307	270	0.999896
307	302	0.999933
307	305	0.999918
307	286	0.999912
307	299	0.999974
307	293	0.99993
307	297	0.99994
307	296	0.999937
307	264	0.999919
307	272	0.999985
307	283	0.999957
307	304	0.999891
307	264	0.999992
307	272	0.999967
307	263	0.999916
307	292	0.999967
307	277	0.999929
307	268	0.999997
307	281	0.999878
307	286	0.999974
307	287	0.999904
307	301	0.99997
307	275	0.999921
307	300	0.999956
307	263	0.999873
307	305	0.999954
307	295	0.999901
307	268	0.999918
307	292	0.999942
307	296	0.999969
307	270	0.999932
307	301	0.999877
307	300	0.999881
307	292	0.999896
307	272	0.999942
307	289	0.999912
307	273	0.999945
307	276	0.999972
307	299	0.999892
307	293	0.999926
307	262	0.99988
307	274	0.999994
307	274	0.999969
307	283	0.99998
307	305	0.999943
307	305	0.999912
307	267	0.999914
307	283	0.999994
307	286	0.999917
307	294	0.999981
307	293	0.999924
307	274	0.999948
307	280	0.999938
307	275	0.999887
307	276	0.99996
307	276	0.999882
307	263	0.999925
307	295	0.999908
307	266	0.999913
307	264	0.999909
307	299	0.999975
307	287	0.999977
307	306	0.99991
307	297	0.999899
307	284	0.999986
307	283	0.999934
307	304	0.999888
307	297	0.999941
307	300	0.999978
307	275	0.999929
307	273	0.999954
307	267	0.999924
307	275	0.999918
307	304	0.999889
307	279	0.999951
307	306	0.999938
307	288	0.999953
307	296	0.999921
307	292	0.999964
307	302	0.999884
307	271	0.999932
307	266	0.999964
307	298	1
307	276	0.999882
307	269	0.999927
307	276	0.999904
307	279	0.999951
307	270	0.999897
307	275	0.999876
307	304	0.99988
307	304	0.999936
307	300	0.999917
307	301	0.999914
307	301	0.999936
307	297	0.999876
307	301	0.999937
307	286	0.999959
307	297	0.999962
307	275	0.999892
307	263	0.999902
307	300	0.999922
307	292	0.999909
307	275	0.999978
307	264	0.999979
307	282	0.999875
307	278	0.99994
307	304	0.999998
307	290	0.999972
307	266	0.999958
307	299	0.9999
307	264	0.999936
307	279	0.999959
307	277	0.999978
307	288	0.999989
307	268	0.999876
307	274	0.999883
307	284	0.999924
307	290	0.999895
307	282	0.999996
307	265	0.999921
307	271	0.999918
307	303	0.999941
307	295	0.999976
307	291	0.999887
307	273	0.999987
307	278	0.999983
307	269	0.999974
307	280	0.999925
307	280	0.999947
307	264	0.999901
307	262	0.99988
307	281	0.999909
307	289	0.999985
307	270	0.999948
307	271	0.999883
307	263	0.999971
307	278	0.999982
307	299	0.999878
307	265	0.999913
307	298	0.99999
307	286	0.999895
307	269	0.999895
307	288	0.999921
307	267	0.999941
307	306	0.999941
307	292	0.999986
307	263	0.999888
307	302	0.999917
307	304	0.999992
307	294	0.999872
307	306	0.999922
307	298	0.999938
307	269	0.999914
307	267	0.99989
307	281	0.999932
307	274	0.999872
307	268	0.999896
307	262	0.99998
307	278	0.999922
307	279	0.999908
307	286	0.999971
307	266	0.999959
307	302	0.99993
307	266	0.999982
307	293	0.999933
307	296	0.999979
307	289	0.999899
307	280	0.999996
307	266	0.999906
307	301	0.999972
307	284	0.999924
307	285	0.999964
307	300	0.999997
307	267	0.999983
307	270	0.999872
307	304	0.999896
307	300	0.999943
307	306	0.999934
307	279	0.999904
307	281	0.999906
307	279	0.999875
307	295	0.999968
307	286	0.999911
307	273	0.999883
307	289	0.999928
307	287	0.999978
307	296	0.999948
307	277	0.999876
307	289	0.999878
307	299	0.999897
307	273	0.999892
307	279	0.999994
307	279	0.999993
307	299	0.999872
307	292	0.999997
307	283	0.999919
307	304	0.999886
307	294	0.999956
307	277	0.999876
307	274	0.999965
307	273	0.999989
307	268	0.999994
307	266	0.999973
307	301	0.999919
307	290	0.999966
307	298	0.999887
307	299	0.999888
307	305	0.999962
307	300	0.999948
307	299	0.999899
307	298	0.999939
307	302	0.999898
307	284	0.9999
307	290	0.999929
307	269	0.99997
307	297	0.999875
307	273	0.999915
307	278	0.999971
307	286	0.99993
307	296	0.999875
307	301	0.99998
307	263	0.999969
307	289	0.999957
307	281	0.999997
307	267	0.999885
307	299	0.999941
307	292	0.999938
307	299	0.999987
307	293	0.999965
307	266	0.999939
307	266	0.999924
307	270	0.999936
307	278	0.999932
307	266	0.999915
307	263	0.999877
307	298	0.999918
307	273	0.999993
307	271	0.999937
307	288	0.999987
307	277	0.999999
307	295	0.999922
307	279	0.999982
307	282	0.999872
307	297	0.999999
307	298	0.999883
307	271	0.999913
307	303	0.99999
307	268	0.999916
307	269	0.999998
307	276	0.999973
307	276	0.999923
307	266	0.99999
307	276	0.999997
307	285	0.999979
307	265	0.999954
307	295	0.999974
307	288	0.999924
307	267	0.999982
307	296	0.99992
307	283	0.999991
307	264	0.999953
307	284	0.999952
307	281	0.999891
307	269	0.99997
307	275	0.999945
307	278	0.999905
307	287	0.999961
307	285	0.999968
307	305	0.999931
307	301	0.999921
307	265	0.999912
307	297	0.99993
307	286	0.999895
307	286	0.999942
307	264	0.999961
307	283	0.999879
307	273	0.999959
307	285	0.999892
307	278	0.999994
307	265	0.999961
307	263	0.999929
307	263	0.999883
307	304	0.999999
307	281	0.99989
307	297	0.999961
307	264	0.999985
307	286	0.999922
307	280	0.999986
307	286	0.999988
307	296	0.999998
307	284	0.999922
307	300	0.999881
307	266	0.999936
307	286	0.999945
307	282	0.999886
307	297	0.999894
307	284	0.999893
307	297	0.999911
307	275	0.999877
307	265	0.999951
307	289	0.999926
307	278	0.999925
307	278	0.999986
307	305	0.999912
307	295	0.999951
307	304	0.999882
307	287	0.999972
307	283	0.999958
307	281	0.999932
307	303	0.999948
307	274	0.999907
307	287	0.999941
307	293	0.999973
307	297	0.999994
307	283	0.999906
307	262	0.999929
307	280	0.999939
307	287	0.999923
307	274	0.999955
307	273	0.999872
307	269	0.99993
307	295	0.999954
307	291	0.999981
307	266	0.999977
307	293	0.999896
307	285	0.999918
307	305	0.999945
307	276	0.999923
307	288	0.9999
307	288	0.999997
307	302	0.999943
307	303	0.999956
307	293	0.999979
307	269	0.999898
307	277	0.999987
307	298	0.999985
307	285	0.999928
307	272	0.999949
307	292	0.999968
307	273	0.999874
307	301	0.999901
307	279	0.99995
307	287	0.999958
307	298	0.999891
307	267	0.999895
307	271	0.999963
307	298	0.999924
307	264	0.999954
307	297	0.999953
307	300	0.999966
307	306	0.999879
307	275	0.999893
307	304	0.999931
307	294	0.99994
307	263	0.999874
307	268	0.999965
307	287	0.999975
307	288	0.99998
307	306	0.999905
307	264	0.999894
307	291	0.999992
307	262	0.999904
307	277	0.999962
307	262	0.999938
307	273	0.999996
307	298	0.999912
307	268	0.999911
307	272	0.999923
307	287	0.999984
307	270	0.999995
307	277	0.99992
307	289	0.99996
307	268	0.99995
307	283	0.999987
307	263	0.999991
307	263	0.999954
307	290	0.999934
307	295	0.999956
307	268	0.999983
307	293	0.999935
307	305	0.999884
307	264	0.999915
307	288	0.999914
307	267	0.999985
307	267	0.999923
307	268	0.999911
307	294	0.999998
307	267	0.999888
307	292	0.999933
307	276	0.999907
307	289	0.999922
307	283	0.999932
307	305	0.999958
307	286	0.999978
307	277	0.999989
307	298	0.999909
307	300	0.999975
307	297	0.999912
307	290	0.999984
307	295	0.999955
307	302	0.999888
307	273	0.999921
307	270	0.999889
307	263	0.999983
307	283	0.999895
307	285	0.999897
307	299	0.999958
307	279	0.99993
307	289	0.99994
307	296	0.999937
307	274	0.999959
307	303	0.999885
307	279	0.999983
307	271	0.999969
307	304	0.999988
307	282	0.999903
307	269	0.999882
307	262	0.999964
307	262	0.999895
307	269	0.999969
307	268	0.999974
307	283	0.999992
307	280	0.999994
307	294	0.999961
307	297	0.999982
307	290	0.999954
307	293	0.99994
307	297	0.999948
307	306	0.999935
307	269	0.999902
307	305	0.999882
307	269	0.999934
307	288	0.999916
307	304	0.99994
307	263	0.999912
307	302	0.999915
307	284	0.999912
307	284	0.999934
307	280	0.999914
307	280	0.999969
307	298	0.99991
307	280	0.999946
307	273	0.999905
307	301	0.999925
307	291	0.99997
307	296	0.999999
307	272	0.999923
307	281	0.999989
307	268	0.999961
307	282	0.99998
307	275	0.99988
307	292	0.99995
307	268	0.999981
307	281	0.999902
307	277	0.999875
307	297	0.999971
307	293	0.999976
307	281	0.999892
307	262	0.999901
307	263	0.999932
307	263	0.999979
307	288	0.999891
307	280	0.999997
307	288	0.999972
307	297	0.999976
307	289	0.999999
307	275	0.999972
307	298	0.999881
307	300	0.999916
307	302	0.99991
307	290	0.999977
307	304	0.999951
307	306	0.999989
307	305	0.999985
307	273	0.999918
307	278	0.99989
307	297	0.999984
307	303	0.999977
307	284	0.999911
307	290	0.999978
307	265	0.999937
307	286	0.999897
307	283	0.999978
307	268	0.999996
307	302	0.999918
307	266	0.999962
307	303	0.999998
307	284	0.999981
307	297	0.999898
307	291	0.999913
307	289	0.999876
307	268	0.999939
307	262	0.999875
307	273	0.999955
307	298	0.999923
307	283	0.999965
307	297	0.999873
307	278	0.999981
307	263	0.999956
307	286	0.999994
307	270	0.999937
307	276	0.999935
307	292	0.999976
307	304	0.999925
307	300	0.999946
307	288	0.999927
307	300	0.999953
307	283	0.999966
307	265	0.999877
307	273	0.999972
307	285	0.999914
307	299	0.999973
307	275	0.999931
307	290	0.999891
307	300	0.999934
307	293	0.999884
307	264	0.9999
307	283	0.999917
307	298	0.999929
307	283	0.999947
307	301	0.999886
307	299	0.999922
307	277	0.999942
307	303	0.999896
307	270	0.999979
307	298	0.999909
307	284	0.999941
307	301	0.999887
307	281	0.999969
307	270	0.999914
307	301	0.999954
307	282	0.99998
307	275	0.999927
307	298	0.999999
307	266	0.999943
307	295	0.999979
307	290	0.999925
307	287	0.99999
307	287	0.999955
307	284	0.99994
307	273	0.999991
307	272	1
307	265	0.999984
307	284	0.99997
307	294	0.999928
307	267	0.999932
307	285	0.999889
307	289	0.999961
307	274	0.999978
307	270	0.999981
307	296	0.999932
307	262	0.999911
307	264	0.999946
307	304	0.999928
307	274	0.999912
307	271	0.999873
307	270	0.999926
307	276	0.999953
307	284	0.999972
307	296	0.999961
307	267	0.999968
307	290	0.999978
307	264	0.999889
307	278	0.999919
307	274	0.999961
307	291	0.999955
307	290	0.999966
307	264	0.999946
307	292	0.999906
307	288	0.999876
307	277	0.999947
307	295	0.999908
307	292	0.999877
307	266	0.99997
307	275	0.999882
307	291	0.999919
307	280	0.999925
307	265	0.999913
307	286	0.999934
307	265	0.999886
307	285	0.999932
307	278	0.999923
307	301	0.999891
307	298	0.999963
307	286	0.999992
307	298	0.999904
307	284	0.999916
307	269	0.999999
307	290	0.999954
307	301	0.999965
307	269	0.999967
307	303	0.999875
307	284	0.99988
307	276	0.999954
307	297	0.999913
307	279	0.999999
307	268	0.999885
307	285	0.999984
307	302	0.999976
307	272	0.9999
307	305	0.999933
307	285	0.999957
307	274	0.999904
307	285	0.999906
307	287	0.999879
307	286	0.999918
307	280	0.999873
307	282	0.999972
307	266	0.999982
307	270	0.999874
307	267	0.999971
307	296	0.999919
307	303	0.999982
307	284	0.999993
307	269	0.999906
307	305	0.999909
307	297	0.999957
307	303	0.999929
307	290	0.99997
307	306	0.999998
307	278	0.999893
307	296	0.999977
307	271	0.999995
307	285	0.999979
307	303	0.999886
307	280	0.999909
307	305	0.999922
307	266	0.999975
307	266	0.999917
307	289	0.999994
307	287	0.99995
307	271	0.999916
307	266	0.999877
307	265	0.999987
307	268	0.999924
307	267	0.999993
307	279	0.999922
307	298	0.99988
307	277	0.99999
307	292	0.999916
307	280	0.999998
307	293	0.999892
307	305	0.999928
307	283	0.999911
307	264	0.999907
307	262	0.999901
307	299	0.999975
307	293	0.999941
307	297	0.999989
307	281	0.999931
307	287	0.999918
307	306	0.999892
307	297	0.999909
307	269	0.999903
307	276	0.999881
307	265	0.999943
307	289	0.999872
307	293	0.999991
307	300	0.999983
307	284	0.999882
307	272	0.999885
307	278	0.999877
307	299	0.999947
307	299	0.999942
307	273	0.999944
307	289	0.999989
307	264	0.999975
307	302	0.999906
307	290	0.999965
307	280	0.999943
307	262	0.999879
307	271	0.999993
307	274	0.999959
307	267	0.999959
307	299	0.999917
307	300	0.999915
307	295	0.999987
307	287	0.999906
307	290	0.999937
307	263	0.999951
307	281	0.999874
307	277	0.999898
307	271	0.999984
307	276	0.999943
307	278	0.999892
307	268	0.999997
307	295	0.999954
307	277	0.999986
307	302	0.999971
307	289	0.99991
307	301	0.999987
307	296	0.999912
307	280	0.999882
307	276	0.999945
307	270	0.99998
307	291	0.999938
307	306	0.999987
307	286	0.999891
307	286	0.999961
307	275	0.999961
307	263	0.999883
307	288	0.99997
307	267	0.999912
307	274	0.999875
307	281	0.999946
307	292	0.999985
307	269	0.999961
307	304	0.999992
307	286	0.999996
307	298	0.99992
307	274	0.999952
307	269	0.999978
307	265	0.999951
307	304	0.999906
307	267	0.999953
307	289	0.999972
307	306	0.999911
307	279	0.999961
307	274	0.999913
307	265	0.999881
307	292	0.999943
307	280	0.999965
307	264	0.999895
307	276	0.99989
307	271	0.999938
307	281	0.999917
307	296	0.999918
307	277	0.9999
307	278	0.999975
307	283	0.99992
307	298	0.9999
307	290	0.999922
307	284	0.999913
307	306	0.99992
307	268	0.999963
307	299	0.999972
307	279	0.999957
307	275	0.999997
307	281	0.999913
307	298	0.999883
307	269	0.999995
307	271	0.999972
307	306	0.999943
307	285	0.999877
307	301	0.999876
307	302	0.999878
307	289	0.999989
307	302	0.999918
307	270	0.999971
307	282	0.999885
307	266	0.999932
307	270	0.999915
307	284	0.999949
307	299	0.999912
307	286	0.999932
307	301	0.999957
307	293	0.999953
307	293	0.999881
307	297	0.999883
307	266	0.999947
307	273	0.999952
307	294	0.999887
307	298	0.999938
307	280	0.999965
307	305	0.999885
307	278	0.999886
307	272	0.999873
307	267	0.999881
307	268	0.999991
307	262	0.999931
307	281	0.999934
307	276	0.999898
307	285	0.999994
307	300	0.999885
307	289	0.999964
307	290	0.999977
307	264	0.999958
307	263	0.99989
307	275	0.999953
307	266	0.999891
307	293	0.999888
307	265	0.999961
307	291	0.999979
307	282	0.999955
307	288	0.999948
307	273	0.999937
307	280	0.999879
307	301	0.999974
307	292	0.999913
307	299	0.999949
307	289	0.999909
307	283	0.999966
307	267	0.999943
307	295	0.999883
307	279	0.999994
307	289	0.999904
307	274	0.999905
307	281	0.999959
307	274	0.999929
307	270	0.999958
307	303	0.99988
307	276	0.99989
307	283	0.999986
307	263	0.999985
307	276	0.999948
307	276	0.999988
307	291	0.999903
307	303	0.999873
307	285	0.999929
307	294	0.999885
307	264	0.999946
307	267	0.999976
307	278	0.999896
307	305	0.999937
307	305	0.99989
307	301	0.999911
307	280	0.999962
307	299	0.999981
307	299	0.999994
307	291	0.999946
307	273	0.999954
307	287	0.999932
307	272	0.999956
307	299	0.999929
307	288	0.999893
307	293	0.999987
307	301	0.999907
307	268	0.999913
307	267	0.999907
307	283	0.999909
307	278	0.999984
307	293	0.999928
307	273	0.999988
307	272	0.99992
307	268	0.999905
307	266	0.999902
307	292	0.999893
307	280	0.999884
307	268	0.999875
307	267	0.99992
307	304	0.999914
307	291	0.999937
307	267	0.999889
307	284	0.999886
307	275	0.999942
307	300	0.999874
307	270	0.999933
307	285	0.999879
307	274	0.999945
307	273	0.999942
307	280	0.999902
307	265	0.999938
307	273	0.999972
307	306	0.999898
307	279	0.999886
307	284	0.999916
307	306	0.999896
307	283	0.999933
307	281	0.999929
307	265	0.999891
307	285	0.999965
307	291	0.99998
307	306	0.999889
307	271	0.999928
307	281	0.999896
307	280	0.999944
307	290	0.999881
307	290	0.999878
307	279	0.999969
307	286	0.999982
307	276	0.999973
307	278	0.999931
307	264	0.999894
307	264	0.999945
307	269	0.999959
307	300	0.999894
307	268	0.999967
307	300	0.99993
307	269	0.999924
307	283	0.999928
307	275	0.999884
307	274	0.999908
307	306	0.999991
307	273	0.99999
307	285	0.999932
307	293	0.999934
307	297	0.999963
307	282	0.999925
307	268	0.999928
307	286	0.999874
307	292	0.99993
307	264	0.999963
307	296	0.99989
307	272	0.999943
307	301	0.999884
307	292	0.999967
307	281	0.999984
307	289	0.999924
307	271	0.999882
307	270	0.999876
307	287	0.999874
307	300	0.999906
307	293	0.99994
307	298	0.99995
307	304	0.99996
307	285	0.999912
307	265	0.999877
307	263	0.99995
307	264	0.999896
307	273	0.999947
307	276	0.999953
307	290	0.999958
307	281	0.999918
307	300	0.999905
307	297	0.999911
307	275	0.999928
307	265	0.999998
307	286	0.999945
307	264	0.999884
307	272	0.999881
307	291	0.999916
307	263	0.999909
307	289	0.999916
307	301	0.999877
307	288	0.999906
307	291	0.999907
307	282	0.999938
307	276	0.999929
307	270	0.999929
307	305	0.999909
307	299	0.999875
307	296	0.999947
307	296	0.999874
307	271	0.999978
307	262	0.999893
307	300	0.999996
307	300	0.999898
307	263	0.999884
307	285	0.999911
307	269	0.999875
307	293	0.999973
307	290	0.999957
307	289	0.999874
307	305	0.999913
307	285	0.999987
307	283	0.999968
307	279	0.999941
307	288	0.999974
307	271	0.999943
307	292	0.999969
307	302	0.999972
307	276	0.999993
307	277	0.999874
307	292	0.999951
307	270	0.999918
307	306	0.999932
307	297	0.99996
307	265	0.999936
307	303	0.999944
307	294	0.99992
307	297	0.999914
307	271	0.999962
307	284	0.999944
307	264	0.99988
307	302	0.999983
307	270	0.99997
307	267	0.999891
307	285	0.999996
307	262	0.999891
307	297	0.99988
307	267	0.999876
307	284	0.999939
307	280	0.999942
307	302	0.999873
307	271	0.999912
307	275	0.999965
307	264	0.999976
307	305	0.999901
307	292	0.999966
307	291	0.999889
307	296	0.999888
307	284	0.999983
307	288	0.999919
307	299	0.999972
307	265	0.999988
307	274	0.999942
307	286	0.99998
307	288	0.99997
307	301	0.99996
307	282	0.999888
307	282	0.999911
307	282	0.999879
307	283	0.999902
307	278	0.999894
307	300	0.999976
307	288	0.999986
307	285	0.99997
307	271	0.99991
307	272	0.999873
307	272	0.999935
307	275	0.99997
307	287	0.999919
307	295	0.999985
307	262	0.999884
307	289	0.999913
307	280	0.999999
307	300	0.999953
307	294	0.999965
307	273	0.999908
307	301	0.999905
307	300	0.999917
307	294	0.9999
307	265	0.999943
307	263	0.999958
307	280	0.999995
307	278	0.999985
307	276	0.999958
307	263	0.999991
307	280	0.999967
307	287	0.999962
307	275	0.999962
307	276	0.999888
307	281	0.999874
307	297	0.999978
307	304	0.999989
307	306	0.999891
307	263	0.999985
307	300	0.999988
307	268	0.999919
307	263	0.999953
307	302	0.99991
307	274	0.999982
307	294	0.999999
307	267	0.999905
307	286	0.999969
307	286	0.999972
307	301	0.999982
307	304	0.999905
307	273	0.999948
307	262	0.999875
307	264	0.999997
307	287	0.999972
307	305	0.999977
307	272	0.999989
307	299	0.999896
307	269	0.999987
307	304	0.999927
307	289	0.999882
307	279	0.999936
307	300	0.999945
307	304	0.999976
307	288	0.999943
307	275	0.999889
307	306	0.99989
307	291	0.999979
307	288	0.999907
307	288	0.999939
307	290	0.999898
307	275	0.999876
307	287	0.999891
307	294	0.999952
307	287	0.999945
307	263	0.999897
307	305	0.999892
307	300	0.999886
307	289	0.999911
307	306	0.999875
307	275	0.999921
307	269	0.999996
307	303	0.999917
307	306	0.999955
307	276	0.999993
307	272	0.999897
307	305	0.999953
307	265	0.999962
307	299	0.999943
307	274	0.999919
307	271	0.999921
307	268	0.999885
307	268	0.999938
307	297	0.999991
307	300	0.999977
307	275	0.999916
307	275	0.999896
307	305	0.999919
307	283	0.999977
307	290	0.99994
307	268	0.99997
307	264	0.999928
307	265	0.999997
307	266	0.99995
307	288	0.999981
307	289	0.999993
307	263	0.999917
307	298	0.999874
307	284	0.999923
307	291	0.999968
307	305	0.999878
307	293	0.999892
307	287	0.999948
307	278	0.999973
307	271	0.9999
307	292	0.999897
307	302	0.999961
307	271	0.999911
307	296	0.999908
307	283	0.999877
307	305	0.999879
307	301	0.999941
307	277	0.999973
307	279	0.999986
307	266	0.999943
307	262	0.999982
307	264	0.99996
307	287	0.999875
307	289	0.999927
307	272	0.999958
307	296	0.999907
307	305	0.999979
307	287	0.999994
307	287	0.999956
307	270	0.999984
307	272	0.99993
307	271	0.999906
307	285	0.999947
307	284	0.999921
307	290	0.999881
307	271	0.999889
307	275	0.999887
307	272	0.999949
307	276	0.999916
307	269	0.999999
307	282	0.99998
307	271	0.999909
307	284	0.999973
307	293	0.999948
307	290	0.999883
307	275	0.99991
307	286	0.999973
307	290	0.999879
307	302	0.999984
307	274	0.999949
307	268	0.999983
307	291	0.999997
307	288	0.999956
307	283	0.999924
307	264	0.99993
307	279	0.999918
307	265	0.999926
307	287	0.999909
307	296	0.999987
307	291	0.999977
307	287	0.999885
307	291	0.99998
307	305	0.999895
307	293	0.999936
307	279	0.999931
307	284	0.999968
307	273	0.999952
307	297	1
307	305	0.999983
307	286	0.999881
307	277	0.999956
307	270	0.999895
307	289	0.999989
307	275	0.999874
307	272	0.999962
307	284	0.999942
307	284	0.999888
307	275	0.999986
307	276	0.999881
307	279	0.9999
307	275	0.999928
307	262	0.999961
307	306	0.999901
307	298	0.999956
307	272	0.999912
307	304	0.999902
307	305	0.99992
307	272	0.999986
307	274	0.999904
307	274	0.999992
307	291	0.999959
307	305	0.999926
307	297	0.999996
307	287	0.999929
307	286	0.999987
307	266	0.999939
307	271	0.999873
307	286	0.999994
307	287	0.999987
307	300	0.999939
307	284	0.99997
307	277	0.999992
307	286	0.999999
307	278	0.999896
307	305	0.999963
307	295	0.999959
307	303	0.999945
307	270	0.999935
307	286	0.999957
307	292	0.999934
307	288	0.999889
307	264	0.999938
307	302	0.999882
307	281	0.999888
307	282	0.999907
307	282	0.999969
307	275	0.999891
307	296	0.999875
307	262	0.999949
307	275	0.999991
307	271	0.999977
307	263	0.999992
307	289	0.999902
307	285	0.999927
307	281	0.999909
307	276	0.999936
307	298	0.999983
307	285	0.999931
307	281	0.999889
307	283	0.999977
307	285	0.999974
307	273	0.999942
307	282	0.999922
307	299	0.999916
307	304	0.99991
307	268	0.999962
307	268	0.999918
307	304	0.999893
307	288	0.999956
307	291	0.999994
307	264	0.999921
307	265	0.999973
307	272	0.999934
307	265	0.999971
307	305	0.999906
307	277	0.999876
307	291	0.999893
307	284	0.999894
307	304	0.999934
307	282	0.999921
307	264	0.999998
307	297	0.999923
307	292	0.999963
307	292	0.999875
307	301	0.999954
307	263	0.999961
307	269	0.999886
307	284	0.999969
307	293	0.999899
307	274	0.999945
307	289	0.999923
307	269	0.999999
307	296	0.999892
307	268	0.999907
307	280	0.999897
307	286	0.999929
307	296	0.999931
307	301	0.999989
307	266	0.999944
307	270	0.999889
307	306	0.99992
307	303	0.99992
307	272	0.999969
307	268	0.999916
307	267	0.999996
307	296	0.99998
307	262	0.999938
307	283	0.999946
307	275	0.999893
307	292	0.999979
307	281	0.999956
307	294	0.999968
307	270	0.999985
307	300	0.999908
307	294	0.999968
307	298	0.99994
307	266	0.99992
307	283	0.999905
307	288	0.999886
307	273	0.999919
307	276	0.999903
307	263	0.999935
307	265	0.999994
307	290	0.999916
307	282	0.999957
307	297	0.999916
307	264	0.999933
307	305	0.99993
307	267	0.999885
307	292	0.999882
307	289	0.999967
307	274	0.99992
307	299	0.999988
307	306	0.999993
307	269	0.999936
307	294	0.999893
307	304	0.999961
307	280	0.999952
307	268	0.999922
307	263	0.999877
307	290	0.999908
307	276	0.999946
307	269	0.999913
307	295	0.999894
307	304	0.999958
307	299	0.99995
307	303	0.999892
307	290	0.999877
307	267	0.999933
307	298	0.999924
307	304	0.999934
307	263	0.999931
307	295	0.999891
307	295	0.999962
307	268	0.99993
307	274	0.999917
307	302	0.999997
307	288	0.999945
307	295	0.999932
307	301	0.99992
307	297	0.999948
307	279	0.999944
307	287	0.999967
307	284	0.999949
307	287	0.999924
307	266	0.999973
307	265	0.999942
307	288	0.999955
307	302	0.999936
307	285	0.999892
307	281	0.999942
307	292	0.999943
307	277	0.999873
307	264	0.999946
307	286	0.999972
307	274	0.999983
307	272	0.999928
307	262	0.999931
307	290	0.999994
307	262	0.999965
307	274	0.999929
307	278	0.999891
307	304	0.999966
307	292	0.999968
307	304	0.999993
307	284	0.999917
307	292	0.999922
307	282	0.999874
307	280	0.99998
307	276	0.999968
307	299	0.999944
307	292	0.999927
307	262	0.999972
307	273	0.999997
307	306	0.99999
307	277	0.999917
307	290	0.999895
307	295	0.999974
307	274	0.999955
307	283	0.999883
307	306	0.999927
307	296	0.999999
307	287	0.999996
307	271	0.999895
307	276	0.999892
307	276	0.999909
307	289	0.999894
307	268	0.999999
307	282	0.999976
307	290	0.999996
307	272	0.999973
307	268	0.999874
307	298	0.999909
307	263	0.999967
307	285	0.999973
307	275	1
307	284	0.999914
307	280	0.999962
307	285	0.999982
307	278	0.999988
307	288	0.999891
307	275	0.999916
307	303	0.999933
307	284	0.999881
307	293	0.999992
307	276	0.999952
307	281	0.99994
307	286	0.999922
307	290	0.999959
307	268	0.999965
307	305	0.999953
307	306	0.999966
307	300	0.999897
307	304	0.99994
307	284	0.999983
307	289	0.999934
307	266	0.999949
307	294	0.99991
307	264	0.999927
307	271	0.999955
307	289	0.999946
307	276	0.999969
307	290	0.9999
307	273	0.999955
307	306	0.999929
307	272	0.999906
307	277	0.999967
307	267	0.999896
307	276	0.999912
307	263	0.999969
307	284	0.999892
307	278	0.999972
307	263	0.99996
307	305	0.999944
307	276	0.999973
307	273	0.999937
307	289	0.999979
307	292	0.999953
307	295	0.999921
307	306	0.999884
307	271	0.999971
307	281	0.999875
307	268	0.999942
307	301	0.999963
307	283	0.999946
307	282	0.99994
307	268	0.999962
307	263	0.999893
307	282	0.999975
307	300	0.999975
307	303	0.999948
307	305	0.999989
307	301	0.999876
307	299	0.999988
307	291	0.999963
307	306	0.999881
307	262	0.999911
307	303	0.999939
307	305	0.999983
307	291	0.999927
307	296	0.999893
307	274	0.999906
307	297	0.999903
307	282	0.999942
307	280	0.99999
307	274	0.999882
307	285	0.999949
307	275	0.999982
307	289	0.999943
307	296	0.999955
307	269	0.999976
307	269	0.999921
307	303	0.999969
307	276	0.999983
307	285	0.999974
307	306	0.999959
307	302	0.999943
307	278	0.999967
307	282	0.999886
307	263	0.999984
307	285	0.999932
307	291	0.999939
307	272	0.999963
307	301	0.999945
307	299	0.999904
307	271	0.999891
307	265	0.999929
307	287	0.999891
307	306	0.99989
307	294	0.999973
307	278	0.999919
307	288	0.999964
307	281	0.99992
307	262	0.99996
307	303	0.999961
307	304	0.99988
307	299	0.999887
307	277	0.999988
307	262	0.99996
307	273	0.999974
307	303	0.999908
307	286	0.999989
307	269	0.999939
307	281	0.999948
307	279	0.999874
307	284	0.999891
307	291	0.999881
307	290	0.99988
307	294	0.999893
307	281	0.999984
307	276	0.999882
307	291	0.999884
307	287	0.999934
307	263	0.999907
307	302	0.999914
307	265	0.999977
307	291	0.999989
307	300	0.999977
307	300	0.999927
307	272	0.999931
307	271	0.999976
307	305	0.999954
307	276	0.999926
307	283	0.999978
307	269	0.999948
307	284	0.999949
307	270	0.999953
307	262	0.999965
307	283	0.999999
307	288	0.999926
307	277	0.999985
307	304	0.99998
307	297	0.999986
307	277	0.99991
307	283	0.999964
307	289	0.999938
307	289	0.999983
307	286	0.999937
307	289	0.99994
307	266	0.99988
307	274	0.999936
307	284	0.999983
307	291	0.999975
307	279	0.99992
307	304	0.999985
307	278	0.999992
307	296	0.999873
307	280	0.999978
307	263	0.999879
307	281	0.99997
307	301	0.999902
307	303	0.999982
307	262	0.999982
307	302	0.999959
307	280	0.99999
307	294	0.99998
307	271	0.999924
307	297	0.999978
307	280	0.999946
307	291	0.999875
307	267	0.999909
307	264	0.999886
307	293	0.999958
307	263	0.999878
307	277	0.999876
307	295	0.999943
307	264	0.999979
307	300	0.99992
307	295	0.999998
307	286	0.9999
307	293	0.999998
307	291	0.999916
307	306	0.999956
307	271	0.999965
307	265	0.999971
307	298	0.999902
307	304	0.99994
307	298	0.999953
307	297	0.999906
307	273	0.999915
307	274	0.999944
307	263	0.999898
307	262	0.999918
307	288	0.99999
307	274	0.99991
307	262	0.999944
307	285	0.999898
307	273	0.999885
307	291	0.999957
307	265	0.999899
307	274	0.99999
307	268	0.999987
307	267	0.999894
307	304	0.999969
307	280	0.999901
307	287	0.999874
307	275	0.999887
307	306	0.999937
307	279	0.999888
307	262	0.999927
307	296	0.999995
307	286	0.999916
307	276	0.999905
307	267	0.999876
307	280	0.999979
307	287	0.99988
307	291	0.999991
307	289	0.999919
307	301	0.999883
307	268	0.999931
307	275	0.999894
307	284	0.999898
307	304	0.999897
307	281	0.999978
307	274	0.999955
307	297	0.999921
307	297	0.999994
307	301	0.999901
307	301	0.999941
307	302	0.999954
307	305	0.999874
307	262	0.999907
307	295	0.999881
307	294	0.999927
307	284	0.999991
307	271	0.999889
307	302	0.999873
307	287	0.999947
307	273	0.999979
307	299	0.999874
307	267	0.999998
307	296	0.999932
307	302	0.999966
307	299	0.999953
307	306	0.999949
307	268	0.999917
307	263	0.999934
307	291	0.999952
307	268	0.999941
307	300	0.999943
307	285	0.99995
307	303	0.99994
307	289	0.999892
307	286	0.999899
307	293	0.999946
307	278	0.999959
307	274	0.99996
307	279	0.999935
307	298	0.999952
307	266	0.999952
307	267	0.999979
307	289	0.999984
307	305	0.999991
307	273	0.999879
307	268	0.999965
307	287	0.999967
307	281	0.999886
307	297	0.999873
307	270	0.999952
307	293	0.999983
307	274	0.999878
307	289	0.999957
307	301	0.999982
307	288	0.999935
307	280	0.999955
307	287	0.99997
307	264	0.999895
307	276	0.999892
307	268	0.999952
307	273	0.999975
307	262	0.999885
307	281	0.999963
307	272	0.999932
307	285	0.999959
307	267	0.999925
307	271	0.999978
307	291	0.999897
307	278	0.999913
307	283	0.999887
307	300	0.999937
307	292	0.999885
307	279	0.999994
