3000
326	234	0.999748
326	223	0.999869
326	310	0.999939
326	267	0.999735
326	294	0.999889
326	255	0.999916
326	313	0.999888
326	310	0.999762
326	299	0.999999
326	261	0.999876
326	261	0.999965
326	245	0.999815
326	233	0.999823
326	240	0.999817
326	292	0.999932
326	274	0.999964
326	263	0.999861
326	284	0.999784
326	270	0.999747
326	298	0.999936
326	248	0.999901
326	239	0.999983
326	266	0.999959
326	247	0.999888
326	285	0.999872
326	295	0.99996
326	236	0.99976
326	275	0.999933
326	261	0.999953
326	264	0.99984
326	264	0.999795
326	270	0.999948
326	296	0.999935
326	310	0.99999
326	246	0.999771
326	283	0.999943
326	305	0.999988
326	325	0.999801
326	283	0.999811
326	269	0.999882
326	278	0.999899
326	230	0.999989
326	299	0.99989
326	300	0.999803
326	297	0.999778
326	280	0.999882
326	294	0.999943
326	241	0.999946
326	300	0.999928
326	231	0.999752
326	322	0.999772
326	243	0.999826
326	277	0.999785
326	286	0.999878
326	221	0.99974
326	243	0.999814
326	237	0.99978
326	310	0.99997
326	284	0.999874
326	301	0.999924
326	232	0.999821
326	249	0.99998
326	301	0.999968
326	256	0.999829
326	272	0.999921
326	305	0.999904
326	295	0.99997
326	275	0.9999
326	316	0.999745
326	314	0.999761
326	299	0.999887
326	299	0.999952
326	230	0.999771
326	231	0.999841
326	317	0.999955
326	298	0.999803
326	307	0.999909
326	235	0.999905
326	305	0.999832
326	238	0.99981
326	292	0.999853
326	315	0.999905
326	305	0.999782
326	233	0.999975
326	267	0.999828
326	258	0.999909
326	274	0.999752
326	310	0.999777
326	274	0.999799
326	294	0.999924
326	285	0.999831
326	307	0.999745
326	293	0.999878
326	239	0.99987
326	305	0.999787
326	277	0.999926
326	257	0.999907
326	307	0.999988
326	230	0.999969
326	224	0.999756
326	260	0.999795
326	237	0.999825
326	245	0.999866
326	232	0.999888
326	291	0.999899
326	252	0.999901
326	297	0.999927
326	266	0.999842
326	272	0.999947
326	304	0.999944
326	260	0.999945
326	257	0.99997
326	322	0.999847
326	293	0.999975
326	316	0.999964
326	307	0.999867
326	314	0.999755
326	294	0.999932
326	238	0.999739
326	286	0.999965
326	286	0.999786
326	245	0.99979
326	224	0.999816
326	281	0.999791
326	308	0.999772
326	224	0.999918
326	315	0.999959
326	320	0.999773
326	288	0.999958
326	257	0.999894
326	303	0.999754
326	299	0.999795
326	285	0.999902
326	266	0.999777
326	273	0.999763
326	318	0.999926
326	313	0.999926
326	239	0.999915
326	308	0.999872
326	313	0.999923
326	315	0.999791
326	270	0.999859
326	302	0.999988
326	221	0.999858
326	310	0.999977
326	322	0.999952
326	247	0.99999
326	224	0.999927
326	227	0.99999
326	305	0.999744
326	253	0.999797
326	244	0.999874
326	311	0.999898
326	304	0.999861
326	283	0.999955
326	238	0.999792
326	235	0.999929
326	224	0.999898
326	260	0.999744
326	301	0.999968
326	228	0.999924
326	311	0.999777
326	281	0.999827
326	308	0.999897
326	234	0.999732
326	300	0.999986
326	301	0.999967
326	246	0.99974
326	288	0.999833
326	233	0.999825
326	230	0.999954
326	245	0.999831
326	311	0.99996
326	271	0.99981
326	265	0.999955
326	262	0.99975
326	248	0.999893
326	276	0.99998
326	221	0.999871
326	224	0.999983
326	303	0.999989
326	230	0.999779
326	314	0.999939
326	270	0.999993
326	307	0.999812
326	320	0.99983
326	309	0.999845
326	262	0.999804
326	272	0.999856
326	310	0.999919
326	310	0.999915
326	286	0.999933
326	234	0.999822
326	223	0.999752
326	289	0.999795
326	279	0.999898
326	322	0.999782
326	277	0.999891
326	268	0.999755
326	283	0.999786
326	235	0.999826
326	296	0.999989
326	236	0.999977
326	265	0.999941
326	233	0.999976
326	310	0.999925
326	232	0.99984
326	291	0.999987
326	281	0.999963
326	224	0.999775
326	262	0.999849
326	230	0.999956
326	283	0.999924
326	301	0.999864
326	309	0.999815
326	246	0.99994
326	225	0.999786
326	247	0.99981
326	243	0.99997
326	237	0.999864
326	288	0.999966
326	269	0.999746
326	242	0.999867
326	265	0.999998
326	225	0.99984
326	274	0.999763
326	252	0.99988
326	306	0.999742
326	222	0.999994
326	231	0.999785
326	279	0.999958
326	221	0.99994
326	270	0.999734
326	296	0.999983
326	303	0.999733
326	304	0.999812
326	297	0.99975
326	292	0.99996
326	262	0.999875
326	322	0.999819
326	251	0.999743
326	247	0.999816
326	266	0.999991
326	221	0.999997
326	254	0.999809
326	246	0.999991
326	290	0.999959
326	265	0.999955
326	319	0.999853
326	230	0.999864
326	256	0.999771
326	249	0.999786
326	269	0.999993
326	294	0.999752
326	238	0.999919
326	239	0.999756
326	321	0.999987
326	251	0.999861
326	261	0.999987
326	232	0.999815
326	255	0.999929
326	234	0.999937
326	272	0.999837
326	313	0.999857
326	277	0.999851
326	297	0.999872
326	302	0.999804
326	220	0.999925
326	251	0.99993
326	272	0.999965
326	287	0.999986
326	249	0.999763
326	319	0.999922
326	291	0.999934
326	251	0.999747
326	283	0.999872
326	321	0.999792
326	254	0.99989
326	315	0.999911
326	264	0.999946
326	230	0.999873
326	300	0.999875
326	284	0.999939
326	301	0.999881
326	297	0.999978
326	317	0.999779
326	282	0.999917
326	278	0.999889
326	243	0.999889
326	225	0.999925
326	247	0.999821
326	283	0.999823
326	225	0.999873
326	263	0.999768
326	310	0.999892
326	233	0.99975
326	325	0.999818
326	300	0.999803
326	261	0.999897
326	289	0.999871
326	267	0.999826
326	310	0.999758
326	238	0.999965
326	284	0.999768
326	244	0.999964
326	320	0.99994
326	244	0.999933
326	324	0.999959
326	323	0.999929
326	263	0.999755
326	250	0.999867
326	230	0.999817
326	290	0.999814
326	271	0.99986
326	309	0.999863
326	319	0.999973
326	234	0.999789
326	281	0.999787
326	235	0.999953
326	221	0.999976
326	247	0.999828
326	302	0.999903
326	239	0.999903
326	270	0.999857
326	313	0.999941
326	319	0.999806
326	313	0.999927
326	235	0.999764
326	305	0.999965
326	276	0.99978
326	311	0.999874
326	256	0.999855
326	301	0.999993
326	313	0.999888
326	247	0.999846
326	230	0.999838
326	275	0.999951
326	310	0.999764
326	265	0.999996
326	241	0.999994
326	246	0.999829
326	307	0.999935
326	278	0.999785
326	220	0.999831
326	227	0.999952
326	276	0.99981
326	222	0.999917
326	283	0.999937
326	238	0.999941
326	325	0.999855
326	230	0.999861
326	321	0.999833
326	223	0.999872
326	277	0.99975
326	264	0.999997
326	316	0.999903
326	227	0.999842
326	238	0.999978
326	228	0.999943
326	325	0.999867
326	223	0.999867
326	316	0.999743
326	301	0.999996
326	319	0.999961
326	227	0.999848
326	258	0.999755
326	237	0.999765
326	259	0.999772
326	284	0.999901
326	313	0.999931
326	288	0.999938
326	292	0.999877
326	267	0.999979
326	275	0.999893
326	281	0.999778
326	259	0.999831
326	315	0.999983
326	301	0.999862
326	267	0.999752
326	277	0.999966
326	272	0.999746
326	324	0.999949
326	321	0.999804
326	312	0.999867
326	294	0.999814
326	239	0.999913
326	283	0.999741
326	229	0.999883
326	231	0.999833
326	310	0.999968
326	276	0.999762
326	296	0.999772
326	319	0.999943
326	244	0.999978
326	275	0.999939
326	244	0.999907
326	272	0.999794
326	246	0.999913
326	248	0.999938
326	316	0.999839
326	322	0.999949
326	302	0.999962
326	298	0.99998
326	269	0.999914
326	266	0.999915
326	255	0.999934
326	225	0.999768
326	242	0.99984
326	290	0.999991
326	299	0.999823
326	282	0.999868
326	276	0.999878
326	237	0.999968
326	221	0.999899
326	314	0.999787
326	317	0.99981
326	265	0.999957
326	291	0.999896
326	299	0.99999
326	301	0.999895
326	270	0.999859
326	295	0.999913
326	324	0.999854
326	302	0.999824
326	302	0.999796
326	221	0.999962
326	264	0.999933
326	293	0.999772
326	293	0.999832
326	244	0.999999
326	270	0.999758
326	230	0.999832
326	286	0.999763
326	259	0.999864
326	292	0.999745
326	279	0.999875
326	222	0.999871
326	295	0.999771
326	234	0.999963
326	262	0.999814
326	319	0.999775
326	290	0.999954
326	303	0.999967
326	306	0.999911
326	253	0.999791
326	235	0.999836
326	250	0.999816
326	270	0.999984
326	277	0.999751
326	264	0.999881
326	307	0.999891
326	243	0.999883
326	274	0.999784
326	272	0.999737
326	248	0.999938
326	316	0.999928
326	287	0.999993
326	268	0.999928
326	280	0.99992
326	262	0.999995
326	238	0.999793
326	226	0.999891
326	227	0.999793
326	316	0.999974
326	273	0.99993
326	320	0.999844
326	267	0.999818
326	310	0.999902
326	311	0.999741
326	318	0.999941
326	306	0.999845
326	265	0.999808
326	245	0.999786
326	274	0.999757
326	220	0.99995
326	222	0.999989
326	324	0.999775
326	316	0.9998
326	281	0.999986
326	274	0.999941
326	302	0.9998
326	243	0.999845
326	313	0.999812
326	296	0.999881
326	277	0.999816
326	312	0.999914
326	316	0.999739
326	263	0.999998
326	227	0.999818
326	227	0.999881
326	240	0.999972
326	270	0.999826
326	321	0.999984
326	243	0.99987
326	288	0.999762
326	241	0.999884
326	296	0.999844
326	242	0.999821
326	312	0.999777
326	283	0.999934
326	263	0.99995
326	321	0.99976
326	238	0.999742
326	221	0.999957
326	248	0.999913
326	294	0.999879
326	232	0.999832
326	276	0.999926
326	250	0.999911
326	251	0.999927
326	325	0.999948
326	251	0.999792
326	225	0.999941
326	251	0.999946
326	310	0.999962
326	315	0.999947
326	307	0.999742
326	251	0.999939
326	298	0.999892
326	281	0.999773
326	283	0.999978
326	321	0.999763
326	306	0.9999
326	318	0.999856
326	274	0.999903
326	316	0.999973
326	220	0.999742
326	288	0.999859
326	251	0.999816
326	267	0.999973
326	319	0.999855
326	255	0.999802
326	323	0.999816
326	222	0.99976
326	279	0.999924
326	278	0.99999
326	233	0.999944
326	289	0.999758
326	245	0.999768
326	247	0.999792
326	221	0.999987
326	270	0.999936
326	315	0.99991
326	245	0.99982
326	258	0.999994
326	252	0.999885
326	227	0.999888
326	234	0.999944
326	282	0.999792
326	318	0.999823
326	246	0.999983
326	244	0.99988
326	221	0.999977
326	291	0.999762
326	289	0.999981
326	261	0.99975
326	318	0.999782
326	277	0.999899
326	310	0.999877
326	223	0.999798
326	323	0.999945
326	240	0.999801
326	265	0.999948
326	305	0.999865
326	263	0.999771
326	288	0.999793
326	258	0.999733
326	223	0.999777
326	300	0.99994
326	248	0.999825
326	304	0.999952
326	221	0.999975
326	309	0.999845
326	318	0.99983
326	316	0.999758
326	310	0.999767
326	267	0.999939
326	292	0.999834
326	305	0.999842
326	232	0.999957
326	315	0.999931
326	263	0.999904
326	279	0.999863
326	271	0.999916
326	254	0.999833
326	285	0.999909
326	318	0.999929
326	233	0.999859
326	225	0.999733
326	312	0.999834
326	323	0.999865
326	225	0.999974
326	230	0.999883
326	311	0.999761
326	240	0.999738
326	295	0.999857
326	254	0.999783
326	246	0.99974
326	246	0.999858
326	252	0.999814
326	231	0.999908
326	247	0.999851
326	294	0.999847
326	309	0.999884
326	310	0.999817
326	284	0.999887
326	268	0.999796
326	320	0.999871
326	313	0.999765
326	275	0.999808
326	294	0.999796
326	251	0.999931
326	310	0.999785
326	236	0.999967
326	263	0.999739
326	257	0.999854
326	291	0.999983
326	306	0.999844
326	285	0.999882
326	313	0.999994
326	244	0.99989
326	311	0.999922
326	293	0.999911
326	241	0.999867
326	271	0.999841
326	316	0.999807
326	263	0.999841
326	298	0.999778
326	288	0.999949
326	286	0.999818
326	293	0.999913
326	228	0.999853
326	270	0.999913
326	321	0.999835
326	271	0.999857
326	268	0.999848
326	243	0.999901
326	285	0.999909
326	305	0.999953
326	264	0.99986
326	240	0.999964
326	317	0.99984
326	229	0.999886
326	305	0.999868
326	261	0.999934
326	288	0.999994
326	284	0.999877
326	249	0.999964
326	225	0.999948
326	282	0.999874
326	271	0.999816
326	238	0.999857
326	270	0.999757
326	296	0.999902
326	237	0.999827
326	284	0.999809
326	301	0.9999
326	255	0.999926
326	322	0.999937
326	263	0.999985
326	222	0.999914
326	312	0.999844
326	298	0.999992
326	300	0.999764
326	260	0.999823
326	249	0.99998
326	236	0.999984
326	284	0.999891
326	306	0.999949
326	244	0.999932
326	307	0.999769
326	264	0.999831
326	230	0.999743
326	266	0.999933
326	247	0.999876
326	296	0.999762
326	223	0.999888
326	271	0.999878
326	260	0.999931
326	260	0.999944
326	291	0.999826
326	321	0.999915
326	258	0.999881
326	234	0.999838
326	266	0.999894
326	319	0.999739
326	251	0.999736
326	287	0.999767
326	233	0.99998
326	220	0.999845
326	230	0.99985
326	257	0.99991
326	293	0.999868
326	311	0.999953
326	323	0.999773
326	305	0.999832
326	258	0.999911
326	304	0.999946
326	258	0.999772
326	319	0.999993
326	235	0.99976
326	255	0.999816
326	322	0.999791
326	237	0.999926
326	310	0.999896
326	244	0.999732
326	277	0.999744
326	263	0.999824
326	225	0.99979
326	250	0.999827
326	279	0.999817
326	241	0.99998
326	259	0.999925
326	263	0.999736
326	275	0.999868
326	307	0.99996
326	272	0.999893
326	261	0.999754
326	296	0.999928
326	280	0.999925
326	253	0.999733
326	323	0.999875
326	246	0.99985
326	308	0.999737
326	286	0.999942
326	238	0.999946
326	246	0.999933
326	314	0.999785
326	318	0.999806
326	272	0.999829
326	290	0.999994
326	321	0.999858
326	260	0.999926
326	293	0.999828
326	281	0.999907
326	235	0.999948
326	277	0.99979
326	322	0.999837
326	255	0.999762
326	257	0.999806
326	295	0.999981
326	295	0.999962
326	253	0.999934
326	304	0.99975
326	265	0.999911
326	266	0.999767
326	306	0.999957
326	290	0.999779
326	317	0.999969
326	258	0.999838
326	281	0.999772
326	223	0.999797
326	314	0.999749
326	240	0.999795
326	239	0.999958
326	233	0.999942
326	258	0.999991
326	225	0.99998
326	242	0.999975
326	275	0.999934
326	269	0.999893
326	263	0.999847
326	322	0.999848
326	241	0.999996
326	303	0.99974
326	235	0.999937
326	232	0.999905
326	224	0.99999
326	286	0.999928
326	320	0.999897
326	227	0.999775
326	239	0.999992
326	224	0.999978
326	221	0.999882
326	277	0.999742
326	222	0.99986
326	269	0.999854
326	248	0.999888
326	237	0.999777
326	237	0.999973
326	224	0.999817
326	238	0.999881
326	325	0.99994
326	303	0.999758
326	322	0.999731
326	319	0.999893
326	280	0.999969
326	302	0.999991
326	325	0.999898
326	259	0.999821
326	291	0.999931
326	306	0.999787
326	286	0.999896
326	232	0.999931
326	221	0.999878
326	289	0.999996
326	314	0.999898
326	311	0.999976
326	240	0.999948
326	230	0.999761
326	277	0.999977
326	274	0.999795
326	249	0.999874
326	269	0.999768
326	325	0.999776
326	302	0.999741
326	248	0.999846
326	260	0.999789
326	238	0.999854
326	236	0.999918
326	304	0.999901
326	234	0.999807
326	243	0.999863
326	305	0.999765
326	245	0.999908
326	222	0.999969
326	223	0.999859
326	318	0.999878
326	310	0.999997
326	318	0.999895
326	261	0.99979
326	317	0.999994
326	268	0.999882
326	232	0.999903
326	282	0.999776
326	290	0.999856
326	240	0.999788
326	224	0.999825
326	296	0.999783
326	225	0.99984
326	303	0.99974
326	271	0.999781
326	317	0.999983
326	320	0.999783
326	302	0.99995
326	237	0.999772
326	247	0.999943
326	246	0.999906
326	270	0.999784
326	261	0.999997
326	228	0.999986
326	231	0.999841
326	274	0.999868
326	221	0.999858
326	243	0.999841
326	257	0.99989
326	325	0.999817
326	287	0.999744
326	299	0.999806
326	310	0.999933
326	285	0.999847
326	222	0.999946
326	241	0.999946
326	270	0.999894
326	243	0.99979
326	253	0.999856
326	312	0.999823
326	260	0.999878
326	291	0.99999
326	312	0.999926
326	252	0.999845
326	277	0.999965
326	301	0.999775
326	282	0.999882
326	244	0.999751
326	251	0.999878
326	272	0.999921
326	274	0.999954
326	291	0.999821
326	308	0.999879
326	262	0.999807
326	249	0.999786
326	234	0.999928
326	283	0.999966
326	279	0.999977
326	230	0.999821
326	315	0.999894
326	317	0.999829
326	228	0.999807
326	265	0.999745
326	257	0.999945
326	311	0.999819
326	251	0.999747
326	269	0.999767
326	312	0.999782
326	252	0.999988
326	249	0.999838
326	291	0.999932
326	239	0.999953
326	314	0.999751
326	285	0.999808
326	317	0.999767
326	263	0.999991
326	250	0.999879
326	320	0.999927
326	284	0.999786
326	244	0.999747
326	311	0.999842
326	235	0.999768
326	262	0.999829
326	242	0.99975
326	324	0.999845
326	316	0.999868
326	276	0.999774
326	299	0.999996
326	319	0.999906
326	302	0.99996
326	230	0.99992
326	276	0.999852
326	308	0.999994
326	273	0.999906
326	320	0.99996
326	227	0.999946
326	274	0.999781
326	239	0.999818
326	303	0.999953
326	307	0.999902
326	274	0.999971
326	222	0.999939
326	222	0.999985
326	269	0.999991
326	322	0.999976
326	245	0.999842
326	258	0.999896
326	265	0.999832
326	272	0.99984
326	236	0.999836
326	276	0.999764
326	246	0.999916
326	250	0.999769
326	280	0.999925
326	284	0.999804
326	278	0.99983
326	310	0.99985
326	243	0.999869
326	318	0.999794
326	306	0.999969
326	290	0.999973
326	222	0.9998
326	246	0.99997
326	225	0.999992
326	314	0.999801
326	277	0.999959
326	240	0.999811
326	235	0.999914
326	320	0.99978
326	249	0.99986
326	279	0.999945
326	309	0.999926
326	262	0.999864
326	286	0.999957
326	319	0.999809
326	237	0.999776
326	306	0.99996
326	290	0.99976
326	323	0.999917
326	275	0.999757
326	222	0.999916
326	266	0.999895
326	310	0.999861
326	236	0.999756
326	261	0.999829
326	276	0.999754
326	235	0.999855
326	292	0.999767
326	303	0.999981
326	311	0.999843
326	304	0.999971
326	267	0.9998
326	280	0.999738
326	229	0.999894
326	234	0.999746
326	228	0.999888
326	289	0.999988
326	254	0.999786
326	287	0.999824
326	284	0.999944
326	236	0.999875
326	317	0.999941
326	236	0.999948
326	284	0.99991
326	221	0.999817
326	316	0.99991
326	260	0.999972
326	225	0.999972
326	255	0.999967
326	281	0.999778
326	303	0.999962
326	311	0.999894
326	275	0.999772
326	325	0.999777
326	273	0.999996
326	294	0.999948
326	279	0.999742
326	223	0.999969
326	238	0.999793
326	223	0.999773
326	269	0.999857
326	301	0.999901
326	225	0.999971
326	248	0.999971
326	301	0.999904
326	221	0.999838
326	260	0.999925
326	276	0.999887
326	305	0.999982
326	287	0.999778
326	251	0.999952
326	315	0.999759
326	300	0.999867
326	296	0.999796
326	246	0.999831
326	252	0.999898
326	317	0.999836
326	259	0.999829
326	228	0.999888
326	286	0.999918
326	268	0.999794
326	260	0.999765
326	245	0.999768
326	306	0.999832
326	257	0.999905
326	233	0.999924
326	271	0.999914
326	237	0.99988
326	259	0.999806
326	325	0.999983
326	225	0.9999
326	229	0.999898
326	291	0.999842
326	220	0.999823
326	232	0.999921
326	254	0.999847
326	267	0.999766
326	293	0.999993
326	248	0.999993
326	282	0.99977
326	246	0.99978
326	300	0.999917
326	270	0.999897
326	317	0.999999
326	251	0.999861
326	298	0.999877
326	254	0.999818
326	238	0.99976
326	232	0.999888
326	285	0.999886
326	273	0.99975
326	293	0.999758
326	268	0.999815
326	312	0.999895
326	295	0.999912
326	247	0.999835
326	263	0.999893
326	325	0.999906
326	226	0.999869
326	220	0.999991
326	290	0.999969
326	325	0.999907
326	261	0.999932
326	267	0.999857
326	300	0.999835
326	321	0.999867
326	274	0.9998
326	281	0.99979
326	285	0.999828
326	301	0.99977
326	290	0.999758
326	248	0.999854
326	321	0.99999
326	221	0.999891
326	227	0.999915
326	267	0.99984
326	258	0.999987
326	314	0.999821
326	256	0.999785
326	277	0.999874
326	239	0.999983
326	298	0.999986
326	228	0.999737
326	324	0.999809
326	244	0.999867
326	310	0.99996
326	232	0.999764
326	291	0.999765
326	241	0.999859
326	256	0.999932
326	240	0.999896
326	250	0.999829
326	247	0.999882
326	259	0.999807
326	303	0.999869
326	225	0.999866
326	244	0.999801
326	246	0.999854
326	320	0.999732
326	321	0.999935
326	275	0.99984
326	293	0.999803
326	257	0.9998
326	321	0.999734
326	259	0.999784
326	287	0.99982
326	274	0.999803
326	287	0.999959
326	317	0.999808
326	325	0.999898
326	244	0.999743
326	263	0.999902
326	239	0.99979
326	320	0.999757
326	295	0.999757
326	229	0.999749
326	268	0.999963
326	308	0.99999
326	295	0.999913
326	259	0.999811
326	257	0.999773
326	253	0.999732
326	325	0.999961
326	315	0.999881
326	264	0.999882
326	257	0.99985
326	258	0.999833
326	281	0.999757
326	299	0.999852
326	238	0.999755
326	237	0.999882
326	271	0.999832
326	233	0.999781
326	238	0.999778
326	299	0.999913
326	271	0.999999
326	258	0.99985
326	234	0.999998
326	283	0.999736
326	293	0.999931
326	231	0.999911
326	259	0.99989
326	300	0.999849
326	302	0.999941
326	294	0.999906
326	279	0.999787
326	308	0.999962
326	317	0.999772
326	232	0.999895
326	314	0.999817
326	288	0.99991
326	310	0.999913
326	293	0.999862
326	289	0.999902
326	292	0.999833
326	220	0.999884
326	289	0.999874
326	275	0.999774
326	227	0.99999
326	230	0.999845
326	300	0.999793
326	309	0.999758
326	259	0.999946
326	248	0.999952
326	325	0.999802
326	292	0.999883
326	310	0.999855
326	246	0.999751
326	279	0.999949
326	244	0.999923
326	294	0.999734
326	271	0.999775
326	304	0.999913
326	249	0.999932
326	311	0.999983
326	247	0.999887
326	317	0.999782
326	278	0.999752
326	319	0.999771
326	247	0.999949
326	228	0.999889
326	290	0.999864
326	235	0.999819
326	261	0.999912
326	299	0.999909
326	316	0.999875
326	263	0.999857
326	220	0.999799
326	273	0.999866
326	273	0.999889
326	281	0.999988
326	320	0.999776
326	227	0.999993
326	279	0.99978
326	306	0.99986
326	285	0.99993
326	221	0.999937
326	300	0.999746
326	311	0.99991
326	278	0.999753
326	286	0.99996
326	289	0.999758
326	264	0.99983
326	273	0.999743
326	262	0.999917
326	293	0.999917
326	300	0.999863
326	242	0.999847
326	237	0.999821
326	299	0.999849
326	232	0.999757
326	297	0.999737
326	255	0.99974
326	279	0.999905
326	242	0.999974
326	292	0.999987
326	256	0.999815
326	253	0.99978
326	280	0.99988
326	231	0.999988
326	317	0.999869
326	253	0.999845
326	244	0.999944
326	225	0.999962
326	322	0.999817
326	289	0.999901
326	233	0.999919
326	252	0.999906
326	278	0.99976
326	291	0.999888
326	242	0.99986
326	309	0.999945
326	288	0.999809
326	235	0.999802
326	267	0.999838
326	322	0.999944
326	239	0.999773
326	242	0.999755
326	254	0.999734
326	279	0.999876
326	313	0.999897
326	322	0.999837
326	310	0.999918
326	306	0.999756
326	263	0.999885
326	237	0.999759
326	234	0.999864
326	265	0.999877
326	292	0.999785
326	249	0.999905
326	325	0.99974
326	297	0.999853
326	297	0.999935
326	236	0.999806
326	293	0.999777
326	235	0.999938
326	220	0.999964
326	284	0.999929
326	226	0.999882
326	267	0.999846
326	244	0.999877
326	248	0.999993
326	286	0.999763
326	232	0.99984
326	316	0.999792
326	242	0.999841
326	234	0.999915
326	288	0.999876
326	316	0.999944
326	297	0.999913
326	228	0.999914
326	265	0.999936
326	277	0.999752
326	234	0.999865
326	241	0.999768
326	243	0.999924
326	311	0.999883
326	248	0.999822
326	289	0.999984
326	317	0.999954
326	267	0.999979
326	236	0.999857
326	221	0.999954
326	306	0.999874
326	268	0.999841
326	284	0.99974
326	270	0.999954
326	294	0.999965
326	228	0.999935
326	274	0.999822
326	285	0.999877
326	324	0.999809
326	297	0.999838
326	325	0.999811
326	299	0.999774
326	228	0.999922
326	251	0.999984
326	258	0.99994
326	297	0.999998
326	220	0.999939
326	322	0.999939
326	280	0.999943
326	241	0.999939
326	275	0.999804
326	233	0.99991
326	267	0.999844
326	286	0.999986
326	292	0.999987
326	270	0.999752
326	230	0.999739
326	230	0.999942
326	275	0.999886
326	290	0.999953
326	253	0.999946
326	230	0.999856
326	301	0.999812
326	292	0.999854
326	252	0.99995
326	221	0.999993
326	292	0.999784
326	321	0.999896
326	305	0.999806
326	272	0.999958
326	303	0.999751
326	264	0.999886
326	270	0.999822
326	266	0.999815
326	322	0.999895
326	260	0.999868
326	308	0.999918
326	241	0.99987
326	273	0.99975
326	281	0.999932
326	303	0.999895
326	241	0.999952
326	228	0.999922
326	313	0.999979
326	276	0.99992
326	314	0.99983
326	299	0.999797
326	248	0.999799
326	297	0.999893
326	307	0.999744
326	297	0.999765
326	310	0.999882
326	229	0.999988
326	237	0.99996
326	278	0.999872
326	316	0.99977
326	278	0.999948
326	238	0.999886
326	307	0.99988
326	301	0.999981
326	277	0.999904
326	224	0.999998
326	274	0.999977
326	254	0.999736
326	226	0.99985
326	277	0.999962
326	324	0.999771
326	259	0.999978
326	297	0.999873
326	290	0.999865
326	248	0.999755
326	258	0.999763
326	297	0.999923
326	287	0.999921
326	266	0.999825
326	271	0.999877
326	240	0.99974
326	242	0.999928
326	293	0.999789
326	284	0.999907
326	234	0.999835
326	298	0.999784
326	304	0.999787
326	281	0.999991
326	222	0.999732
326	282	0.999855
326	324	0.999983
326	317	0.999737
326	228	0.999821
326	278	0.99983
326	278	0.999894
326	273	0.999903
326	310	0.999789
326	221	0.999987
326	254	0.999838
326	249	0.999966
326	240	0.999838
326	276	0.999741
326	264	0.999984
326	258	0.999937
326	229	0.99997
326	298	0.999871
326	246	0.999853
326	287	0.99976
326	224	0.99978
326	325	0.999777
326	241	0.999889
326	247	0.999838
326	305	0.999836
326	279	0.999963
326	258	0.999916
326	277	0.999803
326	220	0.999833
326	313	0.999926
326	286	0.999969
326	288	0.99978
326	271	0.999957
326	239	0.999977
326	239	0.999757
326	280	0.99998
326	318	0.999789
326	251	0.999825
326	309	0.999916
326	275	0.999783
326	268	0.999864
326	287	0.999754
326	303	0.999786
326	248	0.999987
326	259	0.999834
326	265	0.999848
326	303	0.999808
326	277	0.999914
326	288	0.999921
326	232	0.999782
326	308	0.999757
326	248	0.999874
326	305	0.999952
326	281	0.999888
326	301	0.999937
326	318	0.999951
326	313	0.999796
326	221	0.99987
326	322	0.99993
326	265	0.999901
326	297	0.999846
326	259	0.99998
326	232	0.999798
326	317	0.999961
326	278	0.999878
326	283	0.999742
326	283	0.999895
326	311	0.999919
326	302	0.999925
326	271	0.999909
326	286	0.999912
326	267	0.999903
326	224	0.999935
326	234	0.999867
326	228	0.999848
326	307	0.999821
326	291	0.999856
326	237	0.999772
326	231	0.999976
326	281	0.999895
326	257	0.999948
326	309	0.999956
326	280	0.999963
326	324	0.99986
326	262	0.9999
326	263	0.99992
326	325	0.99985
326	302	0.999844
326	234	0.999905
326	223	0.999796
326	284	0.999826
326	261	0.999872
326	254	0.999824
326	226	0.999881
326	248	0.999856
326	288	0.999841
326	278	0.99974
326	282	0.999878
326	250	0.999892
326	292	0.999922
326	262	0.999814
326	250	0.999798
326	284	0.999865
326	220	0.999874
326	266	0.999908
326	295	0.999785
326	255	0.999776
326	239	0.99997
326	246	0.999732
326	247	0.999862
326	318	0.999984
326	274	0.999897
326	285	0.999856
326	258	0.999973
326	322	0.999793
326	229	0.999988
326	299	0.999806
326	268	0.999801
326	239	0.999818
326	249	0.999755
326	286	0.999902
326	267	0.999828
326	261	0.999906
326	299	0.999918
326	228	0.999762
326	233	0.999968
326	272	0.999976
326	225	0.999996
326	305	0.999893
326	240	0.999856
326	291	0.999876
326	243	0.99988
326	231	0.999857
326	260	0.99981
326	236	0.999874
326	279	0.99986
326	220	0.999872
326	325	0.999974
326	256	0.999795
326	239	0.999794
326	312	0.999857
326	281	0.999931
326	275	0.999867
326	314	0.999844
326	295	0.999771
326	312	0.999951
326	325	0.99987
326	323	0.999799
326	229	0.999742
326	220	0.999773
326	312	0.999798
326	248	0.999887
326	321	0.999984
326	279	0.9999
326	227	0.999866
326	238	0.999797
326	238	0.999896
326	271	0.99977
326	306	0.999975
326	320	0.999787
326	220	0.999936
326	235	0.999978
326	300	0.999762
326	241	0.999937
326	322	0.999809
326	241	0.999936
326	278	0.999936
326	297	0.999919
326	289	0.999752
326	287	0.9998
326	234	0.99993
326	282	0.999807
326	316	0.999817
326	266	0.999792
326	227	0.999856
326	241	0.99986
326	270	0.999969
326	274	0.999758
326	232	0.99984
326	266	0.999979
326	295	0.999875
326	244	0.999821
326	226	0.999822
326	247	0.999832
326	303	0.999786
326	262	0.999765
326	289	0.999838
326	262	0.999822
326	275	0.999958
326	299	0.99985
326	231	0.999997
326	284	0.999871
326	282	0.999846
326	220	0.999987
326	277	0.999849
326	266	0.999803
326	253	0.999779
326	304	0.999919
326	223	0.999997
326	237	0.99993
326	266	0.999869
326	251	0.999989
326	240	0.999732
326	292	0.999874
326	254	0.99975
326	248	0.999824
326	230	0.999792
326	235	0.999859
326	276	0.999769
326	273	0.999879
326	300	0.999887
326	229	0.999762
326	263	0.9999
326	295	0.999846
326	261	0.999807
326	290	0.999794
326	315	0.99975
326	264	0.999991
326	321	0.999971
326	290	0.999984
326	242	0.999783
326	323	0.999914
326	240	0.999891
326	236	0.999857
326	296	0.999963
326	325	0.999819
326	273	0.999963
326	233	0.999933
326	311	0.999879
326	224	0.999963
326	249	0.999986
326	305	0.999827
326	266	0.999845
326	312	0.999978
326	325	0.999769
326	290	0.999781
326	248	0.999955
326	243	0.999788
326	285	0.999859
326	278	0.999859
326	316	0.999888
326	237	0.999968
326	245	0.999911
326	264	0.999977
326	270	0.99987
326	277	0.999735
326	279	0.99988
326	325	0.999882
326	236	0.999761
326	225	0.999875
326	251	0.999915
326	237	0.999966
326	322	0.999911
326	293	0.999781
326	246	0.999967
326	284	0.999767
326	222	0.999803
326	308	0.999841
326	229	0.999912
326	280	0.999838
326	221	0.999826
326	240	0.999763
326	247	0.999809
326	242	0.999755
326	302	0.999918
326	273	0.999981
326	252	0.999918
326	275	0.999998
326	319	0.999968
326	258	0.999742
326	241	0.999816
326	257	0.999892
326	254	0.999753
326	225	0.999744
326	263	0.999787
326	279	0.999944
326	321	0.999952
326	235	0.999875
326	256	0.999849
326	260	0.999992
326	276	0.999822
326	309	0.99998
326	279	0.999902
326	293	0.999979
326	233	0.999853
326	260	0.999818
326	297	0.99976
326	259	0.999954
326	306	0.999885
326	319	0.999996
326	302	0.999742
326	255	0.999831
326	252	0.999784
326	309	0.999913
326	325	0.999823
326	240	0.999881
326	316	0.999764
326	317	0.999974
326	281	0.999854
326	246	0.999891
326	269	0.999937
326	233	0.999871
326	224	0.999909
326	220	0.999979
326	266	0.999971
326	263	0.999861
326	308	0.999921
326	320	0.999924
326	294	0.999846
326	234	0.999897
326	322	0.99988
326	291	0.99997
326	264	0.999959
326	277	0.999751
326	254	0.999789
326	242	0.999878
326	221	0.999896
326	292	0.999793
326	229	0.999794
326	269	0.999888
326	234	0.999851
326	240	0.999818
326	236	0.999818
326	286	0.999807
326	223	0.999878
326	272	0.999993
326	276	0.999972
326	249	0.999735
326	233	0.999948
326	223	0.999907
326	292	0.999746
326	230	0.999781
326	253	0.999896
326	242	0.999834
326	295	0.99982
326	301	0.999975
326	325	0.999736
326	302	0.999926
326	278	0.999838
326	246	0.999785
326	236	0.999799
326	255	0.999821
326	228	0.999854
326	309	0.999955
326	273	0.99981
326	225	0.999886
326	306	0.999936
326	229	0.999954
326	266	0.999842
326	300	0.999921
326	316	0.999866
326	230	0.99987
326	226	0.999976
326	262	0.999853
326	302	0.999847
326	322	0.999955
326	292	0.999833
326	223	0.999853
326	275	0.999955
326	239	0.99988
326	283	0.999753
326	258	0.999923
326	252	0.999912
326	231	0.999788
326	302	0.999932
326	289	0.999909
326	281	0.999768
326	256	0.999953
326	246	0.999907
326	237	0.999851
326	233	0.999818
326	223	0.999994
326	244	0.999924
326	302	0.999947
326	248	0.999928
326	300	0.999986
326	244	0.99987
326	272	0.999867
326	285	0.999745
326	308	0.999814
326	269	0.999896
326	274	0.999749
326	267	0.99992
326	241	0.999992
326	324	0.999981
326	294	0.999894
326	273	0.999886
326	250	0.999908
326	246	0.999924
326	266	0.999788
326	317	0.999914
326	299	0.999876
326	311	0.999842
326	252	0.99979
326	292	0.999786
326	260	0.999807
326	286	0.999885
326	261	0.999843
326	260	0.999808
326	324	0.999967
326	237	0.999879
326	261	0.999767
326	220	0.999878
326	237	0.999764
326	248	0.999918
326	281	0.999836
326	253	0.999761
326	243	0.999912
326	247	0.999813
326	267	0.999885
326	316	0.999916
326	234	0.999833
326	247	0.999972
326	276	0.999946
326	257	0.99987
326	240	0.999754
326	280	0.999811
326	242	0.999736
326	248	0.999756
326	256	0.999758
326	231	0.999825
326	308	0.999755
326	263	0.999882
326	304	0.999807
326	220	1
326	296	0.999983
326	300	0.999804
326	256	0.999779
326	306	0.999998
326	263	0.99995
326	303	0.999963
326	221	0.999969
326	221	0.999824
326	323	0.999787
326	269	0.999909
326	241	0.99997
326	289	0.999848
326	317	0.999875
326	283	0.999852
326	305	0.999938
326	286	0.999761
326	297	0.999773
326	299	0.999941
326	256	0.999934
326	292	0.999868
326	233	0.999946
326	286	0.999856
326	228	0.999839
326	295	0.999745
326	283	0.999998
326	261	0.999745
326	299	0.999995
326	283	0.999753
326	234	0.999978
326	320	0.99996
326	324	0.999864
326	323	0.999801
326	306	0.999855
326	307	0.999986
326	321	0.999865
326	286	0.999861
326	272	0.999936
326	287	0.999857
326	245	0.99984
326	301	0.999953
326	321	0.999879
326	316	0.999823
326	253	0.999831
326	267	0.999824
326	280	0.999872
326	324	0.999942
326	261	0.999801
326	282	0.999999
326	325	0.999731
326	247	0.999833
326	223	0.999999
326	277	0.999949
326	244	0.99976
326	316	0.999882
326	245	0.999834
326	319	0.999923
326	261	0.99983
326	233	0.999904
326	303	0.999902
326	272	0.999801
326	268	0.999813
326	282	0.99985
326	288	0.999871
326	277	0.999982
326	302	0.999996
326	250	0.999753
326	297	0.999911
326	301	0.999782
326	225	0.999773
326	324	0.999948
326	226	0.999744
326	313	0.999934
326	297	0.999787
326	319	0.999983
326	270	0.999935
326	266	0.999922
326	272	0.999915
326	312	0.999886
326	306	0.999865
326	296	0.999884
326	238	0.999913
326	290	0.999788
326	306	0.999938
326	274	0.999734
326	265	0.999874
326	309	0.999761
326	271	0.999747
326	229	0.999775
326	315	0.999819
326	244	0.999779
326	275	0.999762
326	274	0.999899
326	246	0.999992
326	260	0.999927
326	249	0.999921
326	311	0.999972
326	294	0.999847
326	304	0.999744
326	293	0.999742
326	312	0.999875
326	266	0.999832
326	298	0.999839
326	317	0.999811
326	238	0.999962
326	245	0.999875
326	241	0.999862
326	247	0.999983
326	252	0.99987
326	270	0.999927
326	245	0.999966
326	231	0.999739
326	244	0.999913
326	307	0.999968
326	306	0.999897
326	222	0.999869
326	249	0.99982
326	294	0.999834
326	315	0.999752
326	269	0.999753
326	287	0.999734
326	224	0.999785
326	295	0.999766
326	223	0.99982
326	230	0.999982
326	265	0.999883
326	322	0.999762
326	289	0.999863
326	325	0.999944
326	254	0.999956
326	281	0.99991
326	258	0.999808
326	322	0.999749
326	220	0.999752
326	295	0.999812
326	289	0.999761
326	287	0.999988
326	278	0.999912
326	228	0.999873
326	224	0.999755
326	232	0.999962
326	324	0.999952
326	301	0.999911
326	324	0.999995
326	292	0.999796
326	273	0.999975
326	281	0.999922
326	309	0.999839
326	308	0.999939
326	279	0.999921
326	310	0.999764
326	280	0.999731
326	250	0.999846
326	298	0.999764
326	258	0.99998
326	242	0.999945
326	261	0.999974
326	252	0.999817
326	300	0.999942
326	266	0.999909
326	239	0.999747
326	315	0.999778
326	223	0.9998
326	297	0.999842
326	247	0.999894
326	315	0.999993
326	245	0.999868
326	228	0.999944
326	317	0.999851
326	279	0.999939
326	309	0.999893
326	227	0.999971
326	260	0.999743
326	272	0.999922
326	226	0.999965
326	278	0.999875
326	313	0.999809
326	257	0.999939
326	267	0.999939
326	232	0.999813
326	242	0.999837
326	316	0.999976
326	285	0.9999
326	285	0.999967
326	268	0.999761
326	295	0.999732
326	226	0.999775
326	311	0.999896
326	305	0.9999
326	269	0.999772
326	232	0.999868
326	325	0.999999
326	238	0.999838
326	248	0.999754
326	319	0.999872
326	320	0.999742
326	323	0.999909
326	305	0.999885
326	281	0.999818
326	233	0.999897
326	265	0.999909
326	270	0.999833
326	317	0.99991
326	268	0.999821
326	273	0.999914
326	314	0.99976
326	283	0.99991
326	310	0.999828
326	271	0.999906
326	269	0.999842
326	277	0.99977
326	316	0.999752
326	283	0.999846
326	278	0.999841
326	276	0.99976
326	256	0.999925
326	316	0.999907
326	294	0.999856
326	264	0.999938
326	229	0.999788
326	309	0.999823
326	278	0.999875
326	252	0.999949
326	307	0.999954
326	306	0.999738
326	304	0.999849
326	242	0.999796
326	278	0.999988
326	303	0.999977
326	295	0.999754
326	320	0.999936
326	316	0.999885
326	235	0.9998
326	302	0.999824
326	266	0.999802
326	299	0.999936
326	231	0.999781
326	272	0.999822
326	261	0.999957
326	223	0.999952
326	244	0.999769
326	257	0.999811
326	307	0.999858
326	251	0.999813
326	222	0.99993
326	324	0.999775
326	289	0.99999
326	253	0.999937
326	240	0.999929
326	237	0.999977
326	275	0.999736
326	315	0.999861
326	255	0.99997
326	271	0.999995
326	237	0.999943
326	255	0.999947
326	321	0.999808
326	262	0.999899
326	234	0.999754
326	259	0.999738
326	320	0.999763
326	289	0.99974
326	278	0.999787
326	319	0.999868
326	239	0.999944
326	307	0.999875
326	261	0.999751
326	297	0.999945
326	221	0.999903
326	312	0.999864
326	309	0.999903
326	256	0.999758
326	302	0.999846
326	280	0.999921
326	278	0.999977
326	225	0.999831
326	242	0.999925
326	242	0.99997
326	276	0.999982
326	243	0.999917
326	282	0.999824
326	297	0.999744
326	311	0.999959
326	320	0.999885
326	288	0.999929
326	307	0.999797
326	303	0.999872
326	290	0.99981
326	279	0.999741
326	221	0.999876
326	266	0.99975
326	244	0.999815
326	234	0.999805
326	243	0.99999
326	292	0.999814
326	243	0.999783
326	303	0.999772
326	273	0.999807
326	292	0.99976
326	325	0.999887
326	287	0.999956
326	233	0.999758
326	293	0.999744
326	237	0.999959
326	317	0.999746
326	324	0.999817
326	237	0.999735
326	302	0.999752
326	322	0.99991
326	224	0.999755
326	319	0.99992
326	240	0.999943
326	292	0.999794
326	256	0.999854
326	297	0.999852
326	325	0.999815
326	300	0.999791
326	308	0.999842
326	307	0.99999
326	262	0.999966
326	251	0.999877
326	281	0.999896
326	322	0.999868
326	275	0.999947
326	220	0.99983
326	317	0.999779
326	278	0.999793
326	308	0.999832
326	272	0.999833
326	315	0.9999
326	262	0.99994
326	264	0.999882
326	312	0.999816
326	238	0.999786
326	308	0.999927
326	292	0.999882
326	311	0.99991
326	227	0.999925
326	263	0.999833
326	277	0.999975
326	263	0.999863
326	224	0.999895
326	300	0.999937
326	286	0.999942
326	303	0.999784
326	289	0.999742
326	272	0.999965
326	314	0.999946
326	322	0.999779
326	274	0.999777
326	301	0.999843
326	318	0.999762
326	275	0.999802
326	293	0.999802
326	220	0.999773
326	275	0.999988
326	274	0.999916
326	306	0.999826
326	268	0.9998
326	223	0.999969
326	291	0.999825
326	265	0.999898
326	286	0.999762
326	220	0.999819
326	296	0.999825
326	297	0.999994
326	281	0.999895
326	239	0.999867
326	248	0.999751
326	235	0.999937
326	233	0.999835
326	293	0.999887
326	295	0.99985
326	237	0.999779
326	223	0.999963
326	276	0.999881
326	305	0.999925
326	229	0.999739
326	319	0.999992
326	226	0.999915
326	235	0.999745
326	286	0.999882
326	251	0.999914
326	240	0.999924
326	301	0.99991
326	296	0.999772
326	284	0.999891
326	264	0.999794
326	253	0.999827
326	231	0.999892
326	259	0.999831
326	225	0.999773
326	266	0.999823
326	262	0.999792
326	317	0.999876
326	232	0.999857
326	239	0.999991
326	226	0.999857
326	296	0.999967
326	312	0.999763
326	316	0.999908
326	298	0.999971
326	320	0.999949
326	258	0.999832
326	316	0.999868
326	287	0.999874
326	257	0.999976
326	230	0.999773
326	232	0.999739
326	304	0.999863
326	269	0.999769
326	292	0.999962
326	287	0.999788
326	227	0.999931
326	265	0.999834
326	316	0.999767
326	237	0.999833
326	236	0.999787
326	266	0.999732
326	324	0.9999
326	269	0.999893
326	274	0.999859
326	291	0.999844
326	271	0.999938
326	261	0.999808
326	248	0.99986
326	245	0.999927
326	278	0.999766
326	224	0.999824
326	301	0.999797
326	250	0.999918
326	248	0.999831
326	291	0.999944
326	249	0.999748
326	315	0.999807
326	308	0.999939
326	265	0.999949
326	266	0.999961
326	295	0.999811
326	273	0.999837
326	318	0.999936
326	317	0.999988
326	274	0.999845
326	321	0.999946
326	266	0.999843
326	271	0.999893
326	285	0.999969
326	311	0.999941
326	285	0.999896
326	262	0.999783
326	242	0.999964
326	229	0.999856
326	276	0.999842
326	278	0.999919
326	299	0.999895
326	317	0.999743
326	309	0.999851
326	258	0.999755
326	238	0.999943
326	259	0.999903
326	223	0.999817
326	220	0.999935
326	227	0.999973
326	226	0.999857
326	315	0.999767
326	310	0.999893
326	237	0.999771
326	235	0.99978
326	259	0.999936
326	302	0.999921
326	224	0.999739
326	246	0.999802
326	281	0.999899
326	317	0.999909
326	307	0.999872
326	284	0.999851
326	235	0.999933
326	325	0.999824
326	239	0.999992
326	269	0.999967
326	282	0.999753
326	324	0.999849
326	247	0.999742
326	272	0.999731
326	280	0.999991
326	278	0.999903
326	257	0.999835
326	294	0.999774
326	292	0.999853
326	300	0.99996
326	309	0.999932
326	281	0.999836
326	321	0.999986
326	265	0.999839
326	285	0.999848
326	251	0.999824
326	224	0.999984
326	228	0.999999
326	243	0.999783
326	320	0.999931
326	303	0.999864
326	298	0.99977
326	294	0.999835
326	300	0.999995
326	250	0.999835
326	282	0.999905
326	231	0.999946
326	225	0.999794
326	223	0.999798
326	226	0.999914
326	308	0.999933
326	225	0.999918
326	274	0.999912
326	291	0.999973
326	223	0.999733
326	256	0.999747
326	237	0.99977
326	309	0.999789
326	312	0.999794
326	324	0.999751
326	250	0.999741
326	290	0.999876
326	278	0.99982
326	247	0.999759
326	259	0.999829
326	312	0.999958
326	258	0.999941
326	267	0.999787
326	289	0.999926
326	237	0.999797
326	274	0.999995
326	324	0.999753
326	246	0.999739
326	310	0.999997
326	312	0.999801
326	252	0.999958
326	274	0.999877
326	293	0.999752
326	261	0.999739
326	232	0.999815
326	295	0.999853
326	238	0.999742
326	256	0.999737
326	239	0.999858
326	244	0.999818
326	250	0.999847
326	316	0.9998
326	262	0.999826
326	223	0.999855
326	230	0.999825
326	250	0.999914
326	279	0.999933
326	256	0.999964
326	273	0.999905
326	262	0.999991
326	236	0.999973
326	271	0.999837
326	319	0.999884
326	308	0.999753
326	247	0.999858
326	307	0.999822
326	233	0.999817
326	300	0.999825
326	255	0.999736
326	277	0.999934
326	232	0.99979
326	250	0.999992
326	239	0.999936
326	304	0.999912
326	264	0.999969
326	225	0.999915
326	233	0.999881
326	237	0.999994
326	279	0.999818
326	282	0.999931
326	244	0.999819
326	230	0.99991
326	282	0.999824
326	288	0.999876
326	256	0.999747
326	259	0.999891
326	239	0.999953
326	314	0.999755
326	296	0.999961
326	274	0.999996
326	271	0.999847
326	317	0.999958
326	220	0.99986
326	262	0.99998
326	243	0.99981
326	321	0.999783
326	233	0.999945
326	235	0.99979
326	232	0.999817
326	283	0.999916
326	255	0.999765
326	316	0.999948
326	230	0.999857
326	260	0.999922
326	317	0.999792
326	246	0.999747
326	236	0.99989
326	234	0.999875
326	282	0.999797
326	245	0.999995
326	303	0.999757
326	294	0.999847
326	269	0.999803
326	220	0.999999
326	222	0.999919
326	239	0.999874
326	234	0.999856
326	266	0.999986
326	249	0.999854
326	278	0.999742
326	296	0.999813
326	318	0.999962
326	264	0.999854
326	228	0.999855
326	298	0.999967
326	271	0.999903
326	257	0.99998
326	262	0.999732
326	233	0.999914
326	247	0.999753
326	255	0.999918
326	286	0.999794
326	257	0.999839
326	296	0.999906
326	230	0.999814
326	245	0.99982
326	309	0.99999
326	295	0.999909
326	221	0.999933
326	315	0.999819
326	230	0.999812
326	247	0.999894
326	226	0.999852
326	254	0.999816
326	321	0.999999
326	230	0.999816
326	221	0.999926
326	221	0.999754
326	293	0.999818
326	237	0.999744
326	263	0.999872
326	226	0.999821
326	235	0.999846
326	243	0.999992
326	244	0.999813
326	286	0.999831
326	253	0.999831
326	274	0.999914
326	263	0.999975
326	325	0.99992
326	227	0.99975
326	254	0.999886
326	238	0.999926
326	310	0.999897
326	276	0.999796
326	243	0.999885
326	267	0.999793
326	269	0.999794
326	289	0.999901
326	274	0.999909
326	255	0.999937
326	240	0.999893
326	237	0.999783
326	225	0.99986
326	295	0.999865
326	222	0.999817
326	264	0.999955
326	294	0.999747
326	252	0.999883
326	289	0.999815
326	241	0.999853
326	252	0.999824
326	275	0.999995
326	314	0.999785
326	260	0.999856
326	290	0.999966
326	271	0.999846
326	317	0.999924
326	246	0.999749
326	251	0.999875
326	272	0.999783
326	228	0.999752
326	247	0.999898
326	232	0.999932
326	277	0.999908
326	246	0.999782
326	235	0.999978
326	298	0.999736
326	259	0.999752
326	233	0.99976
326	260	0.999981
326	260	0.999943
326	314	0.999908
326	303	0.999786
326	309	0.999758
326	257	0.999905
326	222	0.999898
326	312	0.99991
326	271	0.999967
326	222	0.999813
326	309	0.999892
326	263	0.999925
326	317	0.999808
326	227	0.99976
326	300	0.99991
326	254	0.999981
326	277	0.999932
326	271	0.999966
326	293	0.999779
326	247	0.999972
326	267	0.999878
326	283	0.999999
326	311	0.99976
326	288	0.999808
326	297	0.999924
326	234	0.999892
326	254	0.999825
326	268	0.999907
326	302	0.99982
326	263	0.999797
326	316	0.999777
326	298	0.999769
326	308	0.999963
326	278	0.999738
326	234	0.999852
326	248	0.999997
326	243	0.999908
326	324	0.999933
326	228	0.999995
326	220	0.999923
326	324	0.999806
326	309	0.999878
326	251	0.999953
326	257	0.999976
326	274	0.999796
326	324	0.999745
326	254	0.999998
326	291	0.999927
326	265	0.999949
326	269	0.999895
326	318	0.999945
326	238	0.999804
326	233	0.999882
326	228	0.999979
326	293	0.999919
326	263	0.999941
326	243	0.999807
326	225	0.999853
326	272	0.999916
326	309	0.999754
326	314	0.99986
326	304	0.999967
326	220	0.999875
326	303	0.999746
326	324	0.999777
326	313	0.999937
326	305	0.999769
326	267	0.999818
326	316	0.999732
326	269	0.999784
326	321	0.999798
326	282	0.999816
326	233	0.999854
326	230	0.99986
326	267	0.999951
326	259	0.999818
326	308	0.999852
326	312	0.999843
326	308	0.99987
326	316	0.999895
326	274	0.999764
326	271	0.999805
326	286	0.999737
326	252	0.999956
326	235	0.999761
326	269	0.999918
326	287	0.999993
326	249	0.999773
326	288	0.999933
326	234	0.999792
326	273	0.999754
326	262	0.999931
326	306	0.999963
326	283	0.999991
326	232	0.999864
326	273	0.999911
326	296	0.999969
326	270	0.999914
326	289	0.999784
326	306	0.99982
326	242	0.999948
326	249	0.999811
326	281	0.999775
326	229	0.999787
326	249	0.999864
326	290	0.999796
326	226	0.999864
326	318	0.99984
326	290	0.999998
326	283	0.999827
326	245	0.999976
326	312	0.99999
326	275	0.999871
326	269	0.999995
326	306	0.999824
326	311	0.999799
326	233	0.999998
326	247	0.999797
326	250	0.999783
326	237	0.999946
326	304	0.999874
326	226	0.999831
326	319	0.999865
326	227	0.999853
326	303	0.999841
326	305	0.999732
326	313	0.999959
326	239	0.999751
326	234	0.999771
326	254	0.999986
326	267	0.999996
326	273	0.999983
326	235	0.999949
326	294	0.999854
326	266	0.999867
326	316	0.999749
326	232	0.999774
326	256	0.999765
326	297	0.999972
326	236	0.999824
326	221	0.999773
326	285	0.999831
326	314	0.99998
326	269	0.999999
326	319	0.999994
326	240	0.999984
326	292	0.99997
326	320	0.999937
326	265	0.999732
326	283	0.999784
326	295	0.999808
326	289	0.999781
326	230	0.999835
326	225	0.999917
326	263	0.999864
326	320	0.999778
326	252	0.999929
326	289	0.999796
326	252	0.999892
326	293	0.999836
326	308	0.999925
326	286	0.999968
326	276	0.999922
326	237	0.999997
326	293	0.999965
326	231	0.999987
326	233	0.999852
326	281	0.999798
326	225	0.999793
326	298	0.999837
326	258	0.999786
326	308	0.999748
326	224	0.999906
326	231	0.999808
326	267	0.999786
326	257	0.999864
326	284	0.999783
326	239	0.999799
326	300	0.999892
326	236	0.999849
326	242	0.999867
326	271	0.99984
326	293	0.999748
326	274	0.999802
326	270	0.999976
326	263	0.99974
326	267	0.999917
326	226	0.999767
326	281	0.999799
326	298	0.999781
326	288	0.999906
326	290	0.999842
326	276	0.999838
326	310	0.99989
326	262	0.999768
326	275	0.999838
326	256	0.999753
326	278	0.999802
326	242	0.999754
326	289	0.999806
326	304	0.999734
326	266	0.999758
326	234	0.999819
326	228	0.999917
326	285	0.999754
326	302	0.999978
326	247	0.999834
326	273	0.999925
326	234	0.999738
326	314	0.999957
326	233	0.999933
326	274	0.999903
326	234	0.999853
326	263	0.999744
326	281	0.99979
326	269	0.999888
326	237	0.999756
326	279	0.99978
326	280	0.99997
326	309	0.999923
326	319	0.999785
326	294	0.999896
326	269	0.999902
326	288	0.999746
326	306	0.999821
326	247	0.999801
326	262	0.9998
326	324	0.999856
326	298	0.999903
326	276	0.999953
326	285	0.999862
326	273	0.999741
326	288	0.999831
326	264	0.99987
326	324	0.999806
326	314	0.999772
326	242	0.999945
326	324	0.999937
326	221	0.999961
326	253	0.999913
326	263	0.99986
326	252	0.999746
326	277	0.999847
326	224	0.999948
326	285	0.999994
326	274	0.99987
326	256	0.999861
326	283	0.999819
326	317	0.999763
326	248	0.99976
326	292	0.999977
326	300	0.999884
326	253	0.999912
326	241	0.999999
326	226	0.999945
326	254	0.999939
326	241	0.999917
326	239	0.999768
326	292	0.99987
326	291	0.999903
326	232	0.999979
326	223	0.999868
326	307	0.999958
326	297	0.999846
326	305	0.999918
326	287	0.999993
326	241	0.999783
326	316	0.999824
326	233	0.999968
326	257	0.999991
326	285	0.999788
326	227	0.999744
326	249	0.999967
326	311	0.999909
326	253	0.999739
326	266	0.999844
326	231	0.999913
326	320	0.99995
326	261	0.999838
326	234	0.999763
326	291	0.999982
326	242	0.999956
326	264	0.999776
326	225	0.999973
326	254	0.999861
326	325	0.99979
326	287	0.999733
326	226	0.999931
326	276	0.999762
326	269	0.999909
326	276	0.999807
326	259	0.999829
326	275	0.999837
326	259	0.999971
326	269	0.999868
326	221	0.999764
326	310	0.999889
326	305	0.999932
326	269	0.999837
326	268	0.999848
326	267	0.999754
326	255	0.999941
326	296	0.999835
326	290	0.999998
326	225	0.999972
326	323	0.999992
326	283	0.99987
326	282	0.999896
326	317	0.999828
326	308	0.999806
326	314	0.999903
326	272	0.999859
326	260	0.999823
326	265	0.999805
326	225	0.999895
326	278	0.999799
326	279	0.999956
326	275	0.999881
326	251	0.999734
326	248	0.999792
326	230	0.999732
326	278	0.999861
326	260	0.999824
326	284	0.999828
326	239	0.999895
326	259	0.999769
326	303	0.999983
326	296	0.999778
326	260	0.99996
326	262	0.999909
326	245	0.999761
326	261	0.999967
326	220	0.999861
326	300	0.999898
326	297	0.999878
326	270	0.999974
326	298	0.999823
326	242	0.999902
326	293	0.999952
326	245	0.999849
326	244	0.999792
326	274	0.999844
326	305	0.999871
326	253	0.999801
326	291	0.999999
326	246	0.999957
326	291	0.999884
326	220	0.999773
326	273	0.999909
326	291	0.999779
326	246	0.999953
326	268	0.999746
326	286	0.999864
326	221	0.99979
326	286	0.99978
326	223	0.99991
326	293	0.999887
326	222	0.999889
326	233	0.999847
326	304	0.999734
326	246	0.9999
326	228	0.99998
326	321	0.999734
326	224	0.99984
326	251	0.99995
326	247	0.999889
326	283	0.999984
326	239	0.999793
326	260	0.999858
326	300	0.999934
326	325	0.999919
326	300	0.999748
326	228	0.999829
326	313	0.999794
326	303	0.999971
326	324	0.999811
326	244	0.99998
326	260	0.999907
326	306	0.999827
326	238	0.999836
326	267	0.999953
326	240	0.999945
326	289	0.999986
326	297	0.999769
326	246	0.999913
326	258	0.999772
326	304	0.999822
326	243	0.999958
326	251	0.999966
326	280	0.999936
326	288	0.999883
326	248	0.999964
326	308	0.999892
326	267	0.99986
326	273	0.999875
326	240	0.999784
326	313	0.99998
326	248	0.999925
326	228	0.999809
326	248	0.99985
326	270	0.999899
326	229	0.999876
326	324	0.999992
326	299	0.999777
326	226	0.999971
326	304	0.99993
326	223	0.999927
326	317	0.999801
326	233	0.999901
326	291	0.999905
326	269	0.999785
326	300	0.999899
326	223	0.999899
326	321	0.999861
326	250	0.999972
326	302	0.999948
326	273	0.999793
326	273	0.999985
326	286	0.999915
326	230	0.999928
326	314	0.999934
326	319	0.999838
326	279	0.999776
326	304	0.999975
326	268	0.999874
326	268	0.999818
326	234	0.999995
326	242	0.999906
326	276	0.999809
326	318	0.999982
326	246	0.999824
326	234	0.999752
326	247	0.999944
326	278	0.999788
326	259	0.999755
326	277	0.999835
326	306	0.999936
326	323	0.999927
326	269	0.99995
326	299	0.999739
326	303	0.999892
326	255	0.999847
326	263	0.999838
326	262	0.999842
326	224	0.999987
326	247	0.999975
326	297	0.999945
326	295	0.999875
326	317	0.999789
326	288	0.9999
326	311	0.999849
326	313	0.999997
326	221	0.999994
326	264	0.99997
326	280	0.999902
326	234	0.999768
326	287	0.999754
326	280	0.999963
326	300	0.999835
326	258	0.999856
326	261	0.999762
326	271	0.999864
326	251	0.999929
326	263	0.999811
326	260	0.999835
326	253	0.999997
326	250	0.999805
326	255	0.99979
326	289	0.999995
326	229	0.999948
326	297	0.999983
326	272	0.999961
326	309	0.999885
326	279	0.999917
326	310	0.99976
326	266	0.999913
326	323	0.999782
326	305	0.999941
326	307	0.999917
326	265	0.999927
326	229	0.999906
326	233	0.999837
326	250	0.999889
326	248	0.999756
326	312	0.999792
326	320	0.999923
326	226	0.999743
326	310	0.999772
326	222	0.999984
326	278	0.99998
326	236	0.999825
326	310	0.999952
326	262	0.999956
326	292	0.999903
326	236	0.999938
326	243	0.999952
326	227	0.999836
326	305	0.999747
326	285	0.999977
326	299	0.999949
326	311	0.999832
326	236	0.999828
326	312	0.999927
326	261	0.999801
326	242	0.999733
326	275	0.999893
326	311	0.999799
