3500
63	46	0.999926
63	36	0.999878
63	56	0.999885
63	53	0.999554
63	44	0.999605
63	54	0.9999
63	43	0.999514
63	34	0.999818
63	43	0.999542
63	51	0.999748
63	38	0.999954
63	42	0.999604
63	45	0.999834
63	35	0.99958
63	57	0.999874
63	51	0.999521
63	37	0.99983
63	40	0.999747
63	61	0.999942
63	32	0.999697
63	33	0.999645
63	57	0.999986
63	43	0.999653
63	28	0.999647
63	27	0.999535
63	62	0.999732
63	61	0.9996
63	40	0.999605
63	37	0.999827
63	31	0.999816
63	34	0.999902
63	28	0.999755
63	56	0.999702
63	39	0.999592
63	55	0.999859
63	61	0.999913
63	43	0.999656
63	37	0.999782
63	50	0.999836
63	60	0.999521
63	28	0.999889
63	50	0.99976
63	36	0.999612
63	37	0.99967
63	54	0.999752
63	37	0.999773
63	56	0.999543
63	35	0.999542
63	41	0.999561
63	40	0.999975
63	62	0.999782
63	43	0.999515
63	54	0.999727
63	28	0.999974
63	50	0.999571
63	58	0.999838
63	31	0.99974
63	54	0.999823
63	40	0.999748
63	55	0.999729
63	35	0.999823
63	31	0.999823
63	30	0.999789
63	41	0.999796
63	43	0.999877
63	31	0.999711
63	51	0.99958
63	36	0.99971
63	57	0.999523
63	47	0.999946
63	49	0.999522
63	48	0.999598
63	60	0.999901
63	52	0.999883
63	49	0.999558
63	41	0.999602
63	49	0.999846
63	40	0.999689
63	58	0.999532
63	56	0.99972
63	58	0.999781
63	38	0.999607
63	60	0.999776
63	29	0.999746
63	56	0.999781
63	62	0.999887
63	60	0.999655
63	38	0.999843
63	33	0.999601
63	50	0.999576
63	39	0.999718
63	34	0.99953
63	39	0.999886
63	39	0.999588
63	27	0.999786
63	56	0.999805
63	59	0.999752
63	62	0.999677
63	33	0.999932
63	47	0.999856
63	40	0.999794
63	47	0.999552
63	61	0.999864
63	43	0.999698
63	31	0.999926
63	42	0.9996
63	29	0.999619
63	47	0.999706
63	56	0.999573
63	34	0.999804
63	37	0.999876
63	36	0.999839
63	60	0.999646
63	33	0.999903
63	39	0.99974
63	58	0.999756
63	42	0.999976
63	35	0.999931
63	30	0.999665
63	42	0.999647
63	44	0.999801
63	49	0.999788
63	40	0.999917
63	47	0.999861
63	62	0.999819
63	51	0.999718
63	40	0.999907
63	42	0.999822
63	55	0.999839
63	54	0.999936
63	51	0.999674
63	28	0.999593
63	47	0.999639
63	33	0.999606
63	61	0.999702
63	36	0.999883
63	29	0.999992
63	55	0.999978
63	53	0.999601
63	33	0.999602
63	29	0.999881
63	57	0.999832
63	43	0.999577
63	61	0.999868
63	55	0.99952
63	39	0.999797
63	30	0.999632
63	38	0.999953
63	44	0.999776
63	39	0.999906
63	29	0.999778
63	30	0.999873
63	60	0.999881
63	40	0.999957
63	38	0.999803
63	38	0.999599
63	54	0.999994
63	30	0.999687
63	29	0.999518
63	27	0.999632
63	50	0.999668
63	39	0.999575
63	42	0.999837
63	27	0.999537
63	31	0.999612
63	38	0.999684
63	50	0.999626
63	36	0.999796
63	51	0.999801
63	42	0.999791
63	47	0.999569
63	42	0.999772
63	30	0.999708
63	40	0.999554
63	50	0.999692
63	44	0.99951
63	27	0.999821
63	52	0.999683
63	58	0.999575
63	29	0.999829
63	42	0.999664
63	37	0.999911
63	48	0.999568
63	54	0.999586
63	60	0.999709
63	36	0.99951
63	55	0.999818
63	48	0.999674
63	44	0.999683
63	40	0.99958
63	61	0.999843
63	42	0.999961
63	55	0.999849
63	42	0.999997
63	54	0.999886
63	49	0.999516
63	35	0.999567
63	38	0.999638
63	44	0.999633
63	50	0.999747
63	38	0.999979
63	30	0.999535
63	32	0.999797
63	60	0.999952
63	48	0.999724
63	61	0.999548
63	48	0.99961
63	51	0.999873
63	49	0.99999
63	27	0.999585
63	58	0.999667
63	52	0.999525
63	30	0.999717
63	32	0.999509
63	44	0.999925
63	32	0.999836
63	30	0.999797
63	61	0.999804
63	58	0.999876
63	32	0.999781
63	35	0.999801
63	47	0.999859
63	45	0.999812
63	32	0.999708
63	40	0.999707
63	56	0.99953
63	29	0.999547
63	36	0.999762
63	55	0.999667
63	59	0.999897
63	54	0.999536
63	38	0.999934
63	58	0.999994
63	50	0.999699
63	45	0.999638
63	47	0.999947
63	59	0.999711
63	57	0.9996
63	44	0.999826
63	35	0.999786
63	44	0.999996
63	30	0.99976
63	34	0.999922
63	47	0.999716
63	56	0.999913
63	44	0.999864
63	48	0.999783
63	29	0.999954
63	61	0.999916
63	44	0.999589
63	56	0.999848
63	49	0.999877
63	59	0.999932
63	30	0.999855
63	28	0.999673
63	53	0.999689
63	27	0.99993
63	37	0.999676
63	41	0.999631
63	41	0.999829
63	43	0.999766
63	31	0.999525
63	40	0.999596
63	38	0.999673
63	54	0.999964
63	31	0.999609
63	52	0.999918
63	53	0.999825
63	35	0.999659
63	52	0.999569
63	32	0.99958
63	47	0.999787
63	47	0.999557
63	58	0.999956
63	43	0.999888
63	27	0.999744
63	40	0.999854
63	34	0.999566
63	34	0.999509
63	41	0.999648
63	40	0.999809
63	34	0.999633
63	43	0.999716
63	43	0.999555
63	30	0.999838
63	33	0.999811
63	62	0.999605
63	51	0.999658
63	37	0.999866
63	34	0.999552
63	38	0.999853
63	49	0.999595
63	31	0.999773
63	39	0.999622
63	30	0.999799
63	38	0.999833
63	28	0.999676
63	62	0.999692
63	28	0.999825
63	34	0.999679
63	28	0.999649
63	57	0.999823
63	46	0.99984
63	60	0.99973
63	54	0.999869
63	43	0.999597
63	56	0.999871
63	27	0.999962
63	31	0.999985
63	55	0.999571
63	30	0.999678
63	57	0.999797
63	44	0.999864
63	27	0.999807
63	49	0.999928
63	57	0.999936
63	31	0.999804
63	62	0.999678
63	41	0.999908
63	60	0.999513
63	28	0.999981
63	48	0.99951
63	44	0.999981
63	60	0.999775
63	32	0.999689
63	60	0.999898
63	54	0.999923
63	40	0.999584
63	58	0.999537
63	41	0.999777
63	43	0.999789
63	39	0.999883
63	38	0.999607
63	31	0.999535
63	43	0.999772
63	54	0.999951
63	56	0.999558
63	30	0.999678
63	29	0.999966
63	40	0.999748
63	50	0.999517
63	58	0.999582
63	51	0.999947
63	49	0.99976
63	40	0.999888
63	29	0.999615
63	41	0.999748
63	60	0.999876
63	51	0.999732
63	52	0.999945
63	55	0.999521
63	27	0.999681
63	46	0.999675
63	46	0.99995
63	54	0.999804
63	44	0.999718
63	49	0.999583
63	37	0.999939
63	36	0.999599
63	36	0.999936
63	50	0.999562
63	44	0.999946
63	37	0.999911
63	40	0.999828
63	41	0.999509
63	40	0.999781
63	34	0.999899
63	50	0.999889
63	32	0.999939
63	56	0.99959
63	61	0.999928
63	54	0.99974
63	46	0.999709
63	27	0.999562
63	46	0.999742
63	37	0.999509
63	62	0.999658
63	55	0.999743
63	50	0.999749
63	37	0.999763
63	33	0.999719
63	29	0.999781
63	58	0.99961
63	62	0.999607
63	41	0.999857
63	40	0.999866
63	62	0.999696
63	31	0.999967
63	56	0.999599
63	53	0.999521
63	33	0.999586
63	46	0.999891
63	29	0.99956
63	47	0.999969
63	41	0.999769
63	60	0.999975
63	29	0.999521
63	50	0.999571
63	39	0.999961
63	39	0.99971
63	56	0.999768
63	48	0.999971
63	36	0.999677
63	61	0.999512
63	62	0.999561
63	36	0.999825
63	28	0.999907
63	62	0.999641
63	34	0.999946
63	34	0.999988
63	59	0.999917
63	53	0.999885
63	37	0.999681
63	51	0.999807
63	35	0.999735
63	31	0.999701
63	37	0.999981
63	44	0.999535
63	54	0.999507
63	40	0.999976
63	54	0.999832
63	40	0.999934
63	48	0.999605
63	31	0.999665
63	44	0.999781
63	42	0.99966
63	50	0.99983
63	50	0.999605
63	61	0.999572
63	31	0.999623
63	32	0.999692
63	54	0.999912
63	32	0.999848
63	54	0.999578
63	55	0.999839
63	51	0.999628
63	53	0.999799
63	56	0.999585
63	30	0.99955
63	62	0.999534
63	35	0.999829
63	53	0.999526
63	31	0.999851
63	48	0.999633
63	28	0.999678
63	31	0.999558
63	30	0.999977
63	44	0.999527
63	58	0.999746
63	52	0.999774
63	48	0.99972
63	39	0.999678
63	30	0.999523
63	28	0.999927
63	47	0.999618
63	34	0.999804
63	50	0.999873
63	49	0.999932
63	47	0.999535
63	46	0.999803
63	41	0.999625
63	42	0.999542
63	31	0.999893
63	32	0.999949
63	38	0.999737
63	59	0.999565
63	51	0.999834
63	61	0.999948
63	28	0.999985
63	60	0.999978
63	51	0.99988
63	35	0.999871
63	30	0.999863
63	42	0.99985
63	27	0.999689
63	48	0.999813
63	29	0.999798
63	32	0.99985
63	31	0.999925
63	29	0.999832
63	32	0.999994
63	43	0.99994
63	59	0.999832
63	54	0.999532
63	37	0.999976
63	43	0.999573
63	61	0.999816
63	50	0.999724
63	36	0.999661
63	51	0.999907
63	58	0.999512
63	47	0.999671
63	35	0.999677
63	28	0.9997
63	29	0.999597
63	51	0.999726
63	35	0.999549
63	62	0.999584
63	53	0.999968
63	44	0.999989
63	53	0.999712
63	32	0.999918
63	36	0.999897
63	52	0.9997
63	36	0.999714
63	29	0.999658
63	34	0.99985
63	53	0.999688
63	53	0.999769
63	58	0.999763
63	51	0.999744
63	48	0.999656
63	42	0.999998
63	47	0.999773
63	41	0.999648
63	59	0.999694
63	48	0.999837
63	35	0.999835
63	39	0.999718
63	33	0.999796
63	57	0.999774
63	54	0.999871
63	61	0.999696
63	52	0.999946
63	36	0.999936
63	59	0.999652
63	57	0.999849
63	34	0.999508
63	57	0.999548
63	28	0.999929
63	42	0.999893
63	61	0.999861
63	48	0.999517
63	48	0.999657
63	58	0.999995
63	29	0.999821
63	51	0.999843
63	50	0.99967
63	45	0.999965
63	58	0.999712
63	30	0.999514
63	27	0.999565
63	42	0.999832
63	45	0.999632
63	36	0.999725
63	40	0.999529
63	37	0.999926
63	48	0.999682
63	59	0.999696
63	58	0.99971
63	43	0.999721
63	56	0.999614
63	49	0.999846
63	51	0.999538
63	37	0.999554
63	55	0.999898
63	36	0.99957
63	27	0.999654
63	28	0.999821
63	45	0.999587
63	39	0.999522
63	38	0.999865
63	27	0.999835
63	31	0.999949
63	34	0.999992
63	37	0.999949
63	58	0.999544
63	57	0.999811
63	45	0.999995
63	54	0.999915
63	51	0.999674
63	40	0.99973
63	57	0.999651
63	37	0.999691
63	58	0.999956
63	59	0.999671
63	41	0.999861
63	61	0.999651
63	35	0.999854
63	44	0.99984
63	42	0.999708
63	32	0.999999
63	37	0.999673
63	48	0.999778
63	45	0.999866
63	47	0.999982
63	35	0.999749
63	48	0.99965
63	46	0.999528
63	58	0.999913
63	54	0.999823
63	31	0.999649
63	38	0.999562
63	47	0.999772
63	40	0.999827
63	29	0.999911
63	59	0.999775
63	32	0.999529
63	50	0.999732
63	61	0.999759
63	52	0.999574
63	46	0.999677
63	56	0.999957
63	37	0.999793
63	35	0.99982
63	57	0.999945
63	28	0.999798
63	49	0.999523
63	50	0.999573
63	45	0.999897
63	33	0.999923
63	41	0.99989
63	28	0.999669
63	51	0.999823
63	29	0.999575
63	37	0.999865
63	55	0.999647
63	57	0.999801
63	40	0.999775
63	44	0.999775
63	52	0.999936
63	47	0.999815
63	52	0.99997
63	43	0.999959
63	48	0.999846
63	35	0.999829
63	42	0.999791
63	50	0.999768
63	49	0.999863
63	29	0.999792
63	33	0.999575
63	57	0.999744
63	48	0.999575
63	35	0.999604
63	47	0.999787
63	33	0.999939
63	42	0.999529
63	61	0.999584
63	27	0.999855
63	40	0.999672
63	38	0.999909
63	28	0.99994
63	50	0.999724
63	40	0.999617
63	35	0.999628
63	61	0.999508
63	59	0.999596
63	62	0.999937
63	31	0.999675
63	28	0.999641
63	34	0.999682
63	46	0.999835
63	43	0.999737
63	36	0.99986
63	42	0.999726
63	28	0.999804
63	35	0.999942
63	42	0.999862
63	42	0.999757
63	59	0.999797
63	42	0.99986
63	51	0.999739
63	49	0.99963
63	32	0.999659
63	46	0.999906
63	56	0.999966
63	55	0.99953
63	32	0.999565
63	27	0.999586
63	55	0.999817
63	48	0.999913
63	53	0.999526
63	52	0.99987
63	56	0.999562
63	40	0.99981
63	62	0.999916
63	52	0.999828
63	60	0.999671
63	59	0.999763
63	59	0.999921
63	40	0.999621
63	34	0.999732
63	43	0.999948
63	30	0.999972
63	58	0.999856
63	32	0.999626
63	47	0.999919
63	51	0.999958
63	34	0.999572
63	61	0.999547
63	43	0.999653
63	28	0.999919
63	52	0.999923
63	49	0.999796
63	35	0.999894
63	48	0.999603
63	51	0.999586
63	41	0.99956
63	44	0.999704
63	31	0.999557
63	45	0.999545
63	45	0.999586
63	43	0.999701
63	60	0.999656
63	45	0.99992
63	37	0.999776
63	51	0.999532
63	62	0.999666
63	53	0.999941
63	30	0.999599
63	42	0.999935
63	49	0.999996
63	57	0.999649
63	61	0.999964
63	46	0.999849
63	53	0.999907
63	30	0.999607
63	56	0.999897
63	32	0.999582
63	38	0.99996
63	38	0.999842
63	35	0.99965
63	53	0.999707
63	34	0.999616
63	34	0.999879
63	55	0.999927
63	57	0.999684
63	61	0.999829
63	33	0.999601
63	60	0.999699
63	40	0.999834
63	45	0.999789
63	39	0.999844
63	32	0.999652
63	35	0.999971
63	41	0.999619
63	57	0.999922
63	40	0.999593
63	60	0.999629
63	42	0.999922
63	46	0.999828
63	59	0.999767
63	31	0.999793
63	36	0.999711
63	32	0.999751
63	57	0.999848
63	46	0.99964
63	51	0.99988
63	61	0.99973
63	48	0.99953
63	56	0.999525
63	46	0.999599
63	45	0.999842
63	44	0.999622
63	34	0.999831
63	34	0.999639
63	29	0.999991
63	46	0.999694
63	58	0.999527
63	30	0.999528
63	52	0.999818
63	36	0.999633
63	38	0.999696
63	45	0.999787
63	40	0.999773
63	55	0.999927
63	52	0.999717
63	57	0.999574
63	56	0.999994
63	53	0.999889
63	52	0.999797
63	44	0.999779
63	33	0.999653
63	29	0.999819
63	60	0.999721
63	39	0.999924
63	37	0.999917
63	46	0.999542
63	55	0.999665
63	40	0.999743
63	61	0.999662
63	46	0.999584
63	50	0.99988
63	48	0.999607
63	53	0.999696
63	48	0.999821
63	45	0.999878
63	28	0.999845
63	62	0.999802
63	56	0.999823
63	49	0.999629
63	28	0.999682
63	44	0.99961
63	47	0.999969
63	31	0.999596
63	45	0.99975
63	35	0.999761
63	31	0.999894
63	42	0.999663
63	41	0.999625
63	35	0.999608
63	34	0.999859
63	42	0.99984
63	47	0.999807
63	49	0.999804
63	62	0.999776
63	54	0.999702
63	37	0.999892
63	44	0.999688
63	35	0.999956
63	44	0.999551
63	58	0.999698
63	50	0.999585
63	48	0.999735
63	50	0.999579
63	52	0.999987
63	62	0.999522
63	31	0.999836
63	35	0.999785
63	37	0.99969
63	41	0.999884
63	36	0.999852
63	44	0.999953
63	62	0.999737
63	39	0.99998
63	55	0.999519
63	42	0.99984
63	62	0.99958
63	49	0.999686
63	62	0.999862
63	28	0.999542
63	60	0.999604
63	39	0.999599
63	27	0.999896
63	29	0.999645
63	56	0.999706
63	58	0.999539
63	48	0.999696
63	46	0.999508
63	54	0.999826
63	30	0.999997
63	46	0.999687
63	32	0.99983
63	53	0.999833
63	52	0.999787
63	60	0.999678
63	50	0.999837
63	41	0.99973
63	42	0.999826
63	32	0.999712
63	59	0.999835
63	42	0.999826
63	39	0.999783
63	31	0.999594
63	50	0.999939
63	42	0.999757
63	43	0.999539
63	40	0.999562
63	31	0.999588
63	46	0.999736
63	54	0.999534
63	39	0.999524
63	28	0.999749
63	62	0.999701
63	51	0.999776
63	54	0.999658
63	32	0.999635
63	29	0.999625
63	36	0.999875
63	44	0.999749
63	51	0.99987
63	54	0.999748
63	52	0.999914
63	36	0.999574
63	35	0.999976
63	56	0.999586
63	29	0.99963
63	55	0.999817
63	29	0.999611
63	47	0.999669
63	30	0.999701
63	47	0.999769
63	39	0.999585
63	55	0.999863
63	31	0.99978
63	32	0.999631
63	53	0.999947
63	45	0.999715
63	47	0.999616
63	55	0.99987
63	59	0.999861
63	29	0.99991
63	29	0.999954
63	52	0.999889
63	37	0.999543
63	49	0.999807
63	59	0.999843
63	52	0.999618
63	51	0.999832
63	32	0.999652
63	52	0.999536
63	51	0.99958
63	43	0.999765
63	46	0.999772
63	57	0.999843
63	33	0.99989
63	40	0.999856
63	27	0.999602
63	44	0.999579
63	54	0.999698
63	35	0.999674
63	41	0.999865
63	58	0.999808
63	51	0.999999
63	56	0.999993
63	44	0.999757
63	44	0.999523
63	55	0.999824
63	48	0.999649
63	28	0.999617
63	52	0.999966
63	28	0.999684
63	28	0.999853
63	60	0.999592
63	55	0.999655
63	47	0.999811
63	61	0.999604
63	60	0.999737
63	44	0.999994
63	57	0.999978
63	56	0.999963
63	52	0.999863
63	48	0.999617
63	41	0.999984
63	56	0.999837
63	52	0.999589
63	42	0.999751
63	36	0.999963
63	52	0.999877
63	58	0.999961
63	40	0.999719
63	59	0.999783
63	43	0.999873
63	34	0.999586
63	36	0.999867
63	58	0.999874
63	60	0.999607
63	41	0.999583
63	53	0.999604
63	35	0.999668
63	43	0.999509
63	31	0.999749
63	47	0.999727
63	61	0.999706
63	30	0.999807
63	55	0.999662
63	44	0.999808
63	27	0.999902
63	55	0.999958
63	35	0.999559
63	54	0.999648
63	31	0.999618
63	56	0.999531
63	54	0.99958
63	44	0.999848
63	46	0.999512
63	30	0.999991
63	48	0.999568
63	41	0.999579
63	51	0.999658
63	59	0.999931
63	36	0.999617
63	57	0.999711
63	53	0.999636
63	46	0.999978
63	47	0.999665
63	38	0.999807
63	42	0.999764
63	51	0.999657
63	49	0.999894
63	28	0.999836
63	34	0.999807
63	58	0.999521
63	60	0.999905
63	30	0.999582
63	61	0.999726
63	58	0.999813
63	33	0.999637
63	37	0.999925
63	60	0.999759
63	38	0.999778
63	54	0.999908
63	30	0.99988
63	30	0.999676
63	60	0.999777
63	28	0.999994
63	34	0.999893
63	58	0.999664
63	40	0.999591
63	52	0.999701
63	37	0.999929
63	48	0.999537
63	55	0.999704
63	51	0.999736
63	30	0.99951
63	42	0.999877
63	38	0.999877
63	40	0.999984
63	45	0.999547
63	43	0.999736
63	37	0.999808
63	28	0.999882
63	54	0.999745
63	48	0.999523
63	59	0.999747
63	52	0.999728
63	58	0.999799
63	57	0.999656
63	54	0.999987
63	33	0.999917
63	48	0.999549
63	38	0.999719
63	55	0.999555
63	33	0.999909
63	56	0.999551
63	57	0.999894
63	53	0.999955
63	60	0.999843
63	58	0.999516
63	35	0.999757
63	61	0.999592
63	34	0.999836
63	48	0.99954
63	38	0.999706
63	37	0.999909
63	59	0.999797
63	49	0.999563
63	32	0.999914
63	46	0.999609
63	35	0.999842
63	40	0.999704
63	27	0.999525
63	31	0.999971
63	31	0.999705
63	32	0.999731
63	58	0.999667
63	62	0.999906
63	39	0.999855
63	58	0.999782
63	56	0.999852
63	30	0.999906
63	52	0.999633
63	31	0.999881
63	45	0.999717
63	57	0.999843
63	42	0.999569
63	52	0.999799
63	61	0.99972
63	38	0.999724
63	53	0.999633
63	42	0.99999
63	61	0.999708
63	43	0.999996
63	45	0.999785
63	38	0.99965
63	35	0.999528
63	34	0.999942
63	35	0.999675
63	49	0.999596
63	33	0.999951
63	37	0.999982
63	55	0.999519
63	29	0.999631
63	42	0.999786
63	44	0.999882
63	34	0.999949
63	54	0.999949
63	30	0.999645
63	57	0.999883
63	52	0.999926
63	61	0.999676
63	33	0.999947
63	40	0.99994
63	54	0.999851
63	39	0.999859
63	36	0.999996
63	58	0.999749
63	29	0.999907
63	31	0.999698
63	60	0.999888
63	60	0.999812
63	34	0.999796
63	34	0.999632
63	49	0.999995
63	52	0.999736
63	49	0.999883
63	47	0.999957
63	46	0.999885
63	33	0.999897
63	29	0.999771
63	37	0.999591
63	33	0.999591
63	43	0.999723
63	62	0.99957
63	27	0.999764
63	42	0.999889
63	33	0.999792
63	29	0.999726
63	34	0.999744
63	32	0.999873
63	30	0.999858
63	54	0.999548
63	42	0.999557
63	52	0.999662
63	35	0.999919
63	41	0.999944
63	47	0.999679
63	37	0.999659
63	38	0.999602
63	56	0.999559
63	54	0.999713
63	39	0.999935
63	53	0.999572
63	58	0.999594
63	48	0.999543
63	40	0.999642
63	30	0.999784
63	28	0.999873
63	45	0.999551
63	28	0.999981
63	57	0.999929
63	27	0.999936
63	32	0.999609
63	56	0.999633
63	46	0.999574
63	27	0.999753
63	39	0.999686
63	47	0.999811
63	36	0.999781
63	62	0.999518
63	46	0.999651
63	43	0.99997
63	46	0.999732
63	40	0.999939
63	38	0.999765
63	49	0.999676
63	40	0.999878
63	42	0.999979
63	49	0.999672
63	61	0.999723
63	51	0.999539
63	60	0.999862
63	57	0.999683
63	44	0.999712
63	56	0.999836
63	28	0.999513
63	57	0.999953
63	57	0.999551
63	56	0.99986
63	52	0.99997
63	49	0.999538
63	31	0.999901
63	37	0.999886
63	53	0.999677
63	60	0.999563
63	29	0.999874
63	46	0.999665
63	57	0.999888
63	51	0.999571
63	48	0.999882
63	27	0.999649
63	38	0.999901
63	44	0.999718
63	38	0.99963
63	51	0.999931
63	48	0.99963
63	51	0.999961
63	49	0.999933
63	52	0.999509
63	53	0.999894
63	58	0.999648
63	44	0.999728
63	29	0.999785
63	31	0.999959
63	52	0.999785
63	35	0.999605
63	46	0.999987
63	49	0.999677
63	54	0.999628
63	55	0.99982
63	34	0.999578
63	28	0.999918
63	57	0.999559
63	41	0.999536
63	33	0.999962
63	39	0.999642
63	48	0.999904
63	28	0.999668
63	29	0.999966
63	43	0.99955
63	39	0.999804
63	53	0.999623
63	29	0.999516
63	62	0.999963
63	61	0.99965
63	52	0.999717
63	42	0.999912
63	44	0.999906
63	57	0.999769
63	53	0.999789
63	55	0.999986
63	61	0.999535
63	46	0.999715
63	30	0.999792
63	49	0.999768
63	42	0.999613
63	32	0.999757
63	59	0.999603
63	28	0.999768
63	57	0.999551
63	60	0.999627
63	62	0.999629
63	49	0.999797
63	41	0.999927
63	56	0.999563
63	30	0.999959
63	60	0.999902
63	47	0.999589
63	27	0.999592
63	58	0.999661
63	30	0.999786
63	44	0.99979
63	38	0.999798
63	52	0.99985
63	47	0.999948
63	41	0.999937
63	28	0.999623
63	61	0.999993
63	45	0.999545
63	54	0.999716
63	51	0.999892
63	32	0.999901
63	52	0.999851
63	62	0.999573
63	53	0.999891
63	41	0.999694
63	40	0.999681
63	29	0.999925
63	47	0.99968
63	36	0.999769
63	62	0.999939
63	48	0.999577
63	57	0.999575
63	31	0.999919
63	30	0.999714
63	58	0.999761
63	37	0.999892
63	49	0.999792
63	30	0.999884
63	38	0.999522
63	37	0.999684
63	37	0.999943
63	45	0.999773
63	58	0.999782
63	29	0.999678
63	27	0.999747
63	28	0.999615
63	43	0.999929
63	35	0.999952
63	31	0.99973
63	59	0.999826
63	29	0.999917
63	32	0.999601
63	39	0.999973
63	42	0.999996
63	46	0.999765
63	30	0.999637
63	29	0.999735
63	41	0.999521
63	28	0.999678
63	62	0.999814
63	38	0.999986
63	46	0.999863
63	57	0.99974
63	51	0.999828
63	60	0.999864
63	37	0.999856
63	30	0.999513
63	28	0.999566
63	39	0.999592
63	62	0.99959
63	51	0.99974
63	62	0.999997
63	41	0.999771
63	28	0.99988
63	50	0.999958
63	54	0.999656
63	40	0.999897
63	62	0.999665
63	51	0.999526
63	52	0.99968
63	28	0.999792
63	30	0.999942
63	38	0.999789
63	62	0.999543
63	37	0.999663
63	48	0.999589
63	33	0.999897
63	27	0.999556
63	55	0.999855
63	59	0.99992
63	35	0.999716
63	49	0.999747
63	56	0.999731
63	35	0.999756
63	49	0.999863
63	44	0.999691
63	47	0.999783
63	29	0.99982
63	62	0.999622
63	27	0.999822
63	56	0.999938
63	28	0.999982
63	48	0.999898
63	56	0.99978
63	50	0.999636
63	29	0.999596
63	33	0.999599
63	37	0.999985
63	54	0.999767
63	38	0.999684
63	45	0.999728
63	58	0.999739
63	57	0.999906
63	49	0.999907
63	43	0.999605
63	45	0.999824
63	48	0.999696
63	33	0.999789
63	59	0.999834
63	60	0.999595
63	29	0.999513
63	34	0.99963
63	50	0.999965
63	47	0.999753
63	48	0.999656
63	53	0.999907
63	57	0.999877
63	36	0.999602
63	46	0.999728
63	47	0.999683
63	59	0.999689
63	30	0.999779
63	55	0.999539
63	56	0.999539
63	31	0.999625
63	48	0.999536
63	56	0.999997
63	41	0.999868
63	28	0.999738
63	46	0.999918
63	34	0.99961
63	38	0.999765
63	37	0.999803
63	34	0.999878
63	39	0.99983
63	45	0.999588
63	38	0.999587
63	60	0.999977
63	53	0.999599
63	52	0.99997
63	45	0.999735
63	58	0.999626
63	37	0.999691
63	51	0.999614
63	33	0.99973
63	35	0.999761
63	47	0.999994
63	42	0.999883
63	45	0.999567
63	48	0.999762
63	41	0.999531
63	49	0.999781
63	40	0.999759
63	50	0.999941
63	27	0.99963
63	50	0.999739
63	40	0.999659
63	55	0.999994
63	37	0.999918
63	55	0.999914
63	49	0.999587
63	56	0.9998
63	51	0.999785
63	54	0.999769
63	41	0.999866
63	37	0.999867
63	46	0.999533
63	34	0.999742
63	29	0.999872
63	57	0.999588
63	58	0.999781
63	58	0.999969
63	61	0.999609
63	33	0.999871
63	29	0.999692
63	32	0.999927
63	28	0.99957
63	56	0.999798
63	29	0.999765
63	61	0.999613
63	60	0.999537
63	50	0.99954
63	57	0.999716
63	27	0.999905
63	47	0.999665
63	51	0.999708
63	39	0.999875
63	34	0.999703
63	52	0.999976
63	48	0.999515
63	32	0.999578
63	46	0.999928
63	44	0.999612
63	45	0.999782
63	28	0.999789
63	32	0.999692
63	46	0.999599
63	48	0.999844
63	34	0.999961
63	39	0.999825
63	37	0.999613
63	32	0.999654
63	52	0.999767
63	43	0.999574
63	34	0.999585
63	58	0.999981
63	54	0.999756
63	43	0.999613
63	34	0.999976
63	30	0.999954
63	48	0.999667
63	45	0.999565
63	62	0.999569
63	37	0.99963
63	51	0.999696
63	30	0.999888
63	48	0.999608
63	57	0.99968
63	38	0.999552
63	44	0.999989
63	46	0.999917
63	42	0.999825
63	59	0.999966
63	54	0.99984
63	47	0.999881
63	35	0.999963
63	46	0.999544
63	28	0.999917
63	38	0.999916
63	56	0.999542
63	53	0.999983
63	43	0.999598
63	58	0.999697
63	62	0.999757
63	49	0.999961
63	47	0.999917
63	61	0.999697
63	38	0.999722
63	37	0.999716
63	57	0.999969
63	47	0.999893
63	28	0.99998
63	60	0.999754
63	45	0.999811
63	41	0.999982
63	42	0.999877
63	57	0.99956
63	35	0.999739
63	30	0.999522
63	35	0.999905
63	58	0.999686
63	39	0.999857
63	28	0.999936
63	60	0.999838
63	61	0.999966
63	30	0.999836
63	42	0.999799
63	46	0.999735
63	37	0.999586
63	52	0.999624
63	54	0.999671
63	50	0.999716
63	47	0.999986
63	48	0.999552
63	56	0.999564
63	49	0.999924
63	40	0.999899
63	47	0.999904
63	46	0.999791
63	53	0.999694
63	38	0.999944
63	40	0.999768
63	30	0.999755
63	45	0.99973
63	31	0.999685
63	40	0.999539
63	42	0.999585
63	45	0.999886
63	29	0.999829
63	34	0.99999
63	27	0.999521
63	48	0.999592
63	59	0.999559
63	37	0.999571
63	46	0.999803
63	44	0.999996
63	30	0.99995
63	31	0.999945
63	29	0.999599
63	38	0.999544
63	60	0.99962
63	51	0.999878
63	59	0.999924
63	62	0.999567
63	50	0.999721
63	48	0.999598
63	55	0.999885
63	32	0.999782
63	43	0.999847
63	54	0.99975
63	35	0.999553
63	29	0.999627
63	31	0.999668
63	32	0.999804
63	36	0.99994
63	50	0.999803
63	40	0.999551
63	39	0.999628
63	59	0.99987
63	45	0.999975
63	41	0.999616
63	56	0.999866
63	49	0.999632
63	48	0.999899
63	49	0.999998
63	30	0.999829
63	53	0.999638
63	29	0.999809
63	28	0.999783
63	33	0.999982
63	28	0.999823
63	50	0.999622
63	59	0.999956
63	47	0.999846
63	43	0.99994
63	49	0.99999
63	59	0.99963
63	33	0.999659
63	44	0.999983
63	29	0.999979
63	46	0.999675
63	54	0.999973
63	44	0.999626
63	52	0.999562
63	51	0.999706
63	55	0.99971
63	37	0.99985
63	49	0.999801
63	39	0.999881
63	44	0.999885
63	37	0.999699
63	48	0.99989
63	43	0.99976
63	33	0.999681
63	61	0.999804
63	39	0.999839
63	43	0.999934
63	55	0.999904
63	57	0.999859
63	60	0.999998
63	36	0.999582
63	55	0.9997
63	30	0.999544
63	58	0.999744
63	49	0.999987
63	31	0.999914
63	36	0.999705
63	55	0.999599
63	28	0.999958
63	45	0.999672
63	48	0.999958
63	60	0.99981
63	39	0.999847
63	61	0.999857
63	49	0.999691
63	45	0.999681
63	38	0.999908
63	43	0.999809
63	53	0.999988
63	55	0.99981
63	51	0.999536
63	46	0.999516
63	45	0.999959
63	44	0.999768
63	59	0.999936
63	30	0.999966
63	52	0.999859
63	46	0.999742
63	48	0.999938
63	62	0.999865
63	30	0.999824
63	40	0.999894
63	45	0.99976
63	59	0.999919
63	47	0.999736
63	59	0.999808
63	50	0.999728
63	30	0.999894
63	53	0.999849
63	30	0.999616
63	56	0.999825
63	50	0.999523
63	30	0.999815
63	49	0.999577
63	47	0.999727
63	52	0.999998
63	42	0.999836
63	54	0.999749
63	28	0.999559
63	50	0.999861
63	34	0.999739
63	48	0.999917
63	56	0.999902
63	49	0.999739
63	44	0.999572
63	61	0.999632
63	31	0.999821
63	53	0.999873
63	27	0.999964
63	43	0.9998
63	31	0.999982
63	27	0.999928
63	45	0.999863
63	60	0.999644
63	29	0.999866
63	46	0.999899
63	38	0.999699
63	27	0.999837
63	56	0.999838
63	56	0.999884
63	49	0.999792
63	40	0.999782
63	42	0.999527
63	61	0.9996
63	52	0.999991
63	38	0.999914
63	27	0.999567
63	42	0.999858
63	50	0.999876
63	42	0.999976
63	61	0.99974
63	59	0.999559
63	51	0.999591
63	61	0.999892
63	41	0.99952
63	42	0.999967
63	60	0.999978
63	50	0.999796
63	44	0.999556
63	59	0.999864
63	41	0.99956
63	40	0.999895
63	33	0.999727
63	35	0.99981
63	59	0.99951
63	41	0.999562
63	37	0.999893
63	43	0.999622
63	30	0.999936
63	34	0.999649
63	48	0.999548
63	37	0.999899
63	34	0.999869
63	50	0.999769
63	51	0.99965
63	57	0.999686
63	48	0.999997
63	61	0.999962
63	30	0.99978
63	28	0.999807
63	36	0.999696
63	49	0.999587
63	58	0.999999
63	53	0.999831
63	39	0.999626
63	56	0.99954
63	58	0.999708
63	59	0.999935
63	52	0.999578
63	59	0.999718
63	34	0.99957
63	61	0.999776
63	37	0.99975
63	46	0.999864
63	60	0.999862
63	40	0.999533
63	58	0.999638
63	55	0.999921
63	37	0.999603
63	49	0.999954
63	54	0.999871
63	45	0.999624
63	31	0.999972
63	51	0.99993
63	58	0.999589
63	59	0.999741
63	48	0.999525
63	34	0.999868
63	31	0.999784
63	58	0.999619
63	42	0.999858
63	47	0.999532
63	60	0.999558
63	33	0.999777
63	57	0.999956
63	50	0.999963
63	60	0.999568
63	36	0.999885
63	27	0.999887
63	48	0.99964
63	34	0.999721
63	41	0.999816
63	29	0.999807
63	30	0.999993
63	51	0.999621
63	38	0.999721
63	30	0.999681
63	31	0.999738
63	38	0.999644
63	38	0.999733
63	27	0.999536
63	29	0.999536
63	54	0.999947
63	41	0.999966
63	54	0.999819
63	55	0.999552
63	54	0.999566
63	32	0.99992
63	61	0.999948
63	62	0.999768
63	42	0.999699
63	47	0.999877
63	39	0.999853
63	57	0.999692
63	29	0.999805
63	30	0.999838
63	55	0.99986
63	34	0.999885
63	46	0.999672
63	36	0.999527
63	36	0.999514
63	37	0.999911
63	44	0.999895
63	61	0.99963
63	47	0.999851
63	28	0.999863
63	36	0.999679
63	44	0.999543
63	50	0.999618
63	57	0.999591
63	55	0.999794
63	51	0.999548
63	60	0.999626
63	48	0.999816
63	55	0.999878
63	28	0.999897
63	30	0.999774
63	28	0.999872
63	48	0.999859
63	60	0.99992
63	52	0.999694
63	33	0.9998
63	29	0.99968
63	55	0.999992
63	32	0.999949
63	48	0.999564
63	30	0.999864
63	27	0.9998
63	58	0.99967
63	42	0.999873
63	40	0.999623
63	40	0.999712
63	29	0.999599
63	61	0.999538
63	42	0.999552
63	55	0.999883
63	36	0.999565
63	47	0.999568
63	62	0.999666
63	37	0.999598
63	34	0.999709
63	40	0.999929
63	29	0.999611
63	37	0.999919
63	62	0.999659
63	31	0.999615
63	35	0.999822
63	40	0.999981
63	40	0.999956
63	61	0.999936
63	42	0.999801
63	51	0.999936
63	43	0.999969
63	62	0.999919
63	33	0.999695
63	54	0.999837
63	39	0.999872
63	59	0.999883
63	59	0.999537
63	61	0.999513
63	55	0.999979
63	33	0.999643
63	47	0.999559
63	43	0.99981
63	37	0.999711
63	39	0.999581
63	35	0.999574
63	36	0.999946
63	62	0.99973
63	37	0.999755
63	37	0.999567
63	48	0.999702
63	60	0.999791
63	50	0.999643
63	51	0.99962
63	59	0.999953
63	41	0.999684
63	38	0.999601
63	42	0.999929
63	42	0.99975
63	36	0.999647
63	61	0.999511
63	39	0.999892
63	33	0.999996
63	48	0.999972
63	52	0.999891
63	55	0.999625
63	55	0.999612
63	35	0.999595
63	49	0.999852
63	38	0.999685
63	39	0.999669
63	47	0.999884
63	48	0.999904
63	60	0.999815
63	44	0.999852
63	52	0.999574
63	56	0.999879
63	62	0.99953
63	61	0.999838
63	36	0.999833
63	59	0.999531
63	53	0.999617
63	42	0.999822
63	29	0.999691
63	37	0.999673
63	28	0.999654
63	47	0.999694
63	51	0.999954
63	27	0.999966
63	50	0.99995
63	38	0.999807
63	27	0.999532
63	29	0.999886
63	33	0.999745
63	39	0.999725
63	51	0.999619
63	38	0.999606
63	33	0.999518
63	51	0.999833
63	49	0.9999
63	61	0.999678
63	30	0.999962
63	32	0.999899
63	50	0.999564
63	48	0.999571
63	50	0.999655
63	48	0.999989
63	29	0.999568
63	56	0.999981
63	42	0.999528
63	36	0.999544
63	55	0.999559
63	44	0.999985
63	44	0.999625
63	49	0.999641
63	30	0.999555
63	28	0.999828
63	27	0.999809
63	31	0.999787
63	49	0.999748
63	27	0.999812
63	30	0.999554
63	60	0.999992
63	58	1
63	62	0.999672
63	32	0.99987
63	47	0.999553
63	50	0.999642
63	53	0.9996
63	51	0.99958
63	47	0.999546
63	34	0.99981
63	61	0.999843
63	46	0.999978
63	44	0.999518
63	60	0.999915
63	34	0.999513
63	35	0.999926
63	47	0.999603
63	40	0.999781
63	61	0.999718
63	45	0.999704
63	53	0.999738
63	46	0.999519
63	38	0.999958
63	28	0.999832
63	42	0.999814
63	34	0.999749
63	39	0.999932
63	27	0.999885
63	53	0.999543
63	28	0.999994
63	28	0.999879
63	30	0.999895
63	33	0.999575
63	53	0.999681
63	35	0.99984
63	34	0.999657
63	34	0.999937
63	39	0.999662
63	59	0.999783
63	29	0.999563
63	32	0.999605
63	47	0.999605
63	33	0.999827
63	48	0.999952
63	55	0.999508
63	58	0.999516
63	57	0.999763
63	29	0.999709
63	31	0.999951
63	32	0.999763
63	44	0.999546
63	35	0.999525
63	28	0.999603
63	46	0.999587
63	40	0.999536
63	55	0.99977
63	45	0.999975
63	40	0.99991
63	51	0.999831
63	44	0.999857
63	38	0.999642
63	27	0.999822
63	32	0.999522
63	39	0.999885
63	41	0.999602
63	39	0.999809
63	50	0.999947
63	47	0.999854
63	58	0.999518
63	62	0.999787
63	49	0.999961
63	37	0.999759
63	47	0.999543
63	58	0.999726
63	37	0.999706
63	62	0.999585
63	37	0.999926
63	30	0.999587
63	62	0.999939
63	31	0.999772
63	61	0.999605
63	59	0.999572
63	51	0.999616
63	35	0.999552
63	61	0.999611
63	32	0.999539
63	53	0.999821
63	53	0.999539
63	30	0.999718
63	36	0.999758
63	29	0.999641
63	31	0.99996
63	44	0.999985
63	55	0.999647
63	58	0.99972
63	58	0.999902
63	54	0.99997
63	48	0.999878
63	32	0.999878
63	41	0.999617
63	57	0.999701
63	61	0.999509
63	28	0.999953
63	45	0.999773
63	32	0.999604
63	41	0.999637
63	49	0.999709
63	32	0.99996
63	53	0.999658
63	30	0.999659
63	55	0.999985
63	51	0.999703
63	53	0.999558
63	50	0.999642
63	28	0.999813
63	55	0.999921
63	31	0.999707
63	61	0.999838
63	60	0.999725
63	49	0.99986
63	52	0.999826
63	27	0.999739
63	47	0.999688
63	32	0.999861
63	44	0.999773
63	44	0.999591
63	30	0.999609
63	60	0.999942
63	46	0.999717
63	43	0.999667
63	36	0.999758
63	61	0.999617
63	41	0.999991
63	33	0.999588
63	59	0.999903
63	40	0.999803
63	56	0.999771
63	55	0.999906
63	58	0.999844
63	51	0.999769
63	29	0.999934
63	35	0.999847
63	42	0.99979
63	34	0.999684
63	60	0.99961
63	48	0.999993
63	31	0.999632
63	50	0.999844
63	38	0.999593
63	39	0.99995
63	35	0.999902
63	36	0.999763
63	31	0.999954
63	27	0.999719
63	59	0.999515
63	56	0.99958
63	38	0.999663
63	53	0.999973
63	32	0.999748
63	40	0.999677
63	34	0.999802
63	30	0.999531
63	45	0.99954
63	47	0.99973
63	55	0.999908
63	44	0.999792
63	38	0.999807
63	60	0.999882
63	27	0.999975
63	38	0.999743
63	57	0.999537
63	31	0.999665
63	51	0.999853
63	52	0.999674
63	30	0.999985
63	60	0.999523
63	62	0.999963
63	38	0.999519
63	40	0.999954
63	41	0.999869
63	56	0.999539
63	58	0.999795
63	60	0.999884
63	52	0.999757
63	50	0.999781
63	27	0.99951
63	39	0.999714
63	47	0.999585
63	40	0.999721
63	32	0.999837
63	55	0.999819
63	53	0.999768
63	53	0.999779
63	58	0.999611
63	50	0.999989
63	41	0.999768
63	61	0.999723
63	29	0.999693
63	41	0.999782
63	55	0.999814
63	30	0.999883
63	42	0.99997
63	33	0.99968
63	51	0.999892
63	62	0.9997
63	41	0.999647
63	54	0.99969
63	38	0.999937
63	58	0.999923
63	51	0.999537
63	55	0.999713
63	45	0.999574
63	60	0.999792
63	38	0.999519
63	30	0.999532
63	52	0.999599
63	36	0.999999
63	62	0.999994
63	45	0.999528
63	57	0.999997
63	60	0.999655
63	28	0.999962
63	43	0.999605
63	53	0.999513
63	53	0.999632
63	57	0.999659
63	56	0.999748
63	38	0.999858
63	27	0.999825
63	51	0.999595
63	29	0.999697
63	41	0.99974
63	48	0.999669
63	52	0.999658
63	39	0.999903
63	34	0.999608
63	58	0.999962
63	28	0.999912
63	61	0.999903
63	52	0.999885
63	29	0.999843
63	54	0.999558
63	61	0.999868
63	32	0.999729
63	33	0.999557
63	50	0.999827
63	29	0.999781
63	49	0.999646
63	33	0.999806
63	40	0.99959
63	47	0.99965
63	40	0.999741
63	45	0.999817
63	29	0.999823
63	43	0.999894
63	48	0.999873
63	32	0.999963
63	50	0.999529
63	41	0.999785
63	47	1
63	52	0.999902
63	62	0.999619
63	40	0.99957
63	28	0.999592
63	42	0.999885
63	48	0.99997
63	36	0.999941
63	54	0.99964
63	36	0.999561
63	61	0.999541
63	58	0.999975
63	36	0.999572
63	45	0.999651
63	28	0.999647
63	46	0.99974
63	55	0.999608
63	55	0.999786
63	58	0.999891
63	61	0.99986
63	36	0.999949
63	48	0.999666
63	51	0.999651
63	28	0.999899
63	53	0.999915
63	41	0.999575
63	29	0.999851
63	52	0.999679
63	34	0.999977
63	43	0.999978
63	61	0.999883
63	51	0.999606
63	58	0.999669
63	53	0.999777
63	29	0.999986
63	41	0.999908
63	43	0.999604
63	57	0.99953
63	56	0.99973
63	33	0.999906
63	28	0.999707
63	60	0.99986
63	27	0.99957
63	56	0.999515
63	32	0.999895
63	37	0.999671
63	48	0.999835
63	40	0.999962
63	36	0.999796
63	44	0.999886
63	52	0.999523
63	51	0.999966
63	60	0.999989
63	45	0.99975
63	43	0.999656
63	60	0.999934
63	52	0.999842
63	62	0.999527
63	46	0.999644
63	61	0.999934
63	30	0.999885
63	32	0.999601
63	43	0.999889
63	56	0.99969
63	38	0.999937
63	33	0.999967
63	55	0.999911
63	55	0.999843
63	29	0.999839
63	50	0.999918
63	47	0.999624
63	35	0.999753
63	41	0.999867
63	27	0.999857
63	37	0.9998
63	54	0.999902
63	32	0.99962
63	46	0.999944
63	62	0.999973
63	54	0.99977
63	60	0.99994
63	39	0.99969
63	45	0.999843
63	55	0.999545
63	62	0.999552
63	50	0.999521
63	29	0.999726
63	32	0.99957
63	34	0.999863
63	35	0.999774
63	42	0.999849
63	61	0.99977
63	55	0.999562
63	54	0.999754
63	47	0.999695
63	34	0.999952
63	44	0.999703
63	47	0.999563
63	31	0.999787
63	51	0.999827
63	57	0.999711
63	57	0.999623
63	27	0.999754
63	30	0.999595
63	51	0.999717
63	38	0.999952
63	38	0.999798
63	53	0.999579
63	35	0.99954
63	28	0.999857
63	48	0.999589
63	39	0.999771
63	38	0.999964
63	34	0.999909
63	51	0.999821
63	31	0.999711
63	45	0.99961
63	60	0.999851
63	55	0.99982
63	30	0.99955
63	62	0.999898
63	37	0.99969
63	45	0.999659
63	50	0.99968
63	57	0.999713
63	36	0.999726
63	48	0.999521
63	59	0.999606
63	33	0.999671
63	53	0.999874
63	52	0.99973
63	47	0.999611
63	60	0.999942
63	59	0.999684
63	48	0.999999
63	48	0.999722
63	37	0.999638
63	48	0.999648
63	37	0.999571
63	60	0.999709
63	47	0.999521
63	35	0.999604
63	47	0.999777
63	61	0.999838
63	42	0.999779
63	43	0.999651
63	58	0.99985
63	56	0.999821
63	27	0.999969
63	29	0.999888
63	51	0.99967
63	36	0.999683
63	60	0.999962
63	36	0.999853
63	50	0.999582
63	42	0.999881
63	40	0.999837
63	51	0.999735
63	53	0.999801
63	52	0.999846
63	55	0.999932
63	56	0.999512
63	50	0.999569
63	29	0.999574
63	61	0.999665
63	61	0.999588
63	59	0.999874
63	41	0.999981
63	28	0.99984
63	52	0.999747
63	27	0.999527
63	62	0.999721
63	46	0.999764
63	54	0.999876
63	42	0.999925
63	51	0.999539
63	60	0.999843
63	61	0.999856
63	37	0.999564
63	27	0.999668
63	27	0.999917
63	53	0.999642
63	38	0.99977
63	42	0.999643
63	62	0.999638
63	29	0.999671
63	45	0.999845
63	39	0.99962
63	61	0.999733
63	43	0.999653
63	46	0.999588
63	52	0.999744
63	45	0.999918
63	35	0.999974
63	32	0.999745
63	34	0.999954
63	28	0.999898
63	32	0.999883
63	61	0.99968
63	41	0.999675
63	44	0.99952
63	36	0.999952
63	27	0.999854
63	41	0.999739
63	50	0.999778
63	62	0.999712
63	56	0.999548
63	43	0.99962
63	60	0.999934
63	49	0.999977
63	33	0.999692
63	38	0.999641
63	56	0.999872
63	46	0.999542
63	48	0.999651
63	53	0.99979
63	47	0.999696
63	31	0.999558
63	42	0.999834
63	45	0.999867
63	57	0.999513
63	43	0.999968
63	44	0.999627
63	61	0.999601
63	51	0.999717
63	39	0.999531
63	30	0.999679
63	61	0.99987
63	33	0.999976
63	60	0.999719
63	40	0.999887
63	37	0.999855
63	43	0.999897
63	56	0.999844
63	27	0.999567
63	59	0.99954
63	40	0.999589
63	34	0.999685
63	35	0.999664
63	47	0.999581
63	35	0.999625
63	43	0.999577
63	36	0.999931
63	27	0.999993
63	58	0.99954
63	45	0.999732
63	37	0.999641
63	45	0.999989
63	36	0.999722
63	45	0.999671
63	39	0.999751
63	54	0.999613
63	41	0.99951
63	41	0.999781
63	53	0.999579
63	36	0.999901
63	32	0.99972
63	33	0.9996
63	59	0.999621
63	48	0.99987
63	27	0.999958
63	60	0.999787
63	34	0.999636
63	53	0.999654
63	29	0.999704
63	61	0.999823
63	52	0.999586
63	43	0.999801
63	48	0.99986
63	40	0.999573
63	58	0.999727
63	58	0.999657
63	38	0.999795
63	34	0.999677
63	57	0.999557
63	34	0.999941
63	48	0.99998
63	32	0.999961
63	47	0.999813
63	62	0.999764
63	39	0.999762
63	38	0.999941
63	28	0.999951
63	58	0.999514
63	56	0.999738
63	37	0.999757
63	40	0.999736
63	43	0.999841
63	61	0.999786
63	54	0.999546
63	32	0.99973
63	41	0.999536
63	34	0.999861
63	59	0.999675
63	36	0.999586
63	43	0.999647
63	42	0.999587
63	28	0.999951
63	38	0.999798
63	57	0.999767
63	53	0.999974
63	56	0.99999
63	48	0.999885
63	59	0.999671
63	54	0.999591
63	45	0.999876
63	62	0.999648
63	37	0.999844
63	38	0.9996
63	52	0.999639
63	37	0.999709
63	53	0.999715
63	48	0.999784
63	32	0.999539
63	29	0.999864
63	31	0.999545
63	40	0.999894
63	52	0.999546
63	62	0.999518
63	50	0.999856
63	52	0.999998
63	45	0.999824
63	52	0.999822
63	57	0.999657
63	30	0.999682
63	50	0.999924
63	37	0.99961
63	57	0.999638
63	44	0.999794
63	52	0.99953
63	29	0.999721
63	46	0.9996
63	40	0.999556
63	44	0.999824
63	43	0.999822
63	47	0.999611
63	39	0.999755
63	37	0.999739
63	38	0.999681
63	62	0.999757
63	31	0.999949
63	42	0.999676
63	54	0.999997
63	30	0.999615
63	59	0.999655
63	40	0.999724
63	29	0.999795
63	39	0.999711
63	46	0.999626
63	45	0.999601
63	45	0.999598
63	38	0.99953
63	31	0.999888
63	41	0.999532
63	27	0.999526
63	61	0.999797
63	55	0.999514
63	60	0.999797
63	41	0.999861
63	59	0.999592
63	36	0.999713
63	35	0.99959
63	54	0.999687
63	45	0.999961
63	36	0.999999
63	41	0.999812
63	51	0.99992
63	50	0.999916
63	39	0.999628
63	55	0.999989
63	44	0.999811
63	60	0.999701
63	46	0.999665
63	45	0.999872
63	59	0.99973
63	37	0.999918
63	61	0.99966
63	38	0.999509
63	38	0.999837
63	41	0.99988
63	43	0.999678
63	48	0.999853
63	29	0.999965
63	43	0.999594
63	55	0.9999
63	51	0.999874
63	52	0.999664
63	33	0.999605
63	32	0.999594
63	43	0.999515
63	50	0.999913
63	37	0.999783
63	48	0.999914
63	51	0.999843
63	62	0.999936
63	39	0.999624
63	31	0.999932
63	51	0.999548
63	44	0.999834
63	44	0.999555
63	43	0.999602
63	62	0.999645
63	40	0.999644
63	40	0.999512
63	33	0.999931
63	56	0.999657
63	46	0.99962
63	46	0.999984
63	41	0.999955
63	62	0.999538
63	61	0.999728
63	52	0.999576
63	35	0.999935
63	41	0.999823
63	42	0.999746
63	27	0.999517
63	39	0.999945
63	29	0.999956
63	35	0.999734
63	57	0.999808
63	43	0.999628
63	40	0.999573
63	30	0.999706
63	52	0.999938
63	30	0.999987
63	62	0.999512
63	40	0.999698
63	57	0.999598
63	33	0.999867
63	34	0.999577
63	30	0.99984
63	60	0.999929
63	29	0.999666
63	52	0.999872
63	46	0.999726
63	61	0.999864
63	33	0.999974
63	27	0.999659
63	50	0.999776
63	49	0.999878
63	60	0.999811
63	59	0.999686
63	30	0.999815
63	55	0.999828
63	33	0.999843
63	56	0.999788
63	35	0.999624
63	43	0.999565
63	35	0.999892
63	39	0.999715
63	55	0.999908
63	47	0.999826
63	44	0.99951
63	39	0.999683
63	48	0.99966
63	28	0.999521
63	32	0.999616
63	61	0.999796
63	30	0.999976
63	39	0.999918
63	29	0.999927
63	42	0.999603
63	35	0.999931
63	32	0.999557
63	28	0.999833
63	51	0.99953
63	40	0.999698
63	54	0.999924
63	32	0.999515
63	31	0.999919
63	34	0.999729
63	45	0.999676
63	48	0.999572
63	56	0.999748
63	30	0.99996
63	35	0.999892
63	34	0.999881
63	37	0.999869
63	50	0.999557
63	29	0.999571
63	45	0.999887
63	45	0.999693
63	56	0.999868
63	41	0.999872
63	50	0.999871
63	51	0.999616
63	28	0.999939
63	58	0.999638
63	56	0.999767
63	59	0.999786
63	40	0.999935
63	61	0.999772
63	39	0.999608
63	52	0.999851
63	59	0.999601
63	37	0.999679
63	62	0.999969
63	43	0.99981
63	41	0.999933
63	39	0.99967
63	54	0.999516
63	32	0.999509
63	34	0.999683
63	59	0.999606
63	37	0.999651
63	41	0.999783
63	61	0.999916
63	42	0.99954
63	36	0.999595
63	48	0.999512
63	54	0.999557
63	32	0.999689
63	58	0.999551
63	51	0.999803
63	51	0.999947
63	61	0.999925
63	28	0.999781
63	28	0.999804
63	40	0.999716
63	52	0.999657
63	28	0.999949
63	59	0.999525
63	52	0.999835
63	28	0.999851
63	50	0.999961
63	55	0.99997
63	57	0.999567
63	30	0.999833
63	32	0.999979
63	34	0.999809
63	60	0.999716
63	33	0.999918
63	62	0.999724
63	56	0.999677
63	61	0.999634
63	62	0.999551
63	43	0.999581
63	51	0.999997
63	37	0.999669
63	44	0.999753
63	46	0.999621
63	45	0.999966
63	33	0.999786
63	50	0.999814
63	32	0.999664
63	32	0.999685
63	49	0.99975
63	60	0.999937
63	53	0.999826
63	46	0.999749
63	50	0.999577
63	30	0.999597
63	49	0.999667
63	37	0.99961
63	45	0.999865
63	61	0.99988
63	60	0.999821
63	44	0.999995
63	27	0.999823
63	28	0.999693
63	39	0.999979
63	34	0.999884
63	46	0.999873
63	38	0.999585
63	52	0.999994
63	54	0.999701
63	52	0.999906
63	30	0.999611
63	46	0.999729
63	39	0.999763
63	54	0.99955
63	51	0.999868
63	44	0.999818
63	48	0.999591
63	46	0.999683
63	45	0.999727
63	31	0.99995
63	49	0.999578
63	61	0.999822
63	46	0.999727
63	51	0.999813
63	62	0.999564
63	36	0.999965
63	36	0.999669
63	58	0.999938
63	45	0.999935
63	49	0.999953
63	52	0.999724
63	37	0.999791
63	44	0.999655
63	55	0.999593
63	41	0.999594
63	30	0.999673
63	36	0.99964
63	59	0.999661
63	39	0.999637
63	49	0.999652
63	50	0.999895
63	39	0.999928
63	49	0.999551
63	27	0.999873
63	62	0.999513
63	27	0.999835
63	46	0.999711
63	36	0.999787
63	60	0.999668
63	39	0.999964
63	52	0.999896
63	31	0.999638
63	50	0.999648
63	39	0.999902
63	50	0.999999
63	62	0.99987
63	29	0.999905
63	44	0.999726
63	60	0.999984
63	62	0.999672
63	34	0.999984
63	27	0.999994
63	49	0.999866
63	60	0.999788
63	53	0.99973
63	38	0.999708
63	36	0.999524
63	56	0.9998
63	34	0.999752
63	44	0.999645
63	46	0.999943
63	56	0.999863
63	34	0.999854
63	38	0.999621
63	39	0.99992
63	45	0.999574
63	55	0.999778
63	29	0.99979
63	29	0.999671
63	46	0.99955
63	59	0.999921
63	29	0.999854
63	49	0.999864
63	29	0.999738
63	61	0.999543
63	59	0.999859
63	51	0.999684
63	37	0.999614
63	38	0.999709
63	42	0.999827
63	61	0.999754
63	53	0.999669
63	42	0.999831
63	29	0.999755
63	55	0.999977
63	56	0.999556
63	60	0.999568
63	36	0.999795
63	34	0.999845
63	49	0.999893
63	51	0.999649
63	43	0.999557
63	56	0.999948
63	57	0.999542
63	47	0.999843
63	54	0.99976
63	27	0.999611
63	39	0.999555
63	30	0.999676
63	39	0.999765
63	45	0.999888
63	39	0.999929
63	32	0.999938
63	40	0.999735
63	48	0.999616
63	38	0.999668
63	27	0.999529
63	33	0.999784
63	56	0.999807
63	45	0.999769
63	29	0.999909
63	52	0.999657
63	40	0.99957
63	59	0.999579
63	60	0.999904
63	60	0.999752
63	43	0.999721
63	38	0.999742
63	30	0.999905
63	34	0.999849
63	42	0.999797
63	59	0.999584
63	50	0.999949
63	57	0.999771
63	29	0.999934
63	44	0.999732
63	34	0.999816
63	32	0.999581
63	50	0.999539
63	57	0.999944
63	50	0.999819
63	37	0.999742
63	43	0.999716
63	62	0.999602
63	39	0.999807
63	29	0.999976
63	49	0.999517
63	45	0.999769
63	56	0.999688
63	52	0.999771
63	60	0.999508
63	49	0.999546
63	37	0.999992
63	28	0.999581
63	58	0.999715
63	55	0.999778
63	57	0.999837
63	48	0.999653
63	61	0.999876
63	41	0.999969
63	52	0.999997
63	43	0.999829
63	35	0.999635
63	32	0.999882
63	54	0.999524
63	38	0.999852
63	39	0.999778
63	46	0.999928
63	29	0.999736
63	43	0.999884
63	50	0.999618
63	39	0.999785
63	40	0.999524
63	34	0.99955
63	59	0.999843
63	30	0.999648
63	57	0.99969
63	37	0.999765
63	44	0.999521
63	38	0.999588
63	48	0.999662
63	39	0.999753
63	61	0.999632
63	34	0.999634
63	38	0.999889
63	37	0.999964
63	32	0.999784
63	58	0.999906
63	32	0.999977
63	51	0.99987
63	27	0.999545
63	45	0.999982
63	51	0.999775
63	30	0.999737
63	58	0.999722
63	29	0.999704
63	29	0.999927
63	40	0.999685
63	57	0.999711
63	57	0.999526
63	62	0.999705
63	29	0.999862
63	57	0.999822
63	47	0.999687
63	53	0.999751
63	43	0.999567
63	38	0.99989
63	30	0.999906
63	37	0.999784
63	50	0.999806
63	37	0.999552
63	52	0.99993
63	32	0.999924
63	32	0.999862
63	51	0.999915
63	56	0.999787
63	30	0.99961
63	50	0.999912
63	40	0.999999
63	58	0.999915
63	32	0.999778
63	30	0.999933
63	58	0.99999
63	31	0.999932
63	57	0.999846
63	33	0.999952
63	55	0.999826
63	51	0.999541
63	27	0.999864
63	61	0.999579
63	31	0.999799
63	58	0.999584
63	41	0.999626
63	53	0.999885
63	46	0.999821
63	60	0.999976
63	62	0.999609
63	39	0.99988
63	52	0.999625
63	50	0.999668
63	52	0.999937
63	48	0.999817
63	39	0.999683
63	29	0.999799
63	33	0.999562
63	58	0.999893
63	45	0.999891
63	44	0.999754
63	30	0.999864
63	56	0.999603
63	29	0.999553
63	34	0.99979
63	31	0.999653
63	44	0.999622
63	51	0.99979
63	56	0.999639
63	43	0.999638
63	40	0.999778
63	60	0.999899
63	59	0.999592
63	45	0.999967
63	39	0.999564
63	49	0.99955
63	46	0.999797
63	59	0.999557
63	51	0.999846
63	36	0.999993
63	33	0.999964
63	33	0.999821
63	33	0.9997
63	47	0.999917
63	39	0.999961
63	32	0.999735
63	28	0.999977
63	50	0.999648
63	57	0.999697
63	27	0.999836
63	48	0.999921
63	62	0.999833
63	51	0.999694
63	37	0.99991
63	57	0.999688
63	49	0.999606
63	57	0.999833
63	41	0.999759
63	51	0.999578
63	46	0.999961
63	30	0.999975
63	44	0.999539
63	56	0.999918
63	51	0.999507
63	32	0.999552
63	36	0.999607
63	60	0.999889
63	41	0.999554
63	62	0.999572
63	42	0.999562
63	42	0.999915
63	27	0.999956
63	56	0.999991
63	45	0.999877
63	45	0.999848
63	57	0.999807
63	58	0.999943
63	27	0.999629
63	39	0.999943
63	43	0.999558
63	36	0.999943
63	41	0.99983
63	48	0.999692
63	30	0.999725
63	49	0.999756
63	37	0.999549
63	57	0.999728
63	49	0.999753
63	57	0.999687
63	52	0.99993
63	56	0.999978
63	61	0.99951
63	47	0.999978
63	52	0.999643
63	59	0.999938
63	55	0.999752
63	57	0.999735
63	28	0.99985
63	57	0.99973
63	43	0.999726
63	56	0.999533
63	54	0.999994
63	54	0.999699
63	60	0.999993
63	51	0.999598
63	37	0.999774
63	27	0.999694
63	58	0.999725
63	53	0.999778
63	41	0.999994
63	39	0.999534
63	38	0.999604
63	38	0.999909
63	33	0.999914
63	57	0.999771
63	28	0.999627
63	49	0.999643
63	31	0.99968
63	59	0.999873
63	28	0.999633
63	29	0.999935
63	56	0.999881
63	34	0.999822
63	57	0.999601
63	50	0.99979
63	32	0.999778
63	45	0.99967
63	49	0.99965
63	36	0.999714
63	39	0.999794
63	28	0.999839
63	27	0.999796
63	56	0.999887
63	54	0.999511
63	55	0.999868
63	42	0.999739
63	40	0.999706
63	34	0.999534
63	42	0.999731
63	55	0.99992
63	30	0.999569
63	54	0.999849
63	39	0.999907
63	51	0.999517
63	32	0.999526
63	51	0.999576
63	37	0.99951
63	35	0.999795
63	38	0.999985
63	29	0.999927
63	30	0.999985
63	45	0.999796
63	59	0.999532
63	46	0.999582
63	45	0.999597
63	37	0.999874
63	50	0.999843
63	60	0.999997
63	49	0.999646
63	55	0.999658
63	47	0.999687
63	29	0.999599
63	30	0.999626
63	30	0.999931
63	56	0.999735
63	47	0.999856
63	48	0.999739
63	34	0.999725
63	52	0.999584
63	50	0.999842
63	41	0.999626
63	46	0.999566
63	61	0.99957
63	54	0.999864
63	40	0.999554
63	39	0.999835
63	38	0.999836
63	53	0.99983
63	57	0.999818
63	30	0.999887
63	52	0.999571
63	61	0.999635
63	31	0.999898
63	49	0.999954
63	39	0.999657
63	54	0.999836
63	43	0.99965
63	43	0.999846
63	34	0.99958
63	39	0.999867
63	61	0.999697
63	48	0.999521
63	46	0.99998
63	54	0.999627
63	54	0.999624
63	55	0.999676
63	49	0.999874
63	30	0.999958
63	61	0.999751
63	34	0.99988
63	27	0.999674
63	31	0.99997
63	36	0.99962
63	37	0.999622
63	47	0.999799
63	42	0.999687
63	56	0.999669
63	41	0.999896
63	61	0.999538
63	33	0.999565
63	53	0.999955
63	50	0.999953
63	48	0.999575
63	54	0.999703
63	28	0.999896
63	27	0.999537
63	37	0.999583
63	54	0.999862
63	59	0.999623
63	36	0.999857
63	32	0.999862
63	39	0.999605
63	54	0.999545
63	28	0.999616
63	62	0.999703
63	45	0.999684
63	59	0.999548
63	47	0.99959
63	59	0.999704
63	58	0.999917
63	35	0.999703
63	59	0.999558
63	49	0.999995
63	52	0.999523
63	61	0.999958
63	45	0.999604
63	47	0.999574
63	44	0.999661
63	62	0.999725
63	60	0.999888
63	32	0.999802
63	59	0.999716
63	59	0.999722
63	35	0.999805
63	44	0.99967
63	27	0.999604
63	51	0.999631
63	35	0.999663
63	52	0.999734
63	51	0.999743
63	59	0.99973
63	54	0.99957
63	44	0.99981
63	59	0.999873
63	58	0.999689
63	56	0.999784
63	40	0.999696
63	44	0.999818
63	37	0.999955
63	51	0.999625
63	52	0.999862
63	29	0.999519
63	51	0.999592
63	62	0.999871
63	28	0.999582
63	28	0.999935
63	37	0.999685
63	34	0.999826
63	61	0.999827
63	48	0.999586
63	62	0.999837
63	62	0.999724
63	45	0.999853
63	39	0.999597
63	48	0.999542
63	62	0.999938
63	51	0.999542
63	29	0.999734
63	32	0.999943
63	54	0.999886
63	40	0.999769
63	50	0.999942
63	44	0.99952
63	41	0.999713
63	30	0.999754
63	48	0.999756
63	48	0.999528
63	28	0.999552
63	51	0.999779
63	47	0.999777
63	53	0.999949
63	47	0.99965
63	36	0.9997
63	27	0.99952
63	59	0.999965
63	54	0.999554
63	40	0.999909
63	28	0.999857
63	31	0.999874
63	31	0.999818
63	46	0.999968
63	42	0.999966
63	57	0.999685
63	52	0.999847
63	48	0.999631
63	39	0.999789
63	46	0.999862
63	47	0.999959
63	45	0.999775
63	62	0.999777
63	34	0.999674
63	28	0.999994
63	58	0.999801
63	57	0.999517
63	57	0.999899
63	49	0.999878
63	51	0.999657
63	41	0.999584
63	45	0.999633
63	35	0.999961
63	40	0.999575
63	61	0.999748
63	34	0.999939
63	61	0.999729
63	54	0.999698
63	38	0.999882
63	54	0.999736
63	56	0.999519
63	60	0.99966
63	49	0.999859
63	32	0.999543
63	35	0.999733
63	48	0.999758
63	27	0.999977
63	37	0.999755
63	40	0.999928
63	40	0.999948
63	38	0.999765
63	53	0.999761
63	40	0.999836
63	49	0.999826
63	50	0.999882
63	59	0.999738
63	52	0.999752
63	54	0.999928
63	52	0.999899
63	45	0.999687
63	32	0.99962
63	59	0.999938
63	53	0.999894
63	56	0.999921
63	52	0.999784
63	46	0.999664
63	34	0.999546
63	49	0.999645
63	29	0.999754
63	55	0.999602
63	46	0.999544
63	55	0.999878
63	33	0.999802
63	39	0.99979
63	51	0.999746
63	41	0.999886
63	33	0.99958
63	47	0.999918
63	30	0.999739
63	38	0.999973
63	40	0.999693
63	28	0.999567
63	53	0.999762
63	53	0.999999
63	39	0.999535
63	48	0.999893
63	46	0.99973
63	31	0.999773
63	39	0.999709
63	62	0.999743
63	46	0.999812
63	34	0.999658
63	42	0.999664
63	57	0.999956
63	36	0.999664
63	50	0.999722
63	53	0.999895
63	31	0.999746
63	49	0.999776
63	43	0.9997
63	27	0.999919
63	51	0.99988
63	31	0.999876
63	36	0.999556
63	48	0.999848
63	44	0.999523
63	39	0.999607
63	46	0.999819
63	54	0.999537
63	60	0.999817
63	62	0.999618
63	45	0.999841
63	61	0.999794
63	60	0.999631
63	62	0.999792
63	58	0.99984
63	38	0.999606
63	31	0.999599
63	29	0.999762
63	56	0.999621
63	39	0.999578
63	58	0.999573
63	35	0.999772
63	40	0.999527
63	58	0.999537
63	62	0.999571
63	47	0.999705
63	45	0.999883
63	60	0.999751
63	61	0.999534
63	44	0.999603
63	57	0.999569
63	54	0.999945
63	37	0.999888
63	38	0.999634
63	38	0.999589
63	33	0.999675
63	40	0.999631
63	53	0.999551
63	62	0.999536
63	38	0.999666
63	46	0.999629
63	57	0.999562
63	37	0.999907
63	61	0.999904
63	55	0.999849
63	57	0.999716
63	42	0.999795
63	46	0.999647
63	59	0.999842
63	32	0.999735
63	46	0.999888
63	50	0.999517
63	41	0.999776
63	53	0.999978
63	41	0.999534
63	53	0.999668
63	44	0.999696
63	50	0.999925
63	62	0.999908
63	58	0.999773
63	44	0.999879
63	45	0.999648
63	32	0.999966
63	62	0.999633
63	54	0.999748
63	46	0.999817
63	62	0.999754
63	32	0.99962
63	42	0.9996
63	59	0.999911
63	30	0.99958
63	56	0.999649
63	53	0.999938
63	61	0.999649
63	55	0.999903
63	42	0.999652
63	45	0.999993
63	60	0.999619
63	60	0.999791
63	62	0.999595
63	54	0.999849
63	28	0.999594
63	36	0.999609
63	28	0.999605
63	51	0.999826
63	37	0.999949
63	54	0.999969
63	43	0.99981
63	28	0.99977
63	59	0.999979
63	27	0.999636
63	53	0.999892
63	51	0.999974
63	44	0.999542
63	54	0.999702
63	35	0.999743
63	31	0.999914
63	51	0.999917
63	59	0.999631
63	27	0.999649
63	47	0.999711
63	41	0.999638
63	54	0.999997
63	31	0.999752
63	60	0.999783
63	32	0.999814
63	41	0.999574
63	28	0.99953
63	38	0.999976
63	37	0.999829
63	37	0.999857
63	36	0.999982
63	39	0.999637
63	30	0.999824
63	52	0.999841
63	55	0.999584
63	28	0.999608
63	62	0.99954
63	62	0.999919
63	43	0.999571
63	42	0.999905
63	58	0.999808
63	41	0.999572
63	41	0.999551
63	50	0.999763
63	60	0.999965
63	53	0.999519
63	62	0.999884
63	33	0.999764
63	46	0.999626
63	61	0.999981
63	57	0.999977
63	41	0.999995
63	32	0.999877
63	35	0.999976
63	47	0.999926
63	35	0.999843
63	39	0.999528
63	46	0.999637
63	56	0.999676
63	28	0.999676
63	27	0.999961
63	54	0.999941
63	29	0.999541
63	62	0.99953
63	62	0.999975
63	33	0.999677
63	56	0.999774
63	31	0.999972
63	35	0.99997
63	34	0.999744
63	27	0.999625
63	55	0.999928
63	39	0.999745
63	56	0.999791
63	36	0.999756
63	31	0.999552
63	53	0.999972
63	28	0.999877
63	39	0.999658
63	47	0.999517
63	30	0.999786
63	48	0.999516
63	40	0.999531
63	53	0.999673
