4000
303	263	0.999939
303	267	0.999991
303	276	0.999902
303	274	0.999873
303	266	0.999921
303	255	0.999888
303	266	0.999743
303	174	0.999961
303	216	0.999806
303	222	0.999819
303	275	0.999945
303	175	0.999955
303	202	0.999983
303	221	0.999853
303	294	0.999755
303	185	0.99988
303	185	0.999863
303	193	0.999812
303	221	0.999882
303	293	0.999905
303	297	0.999724
303	197	0.999749
303	181	0.999932
303	236	0.999955
303	230	0.999748
303	214	0.999832
303	175	0.999941
303	284	0.999847
303	225	0.99974
303	258	0.999915
303	224	0.999915
303	185	0.999732
303	255	0.999766
303	290	0.999714
303	296	0.999851
303	270	0.999733
303	270	0.999915
303	191	0.999798
303	258	0.999785
303	203	0.999803
303	208	0.999962
303	222	0.999794
303	285	0.999986
303	169	0.999809
303	258	0.999712
303	200	0.999917
303	198	0.999885
303	267	0.999716
303	250	0.999758
303	216	0.99999
303	238	0.999833
303	190	0.999943
303	244	0.999999
303	214	0.99989
303	246	0.999943
303	269	0.999948
303	184	0.999803
303	230	0.999817
303	213	0.999835
303	301	0.999861
303	254	0.999919
303	242	0.999815
303	223	0.999751
303	189	0.999765
303	213	0.999883
303	191	0.999778
303	194	0.999745
303	290	0.999889
303	207	0.999898
303	290	0.999956
303	208	0.999969
303	291	0.99979
303	290	0.999895
303	191	0.999905
303	201	0.999826
303	226	0.999713
303	244	0.999778
303	170	0.999837
303	254	0.99999
303	207	0.99995
303	262	0.999754
303	243	0.99994
303	231	0.999976
303	170	0.999813
303	259	0.999975
303	170	0.999758
303	299	0.999938
303	229	0.999726
303	222	0.999755
303	285	0.999707
303	255	0.999883
303	237	0.999896
303	185	0.999782
303	276	0.999736
303	203	0.999939
303	182	0.999753
303	224	0.999871
303	211	0.999854
303	204	0.999919
303	272	0.99985
303	284	0.999829
303	289	0.99972
303	248	0.999987
303	258	0.999743
303	298	0.999916
303	236	0.999922
303	276	0.999774
303	253	0.99985
303	198	0.999705
303	231	0.99981
303	228	0.999814
303	299	0.999709
303	170	0.999771
303	213	0.999774
303	296	0.999747
303	211	0.999949
303	211	0.999817
303	191	0.999734
303	293	0.999854
303	200	0.99973
303	267	0.999996
303	282	0.99979
303	220	0.999778
303	273	0.999938
303	288	0.999727
303	293	0.999767
303	190	0.999771
303	257	0.999967
303	291	0.999905
303	208	0.999768
303	285	0.999827
303	169	0.999711
303	259	0.999852
303	297	0.99984
303	245	0.999817
303	176	0.999995
303	180	0.999947
303	232	0.999751
303	282	0.999909
303	281	0.999931
303	168	0.999716
303	243	0.999978
303	170	0.999821
303	221	0.999779
303	282	0.999962
303	278	0.999724
303	256	0.999851
303	260	0.999989
303	265	0.999779
303	270	0.999951
303	246	0.999903
303	270	0.999908
303	253	0.999875
303	284	0.999898
303	292	0.999962
303	300	0.999895
303	242	0.999971
303	223	0.999765
303	234	0.999899
303	242	0.999897
303	295	0.999928
303	240	0.999728
303	191	0.999869
303	294	0.999842
303	174	0.999712
303	272	0.99971
303	174	0.999984
303	183	0.999993
303	279	0.999784
303	298	0.999719
303	252	0.999735
303	202	0.999753
303	223	0.99974
303	275	0.999768
303	291	0.999873
303	299	0.999878
303	269	0.999877
303	228	0.999749
303	228	0.999786
303	234	0.999757
303	270	0.999897
303	180	0.99995
303	223	0.999838
303	219	0.999911
303	195	0.99984
303	223	0.999945
303	214	0.999995
303	276	0.999996
303	206	0.999726
303	270	0.999772
303	220	0.999926
303	269	0.999795
303	278	0.999932
303	242	0.999717
303	186	0.999742
303	238	0.999734
303	201	0.999962
303	280	0.999885
303	292	0.999838
303	188	0.99995
303	271	0.999995
303	190	0.999773
303	255	0.999968
303	281	0.999995
303	296	0.99995
303	211	0.999777
303	288	0.99973
303	243	0.999791
303	266	0.999888
303	273	0.999782
303	222	0.999976
303	178	0.999975
303	283	0.999989
303	229	0.999928
303	276	0.999842
303	280	0.999989
303	216	0.999915
303	263	0.999952
303	260	0.999953
303	251	0.999934
303	176	0.999739
303	299	0.999983
303	210	0.999741
303	210	0.999853
303	170	0.999967
303	210	0.999994
303	226	0.99974
303	189	0.999829
303	261	0.999809
303	289	0.999779
303	252	0.999751
303	188	0.999711
303	184	0.999728
303	284	0.999948
303	265	0.999931
303	211	0.999858
303	287	0.999894
303	189	0.999948
303	220	0.999829
303	230	0.999913
303	178	0.999718
303	224	0.999972
303	273	0.999793
303	245	0.999717
303	247	0.99971
303	231	0.999843
303	241	0.999878
303	234	0.999863
303	188	0.999788
303	179	0.999817
303	191	0.999855
303	245	0.999953
303	225	0.999975
303	205	0.999747
303	206	0.999883
303	278	0.999889
303	295	0.999848
303	185	0.999776
303	200	0.999992
303	256	0.999999
303	183	0.999837
303	249	0.999758
303	259	0.999802
303	198	0.999918
303	258	0.999861
303	183	0.999888
303	269	0.999771
303	208	0.99971
303	201	0.999943
303	193	0.999784
303	280	0.999792
303	171	0.999734
303	239	0.999707
303	227	0.999736
303	283	0.999798
303	171	0.999828
303	239	0.999849
303	296	0.999851
303	172	0.999977
303	208	0.999741
303	262	0.999868
303	253	0.999761
303	250	0.99975
303	270	0.999826
303	268	0.999901
303	236	0.999802
303	188	0.999727
303	255	0.999909
303	222	0.999823
303	281	0.999949
303	204	0.999828
303	231	0.999789
303	196	0.999879
303	187	0.999975
303	267	0.999725
303	203	0.999836
303	259	0.999769
303	193	0.999845
303	178	0.999874
303	238	0.999993
303	259	0.999959
303	290	0.999941
303	174	0.999749
303	296	0.999985
303	203	0.999785
303	293	0.999945
303	299	0.999957
303	238	0.999794
303	287	0.999856
303	256	0.999935
303	172	0.999794
303	289	0.999919
303	187	0.999728
303	240	0.999913
303	278	0.999743
303	260	0.999974
303	270	0.999995
303	188	0.999747
303	250	0.999868
303	215	0.999911
303	256	0.999769
303	199	0.999913
303	234	0.999844
303	281	0.999729
303	301	0.999832
303	169	0.999825
303	210	0.999877
303	256	0.999996
303	198	0.999827
303	301	0.99973
303	290	0.999852
303	249	0.999941
303	231	0.999951
303	205	0.999793
303	206	0.999845
303	289	0.999847
303	230	0.999898
303	195	0.999986
303	235	0.999935
303	193	0.999908
303	256	0.999888
303	211	0.999947
303	178	0.999739
303	219	0.999784
303	222	0.999705
303	256	0.999724
303	176	0.999866
303	276	0.999937
303	176	0.999917
303	289	0.999756
303	271	0.99989
303	248	0.999972
303	176	0.999899
303	248	0.999973
303	172	0.999798
303	188	0.999864
303	246	0.999935
303	291	0.999929
303	242	0.999948
303	269	0.999962
303	216	0.999833
303	243	0.999931
303	214	0.999939
303	210	0.999956
303	292	0.999716
303	257	0.999985
303	302	0.999737
303	241	0.999735
303	192	0.999904
303	254	0.999905
303	232	0.999834
303	205	0.999816
303	171	0.999888
303	254	0.999942
303	231	0.999958
303	266	0.999863
303	258	0.999826
303	187	0.999766
303	189	0.999786
303	269	0.999714
303	233	0.999874
303	212	0.999847
303	261	0.999771
303	293	0.999858
303	281	0.999967
303	254	0.999762
303	276	0.999729
303	281	0.999853
303	187	0.999879
303	199	0.999887
303	197	0.999885
303	168	0.999803
303	224	0.999808
303	225	0.999746
303	200	0.999947
303	267	0.99988
303	226	0.99987
303	184	0.999728
303	281	0.999857
303	257	0.999934
303	251	0.999834
303	262	0.999843
303	182	0.999836
303	290	0.99985
303	247	0.999978
303	236	0.999871
303	206	0.999898
303	292	0.999823
303	235	0.999783
303	180	0.999904
303	217	0.999914
303	227	0.999989
303	226	0.99971
303	212	0.999835
303	183	0.999763
303	177	0.999763
303	168	0.999961
303	178	0.999812
303	228	0.999939
303	218	0.999707
303	286	0.999761
303	183	0.999943
303	177	0.999806
303	254	0.999981
303	203	0.999985
303	215	0.999932
303	241	0.999723
303	183	0.999705
303	287	0.999923
303	294	0.999734
303	191	0.999806
303	218	0.999833
303	279	0.999827
303	188	0.999756
303	268	0.999767
303	287	0.999753
303	229	0.999866
303	264	0.999781
303	294	0.999794
303	297	0.999983
303	272	0.999827
303	199	0.999942
303	234	0.999777
303	197	0.999853
303	194	0.999933
303	178	0.999972
303	265	0.999795
303	203	0.999844
303	276	0.999804
303	286	0.999757
303	286	0.999974
303	257	0.999977
303	259	0.999988
303	172	0.999893
303	275	0.999743
303	283	0.999852
303	287	0.999976
303	213	0.999827
303	202	0.999848
303	171	0.999798
303	190	0.999913
303	183	0.999831
303	300	0.999914
303	279	0.999996
303	214	0.999838
303	224	0.999905
303	194	0.999804
303	201	0.999762
303	268	0.999962
303	172	0.999925
303	175	0.99978
303	281	0.999743
303	300	0.999901
303	235	0.999861
303	241	0.99981
303	215	0.999816
303	277	0.999962
303	232	0.999984
303	209	0.999716
303	214	0.999798
303	270	0.999745
303	217	0.999981
303	293	0.999987
303	298	0.999712
303	211	0.999849
303	181	0.999832
303	265	0.999903
303	172	0.999704
303	248	0.999938
303	276	0.999914
303	266	0.999851
303	294	0.99976
303	237	0.999893
303	280	0.999895
303	230	0.999942
303	211	0.999745
303	210	0.999749
303	295	0.999783
303	300	0.999851
303	263	0.999972
303	269	0.999711
303	257	0.99987
303	256	0.999824
303	299	0.999811
303	213	0.999794
303	275	0.999775
303	179	0.999839
303	187	0.999845
303	293	0.999832
303	301	0.999747
303	286	0.999708
303	265	0.999781
303	222	0.999966
303	301	0.999731
303	294	0.999962
303	247	0.999808
303	191	0.999721
303	189	0.999991
303	174	0.999841
303	171	0.999907
303	181	0.999886
303	296	0.999894
303	253	0.999973
303	279	0.999864
303	175	0.999996
303	202	0.999959
303	206	0.999902
303	202	0.99982
303	288	0.999742
303	193	0.999925
303	270	0.999832
303	258	0.999787
303	260	0.99988
303	259	0.999999
303	259	0.999914
303	261	0.999978
303	227	0.999889
303	198	0.999728
303	252	0.999839
303	175	0.999899
303	263	0.999982
303	182	0.999759
303	249	0.999823
303	238	0.999753
303	264	0.999922
303	250	0.999767
303	282	0.99989
303	282	0.999914
303	172	0.99981
303	180	0.999746
303	184	0.999923
303	239	0.999712
303	255	0.999822
303	278	0.999773
303	266	0.999722
303	228	0.999988
303	277	0.999896
303	292	0.999972
303	299	0.999871
303	255	0.999883
303	192	0.999914
303	186	0.999902
303	268	0.999812
303	278	0.999859
303	180	0.999724
303	181	0.999907
303	284	0.999845
303	203	0.999799
303	193	0.999947
303	258	0.999902
303	276	0.999864
303	254	0.99975
303	290	0.999708
303	267	0.999778
303	177	0.999952
303	199	0.999818
303	233	0.99972
303	266	0.999848
303	247	0.999861
303	297	0.999818
303	261	0.999753
303	273	0.999788
303	237	0.999745
303	200	0.999814
303	193	0.999732
303	201	0.999779
303	269	0.999869
303	206	0.999848
303	189	0.999901
303	185	0.999844
303	269	0.999882
303	210	0.999902
303	199	0.999929
303	193	0.999953
303	250	0.999995
303	265	0.999747
303	271	0.999916
303	239	0.999755
303	225	0.999745
303	171	0.999882
303	289	0.999967
303	281	0.999942
303	300	0.999924
303	240	0.999759
303	258	0.999995
303	182	0.999882
303	201	0.999902
303	179	0.999839
303	186	0.999876
303	200	0.999902
303	241	0.999865
303	260	0.999888
303	278	0.999845
303	258	0.99999
303	251	0.999837
303	286	0.999997
303	267	0.999899
303	198	0.999801
303	196	0.999842
303	261	0.999791
303	279	0.999841
303	271	0.999784
303	206	0.99981
303	236	0.999881
303	273	0.9998
303	182	0.999738
303	169	0.999811
303	203	0.999726
303	243	0.99975
303	291	0.999924
303	251	0.99975
303	266	0.999732
303	263	0.999832
303	278	0.999903
303	191	0.999988
303	265	0.999783
303	236	0.999715
303	252	0.99989
303	260	0.999962
303	248	0.999996
303	221	0.999975
303	287	0.999855
303	274	0.999808
303	213	0.999779
303	241	0.999998
303	245	0.999943
303	238	0.999977
303	222	0.999893
303	302	0.999986
303	256	0.99972
303	289	0.99991
303	291	0.999998
303	286	0.999884
303	301	0.999995
303	191	0.999825
303	285	0.99977
303	194	0.999707
303	203	0.999798
303	239	0.9998
303	181	0.999897
303	249	0.999961
303	189	0.999871
303	194	0.9998
303	213	0.999757
303	176	0.99998
303	171	0.999954
303	213	0.999803
303	191	0.999786
303	268	0.99999
303	202	0.999814
303	213	0.99988
303	223	0.999787
303	173	0.999984
303	235	0.999815
303	207	0.999993
303	272	0.999886
303	228	0.999977
303	195	0.999825
303	261	0.999728
303	284	0.999777
303	289	0.999851
303	260	0.999722
303	245	0.999979
303	220	0.999851
303	206	0.999816
303	186	0.99973
303	292	0.999727
303	173	0.999989
303	283	0.999954
303	209	0.999939
303	229	0.999964
303	285	0.999738
303	289	0.999773
303	262	0.999876
303	206	0.99993
303	202	0.99996
303	245	0.999956
303	241	0.999806
303	181	0.999737
303	260	0.999861
303	261	0.999788
303	300	0.999935
303	210	0.999713
303	257	0.999914
303	283	0.999886
303	207	0.999787
303	206	0.999812
303	213	0.999901
303	262	0.999748
303	180	0.999957
303	234	0.999951
303	170	0.999767
303	273	0.999768
303	241	0.999824
303	203	0.999752
303	203	0.999933
303	180	0.999883
303	250	0.999976
303	260	0.999788
303	250	0.999853
303	258	0.999918
303	238	0.999819
303	249	0.999874
303	253	0.999725
303	298	0.999824
303	206	0.99975
303	276	0.999731
303	287	0.999832
303	231	0.999982
303	179	0.999906
303	248	0.999769
303	170	0.999949
303	244	0.999922
303	259	0.999729
303	286	0.999984
303	215	0.999944
303	245	0.999985
303	185	0.999767
303	290	0.99978
303	171	0.999989
303	188	0.999779
303	229	0.99972
303	268	0.999927
303	204	0.999983
303	301	0.999925
303	232	0.9998
303	302	0.999733
303	201	0.999989
303	197	0.99974
303	193	0.999836
303	302	0.999948
303	190	0.999791
303	182	0.999889
303	296	0.999958
303	292	0.999805
303	214	0.999764
303	178	0.999875
303	282	0.999711
303	206	0.999849
303	181	0.999904
303	302	0.999978
303	178	0.999848
303	173	0.999927
303	207	0.999973
303	236	0.999926
303	284	0.999932
303	223	0.99988
303	203	0.999732
303	182	0.999787
303	269	0.999718
303	248	0.999954
303	245	0.999792
303	197	0.999755
303	185	0.999897
303	189	0.99989
303	281	0.999821
303	181	0.999726
303	235	0.999833
303	178	0.999729
303	183	0.999852
303	221	0.999829
303	259	0.999789
303	238	0.999975
303	170	0.999889
303	278	0.999818
303	200	0.999929
303	292	0.999934
303	179	0.999934
303	227	0.99995
303	227	0.999974
303	283	0.999819
303	249	0.999874
303	267	0.999943
303	238	0.999745
303	175	0.999966
303	180	0.999753
303	263	0.999737
303	285	0.99973
303	256	0.999903
303	203	0.999711
303	214	0.999737
303	289	0.999756
303	236	0.99993
303	299	0.99977
303	242	0.999736
303	294	0.999996
303	290	0.999862
303	232	0.999889
303	214	0.999801
303	218	0.999967
303	283	0.999859
303	291	0.999966
303	287	0.999794
303	301	0.9998
303	205	0.999737
303	267	0.999718
303	289	0.999892
303	282	0.999978
303	298	0.999787
303	195	0.999936
303	169	0.999993
303	176	0.999812
303	293	0.999795
303	248	0.999892
303	236	0.999748
303	173	0.999857
303	256	0.999719
303	172	0.99976
303	279	0.999929
303	183	0.999887
303	198	0.999816
303	229	0.999999
303	170	0.999761
303	171	0.999839
303	239	0.999861
303	302	0.999788
303	223	0.999824
303	271	0.999987
303	189	0.999894
303	286	0.999853
303	269	0.999776
303	284	0.999777
303	169	0.999868
303	301	0.999974
303	198	0.999731
303	207	0.999801
303	188	0.999851
303	260	0.999706
303	293	0.999887
303	257	0.999919
303	263	0.999742
303	239	0.999811
303	176	0.999753
303	209	0.999825
303	208	0.999969
303	207	0.999905
303	278	0.999757
303	292	0.999928
303	217	0.999758
303	197	0.999949
303	247	0.999843
303	266	0.999999
303	251	0.999904
303	261	0.999736
303	198	0.999794
303	255	0.999926
303	226	0.999919
303	238	0.999931
303	216	0.99979
303	285	0.999744
303	195	0.999705
303	284	0.999774
303	195	0.999962
303	277	0.999773
303	216	0.999719
303	185	0.999948
303	175	0.999832
303	232	0.999809
303	241	0.99995
303	185	0.999705
303	203	0.999938
303	273	0.999772
303	283	0.999838
303	211	0.999719
303	201	0.999844
303	215	0.999971
303	223	0.999715
303	254	0.99974
303	266	0.999928
303	187	0.999889
303	243	0.999957
303	288	0.999884
303	169	0.999906
303	186	0.999798
303	212	0.999772
303	282	0.999859
303	274	0.999798
303	269	0.999861
303	206	0.999869
303	176	0.999906
303	175	0.999843
303	296	0.999842
303	202	0.999919
303	190	0.999927
303	255	0.99979
303	214	0.999877
303	238	0.999912
303	258	0.999792
303	288	0.999925
303	177	0.999997
303	292	0.999908
303	175	0.999785
303	255	0.99974
303	267	0.999877
303	255	0.999839
303	287	0.999751
303	235	0.999746
303	172	0.999777
303	234	0.999773
303	218	0.999805
303	219	0.999837
303	204	0.999795
303	214	0.999767
303	242	0.99977
303	223	0.999979
303	263	0.99977
303	236	0.999822
303	279	0.999803
303	299	0.999962
303	300	0.999842
303	233	0.99999
303	207	0.999835
303	255	0.999802
303	176	0.999978
303	239	0.999797
303	287	0.999734
303	252	0.999744
303	256	0.99976
303	263	0.999747
303	181	0.999944
303	211	0.999899
303	248	0.999958
303	283	0.999814
303	189	0.999733
303	191	0.99977
303	204	0.99998
303	237	0.999889
303	169	0.999936
303	283	0.999995
303	235	0.999729
303	211	0.999907
303	211	0.99991
303	221	0.999878
303	194	0.999777
303	257	0.999985
303	234	0.999966
303	228	0.999935
303	198	0.99973
303	283	0.999866
303	221	0.999859
303	184	0.999723
303	206	0.99984
303	281	0.999776
303	259	0.999893
303	247	0.999999
303	200	0.999839
303	259	0.999773
303	299	0.999842
303	285	0.99998
303	235	0.999771
303	256	0.999871
303	267	0.99986
303	257	0.99983
303	208	0.999712
303	275	0.999884
303	251	0.999904
303	246	0.999975
303	208	0.999726
303	242	0.99982
303	297	0.999746
303	277	0.999786
303	283	0.999886
303	276	0.999996
303	214	0.999892
303	227	0.999943
303	270	0.999846
303	260	0.999998
303	211	0.999798
303	233	0.999983
303	218	0.999955
303	242	0.999861
303	205	0.99997
303	209	0.999897
303	271	0.999813
303	212	0.999858
303	251	0.999852
303	231	0.999716
303	275	0.999724
303	186	0.999861
303	227	0.999754
303	199	0.99971
303	245	0.999816
303	252	0.999994
303	180	0.999929
303	206	0.999814
303	205	0.999903
303	218	0.999934
303	263	0.999954
303	284	0.999981
303	280	0.999819
303	172	0.999974
303	221	0.999734
303	228	0.999784
303	223	0.999962
303	225	0.999742
303	224	0.999736
303	292	0.999721
303	182	0.999727
303	251	0.99976
303	240	0.999792
303	252	0.999719
303	291	0.999935
303	192	0.999899
303	286	0.999754
303	171	0.99984
303	232	0.999952
303	243	0.999994
303	280	0.999706
303	183	0.999935
303	261	0.999834
303	173	0.999751
303	168	0.999711
303	184	0.999811
303	229	0.999969
303	242	0.999845
303	223	0.999829
303	228	0.999769
303	210	0.999794
303	228	0.999775
303	227	0.999773
303	232	0.999902
303	193	0.99975
303	301	0.999937
303	229	0.999991
303	200	0.999848
303	292	0.999792
303	186	0.999925
303	239	0.999854
303	171	0.999962
303	208	0.999862
303	191	0.999846
303	223	0.999915
303	253	0.999814
303	207	0.999861
303	287	0.999752
303	248	0.999763
303	196	0.999761
303	192	0.999772
303	226	0.999751
303	207	0.99983
303	184	0.999966
303	170	0.999829
303	252	0.999893
303	284	0.999851
303	233	0.999988
303	249	0.999966
303	287	0.999961
303	289	0.999906
303	271	0.999783
303	219	0.999846
303	192	0.999975
303	224	0.999876
303	285	0.9999
303	256	0.999887
303	200	0.999876
303	291	0.999953
303	302	0.999745
303	170	0.999762
303	195	0.999897
303	188	0.999772
303	200	0.999808
303	276	0.99985
303	230	0.999942
303	298	0.999953
303	259	0.999779
303	183	0.999918
303	182	0.999996
303	281	0.99981
303	298	0.999901
303	177	0.999901
303	182	0.999818
303	195	0.999708
303	205	0.999982
303	174	0.999846
303	268	0.999743
303	173	0.999742
303	200	0.999948
303	248	0.999919
303	266	0.99986
303	228	0.999992
303	271	0.999711
303	186	0.999901
303	292	0.999918
303	248	0.999999
303	301	0.999893
303	289	0.999766
303	179	0.999796
303	210	0.999876
303	294	0.999831
303	246	0.999927
303	296	0.999765
303	291	0.999784
303	212	0.999883
303	243	0.999774
303	189	0.999789
303	232	0.999804
303	250	0.999999
303	173	0.999749
303	224	0.999732
303	200	0.999845
303	198	0.999982
303	266	0.999923
303	208	0.999768
303	233	0.99993
303	262	0.999989
303	252	0.999837
303	270	0.999941
303	173	0.99996
303	194	0.999872
303	175	0.999744
303	265	0.9998
303	233	0.999924
303	277	0.999718
303	188	0.999994
303	259	0.999782
303	266	0.999854
303	248	0.999808
303	238	0.999727
303	223	0.999872
303	238	0.999838
303	207	0.999815
303	232	0.999815
303	243	0.999904
303	292	0.999931
303	197	0.999834
303	285	0.999898
303	285	0.999986
303	197	0.999923
303	237	0.99979
303	246	0.999863
303	287	0.99999
303	226	0.999772
303	199	0.999928
303	263	0.999718
303	181	0.999945
303	213	0.999771
303	281	0.999806
303	276	0.999751
303	243	0.999735
303	238	0.999781
303	195	0.999824
303	242	0.99993
303	210	0.999748
303	188	0.999785
303	195	0.999945
303	225	0.999852
303	193	0.999803
303	243	0.999959
303	258	0.999925
303	192	0.999959
303	194	0.999891
303	250	0.99997
303	258	0.99999
303	290	0.999724
303	252	0.999911
303	186	0.999795
303	222	0.9998
303	173	0.99996
303	188	0.999752
303	294	0.999972
303	199	0.999901
303	297	0.999895
303	243	0.999885
303	213	0.999978
303	298	0.999835
303	292	0.999978
303	210	0.999784
303	293	0.999772
303	281	0.999793
303	248	0.999728
303	301	0.999897
303	259	0.999725
303	183	0.99975
303	187	0.999708
303	291	0.999746
303	225	0.999828
303	201	0.99994
303	195	0.999931
303	211	0.999743
303	243	0.999956
303	294	0.999911
303	282	0.999975
303	192	0.999838
303	280	0.999962
303	263	0.999977
303	216	0.999725
303	233	0.999791
303	286	0.999792
303	177	0.999964
303	205	0.999776
303	255	0.999734
303	267	0.999837
303	248	0.999924
303	238	0.999925
303	278	0.999956
303	298	0.999768
303	296	0.99971
303	196	0.999973
303	288	0.999877
303	280	0.999912
303	270	0.999798
303	298	0.999718
303	277	0.999825
303	241	0.999997
303	202	0.999727
303	239	0.999781
303	184	0.999942
303	241	0.999835
303	284	0.999924
303	193	0.999973
303	289	0.999918
303	190	0.999783
303	210	0.999829
303	195	0.999972
303	201	0.999892
303	271	0.999877
303	210	0.999962
303	281	0.999855
303	184	0.999868
303	250	0.999943
303	275	0.999955
303	269	0.999744
303	257	0.999797
303	289	0.999755
303	273	0.999759
303	177	0.999908
303	285	0.999711
303	283	0.999783
303	182	0.999999
303	241	0.99989
303	186	0.999933
303	185	0.99974
303	168	0.999959
303	235	0.999756
303	283	0.999933
303	170	0.999818
303	293	0.999948
303	183	0.999797
303	199	0.999959
303	302	0.999859
303	229	0.999883
303	265	0.999764
303	291	0.999704
303	172	0.99993
303	284	0.999769
303	237	0.999812
303	252	0.999745
303	185	0.999792
303	245	0.9998
303	224	0.999808
303	229	0.999904
303	209	0.999878
303	235	0.999808
303	270	0.999755
303	280	0.999809
303	255	0.999814
303	181	0.999943
303	268	0.999808
303	242	0.999901
303	252	0.999839
303	187	0.999942
303	287	0.999829
303	251	0.999895
303	205	0.999978
303	195	0.999791
303	231	0.999948
303	269	0.999735
303	297	0.99987
303	218	0.999825
303	231	0.999832
303	189	0.999781
303	249	0.999895
303	279	0.99998
303	194	0.999805
303	211	0.999789
303	193	0.999792
303	272	0.999802
303	263	0.999913
303	264	0.99982
303	295	0.999914
303	213	0.999758
303	290	0.999767
303	191	0.999827
303	250	0.999743
303	189	0.999989
303	221	0.999751
303	239	0.999939
303	183	0.999793
303	246	0.999835
303	258	0.999861
303	249	0.999938
303	249	0.999964
303	246	0.999797
303	283	0.99979
303	268	0.999969
303	256	0.999919
303	289	0.999851
303	202	0.999832
303	226	0.999775
303	299	0.999802
303	225	0.999887
303	211	0.999956
303	174	0.999962
303	185	0.999984
303	220	0.999941
303	297	0.999986
303	298	0.999925
303	225	0.999984
303	190	0.999757
303	192	0.999856
303	298	0.999824
303	302	0.999728
303	172	0.999916
303	194	0.999975
303	221	0.999834
303	192	0.999838
303	255	0.999869
303	188	0.999736
303	196	0.999714
303	266	0.999714
303	178	0.99978
303	179	0.999952
303	210	0.999984
303	220	0.999716
303	228	0.999813
303	211	0.999965
303	279	0.999863
303	242	0.999914
303	180	0.999771
303	237	0.999714
303	266	0.999885
303	191	0.999866
303	290	0.999717
303	274	0.999774
303	233	0.999855
303	275	0.999882
303	293	0.999933
303	195	0.999994
303	235	0.99984
303	224	0.999985
303	293	0.999761
303	212	0.999942
303	184	0.999967
303	227	0.999748
303	257	0.999836
303	291	0.999933
303	292	0.999936
303	265	0.999981
303	273	0.999735
303	250	0.999739
303	301	0.999759
303	197	0.99977
303	285	0.999929
303	302	0.999893
303	290	0.99971
303	185	0.999981
303	213	0.999797
303	293	0.999834
303	182	0.999877
303	250	0.99986
303	264	0.999993
303	235	0.999893
303	212	0.999758
303	233	0.999706
303	235	0.999835
303	209	0.999787
303	224	0.99993
303	300	0.999776
303	197	0.999972
303	294	0.999856
303	293	0.999731
303	246	0.999814
303	219	0.999718
303	273	0.999952
303	236	0.999952
303	210	0.999853
303	216	0.999888
303	181	0.999786
303	207	0.999818
303	243	0.999795
303	276	0.999848
303	286	0.999736
303	169	0.999739
303	272	0.999745
303	260	0.999745
303	245	0.999842
303	174	0.999935
303	245	0.999772
303	286	0.999877
303	278	0.999999
303	173	0.999743
303	275	0.999767
303	251	0.999831
303	210	0.999774
303	247	0.999821
303	242	0.999742
303	190	0.999802
303	283	0.999982
303	188	0.999887
303	275	0.999846
303	265	0.99995
303	282	0.999991
303	241	0.99988
303	243	0.99973
303	231	0.999807
303	279	0.999793
303	202	0.999932
303	206	0.999729
303	240	0.999966
303	267	0.999919
303	204	0.99985
303	185	0.999781
303	208	0.999868
303	285	0.999881
303	229	0.99972
303	289	0.999986
303	191	0.9998
303	185	0.99993
303	209	0.999885
303	177	0.999754
303	280	0.999971
303	171	0.999787
303	300	0.999809
303	247	0.999987
303	177	0.999775
303	269	0.999705
303	265	0.999757
303	214	0.999823
303	256	0.999845
303	173	0.999854
303	271	0.999964
303	277	0.99998
303	259	0.999832
303	212	0.99987
303	295	0.999796
303	214	0.999781
303	284	0.999999
303	290	0.999815
303	178	0.999789
303	238	0.999769
303	234	0.999733
303	228	0.99979
303	221	0.999933
303	186	0.999927
303	182	0.999737
303	204	0.99988
303	192	0.999813
303	208	0.999819
303	243	0.999745
303	291	0.99977
303	216	0.999729
303	297	0.999815
303	265	0.999929
303	259	0.9999
303	220	0.999882
303	245	0.999886
303	262	0.999834
303	221	0.999976
303	225	0.999742
303	206	0.999713
303	227	0.999965
303	287	0.999874
303	219	0.999709
303	236	0.999938
303	187	0.99981
303	229	0.999957
303	211	0.999848
303	286	0.999946
303	257	0.999932
303	271	0.999978
303	239	0.999983
303	214	0.99977
303	302	0.999708
303	172	0.999908
303	233	0.999804
303	202	0.999926
303	248	0.999713
303	211	0.999748
303	273	0.999749
303	170	0.999927
303	273	0.999745
303	262	0.999941
303	235	0.999899
303	276	0.999993
303	300	0.999852
303	280	0.99997
303	241	0.999938
303	173	0.999779
303	277	0.999743
303	275	0.999877
303	168	0.999884
303	205	0.999766
303	268	0.999936
303	239	0.999772
303	207	0.999839
303	269	0.999878
303	215	0.99993
303	266	0.999813
303	252	0.99994
303	271	0.999982
303	285	0.999906
303	171	0.999964
303	293	0.999904
303	276	0.999981
303	190	0.999913
303	283	0.999798
303	173	0.9999
303	255	0.999985
303	261	0.999742
303	203	0.999904
303	198	0.999918
303	206	0.999861
303	179	0.99982
303	192	0.999844
303	297	0.999935
303	174	0.999948
303	280	0.999788
303	295	0.999705
303	282	0.999819
303	237	0.999781
303	249	0.999995
303	264	0.999731
303	210	0.999829
303	212	0.999941
303	222	0.99974
303	235	0.999975
303	212	0.999722
303	168	0.999768
303	256	0.999784
303	215	0.999804
303	204	0.999772
303	210	0.999758
303	274	0.999726
303	298	0.999787
303	255	0.99984
303	284	0.999705
303	278	0.999865
303	235	0.999954
303	286	0.999786
303	299	0.999895
303	293	0.999719
303	228	0.999781
303	230	0.999785
303	275	0.999842
303	266	0.999818
303	280	0.999959
303	279	0.999754
303	244	0.99998
303	256	0.99991
303	210	0.999746
303	239	0.999871
303	287	0.99995
303	231	0.999734
303	268	0.999833
303	243	0.999756
303	232	0.999837
303	219	0.999798
303	271	0.999752
303	275	0.999732
303	237	0.999718
303	278	0.999713
303	193	0.999761
303	230	0.999789
303	301	0.999741
303	189	0.999906
303	211	0.999935
303	250	0.999834
303	191	0.999857
303	213	0.999994
303	293	0.999986
303	191	0.999925
303	204	0.999814
303	231	0.999705
303	232	0.999749
303	270	0.999779
303	227	0.999813
303	192	0.999881
303	256	0.999809
303	187	0.999794
303	213	0.999777
303	260	0.999931
303	292	0.999847
303	259	0.999771
303	180	0.999835
303	201	0.999899
303	174	0.999842
303	191	0.999737
303	298	0.999855
303	238	0.999936
303	193	0.999741
303	266	0.999779
303	232	0.99986
303	259	0.999707
303	255	0.999911
303	231	0.999807
303	277	0.999963
303	254	0.999966
303	196	0.999853
303	247	0.999999
303	270	0.999778
303	229	0.999711
303	243	0.999975
303	226	0.999847
303	188	0.999882
303	268	0.999709
303	278	0.999956
303	197	0.999935
303	294	0.999725
303	180	0.999902
303	299	0.999869
303	274	0.999936
303	232	0.999973
303	232	0.999825
303	223	0.99979
303	257	0.999952
303	246	0.99985
303	235	0.999988
303	286	0.99976
303	247	0.999749
303	171	0.999775
303	239	0.999806
303	221	0.999748
303	299	0.999753
303	238	0.999965
303	282	0.999966
303	170	0.999895
303	197	0.999767
303	183	0.999707
303	253	0.999791
303	209	0.99998
303	266	0.999788
303	280	0.99978
303	268	0.999709
303	187	0.999906
303	195	0.99983
303	186	0.999983
303	187	0.999803
303	260	0.999814
303	223	0.999947
303	299	0.999835
303	182	0.999874
303	206	0.999713
303	283	0.999976
303	264	0.99993
303	265	0.999754
303	289	0.999946
303	222	0.999923
303	297	0.999737
303	252	0.999759
303	257	0.999866
303	262	0.999821
303	260	0.99995
303	224	0.999918
303	242	0.999877
303	254	0.999838
303	255	0.999814
303	222	0.999991
303	180	0.99993
303	227	0.99996
303	247	0.999996
303	229	0.999851
303	185	0.999885
303	196	0.999899
303	237	0.999959
303	278	0.999997
303	297	0.999887
303	263	0.999722
303	202	0.999884
303	201	0.999814
303	296	0.999955
303	279	0.999922
303	289	0.999708
303	260	0.999988
303	196	0.99981
303	239	0.999843
303	237	0.99975
303	214	0.999953
303	261	0.999853
303	263	0.999854
303	192	0.999776
303	265	0.999846
303	260	0.999734
303	293	0.999752
303	242	0.999952
303	180	0.999817
303	176	0.999734
303	299	0.999784
303	187	0.99976
303	239	0.999951
303	171	0.999954
303	244	0.999978
303	299	0.999897
303	289	0.999706
303	296	0.999878
303	244	0.999923
303	201	0.999824
303	178	0.999771
303	196	0.999862
303	290	0.999932
303	298	0.999895
303	289	0.99983
303	274	0.999914
303	294	0.999898
303	209	0.999963
303	201	0.99997
303	234	0.999939
303	170	0.999995
303	189	0.999874
303	283	0.999914
303	246	0.999864
303	301	0.999753
303	276	0.99999
303	291	0.999708
303	233	0.999839
303	230	0.999942
303	223	0.999972
303	260	0.999895
303	221	0.999766
303	285	0.999714
303	180	0.999711
303	278	0.999961
303	284	0.999876
303	258	0.999886
303	259	0.999766
303	274	0.999848
303	256	0.999754
303	244	0.999919
303	170	0.99998
303	177	0.999769
303	271	0.999714
303	189	0.999905
303	291	0.999938
303	227	0.999987
303	237	0.999888
303	268	0.999914
303	236	0.999938
303	276	0.999734
303	240	0.999813
303	257	0.999827
303	186	0.999982
303	206	0.999927
303	274	0.999917
303	261	0.999885
303	290	0.999927
303	256	0.999993
303	168	0.999952
303	276	0.999933
303	225	0.999744
303	302	0.999786
303	178	0.999877
303	187	0.999821
303	267	0.999788
303	246	0.999861
303	230	0.999796
303	246	0.999728
303	225	0.999922
303	223	0.999724
303	170	0.999885
303	183	0.99975
303	233	0.999833
303	267	0.99993
303	169	0.999863
303	270	0.999987
303	286	0.999861
303	241	0.999721
303	284	0.999909
303	241	0.999756
303	168	0.999962
303	202	0.999737
303	280	0.99999
303	289	0.999806
303	269	0.99992
303	231	0.999705
303	274	0.999841
303	253	0.99982
303	244	0.999942
303	245	0.99982
303	285	0.999886
303	230	0.999737
303	209	0.999715
303	274	0.999823
303	212	0.999814
303	173	0.999984
303	262	0.99993
303	221	0.999878
303	168	0.999833
303	298	0.999755
303	233	0.999808
303	205	0.999919
303	183	0.99981
303	188	0.99997
303	219	0.999762
303	185	0.999966
303	289	0.999917
303	216	1
303	189	0.999979
303	172	0.999993
303	188	0.999984
303	168	0.999925
303	265	0.999988
303	199	0.999706
303	169	0.999809
303	187	0.999928
303	198	0.9998
303	191	0.999754
303	243	0.999707
303	234	0.999853
303	176	0.999934
303	247	0.999837
303	249	0.999842
303	197	0.999879
303	246	0.999811
303	202	0.999717
303	244	0.999923
303	269	0.999885
303	282	0.999721
303	264	0.999748
303	213	0.999801
303	291	0.999742
303	299	0.999891
303	178	0.999756
303	262	0.999758
303	295	0.999762
303	210	0.999968
303	300	0.999927
303	180	0.999784
303	230	0.999999
303	170	0.999841
303	232	0.999781
303	178	0.999923
303	186	0.999734
303	195	0.999974
303	180	0.99998
303	235	0.999968
303	178	0.999741
303	199	0.999741
303	261	0.999882
303	283	0.999771
303	220	0.999914
303	270	0.999822
303	168	0.999777
303	290	0.999836
303	269	0.999769
303	200	0.999886
303	183	0.999724
303	287	0.9998
303	230	0.999917
303	268	0.999765
303	224	0.999917
303	294	0.999903
303	298	0.999991
303	180	0.999871
303	293	0.999873
303	176	0.999769
303	251	0.999786
303	225	0.999852
303	207	0.999721
303	246	0.999715
303	290	0.999976
303	243	0.999814
303	233	0.999978
303	284	0.999915
303	262	0.999989
303	249	0.999715
303	220	0.999787
303	225	0.999733
303	174	0.999758
303	292	0.999737
303	252	0.999803
303	251	0.999851
303	264	0.999731
303	257	0.999801
303	262	0.999901
303	295	0.999988
303	234	0.999746
303	180	0.999842
303	224	0.999966
303	172	0.999959
303	192	0.999823
303	241	0.999769
303	272	0.999776
303	264	0.999781
303	213	0.999893
303	264	0.999959
303	201	0.999991
303	251	0.999744
303	203	0.999816
303	172	0.999975
303	290	0.999865
303	279	0.999963
303	265	0.999965
303	253	0.999747
303	253	0.999756
303	197	0.999763
303	208	0.999956
303	211	0.999707
303	214	0.999723
303	177	0.999935
303	231	0.999743
303	284	0.999796
303	268	0.999784
303	251	0.999951
303	172	0.999721
303	268	0.999923
303	290	0.99975
303	249	0.99977
303	243	0.999734
303	208	0.99999
303	219	0.999907
303	186	0.999803
303	185	0.999859
303	287	0.999822
303	284	0.999912
303	280	0.999899
303	178	0.999754
303	240	0.999786
303	208	0.999835
303	285	0.999811
303	261	0.999889
303	182	0.999743
303	290	0.999898
303	226	0.999743
303	274	0.999899
303	288	0.999711
303	295	0.999818
303	279	0.999916
303	197	0.999935
303	242	0.999746
303	240	0.999974
303	265	0.999925
303	261	0.999956
303	254	0.999736
303	190	0.999776
303	255	0.999852
303	186	0.999711
303	219	0.999919
303	222	0.999895
303	288	0.999793
303	182	0.999876
303	275	0.999838
303	280	0.999904
303	242	0.999829
303	234	0.999854
303	286	0.999733
303	241	0.999983
303	267	0.999984
303	190	0.999931
303	188	0.99994
303	225	0.999712
303	291	0.999906
303	230	0.999821
303	289	0.999746
303	290	0.999932
303	226	0.999718
303	274	0.999779
303	294	0.999933
303	240	0.9998
303	271	0.999891
303	225	0.999766
303	174	0.999955
303	250	0.999839
303	184	0.999969
303	278	0.999973
303	265	0.99988
303	172	0.999797
303	181	0.999918
303	211	0.999912
303	191	0.999805
303	170	0.999879
303	209	0.99973
303	239	0.999901
303	259	0.999761
303	276	0.999913
303	169	0.999823
303	285	0.999917
303	272	0.999812
303	249	0.99983
303	244	0.999924
303	290	0.999779
303	174	0.999787
303	178	0.999733
303	267	0.999937
303	242	0.999743
303	264	0.999709
303	176	0.999796
303	203	0.999995
303	281	0.999756
303	199	0.999782
303	300	0.999936
303	205	0.999961
303	290	0.999801
303	241	0.99978
303	179	0.999896
303	174	0.99996
303	179	0.999992
303	208	0.999932
303	232	0.999934
303	217	0.999995
303	302	0.999908
303	238	0.999999
303	273	0.999851
303	218	0.999903
303	241	0.999897
303	213	0.99989
303	277	0.999834
303	238	0.999806
303	300	0.99979
303	282	0.999707
303	283	0.999849
303	211	0.999891
303	171	0.999952
303	244	0.999721
303	259	0.999779
303	210	0.999927
303	279	0.999755
303	281	0.99984
303	294	0.999917
303	190	0.999959
303	280	0.999841
303	235	0.99988
303	170	0.99996
303	198	0.999897
303	287	0.999731
303	291	0.999752
303	263	0.999733
303	286	0.999825
303	171	0.999846
303	184	0.999828
303	270	0.999845
303	293	0.999707
303	287	0.999767
303	265	0.999773
303	244	0.999898
303	203	0.999848
303	180	0.999726
303	193	0.999745
303	191	0.999925
303	300	0.999841
303	237	0.999985
303	207	0.999979
303	187	0.99994
303	211	0.999919
303	264	0.999756
303	227	0.999719
303	209	0.999884
303	200	0.999731
303	268	0.999899
303	300	0.999985
303	269	0.999858
303	251	0.99971
303	179	0.999873
303	183	0.999969
303	177	0.999866
303	254	0.999777
303	275	0.999901
303	262	0.999967
303	168	0.999743
303	273	0.99976
303	176	0.999714
303	191	0.999944
303	295	0.999958
303	274	0.99986
303	175	0.999971
303	277	0.999751
303	225	0.999807
303	229	0.999923
303	229	0.99999
303	189	0.999974
303	254	0.9998
303	224	0.999991
303	233	0.999821
303	236	0.999978
303	185	0.999855
303	239	0.999975
303	270	0.999959
303	289	0.999876
303	199	0.99976
303	217	0.999996
303	173	0.999771
303	215	0.999884
303	194	0.999834
303	220	0.999747
303	260	0.99972
303	211	0.999814
303	170	0.999866
303	297	0.999917
303	258	0.999834
303	233	0.999812
303	196	0.999986
303	222	0.999994
303	282	0.99978
303	225	0.999949
303	226	0.99981
303	230	0.999923
303	175	0.999737
303	191	0.999981
303	239	0.999878
303	233	0.999912
303	231	0.999906
303	263	0.999739
303	232	0.999863
303	195	0.999893
303	170	0.999951
303	185	0.999911
303	174	0.999902
303	226	0.999859
303	224	0.999781
303	244	0.999838
303	251	0.999814
303	267	0.999909
303	221	0.999975
303	231	0.999744
303	265	0.999782
303	245	0.999964
303	195	0.999806
303	237	0.999756
303	181	0.999936
303	177	0.999908
303	233	0.999902
303	208	0.999859
303	172	0.99998
303	183	0.999987
303	300	0.999742
303	200	0.999932
303	184	0.999979
303	258	0.999998
303	208	0.999807
303	215	0.999865
303	294	0.999991
303	254	0.999765
303	287	0.999772
303	173	0.999833
303	245	0.999742
303	231	0.999777
303	210	0.999907
303	205	0.999907
303	256	0.999949
303	268	0.999919
303	178	0.999904
303	267	0.999783
303	186	0.999815
303	170	0.999896
303	190	0.999805
303	199	0.99991
303	196	0.999757
303	302	0.999848
303	213	0.999925
303	187	0.999765
303	177	0.999926
303	287	0.999929
303	279	0.99971
303	186	0.999733
303	201	0.99975
303	183	0.99997
303	194	0.999882
303	174	0.999989
303	257	0.999969
303	210	0.999744
303	295	0.999924
303	272	0.999711
303	227	0.999786
303	282	0.999846
303	177	0.999759
303	295	0.999767
303	283	0.999819
303	171	0.999788
303	204	0.999782
303	223	0.999943
303	182	0.99982
303	207	0.999891
303	248	0.99975
303	225	0.999816
303	292	0.99998
303	273	0.999828
303	287	0.999744
303	168	0.999895
303	278	0.99973
303	204	0.999839
303	267	0.999837
303	202	0.999713
303	191	0.99978
303	235	0.99972
303	195	0.999761
303	205	0.999741
303	291	0.999846
303	223	0.999724
303	185	0.999755
303	262	0.999796
303	216	0.999967
303	273	0.999931
303	176	0.999722
303	291	0.999948
303	286	0.999774
303	266	0.999836
303	260	0.99977
303	301	0.999907
303	256	0.999895
303	250	0.999766
303	229	0.999935
303	281	0.99972
303	236	0.999809
303	204	0.999809
303	178	1
303	295	0.9998
303	243	0.999949
303	207	0.999958
303	188	0.999822
303	232	0.99977
303	265	0.999809
303	279	0.999843
303	222	0.999925
303	279	0.999773
303	214	0.999834
303	173	0.999731
303	215	0.999856
303	219	0.999837
303	187	0.999878
303	290	0.999897
303	300	0.999956
303	261	0.999873
303	237	0.999914
303	236	0.999903
303	300	0.999851
303	210	0.999989
303	302	0.99974
303	243	0.999984
303	239	0.999904
303	214	0.999995
303	272	0.999953
303	223	0.99985
303	298	0.999842
303	236	0.999966
303	262	0.999958
303	181	0.999766
303	281	0.999935
303	179	0.999714
303	187	0.999715
303	254	0.999747
303	220	0.999784
303	176	0.999879
303	189	0.999754
303	265	0.999841
303	299	0.999769
303	255	0.999866
303	271	0.999933
303	238	0.9998
303	254	0.999725
303	229	0.999866
303	170	0.999736
303	207	0.999759
303	259	0.999799
303	221	0.999742
303	260	0.999792
303	221	0.99998
303	205	0.999736
303	291	0.999894
303	215	0.999835
303	201	0.999793
303	223	0.999863
303	262	0.999789
303	174	0.999914
303	293	0.999845
303	290	0.999978
303	286	0.999963
303	225	0.999877
303	207	0.999866
303	247	0.999724
303	212	0.999748
303	208	0.999884
303	182	0.999877
303	284	0.999816
303	288	0.999905
303	254	0.999837
303	301	0.999721
303	285	0.999742
303	184	0.99972
303	201	0.999787
303	272	0.999857
303	205	0.999952
303	301	0.999968
303	215	0.99988
303	168	0.99994
303	236	0.999988
303	258	0.999894
303	197	0.99975
303	259	0.999895
303	187	0.999923
303	212	0.999924
303	221	0.999928
303	287	0.999805
303	192	0.999744
303	251	0.999827
303	177	0.999781
303	219	0.999834
303	288	0.999959
303	256	0.999732
303	227	0.999974
303	219	0.999937
303	241	0.999834
303	255	0.999792
303	218	0.999771
303	222	0.999918
303	213	0.999723
303	302	0.999884
303	276	0.999921
303	272	0.999749
303	200	0.999734
303	237	0.999767
303	287	0.999955
303	220	1
303	253	0.999998
303	292	0.999728
303	240	0.999946
303	292	0.999864
303	184	0.999959
303	197	0.999811
303	287	0.999904
303	259	0.999921
303	273	0.999982
303	190	0.999769
303	180	0.99975
303	191	0.999922
303	208	0.999878
303	256	0.999964
303	239	0.99977
303	208	0.99978
303	184	0.999972
303	263	0.999896
303	218	0.999816
303	285	0.999716
303	254	0.999865
303	236	0.999713
303	206	0.999749
303	248	0.999904
303	182	0.999957
303	190	0.999784
303	243	0.999772
303	188	0.999958
303	220	0.999872
303	288	0.999785
303	182	0.999854
303	198	0.999752
303	199	0.999963
303	187	0.999873
303	301	0.999885
303	302	0.999905
303	208	0.999785
303	211	0.999917
303	274	0.999903
303	294	0.999829
303	280	0.999754
303	204	0.999789
303	266	0.999788
303	247	0.999974
303	281	0.999932
303	274	0.999866
303	286	0.999866
303	282	0.999923
303	242	0.999724
303	229	0.999951
303	175	0.999907
303	281	0.9998
303	256	0.999814
303	281	0.999861
303	251	0.99993
303	168	0.999831
303	231	0.999824
303	272	0.999964
303	247	0.999953
303	256	0.999938
303	255	0.999815
303	261	0.999779
303	252	0.999746
303	233	0.999752
303	169	0.999935
303	233	0.999958
303	245	0.999872
303	287	0.999742
303	244	0.999819
303	264	0.999911
303	249	0.999735
303	296	0.999716
303	223	0.999995
303	188	0.999726
303	241	0.999835
303	272	0.999849
303	282	0.999932
303	260	0.999768
303	284	0.999827
303	294	0.999828
303	272	0.999778
303	188	0.99976
303	290	0.999934
303	276	0.999999
303	292	0.999965
303	205	0.99972
303	220	0.999914
303	222	0.999715
303	280	0.999916
303	206	0.999851
303	297	0.999968
303	185	0.999761
303	259	0.999781
303	178	0.999721
303	193	0.999984
303	258	0.999868
303	182	0.999782
303	290	0.999942
303	197	0.999996
303	196	0.99991
303	197	0.999887
303	192	0.999839
303	178	0.999928
303	279	0.999739
303	254	0.999769
303	236	0.999848
303	247	0.999808
303	184	0.999712
303	268	0.999985
303	209	0.999984
303	192	0.999996
303	176	0.999775
303	172	0.999827
303	186	0.999917
303	191	0.999735
303	178	0.999987
303	195	0.999827
303	192	0.999814
303	237	0.999731
303	231	0.999792
303	169	0.999809
303	188	0.999773
303	225	0.999877
303	288	0.999937
303	248	0.99992
303	235	0.999715
303	210	0.999804
303	228	0.999939
303	256	0.999828
303	203	0.999909
303	196	0.999953
303	230	0.999988
303	223	0.999746
303	237	0.999899
303	205	0.999951
303	296	0.999793
303	194	0.999815
303	171	0.999942
303	238	0.999778
303	212	0.999714
303	183	0.99999
303	301	0.999854
303	252	0.999774
303	171	0.999839
303	233	0.99997
303	189	0.999829
303	219	0.999981
303	205	0.999858
303	169	0.999874
303	259	0.999766
303	197	0.999803
303	178	0.999918
303	184	0.999893
303	270	0.999817
303	258	0.999716
303	298	0.999954
303	201	0.999808
303	214	0.999884
303	233	0.999945
303	228	0.999749
303	216	0.999935
303	271	0.999993
303	278	0.999914
303	189	0.999714
303	263	0.999948
303	244	0.999953
303	243	0.999892
303	299	0.999975
303	237	0.999929
303	233	0.999847
303	199	0.999866
303	270	0.999777
303	198	0.999872
303	177	0.999816
303	212	0.999873
303	168	0.999832
303	171	0.999779
303	180	0.999779
303	270	0.999927
303	190	0.999972
303	262	0.999946
303	180	0.999974
303	302	0.9998
303	182	0.999736
303	276	0.999802
303	289	0.99999
303	245	0.999816
303	253	0.999935
303	277	0.999768
303	279	0.999767
303	273	0.999964
303	301	0.99977
303	176	0.999773
303	249	0.999797
303	184	0.999861
303	188	0.999931
303	231	0.999931
303	210	0.999973
303	224	0.999833
303	244	0.999983
303	192	0.999946
303	197	0.999708
303	287	0.99997
303	212	0.999747
303	238	0.999818
303	183	0.999921
303	208	0.999771
303	279	0.999799
303	183	0.999755
303	209	0.999842
303	282	0.999962
303	293	0.99974
303	280	0.999714
303	207	0.999983
303	237	0.999968
303	291	0.999943
303	259	0.999933
303	299	0.99981
303	277	0.999811
303	212	0.999886
303	295	0.99981
303	213	0.999763
303	259	0.999852
303	214	0.999716
303	244	0.999779
303	186	0.999929
303	168	0.999882
303	251	0.999768
303	204	0.999855
303	265	0.999856
303	263	0.999812
303	227	0.999853
303	268	0.999876
303	233	0.999711
303	239	0.999927
303	246	0.999898
303	253	0.999728
303	227	0.999917
303	186	0.999877
303	281	0.999767
303	267	0.999873
303	191	0.999857
303	203	0.999844
303	236	0.999718
303	256	0.999724
303	179	0.999855
303	298	0.999789
303	203	0.999706
303	245	0.999762
303	235	0.999707
303	217	0.999883
303	195	0.999822
303	273	0.999941
303	225	0.999751
303	186	0.999825
303	230	0.999817
303	171	0.999761
303	178	0.999814
303	248	0.999951
303	202	0.999779
303	210	0.999824
303	217	0.999767
303	169	0.999814
303	279	0.999938
303	214	0.999742
303	224	0.999787
303	202	0.999848
303	169	0.999901
303	254	0.999989
303	289	0.999886
303	202	0.999825
303	221	0.999766
303	290	0.999927
303	237	0.999803
303	238	0.999983
303	241	0.999829
303	220	0.999754
303	301	0.999952
303	184	0.999794
303	299	0.99975
303	282	0.999724
303	250	0.999975
303	289	0.999798
303	246	0.999876
303	274	0.99984
303	195	0.99983
303	285	0.999931
303	242	0.999863
303	302	0.999971
303	209	0.999862
303	224	0.999763
303	197	0.999885
303	285	0.999822
303	181	0.999744
303	282	0.999786
303	208	0.999711
303	222	0.999742
303	282	0.999822
303	172	0.999765
303	173	0.999979
303	211	0.999785
303	172	0.999838
303	262	0.999832
303	235	0.999923
303	197	0.999874
303	283	0.999904
303	188	0.999777
303	236	0.999779
303	281	0.999794
303	197	0.99979
303	277	0.999938
303	302	0.999882
303	225	0.999807
303	292	0.999852
303	276	0.999733
303	240	0.999919
303	175	0.999941
303	263	0.999766
303	271	0.999791
303	254	0.999913
303	241	0.999795
303	237	0.999939
303	240	0.999923
303	227	0.999716
303	244	0.999989
303	248	0.999784
303	172	0.999936
303	206	0.999887
303	298	0.999963
303	260	0.999728
303	235	0.99979
303	197	0.999721
303	299	0.999916
303	202	0.999978
303	263	0.999743
303	203	0.999786
303	183	0.999864
303	283	0.999816
303	175	0.999851
303	249	0.999903
303	177	0.999817
303	296	0.999766
303	202	0.999768
303	202	0.999759
303	213	0.999717
303	229	0.999989
303	213	0.999879
303	237	0.999765
303	185	0.999705
303	296	0.999825
303	279	0.999933
303	182	0.999979
303	285	0.999916
303	258	0.999865
303	208	0.999723
303	295	0.999866
303	285	0.99999
303	193	0.99975
303	233	0.999793
303	217	0.999757
303	297	0.999766
303	264	0.999983
303	273	0.999989
303	210	0.999911
303	227	0.999896
303	215	0.999982
303	299	0.999758
303	224	0.999888
303	194	0.999863
303	259	0.999713
303	245	0.99981
303	264	0.999981
303	299	0.999887
303	226	0.999935
303	258	0.999754
303	168	0.999855
303	198	0.999947
303	245	0.99986
303	256	0.999759
303	283	0.999964
303	283	0.999858
303	286	0.999762
303	190	0.999934
303	219	0.999906
303	210	0.999725
303	281	0.999806
303	276	0.999832
303	210	0.999952
303	220	0.999795
303	279	0.999732
303	280	0.999879
303	192	0.999755
303	215	0.999994
303	278	0.999957
303	261	0.999915
303	181	0.999815
303	265	0.999821
303	249	0.999756
303	219	0.999924
303	261	0.999705
303	227	0.999943
303	186	0.999836
303	272	0.999749
303	168	0.999987
303	240	0.999887
303	201	0.999848
303	246	0.999764
303	266	0.999991
303	257	0.999823
303	214	0.999792
303	294	0.999951
303	234	0.999771
303	255	0.999946
303	269	0.999747
303	173	0.999801
303	209	0.99974
303	280	0.999797
303	184	0.99996
303	173	0.999768
303	198	0.999806
303	294	0.999929
303	252	0.999773
303	204	0.999897
303	200	0.999841
303	266	0.99989
303	190	0.999934
303	187	0.999801
303	296	0.999913
303	231	0.999747
303	198	0.999927
303	225	1
303	259	0.999834
303	224	0.999983
303	248	0.999825
303	252	0.999773
303	208	0.999996
303	183	0.99981
303	211	0.999992
303	176	0.999744
303	222	0.999748
303	273	0.999796
303	237	0.999988
303	235	0.999923
303	193	0.999868
303	193	0.999793
303	189	0.999806
303	298	0.999893
303	223	0.999771
303	171	0.999712
303	250	0.999884
303	241	0.999776
303	239	0.999853
303	244	0.999866
303	283	0.999735
303	279	0.999747
303	183	0.999796
303	174	0.999894
303	250	0.999852
303	247	0.99994
303	214	0.999797
303	224	0.999922
303	242	0.999706
303	212	0.999855
303	229	0.999716
303	302	0.999984
303	294	0.999971
303	183	0.999895
303	293	0.999796
303	261	0.999796
303	283	0.999906
303	192	0.999938
303	267	0.999718
303	246	0.999855
303	270	0.999708
303	219	0.999944
303	211	0.999714
303	209	0.999812
303	292	0.999947
303	227	0.999856
303	198	0.999794
303	265	0.999704
303	238	0.99989
303	179	0.999994
303	172	0.999784
303	233	0.999767
303	210	0.9998
303	235	0.999904
303	181	0.999893
303	191	0.999928
303	283	0.999934
303	264	0.999939
303	190	0.999893
303	224	0.999918
303	169	0.999796
303	179	0.999986
303	230	0.99997
303	199	0.999858
303	247	0.999714
303	195	0.999807
303	230	0.99974
303	221	0.999832
303	196	0.999715
303	199	0.999718
303	241	0.99981
303	287	0.999749
303	211	0.999753
303	301	0.999982
303	219	0.999756
303	299	0.999992
303	252	0.999957
303	230	0.999921
303	229	0.999863
303	261	0.99979
303	271	0.999803
303	203	0.999765
303	287	0.999706
303	252	0.99994
303	300	0.999779
303	179	0.999901
303	289	0.999787
303	257	0.99999
303	275	0.999884
303	250	0.999871
303	222	0.999724
303	215	1
303	282	0.999827
303	171	0.999737
303	279	0.99982
303	207	0.999782
303	246	0.999823
303	285	0.99973
303	218	0.999715
303	250	0.999997
303	190	0.999783
303	270	0.999783
303	237	0.999825
303	185	0.999962
303	246	0.999779
303	171	0.999824
303	215	0.999868
303	270	0.999754
303	218	0.99977
303	246	0.999968
303	295	0.999718
303	174	0.99977
303	296	0.999807
303	263	0.999924
303	172	0.99977
303	195	0.999951
303	199	0.999965
303	253	0.999788
303	179	0.999912
303	273	0.999955
303	240	0.999994
303	249	0.999774
303	285	0.999771
303	269	0.999957
303	243	0.999841
303	240	0.999936
303	199	0.999927
303	255	0.99983
303	169	0.999848
303	240	0.999853
303	220	0.999985
303	204	0.999979
303	184	0.999932
303	185	0.999765
303	232	0.999707
303	210	0.999875
303	249	0.999923
303	240	0.999791
303	263	0.999737
303	207	0.999868
303	281	0.999903
303	241	0.999726
303	273	0.999746
303	170	0.999928
303	236	0.999706
303	300	0.999737
303	272	0.999985
303	214	0.99972
303	188	0.999711
303	267	0.999925
303	258	0.999731
303	179	0.999927
303	299	0.999905
303	284	0.99977
303	221	0.999784
303	296	0.999785
303	242	0.999767
303	220	0.99993
303	263	0.999832
303	302	0.999733
303	258	0.99988
303	272	0.999933
303	181	0.999834
303	267	0.999936
303	300	0.999868
303	178	0.999738
303	221	0.999937
303	278	0.999833
303	258	0.999929
303	198	0.999735
303	210	0.999759
303	297	0.999884
303	198	0.999808
303	299	0.999967
303	221	0.999887
303	252	0.999941
303	251	0.999776
303	174	0.99978
303	273	0.999749
303	291	0.999893
303	298	0.999934
303	295	0.999752
303	217	0.999875
303	266	0.999951
303	214	0.999843
303	297	0.999767
303	224	0.999951
303	250	0.999753
303	298	0.999993
303	283	0.999985
303	225	0.999829
303	300	0.999944
303	228	0.999782
303	247	0.999952
303	183	0.999784
303	242	0.999705
303	301	0.99989
303	301	0.999939
303	271	0.999849
303	257	0.999954
303	187	0.999736
303	266	0.999951
303	238	0.999854
303	273	0.999757
303	276	0.999772
303	175	0.999951
303	212	0.999773
303	195	0.999829
303	242	0.999923
303	236	0.999876
303	188	0.999963
303	218	0.999918
303	181	0.99996
303	237	0.999726
303	199	0.999889
303	240	0.999909
303	178	0.999953
303	183	0.999915
303	220	0.999733
303	245	0.999886
303	173	0.999746
303	180	0.999798
303	174	0.999825
303	178	0.99999
303	245	0.999758
303	175	0.99979
303	214	0.999796
303	168	0.99999
303	270	0.99972
303	251	0.99987
303	282	0.999808
303	171	0.999866
303	222	0.999842
303	302	0.99981
303	250	0.999954
303	279	0.999765
303	183	0.999721
303	272	0.999782
303	263	0.999802
303	173	0.999763
303	174	0.999964
303	248	0.999762
303	287	0.999909
303	293	0.999891
303	176	0.999941
303	170	0.999885
303	299	0.999999
303	267	0.999842
303	282	0.999866
303	185	0.999978
303	214	0.999859
303	235	0.999844
303	233	0.99982
303	221	0.999916
303	170	0.99996
303	200	0.999891
303	283	0.99972
303	220	0.999744
303	241	0.999907
303	287	0.999941
303	274	0.999748
303	215	0.999747
303	174	0.999875
303	286	0.999943
303	175	0.999923
303	195	0.999714
303	213	0.999881
303	218	0.999926
303	247	0.999963
303	174	0.999974
303	267	0.999975
303	261	0.999907
303	226	0.999893
303	235	0.999911
303	221	0.999848
303	181	0.999758
303	229	0.999816
303	271	0.999829
303	209	0.999996
303	200	0.999968
303	297	0.999734
303	287	0.999843
303	251	0.999949
303	230	0.99983
303	227	0.999715
303	234	0.999846
303	302	0.999878
303	185	0.999927
303	189	0.999713
303	258	0.999759
303	286	0.999812
303	284	0.999831
303	246	0.999978
303	224	0.99988
303	172	0.999945
303	240	0.999915
303	229	0.999792
303	171	0.999942
303	213	0.999798
303	179	0.999892
303	210	0.99991
303	194	0.999781
303	282	0.999861
303	205	0.999938
303	266	0.999861
303	298	0.999864
303	272	0.999827
303	256	0.999806
303	185	0.999993
303	246	0.999795
303	246	0.999769
303	292	0.999976
303	193	0.999801
303	268	0.999747
303	224	0.999945
303	191	0.99991
303	267	0.999801
303	234	0.999758
303	273	0.999914
303	269	0.999847
303	237	0.999814
303	218	0.999802
303	273	0.999989
303	262	0.999866
303	236	0.999923
303	273	0.99978
303	203	0.999784
303	277	0.999776
303	221	0.999831
303	257	0.999881
303	260	0.999758
303	177	0.99982
303	261	0.999751
303	184	0.999771
303	280	0.999833
303	181	0.999767
303	294	0.999878
303	224	0.999979
303	250	0.999876
303	268	0.99986
303	183	0.999731
303	280	0.999945
303	250	0.999844
303	226	0.999771
303	237	0.999894
303	217	0.999796
303	276	0.999893
303	200	0.999768
303	264	0.999941
303	249	0.99975
303	173	0.999867
303	222	0.999946
303	236	0.999803
303	211	0.999825
303	249	0.999858
303	220	0.999818
303	256	0.999899
303	168	0.999851
303	266	0.999887
303	263	0.999933
303	299	0.999963
303	235	0.999795
303	271	0.999828
303	185	0.999738
303	261	0.999974
303	184	0.999705
303	187	0.999882
303	300	0.999829
303	200	0.999887
303	277	0.999708
303	190	0.999877
303	193	0.999888
303	178	0.999967
303	296	0.999898
303	177	0.999768
303	224	0.999742
303	241	0.999885
303	237	0.999953
303	208	0.999842
303	168	0.999831
303	225	0.999748
303	249	0.999769
303	248	0.999909
303	282	0.99975
303	250	0.999883
303	293	0.999756
303	212	0.999942
303	238	0.999845
303	295	0.999739
303	263	0.999753
303	253	0.999797
303	291	0.999975
303	281	0.999827
303	179	0.999749
303	279	0.999929
303	183	0.999734
303	236	0.999768
303	245	0.999736
303	293	0.999937
303	170	0.999801
303	174	0.999938
303	207	0.999901
303	176	0.999803
303	290	0.999719
303	203	0.999964
303	281	0.99985
303	172	0.999977
303	225	0.999859
303	180	0.999915
303	257	0.999933
303	182	0.999906
303	184	0.999776
303	296	0.999939
303	258	0.999889
303	206	0.999853
303	215	0.99975
303	168	0.999782
303	270	0.999964
303	236	0.999823
303	286	0.999745
303	254	0.999802
303	262	0.999803
303	204	0.999886
303	235	0.999729
303	219	0.99989
303	264	0.999836
303	213	0.999813
303	272	0.999922
303	214	0.999849
303	297	0.999861
303	244	0.999871
303	215	0.999999
303	266	0.999957
303	170	0.999715
303	184	0.999855
303	267	0.999839
303	216	0.999746
303	197	0.999845
303	252	0.999864
303	297	0.999829
303	181	0.999726
303	198	0.999973
303	251	0.999859
303	258	0.999908
303	198	0.999813
303	239	0.999751
303	178	0.999774
303	209	0.99991
303	273	0.999876
303	274	0.999985
303	266	0.99978
303	225	0.999711
303	218	0.999794
303	179	0.999838
303	248	0.999814
303	229	0.99977
303	244	0.999851
303	168	0.99988
303	300	0.999812
303	292	0.999875
303	220	0.999952
303	225	0.999996
303	286	0.99993
303	221	0.999963
303	226	0.999959
303	216	0.999992
303	184	0.999995
303	170	0.999823
303	242	0.999837
303	237	0.999928
303	212	0.999755
303	272	0.999883
303	302	0.999853
303	198	0.999814
303	220	0.999729
303	271	0.999953
303	197	0.999976
303	243	0.999982
303	181	0.99976
303	289	0.999794
303	173	0.999974
303	172	0.999966
303	261	0.999742
303	237	0.999892
303	173	0.999746
303	213	0.999898
303	211	0.999875
303	299	0.999728
303	231	0.999926
303	295	0.999737
303	183	0.999866
303	273	0.999886
303	177	0.999852
303	250	0.999969
303	194	0.999926
303	223	0.999861
303	200	0.999944
303	223	0.999705
303	210	0.999869
303	275	1
303	232	0.999925
303	277	0.99998
303	233	0.999907
303	277	0.99973
303	210	0.999737
303	259	0.99982
303	217	0.99981
303	251	0.999837
303	207	0.999807
303	287	0.999803
303	239	0.999706
303	298	0.999824
303	206	0.999881
303	200	0.999918
303	195	0.99978
303	170	0.999906
303	244	0.999757
303	208	0.999744
303	221	0.999906
303	211	0.999909
303	255	0.999924
303	263	0.999747
303	188	0.999883
303	258	0.9998
303	262	0.999794
303	250	0.999716
303	238	0.999898
303	227	0.999765
303	185	0.999732
303	252	0.999884
303	270	0.999871
303	293	0.999856
303	259	0.999948
303	228	0.999798
303	287	0.999872
303	300	0.999888
303	203	0.999909
303	283	0.999812
303	251	0.999923
303	244	0.999917
303	194	0.999832
303	291	0.999877
303	296	0.999816
303	173	0.999781
303	300	0.999996
303	191	0.999816
303	239	0.999752
303	170	0.999883
303	243	0.999922
303	171	0.99988
303	220	0.999808
303	207	0.999825
303	199	0.999752
303	202	0.999706
303	292	0.999743
303	263	0.999782
303	271	0.999713
303	260	0.999871
303	221	0.999824
303	199	0.999985
303	276	0.999906
303	213	0.999953
303	258	0.999927
303	211	0.999805
303	292	0.999869
303	178	0.999917
303	270	0.999968
303	168	0.999738
303	276	0.999722
303	242	0.999969
303	243	0.999799
303	291	0.999786
303	271	0.999953
303	217	0.999845
303	174	0.999764
303	186	0.999911
303	208	0.999825
303	253	0.999811
303	213	0.999872
303	267	0.999961
303	231	0.999743
303	201	0.999791
303	246	0.999742
303	266	0.999991
303	231	0.99979
303	265	0.999756
303	250	0.999885
303	173	0.999829
303	224	0.999746
303	266	0.999935
303	178	0.999779
303	227	0.999773
303	239	0.99998
303	205	0.999903
303	267	0.999988
303	190	0.999958
303	257	0.999959
303	172	0.999776
303	296	0.999866
303	252	0.999757
303	268	0.999721
303	247	0.999844
303	199	0.999959
303	178	0.999722
303	191	0.99976
303	268	0.999784
303	206	0.999914
303	207	0.999915
303	170	0.999713
303	295	0.999808
303	225	0.999806
303	277	0.999894
303	252	0.999835
303	216	0.999913
303	204	0.999917
303	200	0.999737
303	242	0.9998
303	299	0.999936
303	178	0.999749
303	215	0.999898
303	270	0.999757
303	298	0.999913
303	261	0.999756
303	299	0.999723
303	265	0.999854
303	224	0.999895
303	226	0.999793
303	208	0.999902
303	235	0.999812
303	272	0.999753
303	250	0.999822
303	243	0.999724
303	222	0.999804
303	293	0.999766
303	189	0.999927
303	188	0.999903
303	226	0.999764
303	284	0.99998
303	187	0.999992
303	193	0.999935
303	293	0.999869
303	199	0.999909
303	205	0.999979
303	184	0.999826
303	256	0.999747
303	200	0.999882
303	173	0.999713
303	171	0.999899
303	242	0.99998
303	275	0.999839
303	288	0.999972
303	224	0.999956
303	251	0.999762
303	240	0.999751
303	280	0.999977
303	221	0.999932
303	220	0.999818
303	238	0.999723
303	242	0.999802
303	228	0.999886
303	288	0.999937
303	228	0.999793
303	217	0.999877
303	209	0.999847
303	187	0.999986
303	190	0.999928
303	216	0.999977
303	177	0.999801
303	256	0.999756
303	195	0.999719
303	298	0.999928
303	196	0.999881
303	200	0.999869
303	264	0.999837
303	196	0.999715
303	212	0.99978
303	283	0.999748
303	217	0.999733
303	222	0.999807
303	301	0.999833
303	228	0.999789
303	230	0.999821
303	194	0.999782
303	242	0.999794
303	180	0.999967
303	237	0.999819
303	246	0.999773
303	217	0.999988
303	275	0.999773
303	256	0.999831
303	179	0.999873
303	283	0.999778
303	205	0.999989
303	243	0.999716
303	240	0.999906
303	231	0.999903
303	284	0.999866
303	220	0.999745
303	170	0.99979
303	300	0.999744
303	258	0.999796
303	191	0.999933
303	281	0.999879
303	194	0.999795
303	219	0.999731
303	202	0.99992
303	219	0.999784
303	259	0.999897
303	175	0.999811
303	227	0.999746
303	294	0.999974
303	220	0.999714
303	185	0.999721
303	194	0.999996
303	284	0.999867
303	232	0.999742
303	252	0.999835
303	215	0.999987
303	219	0.999743
303	203	0.99992
303	247	0.999875
303	209	0.999964
303	298	0.999981
303	290	0.999864
303	299	0.999977
303	255	0.99983
303	180	0.999771
303	280	0.999725
303	279	0.999937
303	263	0.999965
303	169	0.999776
303	181	0.999818
303	300	0.999964
303	296	0.999835
303	251	0.999903
303	257	0.999806
303	204	0.999874
303	226	0.999785
303	286	0.999813
303	200	0.999771
303	264	0.99974
303	291	0.999749
303	264	0.999882
303	278	0.999743
303	201	0.999872
303	251	0.999866
303	244	0.999872
303	227	0.999976
303	286	0.999937
303	290	0.999978
303	292	0.99975
303	175	0.999885
303	186	0.999999
303	266	0.999936
303	266	0.999739
303	272	0.999998
303	237	0.999792
303	248	0.999991
303	229	0.999729
303	235	0.999861
303	217	0.999985
303	298	0.999956
303	265	0.999974
303	292	0.999979
303	283	0.999811
303	286	0.999875
303	206	0.999845
303	227	0.999797
303	176	0.999812
303	173	0.999899
303	255	0.999991
303	266	0.999753
303	290	0.999877
303	295	0.999722
303	183	0.999942
303	180	0.999775
303	189	0.99986
303	242	0.99994
303	285	0.999912
303	286	0.999896
303	215	0.999983
303	245	0.99983
303	215	0.999709
303	247	0.999957
303	171	0.99987
303	184	0.999732
303	202	0.999931
303	183	0.999721
303	294	0.999771
303	295	0.999756
303	295	0.999771
303	238	0.999733
303	231	0.999951
303	246	0.999984
303	192	0.999902
303	185	0.999856
303	249	0.999785
303	256	0.999822
303	189	0.999726
303	183	0.999811
303	177	0.999949
303	256	0.999999
303	197	0.999865
303	267	0.999889
303	282	0.999988
303	221	0.99974
303	184	0.999847
303	202	0.999946
303	253	0.999721
303	200	0.999962
303	273	0.999947
303	290	0.999765
303	231	0.999845
303	247	0.999915
303	191	0.999994
303	265	0.999783
303	258	0.999901
303	265	0.999787
303	247	0.999807
303	195	0.999757
303	286	0.999804
303	257	0.999793
303	241	0.999777
303	180	0.999728
303	255	0.999734
303	292	0.999933
303	296	0.999948
303	275	0.999807
303	176	0.999978
303	270	0.99988
303	195	0.999979
303	254	0.999826
303	174	0.999976
303	299	0.999895
303	267	0.999791
303	191	0.999843
303	181	0.99978
303	260	0.999903
303	245	0.99987
303	191	0.999886
303	193	0.999956
303	272	0.99995
303	297	0.999764
303	183	0.999845
303	273	0.999806
303	224	0.999962
303	168	0.999859
303	274	0.999948
303	259	0.999958
303	194	0.999806
303	236	0.99976
303	275	0.999848
303	271	0.999737
303	302	0.999905
303	275	0.999722
303	177	0.999726
303	239	0.999862
303	193	0.999879
303	172	0.999993
303	291	0.999889
303	275	0.999817
303	211	0.999964
303	205	0.999716
303	241	0.999718
303	300	0.999779
303	273	0.99982
303	227	0.999945
303	196	0.999845
303	232	0.999834
303	196	0.999795
303	210	0.999873
303	227	0.99992
303	292	0.999839
303	249	0.999977
303	265	0.999746
303	188	0.99984
303	229	0.999854
303	248	0.999707
303	299	0.999952
303	240	0.999732
303	280	0.999974
303	176	0.999845
303	205	0.99976
303	229	0.999946
303	221	0.999759
303	203	0.999978
303	175	0.999964
303	184	0.999733
303	202	0.999988
303	286	0.999945
303	212	0.999909
303	295	0.99981
303	245	0.999995
303	187	0.999973
303	240	0.999976
303	267	0.99985
303	200	0.999858
303	181	0.999928
303	171	0.999854
303	241	0.999761
303	251	0.999983
303	227	0.999928
303	239	0.99989
303	205	0.999995
303	276	0.999854
303	221	0.999959
303	197	0.999764
303	189	0.999821
303	292	0.999973
303	194	0.999752
303	219	0.999883
303	176	0.99974
303	280	0.999758
303	263	0.999821
303	171	0.999771
303	247	0.999756
303	246	0.999845
303	246	0.999771
303	182	0.999962
303	178	0.999753
303	292	0.999733
303	293	0.999938
303	214	0.999891
303	290	0.999934
303	266	0.999858
303	283	0.999988
303	264	0.999778
303	272	0.9999
303	253	0.999896
303	216	0.999814
303	195	0.999719
303	286	0.99981
303	288	0.999745
303	297	0.999785
303	269	0.999879
303	170	0.999922
303	294	0.999833
303	274	0.999925
303	264	0.999758
303	218	0.999789
303	229	0.999815
303	234	0.9998
303	217	0.999906
303	221	0.999977
303	273	0.999911
303	205	0.999829
303	223	0.999972
303	197	0.999863
303	241	0.999745
303	239	0.999754
303	289	0.999857
303	240	0.999706
303	250	0.999742
303	298	0.999873
303	177	0.99998
303	175	0.999787
303	220	0.999927
303	301	0.999794
303	275	0.999731
303	193	0.999858
303	211	0.999898
303	263	0.999923
303	250	0.999714
303	255	0.999917
303	296	0.999775
303	191	0.999726
303	180	0.999997
303	284	0.999849
303	169	0.999753
303	215	0.99992
303	282	0.999726
303	252	0.999742
303	188	0.999824
303	227	0.999915
303	296	0.999824
303	263	0.999979
303	272	0.999726
303	168	0.999885
303	295	0.999857
303	254	0.999829
303	258	0.999803
303	205	0.999829
303	274	0.999817
303	217	0.99999
303	247	0.999765
303	227	0.999854
303	201	0.999993
303	254	0.999872
303	254	0.999761
303	239	0.999938
303	277	0.999729
303	282	0.999964
303	204	0.999962
303	191	0.999841
303	179	0.999943
303	272	0.999971
303	243	0.99983
303	221	0.999822
303	290	0.999979
303	224	0.999902
303	274	0.99992
303	172	0.99975
303	268	0.999872
303	276	0.999887
303	240	0.999898
303	168	0.999934
303	215	0.999775
303	289	0.999724
303	259	0.999924
303	268	0.999709
303	257	0.999952
303	243	0.999812
303	263	0.999878
303	242	0.999904
303	249	0.999998
303	251	0.999707
303	221	0.999733
303	253	0.999767
303	181	0.999785
303	192	0.999711
303	249	0.999728
303	234	0.999804
303	223	0.999795
303	238	0.999885
303	296	0.99995
303	200	0.999923
303	287	0.999785
303	172	0.999868
303	183	0.999862
303	260	0.999813
303	242	0.99998
303	177	0.99974
303	221	0.999952
303	290	0.999854
303	192	0.999816
303	173	0.999767
303	260	0.999903
303	260	0.999806
303	297	0.999964
303	274	0.99998
303	287	0.999907
303	289	0.999953
303	256	0.999868
303	300	0.999811
303	234	0.999793
303	245	0.999812
303	283	0.999861
303	295	0.999888
303	252	0.999792
303	260	0.999908
303	237	0.999956
303	186	0.999928
303	195	0.999784
303	208	0.999816
303	275	0.99988
303	185	0.999908
303	279	0.999991
303	227	0.99986
303	295	0.999742
303	227	0.999975
303	238	0.999911
303	230	0.99982
303	219	0.999809
303	258	0.999823
303	295	0.999741
303	300	0.999725
303	233	0.999745
303	170	0.999859
303	218	0.999901
303	211	0.999899
303	279	0.999993
303	279	0.99983
303	273	0.999978
303	263	0.999708
303	242	0.999855
303	284	0.999888
303	294	0.999917
303	189	0.999889
303	185	0.999839
303	170	0.999743
303	262	0.99976
303	204	0.999987
303	296	0.999721
303	197	0.999766
303	245	0.999837
303	252	0.99979
303	265	0.999777
303	300	0.99977
303	248	0.999734
303	257	0.999747
303	215	0.99989
303	192	0.999883
303	205	0.999878
303	210	0.999747
303	172	0.999717
303	238	0.99987
303	253	0.99989
303	185	0.999915
303	182	0.999845
303	255	0.99975
303	220	0.999883
303	278	0.999778
303	298	0.999957
303	251	0.999865
303	240	0.999938
303	194	0.999827
303	296	0.999774
303	221	0.999854
303	249	0.999951
303	226	0.999793
303	191	0.99991
303	247	0.999898
303	227	0.999991
303	285	0.999744
303	255	0.99994
303	194	0.999802
303	268	0.999858
303	242	0.999943
303	190	0.999795
303	281	0.99998
303	283	0.999969
303	184	0.999965
303	214	0.999911
303	238	0.99996
303	221	0.999903
303	291	0.999983
303	173	0.999876
303	290	0.99997
303	254	0.999833
303	276	0.999992
303	228	0.999862
303	250	0.99999
303	190	0.999982
303	301	0.999779
303	275	0.999981
303	177	0.999924
303	291	0.999744
303	209	0.999835
303	264	0.999964
303	277	0.999852
303	200	0.999821
303	246	0.999827
303	298	0.999937
303	209	0.99976
303	203	0.999823
303	202	0.999829
303	168	0.999892
303	247	0.999924
303	169	0.999809
303	236	0.999755
303	225	0.999787
303	256	0.999713
303	202	0.999746
303	213	0.999846
303	237	0.999825
303	273	0.999755
303	221	0.999996
303	189	0.999789
303	272	0.999754
303	188	0.999895
303	288	0.999779
303	243	0.999963
303	226	0.99985
303	224	0.999873
303	277	0.999748
303	201	0.999831
303	213	0.999928
303	297	0.99983
303	190	0.999744
303	181	0.999828
303	245	0.999957
303	211	0.999909
303	278	0.999805
303	211	0.999962
303	259	0.999748
303	259	0.999986
303	234	0.999946
303	288	0.999971
303	218	0.999765
303	194	0.999799
303	244	0.999737
303	241	0.99993
303	226	0.999904
303	265	0.99983
303	216	0.999705
303	177	0.999985
303	238	0.999866
303	293	0.999911
303	289	0.999972
303	186	0.999718
303	274	0.99989
303	285	0.999739
303	250	0.999953
303	186	0.999924
303	201	0.999795
303	212	0.999939
303	269	0.999756
303	299	0.999946
303	264	0.99982
303	295	0.999921
303	275	0.999987
303	200	0.999717
303	189	0.999836
303	197	0.999865
303	227	0.999764
303	202	0.99977
303	275	0.999864
303	297	0.999714
303	232	0.999941
303	277	0.999708
303	237	0.999811
303	169	0.999762
303	171	0.999959
303	176	0.999823
303	284	0.99975
303	242	0.999795
303	228	0.999774
303	292	0.999978
303	218	0.999914
303	190	0.999925
303	299	0.999972
303	281	0.999952
303	206	0.999979
303	300	0.999925
303	214	0.999928
303	293	0.999745
303	302	0.999781
303	180	0.999899
303	241	0.9999
303	263	0.999796
303	203	0.999813
303	249	0.999721
303	191	0.999922
303	275	0.999781
303	280	0.999856
303	224	0.999826
303	210	0.999871
