4500
477	274	0.999862
477	339	0.999874
477	253	0.999718
477	442	0.999844
477	355	0.999849
477	334	0.999976
477	244	0.999731
477	285	0.999898
477	324	0.99987
477	287	0.999899
477	474	0.999742
477	350	0.999811
477	361	0.999865
477	254	0.999979
477	317	0.999973
477	249	0.999857
477	463	0.999794
477	329	0.99981
477	434	0.999925
477	413	0.999792
477	419	0.999824
477	474	0.999722
477	421	0.999932
477	414	0.999906
477	457	0.999745
477	312	0.999706
477	389	0.999779
477	317	0.999927
477	408	0.999795
477	407	0.999937
477	448	0.999746
477	475	0.999952
477	290	0.999711
477	248	0.999879
477	299	0.99998
477	277	0.999864
477	393	0.999777
477	253	0.999872
477	261	0.99971
477	430	0.999785
477	447	0.999746
477	336	0.999867
477	388	0.999726
477	337	0.999905
477	331	0.999932
477	295	0.99998
477	335	0.999851
477	285	0.999823
477	321	0.999891
477	446	0.99994
477	373	0.99993
477	263	0.999934
477	258	0.999757
477	439	0.999886
477	368	0.999993
477	271	0.999934
477	409	0.999826
477	366	0.999766
477	259	0.999769
477	309	0.999884
477	431	0.999893
477	324	0.999725
477	291	0.999734
477	313	0.999837
477	410	0.999726
477	474	0.999967
477	465	0.999829
477	292	0.999989
477	406	0.999903
477	370	0.999799
477	255	0.999817
477	249	0.999842
477	309	0.999742
477	395	0.999953
477	349	0.999776
477	275	0.999742
477	451	0.999834
477	295	0.999997
477	260	0.999951
477	372	0.999801
477	405	0.999769
477	254	0.999811
477	318	0.999986
477	460	0.999873
477	471	0.99979
477	350	0.999893
477	258	0.999705
477	274	0.999826
477	391	0.999733
477	336	0.999757
477	436	0.999797
477	324	0.999751
477	269	0.999964
477	338	0.99981
477	315	0.999771
477	270	0.999908
477	395	0.999787
477	267	0.999825
477	475	0.999732
477	293	0.999805
477	424	0.99983
477	270	0.999972
477	250	0.99972
477	261	0.999968
477	249	0.999955
477	323	0.999811
477	402	0.999792
477	332	0.999932
477	344	0.999856
477	279	0.999804
477	303	0.999847
477	459	0.999972
477	319	0.999708
477	374	0.999796
477	456	0.999973
477	346	0.999731
477	429	0.999881
477	293	0.999771
477	345	0.99999
477	399	0.999963
477	427	0.99993
477	290	0.999719
477	262	0.999861
477	351	0.999955
477	282	0.999836
477	359	0.99999
477	281	0.999979
477	251	0.999786
477	421	0.999763
477	379	0.999826
477	331	0.999804
477	396	0.999812
477	297	0.999757
477	374	0.999896
477	306	0.999971
477	466	0.999973
477	309	0.999812
477	466	0.999936
477	363	0.999797
477	362	0.999963
477	457	0.99992
477	361	0.999994
477	393	0.999861
477	325	0.999915
477	359	0.999995
477	303	0.9999
477	460	0.999947
477	429	0.999751
477	440	0.999947
477	422	0.999877
477	361	0.99984
477	267	0.999897
477	261	0.999764
477	319	0.999752
477	430	0.999943
477	344	0.999845
477	297	0.99996
477	356	0.999943
477	425	0.999723
477	254	0.999881
477	349	0.999822
477	320	0.999712
477	427	0.999894
477	370	0.999714
477	306	0.999844
477	470	0.999914
477	440	0.999946
477	300	0.999897
477	409	0.999976
477	245	0.999865
477	384	0.999759
477	267	0.999759
477	301	0.999708
477	351	0.999863
477	475	0.999798
477	250	0.999831
477	317	0.999961
477	400	0.999923
477	438	0.999827
477	388	0.999886
477	451	0.999808
477	274	0.999984
477	312	0.999924
477	299	0.999984
477	286	0.999832
477	364	0.999812
477	281	0.999972
477	414	0.999855
477	301	0.999939
477	341	0.999934
477	261	0.999796
477	381	0.999803
477	438	0.999978
477	371	0.999742
477	453	0.999705
477	352	0.999898
477	361	0.999738
477	347	0.999827
477	276	0.99991
477	319	0.999768
477	364	0.999818
477	392	0.999718
477	476	0.999773
477	292	0.99987
477	385	0.999841
477	371	0.999825
477	268	0.99976
477	316	0.999964
477	386	0.999995
477	300	0.999917
477	299	0.99994
477	352	0.999743
477	364	0.999824
477	341	0.999743
477	282	0.999788
477	372	0.999771
477	285	0.999877
477	458	0.999874
477	282	0.999952
477	250	0.999958
477	391	0.999919
477	446	0.99991
477	424	0.999841
477	360	0.999943
477	371	0.999812
477	429	0.999747
477	333	0.999709
477	347	0.999977
477	281	0.99996
477	426	0.999784
477	397	0.999823
477	275	0.99983
477	295	0.999858
477	443	0.999821
477	250	0.999806
477	313	0.999979
477	385	0.999872
477	302	0.999849
477	289	0.999801
477	384	0.99981
477	285	0.999755
477	368	0.999735
477	269	0.999895
477	283	0.999916
477	365	0.999926
477	448	0.999763
477	276	0.999984
477	313	0.999912
477	299	0.999866
477	457	0.999923
477	369	0.99974
477	363	0.9999
477	463	0.999834
477	455	0.999834
477	297	0.999847
477	434	0.999725
477	394	0.999747
477	344	0.999929
477	422	0.9998
477	327	0.999816
477	440	0.999744
477	293	0.999943
477	307	0.999721
477	414	0.999934
477	340	0.999873
477	396	0.999872
477	293	0.999836
477	399	0.999958
477	298	0.999895
477	318	0.999987
477	339	0.999945
477	461	0.999944
477	266	0.999922
477	324	0.99978
477	372	0.999956
477	275	0.999973
477	424	0.999765
477	273	0.999726
477	445	0.999932
477	243	0.999761
477	449	0.999842
477	444	0.999832
477	378	0.999737
477	391	0.999733
477	429	0.999838
477	294	0.999826
477	322	0.99971
477	273	0.999762
477	394	0.999702
477	321	0.999888
477	306	0.999977
477	334	0.999972
477	355	0.999726
477	329	0.999773
477	406	0.999931
477	266	0.999858
477	369	0.999804
477	356	0.999977
477	334	0.999886
477	418	0.99992
477	448	0.999749
477	449	0.999748
477	361	0.999885
477	268	0.999813
477	383	0.999924
477	336	0.999823
477	431	0.999738
477	472	0.999884
477	441	0.99992
477	343	0.999864
477	405	0.999724
477	356	0.999717
477	248	0.99977
477	378	0.99987
477	425	0.999789
477	338	0.999702
477	242	0.999905
477	468	0.999722
477	309	0.999817
477	270	0.999783
477	403	0.999722
477	333	0.99988
477	285	0.999807
477	328	0.999758
477	453	0.999746
477	401	0.999949
477	412	0.999969
477	306	0.999989
477	270	0.999793
477	323	0.999801
477	247	0.999769
477	415	0.99979
477	396	0.999908
477	246	0.999908
477	295	0.999717
477	443	0.999828
477	325	0.999897
477	252	0.999996
477	354	0.99984
477	345	0.999955
477	255	0.999857
477	349	0.999821
477	354	0.999981
477	362	0.999947
477	294	0.999994
477	317	0.999959
477	294	0.999783
477	342	0.999863
477	376	0.999833
477	441	0.999758
477	322	0.99999
477	286	0.999918
477	428	0.9998
477	448	0.999799
477	281	0.999795
477	334	0.999737
477	408	0.999796
477	364	0.999785
477	280	0.999896
477	315	0.999702
477	270	0.999983
477	388	0.999877
477	473	0.999816
477	337	0.999821
477	316	0.99989
477	330	0.999915
477	302	0.999815
477	382	0.999865
477	242	0.999734
477	321	0.999779
477	472	0.999749
477	451	0.999725
477	280	0.999853
477	288	0.99995
477	303	0.999862
477	298	0.99988
477	270	0.999808
477	473	0.999784
477	386	0.99978
477	272	0.99971
477	301	0.999707
477	377	0.999885
477	344	0.999928
477	412	0.999915
477	309	0.999964
477	412	0.999963
477	433	0.999924
477	342	0.999918
477	283	0.99985
477	260	0.999735
477	444	0.99999
477	473	0.999719
477	343	0.9999
477	292	0.999791
477	474	0.999846
477	391	0.999921
477	333	0.999837
477	381	0.999715
477	274	0.999852
477	280	0.999914
477	322	0.999854
477	249	0.99991
477	318	0.999816
477	346	0.999771
477	388	0.999896
477	303	0.999771
477	435	0.999714
477	403	0.99999
477	402	0.999804
477	390	0.999833
477	474	0.999902
477	326	0.999904
477	363	0.999927
477	314	0.999741
477	399	0.999838
477	329	0.999979
477	252	0.9999
477	350	0.999707
477	423	0.999947
477	318	0.999904
477	281	0.999995
477	275	0.99992
477	306	0.999973
477	321	0.99999
477	390	0.999894
477	474	0.999897
477	295	0.999764
477	320	0.999796
477	476	0.999856
477	280	0.99975
477	269	0.999783
477	330	0.999933
477	313	0.999912
477	356	0.999972
477	245	0.999817
477	271	0.999734
477	359	0.999955
477	420	0.999952
477	305	0.99978
477	426	0.99989
477	461	0.999836
477	451	0.999733
477	429	0.999772
477	446	0.999787
477	273	0.999903
477	377	0.99982
477	331	0.999836
477	291	0.99991
477	246	0.999841
477	260	0.999985
477	369	0.999822
477	421	0.999868
477	323	0.999814
477	435	0.999984
477	376	0.999739
477	289	0.999935
477	423	0.999884
477	332	0.999768
477	270	0.999991
477	439	0.99972
477	435	0.999857
477	442	0.999743
477	334	0.99998
477	256	0.999992
477	360	0.99998
477	353	0.999822
477	476	0.99988
477	390	0.999841
477	451	0.99978
477	405	0.999882
477	400	0.999852
477	318	0.999719
477	413	0.999881
477	349	0.999725
477	411	0.999809
477	469	0.999927
477	262	0.999898
477	459	0.999804
477	441	0.999783
477	432	0.999788
477	405	0.999913
477	428	0.999886
477	436	0.999808
477	409	0.999865
477	251	0.999741
477	459	0.999879
477	419	0.999995
477	320	0.999742
477	289	0.999964
477	414	0.999735
477	455	0.9998
477	255	0.999883
477	338	0.999806
477	327	0.999903
477	318	1
477	347	0.999952
477	427	0.999793
477	264	0.999856
477	337	0.999756
477	310	0.999999
477	292	0.999732
477	411	0.999972
477	290	0.99998
477	243	0.999956
477	251	0.999912
477	246	0.999897
477	322	0.999838
477	405	0.999845
477	356	0.999796
477	437	0.999827
477	459	0.999703
477	337	0.999919
477	435	0.999798
477	308	0.999734
477	362	0.99999
477	377	0.999729
477	433	0.999815
477	412	0.99979
477	242	0.999975
477	354	0.99998
477	371	0.999846
477	262	0.999976
477	325	0.999889
477	250	0.99978
477	390	0.99996
477	276	0.999917
477	399	0.99989
477	364	0.999935
477	467	0.999787
477	367	0.999944
477	255	0.999887
477	281	0.999927
477	476	0.999864
477	382	0.999818
477	277	0.999994
477	376	0.99985
477	362	0.999743
477	327	0.999704
477	380	0.999741
477	391	0.999854
477	335	0.999992
477	462	0.999971
477	277	0.999824
477	417	0.999875
477	288	0.999945
477	338	0.999907
477	247	0.999862
477	422	0.999727
477	450	0.999775
477	430	0.999735
477	276	0.999738
477	395	0.999972
477	316	0.999761
477	276	0.999907
477	322	0.999848
477	462	0.999769
477	278	0.999702
477	243	0.99976
477	268	0.999777
477	270	0.999722
477	476	0.999757
477	302	0.999868
477	316	1
477	383	0.999733
477	243	0.999932
477	439	0.999845
477	460	0.999911
477	422	0.999801
477	446	0.999868
477	368	0.999808
477	331	0.999795
477	316	0.999791
477	328	0.999838
477	328	0.99982
477	246	0.999922
477	325	0.999832
477	253	0.9998
477	288	0.999717
477	262	0.999822
477	402	0.999974
477	319	0.999782
477	461	0.999921
477	271	0.999808
477	459	0.999807
477	328	0.999773
477	341	0.999814
477	469	0.999854
477	437	0.999977
477	257	0.999812
477	255	0.999786
477	317	0.999916
477	456	0.99999
477	262	0.999882
477	396	0.999824
477	318	0.999908
477	329	0.999712
477	263	0.999918
477	418	0.999964
477	437	0.99987
477	347	0.999711
477	436	0.999987
477	332	0.999961
477	434	0.999973
477	418	0.999959
477	272	0.999973
477	403	0.99997
477	459	0.999727
477	301	0.999899
477	373	0.999864
477	302	0.999795
477	260	0.999844
477	445	0.999998
477	452	0.999937
477	287	0.999768
477	357	0.99991
477	387	0.999919
477	291	0.999768
477	442	0.999829
477	293	0.999701
477	255	0.999868
477	347	0.999928
477	379	0.999709
477	451	0.999736
477	327	0.999918
477	432	0.999981
477	433	0.999918
477	263	0.999958
477	388	0.999734
477	285	0.999956
477	278	0.999876
477	345	0.999944
477	429	0.999724
477	385	0.999943
477	284	0.999802
477	249	0.999958
477	279	0.999762
477	303	0.999926
477	460	0.999958
477	288	0.999793
477	443	0.999898
477	359	0.999899
477	253	0.999932
477	414	0.99981
477	413	0.99974
477	305	0.999891
477	348	0.999734
477	263	0.999839
477	245	0.999993
477	379	0.999858
477	247	0.99991
477	400	0.9999
477	433	0.999777
477	448	0.999759
477	280	0.999917
477	364	0.999706
477	292	0.999801
477	243	0.999828
477	382	0.999999
477	314	0.999845
477	276	0.999766
477	454	0.999982
477	317	0.999825
477	330	0.999754
477	276	0.999705
477	370	0.999882
477	391	0.999888
477	265	0.999872
477	372	0.999753
477	317	0.999737
477	294	0.999884
477	373	0.999795
477	287	0.999825
477	370	0.999908
477	437	0.999803
477	290	0.999799
477	431	0.999815
477	286	0.999845
477	351	0.999985
477	367	0.999853
477	333	0.999894
477	392	0.99974
477	246	0.999797
477	458	0.999969
477	261	0.999811
477	387	0.999754
477	357	0.999863
477	291	0.999967
477	310	0.999715
477	457	0.999868
477	468	0.999747
477	321	0.999742
477	411	0.999884
477	249	0.999919
477	351	0.999821
477	397	0.999978
477	313	0.999833
477	296	0.999837
477	405	0.999905
477	360	0.999913
477	298	0.999875
477	309	0.999999
477	249	0.999716
477	470	0.999707
477	450	0.999763
477	286	0.999744
477	376	0.999915
477	335	0.999996
477	393	0.999817
477	325	0.999794
477	302	0.99976
477	365	0.999888
477	448	0.999843
477	435	0.999905
477	265	0.999894
477	320	0.999943
477	389	0.999786
477	315	0.999923
477	257	0.999882
477	327	0.999965
477	313	0.999781
477	475	0.999951
477	465	0.999804
477	378	0.999876
477	447	0.999743
477	419	0.999901
477	333	0.999701
477	297	0.999922
477	369	0.999737
477	337	0.99978
477	337	0.999935
477	465	0.999987
477	262	0.999805
477	342	0.99985
477	405	0.999777
477	257	0.999743
477	392	0.999797
477	284	0.999727
477	264	0.999993
477	412	0.999841
477	335	0.999997
477	245	0.999779
477	430	0.999838
477	426	0.999833
477	304	0.999897
477	266	0.999811
477	430	0.999898
477	434	0.999884
477	369	0.999885
477	419	0.999916
477	290	0.999956
477	380	0.999839
477	430	0.999788
477	291	0.999731
477	318	0.999929
477	342	0.999804
477	447	0.999825
477	376	0.999821
477	334	0.999763
477	420	0.999777
477	454	0.99984
477	295	0.999998
477	459	0.999793
477	253	0.999811
477	421	0.999796
477	305	0.999815
477	342	0.999951
477	355	0.999724
477	296	0.999986
477	449	0.999885
477	466	0.999877
477	343	0.99989
477	369	0.999833
477	243	0.999862
477	387	0.999981
477	266	0.999745
477	252	0.999752
477	375	0.999743
477	449	0.999991
477	454	0.999892
477	281	0.999872
477	362	0.999867
477	279	0.999743
477	412	0.999954
477	473	0.999977
477	407	0.999745
477	373	0.999948
477	447	0.999868
477	370	0.999862
477	289	0.999909
477	439	0.999713
477	316	0.999775
477	416	0.999721
477	263	0.999755
477	399	0.999788
477	254	0.999894
477	384	0.999705
477	371	0.999961
477	453	0.999703
477	331	0.999982
477	396	0.999928
477	303	0.999815
477	286	0.999798
477	469	0.999785
477	355	0.999979
477	460	0.999811
477	307	0.999794
477	278	0.999875
477	458	0.99975
477	435	0.999761
477	465	0.999984
477	310	0.9999
477	285	0.999744
477	411	0.999735
477	312	0.999713
477	384	0.999981
477	393	0.999753
477	345	0.999906
477	450	0.999894
477	414	0.999951
477	463	0.999993
477	380	0.999704
477	457	0.999917
477	330	0.999729
477	449	0.999823
477	445	0.999888
477	303	0.999737
477	315	0.999724
477	378	0.999758
477	364	0.999778
477	321	0.999862
477	356	0.999799
477	422	0.999733
477	336	0.999872
477	400	0.999994
477	444	0.999709
477	457	0.99996
477	388	0.999944
477	316	0.999843
477	307	0.999926
477	444	0.999959
477	248	0.999844
477	424	0.999957
477	352	0.999801
477	449	0.99997
477	253	0.999848
477	274	0.999873
477	373	0.999904
477	279	0.99988
477	378	0.999898
477	457	0.999912
477	247	0.999891
477	283	0.999946
477	453	0.999908
477	247	0.999781
477	369	0.999868
477	411	0.999953
477	364	0.999882
477	400	0.999949
477	283	0.999999
477	415	0.999781
477	337	0.99988
477	445	0.999926
477	341	0.999888
477	402	0.999981
477	352	0.999982
477	251	0.999877
477	391	0.999819
477	272	0.999846
477	460	0.999783
477	417	0.999838
477	395	0.999946
477	444	0.999995
477	453	0.999958
477	401	0.999989
477	386	0.999778
477	444	0.999788
477	279	0.999883
477	351	0.999851
477	254	0.999964
477	253	0.99973
477	266	0.999882
477	352	0.999925
477	429	0.999709
477	354	0.999828
477	274	0.999838
477	475	0.999783
477	347	0.99971
477	416	0.999833
477	434	0.999912
477	333	0.9998
477	462	0.999728
477	326	0.999943
477	463	0.999711
477	314	0.999783
477	325	0.999912
477	293	0.999972
477	306	0.999806
477	247	0.999896
477	449	0.999741
477	373	0.999785
477	296	0.999833
477	427	0.999793
477	337	0.999713
477	424	0.999708
477	311	0.999798
477	307	0.999998
477	469	0.999934
477	279	0.999811
477	347	0.999715
477	354	0.999781
477	352	0.999733
477	354	0.99981
477	443	0.999758
477	348	0.999749
477	469	0.99998
477	396	0.99985
477	353	0.999987
477	276	0.999868
477	258	0.999777
477	354	0.999889
477	426	0.999903
477	290	0.999719
477	440	0.999901
477	423	0.999811
477	452	0.999764
477	468	0.99994
477	379	0.99995
477	296	0.999885
477	287	0.999827
477	248	0.999764
477	274	0.9998
477	265	0.99971
477	384	0.999737
477	381	0.99974
477	245	0.999969
477	324	0.999923
477	388	0.999937
477	365	0.999961
477	410	0.999751
477	420	0.999762
477	458	0.999798
477	467	0.999779
477	439	0.999947
477	359	0.999759
477	449	0.999938
477	252	0.999829
477	285	0.999951
477	394	0.999739
477	243	0.999948
477	283	0.999794
477	355	0.999742
477	409	0.999723
477	350	0.999981
477	471	0.999851
477	378	0.999806
477	315	0.999856
477	259	0.999762
477	420	0.999837
477	315	0.999717
477	386	0.999996
477	367	0.99976
477	242	0.999708
477	339	0.99976
477	441	0.999787
477	292	0.999785
477	273	0.999953
477	469	0.999934
477	374	0.999996
477	450	0.999753
477	455	0.999878
477	282	0.999946
477	342	0.999891
477	326	0.999943
477	372	0.999964
477	313	0.99988
477	443	0.999934
477	426	0.999876
477	251	0.999777
477	412	0.999736
477	433	0.999959
477	401	0.999903
477	354	0.999702
477	355	0.999815
477	395	0.999822
477	387	0.999966
477	476	0.999763
477	289	0.99995
477	447	0.999979
477	422	0.999936
477	395	0.999762
477	255	0.999853
477	310	0.999911
477	465	0.999805
477	334	0.999902
477	406	0.99972
477	321	0.999716
477	261	0.999846
477	403	0.999836
477	387	0.999725
477	401	0.999879
477	453	0.999929
477	341	0.999804
477	446	0.999719
477	285	0.999848
477	299	0.999911
477	278	0.99999
477	250	0.999868
477	281	0.999836
477	337	0.99996
477	405	0.999962
477	353	0.999841
477	270	0.999886
477	433	0.99976
477	250	0.999976
477	263	0.999787
477	421	0.999919
477	319	0.99986
477	456	0.999992
477	462	0.999874
477	382	0.999745
477	441	0.999805
477	426	0.999897
477	256	0.999858
477	447	0.999721
477	367	0.99982
477	422	0.999885
477	247	0.99986
477	407	0.999911
477	262	0.999766
477	361	0.999973
477	355	0.999936
477	350	0.999854
477	467	0.999794
477	303	0.999739
477	436	0.99994
477	438	0.999897
477	325	0.999725
477	380	0.9999
477	404	0.999961
477	253	0.99994
477	475	0.999786
477	342	0.999712
477	292	0.999897
477	243	0.999707
477	416	0.999858
477	300	0.99997
477	380	0.999709
477	413	0.9998
477	257	0.99992
477	461	0.999896
477	329	0.999713
477	449	0.999806
477	331	0.999962
477	334	0.999838
477	471	0.999936
477	423	0.99986
477	418	0.999982
477	286	0.999725
477	386	0.999808
477	457	0.999755
477	323	0.999746
477	412	0.999807
477	354	0.999925
477	395	0.999885
477	243	0.999929
477	392	0.999791
477	446	0.999751
477	412	0.99975
477	436	0.99982
477	324	0.999765
477	352	0.999719
477	387	0.999787
477	448	0.999861
477	400	0.999806
477	457	0.999932
477	363	0.999809
477	438	0.999811
477	380	0.999918
477	361	0.999759
477	367	0.999897
477	243	0.999887
477	433	0.999804
477	432	0.999782
477	383	0.999939
477	330	0.999843
477	375	0.999836
477	344	0.999909
477	461	0.999937
477	334	0.999922
477	262	0.999754
477	267	0.99985
477	308	0.999907
477	346	0.999964
477	313	0.999938
477	252	0.999705
477	411	0.99996
477	336	0.999964
477	389	0.999769
477	402	0.999988
477	461	0.999857
477	306	0.999822
477	445	0.999798
477	421	0.999964
477	375	0.999893
477	403	0.999897
477	442	0.999891
477	251	0.999859
477	320	0.999974
477	358	0.999946
477	360	0.999788
477	314	0.999734
477	429	0.999733
477	389	0.999709
477	381	0.999718
477	417	0.999832
477	460	0.999893
477	432	0.999911
477	360	0.999835
477	393	0.999964
477	352	0.999769
477	336	0.99978
477	270	0.999951
477	465	0.999703
477	417	0.999798
477	451	0.99977
477	449	0.999761
477	307	0.999993
477	335	0.999966
477	423	0.999923
477	453	0.999972
477	355	0.999793
477	343	0.999991
477	341	0.999871
477	366	0.999845
477	316	0.999833
477	272	0.99983
477	360	0.999949
477	418	0.999848
477	390	0.999858
477	406	0.999733
477	439	0.99987
477	313	0.999705
477	412	0.999882
477	476	0.999907
477	458	0.99978
477	322	0.999801
477	465	0.999734
477	273	0.999869
477	372	0.999912
477	350	0.999775
477	364	0.999898
477	273	0.999719
477	254	0.999997
477	379	0.9999
477	433	0.999963
477	335	0.999964
477	376	0.999786
477	298	0.999889
477	342	0.99971
477	366	0.999845
477	436	0.999969
477	268	0.99979
477	253	0.999789
477	470	0.999973
477	283	0.999853
477	307	0.999798
477	304	0.999834
477	261	0.999932
477	286	0.999738
477	259	0.99976
477	383	0.999762
477	358	0.999749
477	377	0.999786
477	428	0.999955
477	297	0.999903
477	446	0.999741
477	329	0.999762
477	315	0.999984
477	395	0.999901
477	434	0.999963
477	416	0.999978
477	461	0.99995
477	394	0.999876
477	311	0.999773
477	391	0.999766
477	322	0.99994
477	351	0.999823
477	466	0.999788
477	248	0.999935
477	437	0.999828
477	391	0.999969
477	313	0.99971
477	335	0.99989
477	313	0.999793
477	427	0.999751
477	328	0.999825
477	331	0.999741
477	476	0.999873
477	435	0.999781
477	305	0.999787
477	471	0.999845
477	446	0.99974
477	405	0.999981
477	254	0.999911
477	412	0.999796
477	348	0.999836
477	388	0.999904
477	422	0.999763
477	447	0.999719
477	301	0.999918
477	395	0.999921
477	275	0.999886
477	311	0.999769
477	244	0.999751
477	420	0.999825
477	398	0.999957
477	403	0.999786
477	459	0.999904
477	243	0.999847
477	393	0.999961
477	393	0.999799
477	310	0.999816
477	265	0.999762
477	454	0.999734
477	451	0.999931
477	318	0.999898
477	431	0.999932
477	420	0.999772
477	408	0.999862
477	417	0.999752
477	398	0.999933
477	268	0.999864
477	278	0.999802
477	326	0.999922
477	387	0.99983
477	320	0.999744
477	436	0.999974
477	311	0.999904
477	386	0.999779
477	271	0.999744
477	470	0.999857
477	417	0.999999
477	308	0.99973
477	448	0.999817
477	459	0.99999
477	465	0.999804
477	446	0.999985
477	291	0.999979
477	313	0.999802
477	333	0.999792
477	292	0.999819
477	291	0.999765
477	416	0.999828
477	433	0.999879
477	342	0.999805
477	462	0.99987
477	309	0.999738
477	384	0.999701
477	462	0.999946
477	371	0.99978
477	436	0.999728
477	356	0.999995
477	336	0.99998
477	406	0.999805
477	310	0.999754
477	366	0.999725
477	315	0.999905
477	367	0.999824
477	317	0.999954
477	328	0.999987
477	443	0.999722
477	394	0.999908
477	287	0.999906
477	315	0.999796
477	259	0.999922
477	346	0.999924
477	427	0.999821
477	352	0.999946
477	414	0.999745
477	296	0.999968
477	347	0.999908
477	395	0.999763
477	344	0.999942
477	333	0.999899
477	360	0.999999
477	458	0.999957
477	307	0.999801
477	281	0.999931
477	348	0.999829
477	463	0.999903
477	319	0.999933
477	395	0.999992
477	457	0.999918
477	405	0.999981
477	433	0.999895
477	414	0.999912
477	306	0.999838
477	266	0.99999
477	435	0.999812
477	360	0.999835
477	277	0.999896
477	410	0.999739
477	339	0.9998
477	451	0.999705
477	429	0.999775
477	244	0.999917
477	420	0.999948
477	249	0.999732
477	343	0.999957
477	400	0.999774
477	374	0.999878
477	259	0.999789
477	416	0.999781
477	343	0.99974
477	473	0.999856
477	303	0.999983
477	330	0.999711
477	250	0.99997
477	426	0.999888
477	354	0.99976
477	433	0.999933
477	432	0.999975
477	327	0.99993
477	326	0.999975
477	318	0.999764
477	256	0.999984
477	347	0.999788
477	302	0.99989
477	428	0.99992
477	328	0.99998
477	466	0.999722
477	450	0.999895
477	319	0.999737
477	383	0.999766
477	454	0.9999
477	267	0.999775
477	273	0.999781
477	362	0.999895
477	245	0.999794
477	438	0.999965
477	391	0.999801
477	310	0.999819
477	338	0.999718
477	472	0.999722
477	319	0.999977
477	387	0.999824
477	370	0.999778
477	314	0.999733
477	451	0.99994
477	351	0.99976
477	460	0.999936
477	403	0.999865
477	312	0.99987
477	287	0.999798
477	255	0.999952
477	387	0.999783
477	372	0.999773
477	275	0.999704
477	312	0.999854
477	303	0.999984
477	288	0.999726
477	439	0.999854
477	384	0.999881
477	335	0.999865
477	438	0.999946
477	417	0.999837
477	314	0.999713
477	377	0.999754
477	243	0.99972
477	371	0.999763
477	380	0.99978
477	315	0.999729
477	295	0.999901
477	284	0.999847
477	363	0.999917
477	363	0.999818
477	419	0.999881
477	366	0.999905
477	357	0.99976
477	473	0.999887
477	395	0.99972
477	468	0.999978
477	276	0.999715
477	411	0.999831
477	345	0.99976
477	414	0.999862
477	364	0.999771
477	265	0.999891
477	434	0.999748
477	386	0.999888
477	276	0.999972
477	416	0.999843
477	425	0.999894
477	310	0.99981
477	406	0.999867
477	429	0.999818
477	275	0.999884
477	248	0.999897
477	437	0.999933
477	299	0.999724
477	253	0.999846
477	268	0.999739
477	346	0.999781
477	317	0.999783
477	292	0.999895
477	269	0.999776
477	469	0.999713
477	426	0.999925
477	302	0.999756
477	445	0.999835
477	371	0.999989
477	297	0.999978
477	417	0.999961
477	250	0.999897
477	462	0.999765
477	360	0.999792
477	361	0.999778
477	457	0.99989
477	250	0.999742
477	373	0.999901
477	319	0.99983
477	244	0.999894
477	251	0.999785
477	247	0.999849
477	455	0.999806
477	346	0.999946
477	334	0.99988
477	279	0.999864
477	476	0.999774
477	328	0.999781
477	248	0.999939
477	263	0.999708
477	297	0.999953
477	313	0.999885
477	254	0.999983
477	434	0.999837
477	367	0.999882
477	436	0.99982
477	266	0.999833
477	260	0.999763
477	429	0.999835
477	336	0.999912
477	452	0.999702
477	317	0.999747
477	371	0.999862
477	311	0.999838
477	355	0.999734
477	397	0.999919
477	364	0.999858
477	359	0.999783
477	290	0.999897
477	255	0.999979
477	443	0.999837
477	376	0.999854
477	382	0.999786
477	342	0.999772
477	430	0.999951
477	437	0.999961
477	381	0.999743
477	264	0.999871
477	273	0.999873
477	449	0.999842
477	318	0.999767
477	336	0.999791
477	390	0.999876
477	309	0.999771
477	259	0.999831
477	252	0.999789
477	345	0.999757
477	463	0.999841
477	260	0.999748
477	285	0.999825
477	366	0.999863
477	415	0.999972
477	255	0.999788
477	454	0.999935
477	269	0.999714
477	298	0.999739
477	390	0.999894
477	328	0.999836
477	354	0.999938
477	314	0.999896
477	360	0.999865
477	467	0.999903
477	466	0.999874
477	303	0.999875
477	247	0.999969
477	376	0.999964
477	264	0.999923
477	330	0.999929
477	306	0.999854
477	250	0.999975
477	358	0.999846
477	431	0.99995
477	344	0.999965
477	317	0.999778
477	476	0.999765
477	415	0.999812
477	390	0.999845
477	372	0.999907
477	305	0.999873
477	326	0.999976
477	344	0.999888
477	361	0.999825
477	472	0.999754
477	283	0.999715
477	303	0.999719
477	400	0.999863
477	340	0.99975
477	314	0.999707
477	307	0.999726
477	388	0.999826
477	333	0.999713
477	347	0.999959
477	417	0.999718
477	325	0.999961
477	405	0.999918
477	402	0.999911
477	269	0.999843
477	389	0.999919
477	254	0.999889
477	459	0.99976
477	448	0.999762
477	417	0.999919
477	287	0.999961
477	356	0.999997
477	391	0.999853
477	253	0.999906
477	389	0.999816
477	287	0.99996
477	336	0.999925
477	431	0.999824
477	440	0.999833
477	412	0.999752
477	254	0.99977
477	274	0.999817
477	263	0.999995
477	255	0.999759
477	311	0.999759
477	243	0.999824
477	382	0.999996
477	476	0.99977
477	279	0.99974
477	301	0.999909
477	363	0.999984
477	428	0.999754
477	332	0.999765
477	439	0.999706
477	290	0.999801
477	412	0.999856
477	294	0.999815
477	433	0.999785
477	247	0.999704
477	458	0.999939
477	461	0.999809
477	301	0.999814
477	324	0.999752
477	465	0.999922
477	256	0.999804
477	312	0.999926
477	256	0.999867
477	309	0.999766
477	420	0.999914
477	345	0.999711
477	281	0.999996
477	424	0.999725
477	362	0.999929
477	443	0.999895
477	353	0.999773
477	367	0.999997
477	347	0.999923
477	371	0.999939
477	357	0.999871
477	275	0.999812
477	446	0.999783
477	282	0.999932
477	258	0.99975
477	452	0.999745
477	378	0.999799
477	440	0.999961
477	310	0.999705
477	403	0.999872
477	257	0.999932
477	255	0.999874
477	362	0.999993
477	437	0.999759
477	266	0.99975
477	276	0.999735
477	258	0.999888
477	282	0.99995
477	266	0.999975
477	338	0.999973
477	442	0.999893
477	357	0.999825
477	444	0.999722
477	290	0.99984
477	420	0.999808
477	254	0.999882
477	242	0.999795
477	403	0.999804
477	364	0.999882
477	405	0.99982
477	361	0.99977
477	475	0.999761
477	439	0.999711
477	469	0.999929
477	383	0.999772
477	246	0.999958
477	273	0.999993
477	326	0.999708
477	464	0.999996
477	285	0.999863
477	445	0.999964
477	331	0.99982
477	290	0.999958
477	401	0.999864
477	457	0.999853
477	400	0.999955
477	359	0.999827
477	462	0.999789
477	308	0.999952
477	377	0.999765
477	420	0.99972
477	268	0.999735
477	291	0.999708
477	363	0.999855
477	407	0.999754
477	281	0.999893
477	289	0.999842
477	462	0.999952
477	398	0.999942
477	277	0.999783
477	245	0.999817
477	364	0.999776
477	458	0.999886
477	348	0.999957
477	364	0.999701
477	412	0.999739
477	361	0.999743
477	451	0.999728
477	435	0.999763
477	435	0.999944
477	457	0.99992
477	362	0.999765
477	476	0.999763
477	384	0.999983
477	463	0.99996
477	326	0.999777
477	469	0.999743
477	300	0.999996
477	308	0.999732
477	385	0.99977
477	290	0.999704
477	249	0.999969
477	269	0.999895
477	421	0.999848
477	258	0.999916
477	296	0.999772
477	408	0.999783
477	289	0.999984
477	411	0.999934
477	261	0.999882
477	440	0.999819
477	398	0.999873
477	327	0.999945
477	289	0.99988
477	242	0.99976
477	260	0.999822
477	244	0.999974
477	258	0.999865
477	447	0.999833
477	339	0.999775
477	254	0.9999
477	385	0.999909
477	309	0.999964
477	461	0.999789
477	376	0.999843
477	387	0.999898
477	287	0.999712
477	403	0.999879
477	335	0.999777
477	299	0.999946
477	314	0.999929
477	397	0.999986
477	255	0.99973
477	468	0.999975
477	275	0.9999
477	468	0.999773
477	369	0.999708
477	282	0.999856
477	254	0.99992
477	252	0.999794
477	299	0.999938
477	274	0.999967
477	377	0.999878
477	440	0.999908
477	403	0.999885
477	321	0.999977
477	470	0.999835
477	379	0.999854
477	457	0.999981
477	400	0.999865
477	304	0.999742
477	391	0.999712
477	285	0.999885
477	242	0.999938
477	449	0.999979
477	451	0.999755
477	413	0.999965
477	472	0.999917
477	388	0.999869
477	433	0.999914
477	422	0.999795
477	267	0.999876
477	264	0.99985
477	273	0.999784
477	422	0.999704
477	395	0.999913
477	455	0.999727
477	416	0.999876
477	368	0.999733
477	338	0.999849
477	347	0.999964
477	243	0.999974
477	395	0.999776
477	343	0.999747
477	243	0.99989
477	399	0.999822
477	400	0.99992
477	411	0.999897
477	291	0.99973
477	341	0.999988
477	413	0.999748
477	455	0.999741
477	265	0.999763
477	398	0.999722
477	431	0.999871
477	334	0.999786
477	301	0.999999
477	469	0.99975
477	259	0.999809
477	379	0.999846
477	404	0.99994
477	317	0.99971
477	357	0.999837
477	290	0.999774
477	370	0.999957
477	465	0.999976
477	273	0.999718
477	448	0.99983
477	416	0.999748
477	247	0.999889
477	339	0.99983
477	466	0.999782
477	314	0.999946
477	368	0.99999
477	467	0.999994
477	277	0.999974
477	250	0.999986
477	448	0.99986
477	391	0.999848
477	321	0.999838
477	242	0.999725
477	274	0.99992
477	256	0.999927
477	351	0.999757
477	346	0.999799
477	449	0.999956
477	287	0.99987
477	395	0.999942
477	403	0.999959
477	397	0.999884
477	304	0.999912
477	303	0.999744
477	454	0.999861
477	345	0.999784
477	452	0.999898
477	347	0.999707
477	341	0.999973
477	452	0.999848
477	378	0.999904
477	409	0.999811
477	335	0.999857
477	470	0.999749
477	324	0.999766
477	269	0.99984
477	360	0.999818
477	399	0.999909
477	247	0.999957
477	254	0.999753
477	376	0.999837
477	358	0.999746
477	461	0.999866
477	359	0.999947
477	286	0.999876
477	333	0.999983
477	466	0.99993
477	316	0.999943
477	287	0.999986
477	254	0.999776
477	336	0.999748
477	411	0.999837
477	351	0.999961
477	319	0.999745
477	415	0.999863
477	275	0.999729
477	323	0.999789
477	391	0.999949
477	381	0.999801
477	386	0.999961
477	453	0.99978
477	274	0.999951
477	342	0.999796
477	413	0.999815
477	272	0.99973
477	381	0.999899
477	437	0.999786
477	367	0.999817
477	329	0.999999
477	323	0.999921
477	429	0.999795
477	363	0.999981
477	271	0.999911
477	299	0.999896
477	381	0.999772
477	465	0.999931
477	389	0.999711
477	303	0.99992
477	242	0.999997
477	244	0.999734
477	358	0.999875
477	327	0.999891
477	377	0.999894
477	290	0.999924
477	323	0.999809
477	427	0.999707
477	337	0.999851
477	378	0.999762
477	284	0.999964
477	472	0.99978
477	382	0.999949
477	321	0.999952
477	264	0.999732
477	310	0.999731
477	282	0.999812
477	358	0.999904
477	401	0.999768
477	432	0.999724
477	448	0.999714
477	356	0.999777
477	314	0.999714
477	340	0.999704
477	464	0.999733
477	356	0.999937
477	420	0.999873
477	418	0.999915
477	320	0.99977
477	343	0.999944
477	326	0.999852
477	273	0.999806
477	461	0.999753
477	334	0.999914
477	472	0.999923
477	416	0.99992
477	449	0.99974
477	359	0.999893
477	432	0.999896
477	451	0.999867
477	271	0.999997
477	282	0.999889
477	472	0.999827
477	419	0.99979
477	441	0.999859
477	244	0.999818
477	448	0.999759
477	244	0.999947
477	297	0.999754
477	350	0.999827
477	393	0.99987
477	269	0.999815
477	445	0.999993
477	251	0.999905
477	435	0.999865
477	423	0.999788
477	352	0.999926
477	357	0.999902
477	407	0.999804
477	285	0.999701
477	279	0.999999
477	371	0.999956
477	269	0.999998
477	273	0.999813
477	282	0.999723
477	271	0.99974
477	455	0.999792
477	431	0.999768
477	412	0.999736
477	291	0.999865
477	319	0.999805
477	388	0.999986
477	475	0.999849
477	395	0.999743
477	368	0.999854
477	351	0.999859
477	254	0.999854
477	429	0.999867
477	423	0.999846
477	338	0.999812
477	422	0.999888
477	447	0.999986
477	381	0.999819
477	464	0.999938
477	460	0.999886
477	391	0.99989
477	431	0.999747
477	346	0.999793
477	409	0.999907
477	324	0.999792
477	398	0.99989
477	248	0.99987
477	337	0.999891
477	332	0.999721
477	379	0.999769
477	459	0.999777
477	254	0.999986
477	329	0.999882
477	334	0.999931
477	330	0.999722
477	417	0.999768
477	376	0.999836
477	414	0.999751
477	267	0.999736
477	382	0.99999
477	425	0.999836
477	249	0.999938
477	400	0.999917
477	400	0.999991
477	339	0.999948
477	309	0.999873
477	454	0.999782
477	375	0.999803
477	341	0.999879
477	335	0.999924
477	304	0.999874
477	305	0.999793
477	383	0.999795
477	262	0.999801
477	277	0.999856
477	308	0.999897
477	314	0.999769
477	335	0.999854
477	475	0.999932
477	365	0.999749
477	267	0.999747
477	377	0.999931
477	305	0.999735
477	449	0.999794
477	378	0.999843
477	331	0.99988
477	349	0.99992
477	407	0.999967
477	364	0.999978
477	345	0.999802
477	417	0.999792
477	307	0.999889
477	315	0.999902
477	315	0.999953
477	410	0.999878
477	254	0.999877
477	340	0.999744
477	471	0.999847
477	356	0.999812
477	380	0.999721
477	441	0.999755
477	275	0.999768
477	278	0.999825
477	469	0.999775
477	314	0.999703
477	387	0.999815
477	420	0.999791
477	292	0.999701
477	371	0.999761
477	282	0.999967
477	307	0.999916
477	330	0.99989
477	258	0.999719
477	322	0.999935
477	244	0.999756
477	330	0.999746
477	266	0.999815
477	367	0.99972
477	384	0.999996
477	462	0.999785
477	248	0.999839
477	401	0.999856
477	416	0.999908
477	440	0.999772
477	326	0.999774
477	249	0.999902
477	291	0.999725
477	407	0.999755
477	408	0.999736
477	271	0.999861
477	411	0.999828
477	465	0.999972
477	428	0.9999
477	301	0.999844
477	370	0.999847
477	377	0.999891
477	297	0.999731
477	353	0.999938
477	417	0.999939
477	288	0.999723
477	251	0.999937
477	452	0.999748
477	410	0.999885
477	420	0.999737
477	401	0.99995
477	414	0.999922
477	426	0.999838
477	348	0.999981
477	255	0.999706
477	425	0.999704
477	313	0.999929
477	372	0.999946
477	248	0.999793
477	374	0.999795
477	444	0.999996
477	429	0.999861
477	357	0.999957
477	432	0.999866
477	255	0.999871
477	446	0.999734
477	269	0.999913
477	350	0.999954
477	308	0.999852
477	400	0.999874
477	471	0.999826
477	252	0.999739
477	266	0.99982
477	342	0.999921
477	337	0.999932
477	319	0.999831
477	446	0.999849
477	396	0.999715
477	446	0.999977
477	425	0.99987
477	357	0.999852
477	346	0.999933
477	446	0.999772
477	391	0.999891
477	294	0.999835
477	405	0.999775
477	244	0.999871
477	449	0.999728
477	285	0.999806
477	468	0.999892
477	439	0.999759
477	473	0.999809
477	338	0.999738
477	254	0.999908
477	374	0.999834
477	330	0.999728
477	251	0.999971
477	360	0.999729
477	377	0.999815
477	471	0.999822
477	339	0.999736
477	397	0.999708
477	339	0.999714
477	316	0.99983
477	417	0.999739
477	247	0.999725
477	451	0.999777
477	398	0.999939
477	304	0.999941
477	297	0.999815
477	338	0.999722
477	360	0.999908
477	408	0.999979
477	330	0.999903
477	411	0.999818
477	402	0.999745
477	383	0.999865
477	446	0.999914
477	433	0.999864
477	345	0.999816
477	302	0.999975
477	257	0.999988
477	350	0.999941
477	274	0.999816
477	357	0.999777
477	421	0.999806
477	467	0.999988
477	336	0.999991
477	440	0.999936
477	424	0.999832
477	285	0.999768
477	262	0.999822
477	345	0.999803
477	243	0.999773
477	425	0.999948
477	426	0.999732
477	443	0.999846
477	397	0.999765
477	310	0.999901
477	448	0.999871
477	275	0.999893
477	362	0.999978
477	373	0.99989
477	409	0.999731
477	448	0.999922
477	295	0.999707
477	257	0.999722
477	414	0.99997
477	458	0.999951
477	441	0.999813
477	370	0.99972
477	441	0.999762
477	376	0.999791
477	344	0.99983
477	340	0.99973
477	319	0.999834
477	397	0.999735
477	325	0.999929
477	449	0.999723
477	255	0.999714
477	310	0.999925
477	290	0.999718
477	438	0.999824
477	252	0.999997
477	282	0.999999
477	246	0.999955
477	261	0.999805
477	472	0.999884
477	335	0.999899
477	257	0.999885
477	438	0.999987
477	317	0.999812
477	318	0.999984
477	445	0.999777
477	460	0.999748
477	451	0.99975
477	346	0.999728
477	301	0.999783
477	410	0.999809
477	379	0.999842
477	366	0.999972
477	280	0.999798
477	391	0.999772
477	311	0.999735
477	364	0.999753
477	447	0.999896
477	323	0.999942
477	343	0.999875
477	321	0.999833
477	317	0.999966
477	312	0.999931
477	414	0.999948
477	347	0.999872
477	467	0.999805
477	342	0.999824
477	355	0.999795
477	453	0.999823
477	278	0.999985
477	342	0.999911
477	428	0.999786
477	249	0.999703
477	342	0.999752
477	265	0.999829
477	271	0.999796
477	337	0.999779
477	388	0.999826
477	304	0.999987
477	424	0.999842
477	429	0.999832
477	259	0.999949
477	291	0.999767
477	279	0.999766
477	427	0.999751
477	408	0.999853
477	267	0.999783
477	355	0.999911
477	361	0.999891
477	351	0.999958
477	317	0.999988
477	272	0.999952
477	435	0.999783
477	356	0.999748
477	366	0.999704
477	257	0.999758
477	411	0.99984
477	272	0.9998
477	476	0.999859
477	374	0.99984
477	452	0.999932
477	269	0.999852
477	371	0.999969
477	350	0.99991
477	408	0.999872
477	472	0.999847
477	267	0.999752
477	399	0.999986
477	347	0.999989
477	322	0.999775
477	475	0.999751
477	420	0.999887
477	322	0.999713
477	468	0.999808
477	342	0.999853
477	362	0.999981
477	407	0.999726
477	440	0.999836
477	411	0.999861
477	304	0.999839
477	452	0.999963
477	328	0.999758
477	269	0.999839
477	265	0.999807
477	305	0.999865
477	435	0.999788
477	291	0.999986
477	442	0.999705
477	408	0.999709
477	468	0.99998
477	384	0.999769
477	295	0.999931
477	384	0.999911
477	363	0.999898
477	397	0.999941
477	342	0.999872
477	243	0.999929
477	343	0.999841
477	381	0.999894
477	342	0.999832
477	470	0.99988
477	338	0.999954
477	278	0.999714
477	385	0.999859
477	362	0.999854
477	367	0.999823
477	296	0.999861
477	353	0.999764
477	253	0.999712
477	441	0.999795
477	397	0.999793
477	304	0.999943
477	291	0.99987
477	313	0.999717
477	398	0.999769
477	355	0.999717
477	384	0.999764
477	256	0.999805
477	455	0.999806
477	460	0.999757
477	250	0.999766
477	376	0.999704
477	365	0.999709
477	265	0.999727
477	309	0.999854
477	305	0.999807
477	321	0.999986
477	446	0.999978
477	472	0.999726
477	381	0.999971
477	408	0.999763
477	350	0.999735
477	367	0.999996
477	461	0.999816
477	300	0.999789
477	246	0.999739
477	285	0.999973
477	368	0.999709
477	354	0.99974
477	422	0.999738
477	359	0.999781
477	441	0.99998
477	323	0.999883
477	455	0.999914
477	379	0.999723
477	300	0.999864
477	399	0.999982
477	415	0.999879
477	309	0.999775
477	468	0.99989
477	363	0.999839
477	374	0.999739
477	297	0.999849
477	334	0.999713
477	299	0.999842
477	467	0.999842
477	303	0.999939
477	265	0.999958
477	271	0.999717
477	357	0.999843
477	374	0.999874
477	418	0.999847
477	383	0.999805
477	385	0.999777
477	387	0.999769
477	273	0.999708
477	267	0.99999
477	289	0.999794
477	365	0.999809
477	407	0.999917
477	297	0.999728
477	335	0.999915
477	360	0.999897
477	467	0.999912
477	448	0.999925
477	466	0.999792
477	405	0.999845
477	332	0.99985
477	411	0.999852
477	381	0.999826
477	476	0.999702
477	243	0.999906
477	247	0.999843
477	428	0.999897
477	419	0.999876
477	267	0.999812
477	425	0.999726
477	365	0.999842
477	386	0.999705
477	449	0.999808
477	372	0.999702
477	370	0.999965
477	442	0.99987
477	311	0.999934
477	412	0.99974
477	392	0.999734
477	392	0.999845
477	286	0.999942
477	302	0.99996
477	420	0.99988
477	369	0.999932
477	307	0.99997
477	341	0.999892
477	362	0.999748
477	451	0.999833
477	360	0.99974
477	295	0.999957
477	383	0.999839
477	417	0.999866
477	290	0.999812
477	267	0.99971
477	346	0.999881
477	354	0.99988
477	452	0.999793
477	375	0.999719
477	455	0.999847
477	359	0.999973
477	349	0.999907
477	465	0.99991
477	458	0.999718
477	375	0.999962
477	434	0.999984
477	408	0.999968
477	420	0.999737
477	476	0.999982
477	383	0.999834
477	254	0.999871
477	410	0.999919
477	357	0.999893
477	371	0.999702
477	468	0.999702
477	273	0.999815
477	265	0.999877
477	321	0.999775
477	311	0.999722
477	326	0.999873
477	420	0.99979
477	444	0.999993
477	435	0.999817
477	306	0.999897
477	412	0.999766
477	266	0.999977
477	293	0.999747
477	380	0.999741
477	452	0.999998
477	394	0.999957
477	404	0.999964
477	351	0.999959
477	392	0.999875
477	412	0.999847
477	469	0.999903
477	393	0.99978
477	367	0.99979
477	461	0.999837
477	288	0.999782
477	409	0.999847
477	361	0.999868
477	340	0.999739
477	331	0.999813
477	450	0.99972
477	453	0.999736
477	297	0.999703
477	346	0.999849
477	267	0.999732
477	406	0.99983
477	301	0.999803
477	436	0.999841
477	429	0.999794
477	417	0.999836
477	402	0.999992
477	374	0.99975
477	437	0.999724
477	270	0.99978
477	476	0.999978
477	375	0.999847
477	260	0.999786
477	336	0.999775
477	342	0.999839
477	357	0.999933
477	414	0.999948
477	380	0.999782
477	282	0.999881
477	406	0.999955
477	466	0.99978
477	291	0.999831
477	245	0.99997
477	455	0.999896
477	292	0.999989
477	255	0.999711
477	444	0.999746
477	288	0.999782
477	463	0.999853
477	254	0.999896
477	318	0.999775
477	398	0.999926
477	283	0.999754
477	453	0.999959
477	435	0.999836
477	352	0.999946
477	404	0.999737
477	404	0.999739
477	347	0.999892
477	473	0.999837
477	371	0.999773
477	419	0.99986
477	288	0.999905
477	243	0.999999
477	422	0.99984
477	331	0.999782
477	374	0.99992
477	321	0.999766
477	320	0.999969
477	285	0.999746
477	252	0.999928
477	398	0.99974
477	407	0.99983
477	263	0.999701
477	322	0.999942
477	326	0.999988
477	435	0.999931
477	413	0.999758
477	410	0.999791
477	431	0.999854
477	254	0.999962
477	289	0.999806
477	358	0.999895
477	468	0.999756
477	471	0.999863
477	474	0.999779
477	249	0.99973
477	389	0.999995
477	475	0.999976
477	248	0.999897
477	358	0.999706
477	254	0.999944
477	366	0.999729
477	248	0.999771
477	397	0.999985
477	352	0.999795
477	299	0.999828
477	249	0.999707
477	397	0.999848
477	334	0.999721
477	379	0.999958
477	281	0.999873
477	387	0.99976
477	374	0.999796
477	387	0.999775
477	382	0.999748
477	473	0.999722
477	341	0.999712
477	308	0.999977
477	391	0.999968
477	389	0.999863
477	469	0.999938
477	268	0.999716
477	382	0.999987
477	296	0.999977
477	442	0.999812
477	369	0.999789
477	313	0.999873
477	382	0.999811
477	324	0.999809
477	273	0.999956
477	289	0.999932
477	404	0.999743
477	305	0.999907
477	462	0.999882
477	431	0.999962
477	307	0.999786
477	373	0.999727
477	459	0.999746
477	442	0.999903
477	281	0.999964
477	383	0.999871
477	326	0.999743
477	345	0.999996
477	313	0.999746
477	402	0.999882
477	364	0.999747
477	254	0.99978
477	468	0.999967
477	400	0.999953
477	426	0.999864
477	463	0.999871
477	404	0.999746
477	358	0.999882
477	357	0.999904
477	407	0.999756
477	346	0.999875
477	335	0.999967
477	248	0.999752
477	380	0.999943
477	448	0.99988
477	473	0.999738
477	349	0.999737
477	457	0.999979
477	314	0.999942
477	350	0.999749
477	355	0.999993
477	245	0.999878
477	424	0.999706
477	248	0.999959
477	343	0.999944
477	469	0.999714
477	367	0.999798
477	413	0.999757
477	407	0.999708
477	356	0.99995
477	447	0.999957
477	426	0.999762
477	403	0.999716
477	413	0.999961
477	246	0.999724
477	288	0.999971
477	361	0.999761
477	395	0.99992
477	294	0.999908
477	387	0.999957
477	327	0.999851
477	433	0.999881
477	417	0.99995
477	329	0.99972
477	317	0.999857
477	370	0.999844
477	248	0.999902
477	448	0.999833
477	394	0.999807
477	341	0.999982
477	358	0.999977
477	422	0.999702
477	254	0.999856
477	259	0.999967
477	348	0.999726
477	415	0.999767
477	333	0.999726
477	296	0.999932
477	312	0.99974
477	350	0.999838
477	454	0.999849
477	304	0.999735
477	464	0.999902
477	330	0.999712
477	471	0.999715
477	321	0.999806
477	284	0.999927
477	441	0.999902
477	371	0.999705
477	279	0.999926
477	262	0.999792
477	436	0.999716
477	420	0.999911
477	268	0.999939
477	462	0.999767
477	310	0.999928
477	431	0.99978
477	318	0.99994
477	392	0.999996
477	271	0.999706
477	469	0.999963
477	372	0.999886
477	457	0.999753
477	288	0.999975
477	439	0.999908
477	461	0.99988
477	375	0.999788
477	293	0.999962
477	318	0.999723
477	471	0.999915
477	413	0.999807
477	472	0.999822
477	419	0.999788
477	436	0.99987
477	321	0.999846
477	295	0.999908
477	388	0.999905
477	420	0.999952
477	382	0.99991
477	274	0.999888
477	431	0.999974
477	432	0.999725
477	403	0.999757
477	252	0.999738
477	341	0.999816
477	461	0.999986
477	262	0.999871
477	425	0.999995
477	371	0.999757
477	296	0.999948
477	281	0.999998
477	289	0.999921
477	297	0.999813
477	291	0.999896
477	407	0.999756
477	299	0.999908
477	380	0.99981
477	245	0.99992
477	369	0.999879
477	306	0.99992
477	355	0.999935
477	242	0.999907
477	348	0.999708
477	388	0.999884
477	419	0.999941
477	356	0.999914
477	287	0.999718
477	375	0.999913
477	468	0.999738
477	308	0.999769
477	450	0.999877
477	356	0.999844
477	319	0.99987
477	417	0.999844
477	467	0.999887
477	400	0.999708
477	339	0.99975
477	395	0.99985
477	312	0.999856
477	425	0.999733
477	345	0.999874
477	455	0.999972
477	337	0.999706
477	428	0.999712
477	379	0.999917
477	379	0.999929
477	327	0.999763
477	438	0.999975
477	254	0.999715
477	381	0.999792
477	352	0.999928
477	267	0.999745
477	454	0.999805
477	392	0.999773
477	465	0.999748
477	280	0.999744
477	368	0.99996
477	304	0.999743
477	423	0.999764
477	256	0.999941
477	425	0.999903
477	293	0.999972
477	348	0.999768
477	359	0.99975
477	449	0.999835
477	295	0.999867
477	445	0.999968
477	380	0.99976
477	443	0.999804
477	404	0.999909
477	373	0.999985
477	384	0.999829
477	270	0.999792
477	404	0.999963
477	393	0.999896
477	371	0.999814
477	378	0.99997
477	432	0.999737
477	376	0.999915
477	448	0.999912
477	443	0.99983
477	434	0.999872
477	259	0.999969
477	331	0.999812
477	280	0.999964
477	252	0.999878
477	407	0.999918
477	315	0.999969
477	298	0.999876
477	325	0.999824
477	322	0.999983
477	380	0.999803
477	395	0.999794
477	251	0.999808
477	321	0.999861
477	303	0.999939
477	453	0.999947
477	414	0.999947
477	427	0.99998
477	256	0.999938
477	315	0.999797
477	334	0.999771
477	407	0.999853
477	438	0.9998
477	384	0.99971
477	368	0.999999
477	438	0.999842
477	471	0.99989
477	350	0.99983
477	443	0.999752
477	265	0.999821
477	412	0.99994
477	388	0.999713
477	250	0.999706
477	474	0.999945
477	328	0.999997
477	270	0.999896
477	357	0.999764
477	450	0.999949
477	330	0.999778
477	274	0.999791
477	376	1
477	304	0.999804
477	362	0.999841
477	440	0.999959
477	335	0.999712
477	390	0.999969
477	288	0.999829
477	279	0.999915
477	333	0.999711
477	340	0.999763
477	245	0.999789
477	282	0.999843
477	411	0.999877
477	250	0.999729
477	438	0.999707
477	309	0.999818
477	353	0.999895
477	415	0.999795
477	287	0.99982
477	385	0.999776
477	354	0.999949
477	371	0.999992
477	361	0.999785
477	436	0.99995
477	260	0.99996
477	445	0.999938
477	390	0.999791
477	359	0.999966
477	328	0.99987
477	317	0.9999
477	291	0.999943
477	292	0.999908
477	313	0.99977
477	248	0.99979
477	371	0.999768
477	436	0.999732
477	300	0.999863
477	396	0.999905
477	326	0.999891
477	260	0.99985
477	249	0.999814
477	243	0.999874
477	361	0.999839
477	300	0.999899
477	320	0.999824
477	404	0.999922
477	432	0.99996
477	367	0.99982
477	434	0.999904
477	400	0.999994
477	375	0.999922
477	408	0.999804
477	333	0.999718
477	354	0.999997
477	376	0.999767
477	418	0.999797
477	275	0.999702
477	364	0.999825
477	465	0.9999
477	266	0.999713
477	385	0.999984
477	399	0.999814
477	297	0.999883
477	267	0.999781
477	454	0.99986
477	330	0.999702
477	333	0.99992
477	291	0.999784
477	395	0.999772
477	437	0.999888
477	388	0.999793
477	334	0.999872
477	268	0.999891
477	266	0.999708
477	325	0.999792
477	447	0.999717
477	277	0.999829
477	412	0.999834
477	356	0.999973
477	275	0.999854
477	472	0.999888
477	322	0.999891
477	343	0.999761
477	244	0.999993
477	274	0.999992
477	265	0.999981
477	359	0.999838
477	299	0.999822
477	445	0.999737
477	446	0.999836
477	346	0.999849
477	271	0.999793
477	293	0.999951
477	323	0.999735
477	255	0.999904
477	253	0.999919
477	370	0.999826
477	454	0.999859
477	372	0.999777
477	318	0.999792
477	359	0.999764
477	419	0.999955
477	270	0.999911
477	471	0.999779
477	290	0.99985
477	367	0.999818
477	454	0.999802
477	284	0.999923
477	326	0.999928
477	252	0.999716
477	385	0.999831
477	461	0.999903
477	351	0.99996
477	269	0.999713
477	465	0.999972
477	373	0.999991
477	313	0.999939
477	309	0.999825
477	363	0.999992
477	245	0.99989
477	453	0.999882
477	334	0.999811
477	267	0.999999
477	319	0.999974
477	383	0.999717
477	317	0.999749
477	377	0.999887
477	390	0.99993
477	471	0.999762
477	295	0.999782
477	322	0.999863
477	431	0.999891
477	264	0.999949
477	324	0.999929
477	318	0.999785
477	470	0.999761
477	295	0.999834
477	467	0.999952
477	412	0.999983
477	279	0.999733
477	414	0.999717
477	258	0.999797
477	365	0.999959
477	317	0.99986
477	344	0.999922
477	443	0.999837
477	413	0.999769
477	444	0.999757
477	243	0.999949
477	358	0.999946
477	386	0.999776
477	467	0.999868
477	430	0.999998
477	320	0.99984
477	422	0.999929
477	271	0.999856
477	381	0.999785
477	280	0.999949
477	401	0.999848
477	471	0.999871
477	424	0.999822
477	356	0.99977
477	317	0.999831
477	423	0.999903
477	380	0.999948
477	470	0.99994
477	465	0.999932
477	249	0.999895
477	397	0.999891
477	286	0.999722
477	297	0.999783
477	385	0.999737
477	368	0.999707
477	360	0.999761
477	297	0.999751
477	476	0.999824
477	451	0.999786
477	399	0.999987
477	361	0.99988
477	427	0.999955
477	363	0.999872
477	469	0.99987
477	242	0.999824
477	319	0.999952
477	260	0.99988
477	280	0.999702
477	367	0.999865
477	348	0.999768
477	405	0.999906
477	346	0.999744
477	374	0.999769
477	381	0.999703
477	279	0.99998
477	438	0.999792
477	343	0.999892
477	372	0.999886
477	284	0.999806
477	259	0.99976
477	413	0.999984
477	350	0.99987
477	313	0.999883
477	391	0.999801
477	246	0.99996
477	282	0.999825
477	298	0.999846
477	294	0.999788
477	274	0.999948
477	282	0.999704
477	319	0.999859
477	357	0.999786
477	290	0.999929
477	343	0.999729
477	355	0.999878
477	260	0.999814
477	252	0.999914
477	430	0.999926
477	445	0.999779
477	334	0.999745
477	286	0.999959
477	247	0.999935
477	335	0.999871
477	361	0.999862
477	424	0.999951
477	286	0.999902
477	411	0.999913
477	389	0.999763
477	245	0.999821
477	299	0.999856
477	359	0.999722
477	271	0.999871
477	465	0.999885
477	352	0.999927
477	423	0.999764
477	423	0.999769
477	387	0.999979
477	276	0.999852
477	414	0.999981
477	337	0.999759
477	385	0.999722
477	250	0.99999
477	415	0.999776
477	349	0.999861
477	335	0.999884
477	326	0.999987
477	250	0.999837
477	283	0.999814
477	269	0.9999
477	469	0.999988
477	469	0.999822
477	294	0.999939
477	321	0.999991
477	356	0.999905
477	453	0.999824
477	341	0.999773
477	475	0.99987
477	253	0.999981
477	284	0.999728
477	344	0.999818
477	243	0.99994
477	461	0.999998
477	380	0.999914
477	355	0.999991
477	340	0.999792
477	405	0.999898
477	421	0.999841
477	443	0.999862
477	470	0.999839
477	277	0.999791
477	300	0.999799
477	450	0.999712
477	305	0.999999
477	402	0.999758
477	459	0.999918
477	456	0.999999
477	341	0.999915
477	284	0.999741
477	330	0.999739
477	468	0.999703
477	392	0.999735
477	354	0.999989
477	320	0.999795
477	317	0.999786
477	384	0.999785
477	341	0.999913
477	453	0.999978
477	425	0.999741
477	260	0.99974
477	380	0.999956
477	282	0.999732
477	295	0.999968
477	324	0.999942
477	429	0.999947
477	364	0.999865
477	473	0.999844
477	371	0.999761
477	325	0.999701
477	396	0.999718
477	243	0.999738
477	357	0.999751
477	270	0.999909
477	433	0.999887
477	428	0.999753
477	387	0.999871
477	259	0.999704
477	242	0.99986
477	469	0.999804
477	288	0.999854
477	335	0.999731
477	386	0.999739
477	325	0.999816
477	294	0.999841
477	440	0.999844
477	274	0.999737
477	290	0.999857
477	445	0.999966
477	347	0.999715
477	373	0.999949
477	267	0.999779
477	339	0.999981
477	371	0.999987
477	349	0.999855
477	465	0.999849
477	267	0.999824
477	465	0.999861
477	275	0.999823
477	251	0.999918
477	332	0.999766
477	283	0.999703
477	295	0.99978
477	262	0.999901
477	428	0.999923
477	269	0.999756
477	388	0.99973
477	452	0.999873
477	363	0.999945
477	343	0.999791
477	302	0.999721
477	439	0.999777
477	263	0.999779
477	373	0.999761
477	472	0.999844
477	318	0.999902
477	330	0.999892
477	427	0.999901
477	376	0.999884
477	454	0.99997
477	412	0.999883
477	386	0.999824
477	405	0.999957
477	422	0.999866
477	345	0.999889
477	439	0.999836
477	261	0.999937
477	361	0.99992
477	315	0.999827
477	280	0.999734
477	278	0.999911
477	244	0.999912
477	438	0.999952
477	285	0.999894
477	272	0.999876
477	281	0.999792
477	419	0.999908
477	386	0.999954
477	376	0.999894
477	356	0.999917
477	272	0.999915
477	333	0.999719
477	358	0.999745
477	427	0.99988
477	304	0.99972
477	318	0.999914
477	433	0.999746
477	281	0.999936
477	301	0.999959
477	299	0.999852
477	246	0.999733
477	386	1
477	456	0.999774
477	273	0.999868
477	428	0.999937
477	316	0.99987
477	434	0.9999
477	286	0.999789
477	406	0.999971
477	267	0.999962
477	383	0.999997
477	316	0.999809
477	424	0.999956
477	409	0.999882
477	271	0.999989
477	279	0.999915
477	245	0.999857
477	355	0.999977
477	412	0.999756
477	351	0.999709
477	435	0.999873
477	469	0.999732
477	355	0.999899
477	264	0.999988
477	451	0.999891
477	366	0.999946
477	292	0.999788
477	369	0.999974
477	314	0.999833
477	370	0.99998
477	294	0.999763
477	380	0.999828
477	349	0.999861
477	376	0.999884
477	353	0.999726
477	317	0.999938
477	441	0.999739
477	439	0.999788
477	380	0.999931
477	399	0.999976
477	421	0.999985
477	248	0.999905
477	337	0.999851
477	275	0.999805
477	370	0.999959
477	473	0.99976
477	376	0.999944
477	355	0.999789
477	274	0.999833
477	368	0.999752
477	345	0.999757
477	272	0.99977
477	365	0.999778
477	261	0.999832
477	401	0.999914
477	423	0.999792
477	263	0.999801
477	300	0.999873
477	261	0.999707
477	467	0.999771
477	312	0.999876
477	292	0.999772
477	385	0.999849
477	312	0.999757
477	452	0.999989
477	346	0.99995
477	401	0.999772
477	280	0.999727
477	375	0.999953
477	382	0.99997
477	454	0.999998
477	455	0.999806
477	431	0.99973
477	345	0.99973
477	385	0.999777
477	291	0.999803
477	281	0.999724
477	282	0.999735
477	336	0.999791
477	397	0.999836
477	462	0.999958
477	307	0.999869
477	263	0.999861
477	292	0.999944
477	406	0.999916
477	375	0.999864
477	466	0.999932
477	461	0.999889
477	314	0.999734
477	270	0.999986
477	404	0.999911
477	459	0.999919
477	254	0.999799
477	277	0.999743
477	436	0.999864
477	338	0.999987
477	374	0.999799
477	433	0.999816
477	440	0.999884
477	346	0.999993
477	442	0.999857
477	361	0.999746
477	303	0.999713
477	419	0.999969
477	294	0.999948
477	250	0.999824
477	466	0.999979
477	247	0.999871
477	454	0.999976
477	462	0.999932
477	360	0.999819
477	366	0.999794
477	455	0.999894
477	289	0.99991
477	474	0.999831
477	278	0.999723
477	404	0.999855
477	460	0.999801
477	328	0.999967
477	292	0.999908
477	339	0.999994
477	262	0.999702
477	450	0.999794
477	340	0.999884
477	442	0.999736
477	250	0.999873
477	421	0.99992
477	259	0.999985
477	451	0.999982
477	433	0.999821
477	407	0.999963
477	260	0.999816
477	387	0.99977
477	275	0.999717
477	475	0.999704
477	403	0.999824
477	398	0.999934
477	245	0.999827
477	416	0.999984
477	408	0.999816
477	294	0.999891
477	383	0.999725
477	429	0.999882
477	473	0.99995
477	398	0.999853
477	290	0.999943
477	359	0.99985
477	421	0.999796
477	378	0.999819
477	280	0.999859
477	303	0.999707
477	358	0.999926
477	343	0.999848
477	312	0.999797
477	371	0.999958
477	409	0.999937
477	294	0.999934
477	346	0.999747
477	263	0.999801
477	275	0.999964
477	463	0.999894
477	376	0.999879
477	317	0.999994
477	451	0.999829
477	342	0.999702
477	352	0.999726
477	310	0.999745
477	425	0.999931
477	473	0.999997
477	263	0.999788
477	450	0.999983
477	335	0.999976
477	452	0.999959
477	267	0.999815
477	403	0.99984
477	393	0.999832
477	313	0.999927
477	267	0.999807
477	293	0.999783
477	412	0.999868
477	412	0.999903
477	420	0.999759
477	376	0.999768
477	269	0.999908
477	406	0.99986
477	455	0.999817
477	263	0.999894
477	390	0.999706
477	266	0.999905
477	468	0.999713
477	433	0.999721
477	420	0.999759
477	256	0.999894
477	455	0.99974
477	402	0.999711
477	385	0.99992
477	290	0.999722
477	421	0.999702
477	459	0.999821
477	396	0.999814
477	243	0.999945
477	311	0.999887
477	294	0.999735
477	341	0.999765
477	325	0.999773
477	312	0.999796
477	316	0.99976
477	306	0.99998
477	372	0.99976
477	460	0.999984
477	299	0.999815
477	343	0.999905
477	260	0.999994
477	290	0.999852
477	353	0.999747
477	287	0.999842
477	318	0.999856
477	364	0.999845
477	395	0.999714
477	429	0.999743
477	463	0.999769
477	462	0.999781
477	250	0.999703
477	260	0.999972
477	380	0.999848
477	429	0.999857
477	407	0.999852
477	464	0.999924
477	286	0.999792
477	303	0.999779
477	429	0.999716
477	246	0.999772
477	343	0.999969
477	301	0.999936
477	377	0.999752
477	363	0.999752
477	403	0.999856
477	333	0.99999
477	443	0.999891
477	401	0.999981
477	333	0.9999
477	256	0.999895
477	379	0.999722
477	284	0.999796
477	468	0.999786
477	436	0.999725
477	462	0.999804
477	301	0.999708
477	367	0.999761
477	405	0.999873
477	410	0.999775
477	354	0.999876
477	249	0.99982
477	464	0.999856
477	269	0.999864
477	370	0.999772
477	283	0.999914
477	272	0.999792
477	253	0.999873
477	248	0.999947
477	389	0.999711
477	357	0.999719
477	268	0.999722
477	341	0.999726
477	243	0.999824
477	341	0.999884
477	403	0.999998
477	370	0.999721
477	351	0.99985
477	380	0.99991
477	469	0.999815
477	253	0.999788
477	313	0.999865
477	390	0.999982
477	454	0.999986
477	345	0.999742
477	400	0.999791
477	371	0.999968
477	422	0.999905
477	401	0.999999
477	369	0.999735
477	357	0.999903
477	259	0.99983
477	305	0.999751
477	472	0.999994
477	252	0.999708
477	433	0.999716
477	282	0.999871
477	301	0.999996
477	474	0.999929
477	327	0.999731
477	360	0.999782
477	280	0.999765
477	386	0.999918
477	328	0.999821
477	378	0.999908
477	429	0.999723
477	344	0.999898
477	460	0.99992
477	250	0.999876
477	397	0.999773
477	281	0.999968
477	430	0.999755
477	429	0.999998
477	441	0.999837
477	347	0.999991
477	328	0.999877
477	286	0.999856
477	392	0.999994
477	326	0.999934
477	250	0.999827
477	293	0.999728
477	323	0.999754
477	282	0.999792
477	355	0.99997
477	280	0.999731
477	301	0.999885
477	399	0.999727
477	374	0.999723
477	447	0.999928
477	279	0.999764
477	414	0.999853
477	316	0.999964
477	438	0.999773
477	448	0.999894
477	431	0.999889
477	257	1
477	417	0.999933
477	260	0.999898
477	322	0.999969
477	411	0.99976
477	393	0.999763
477	256	0.999992
477	376	0.999733
477	395	0.999931
477	265	0.999891
477	310	0.99977
477	414	0.999894
477	262	0.999759
477	285	0.999737
477	459	0.999972
477	382	0.999912
477	471	0.999797
477	463	0.999918
477	371	0.999705
477	255	0.999886
477	363	0.999895
477	301	0.999888
477	288	0.9998
477	316	0.999715
477	267	0.999908
477	402	0.99996
477	315	0.999951
477	361	0.999787
477	421	0.9998
477	303	0.999909
477	304	0.99971
477	377	0.999788
477	434	0.999929
477	315	0.999936
477	292	0.999758
477	337	0.999791
477	244	0.999992
477	376	0.999836
477	258	0.999999
477	248	0.999788
477	256	0.999961
477	321	0.999711
477	396	0.999836
477	365	0.999856
477	421	0.999902
477	250	0.999758
477	352	0.999773
477	273	0.999779
477	252	0.999829
477	350	0.999777
477	464	0.999936
477	415	0.999907
477	346	0.999878
477	366	0.999906
477	254	0.99979
477	471	0.999854
477	338	0.999955
477	349	0.999844
477	448	0.99992
477	440	0.999948
477	365	0.999916
477	260	0.999741
477	286	0.999908
477	252	0.999818
477	414	0.999992
477	419	0.999952
477	425	0.999772
477	404	0.999778
477	419	0.999791
477	295	0.999963
477	390	0.999838
477	455	0.999993
477	314	0.999898
477	335	0.999885
477	358	0.999797
477	459	0.999981
477	413	0.999986
477	383	0.999916
477	371	0.999902
477	270	0.9999
477	474	0.999736
477	288	0.999731
477	442	0.999916
477	432	0.999731
477	386	0.999929
477	246	0.999898
477	259	0.999765
477	301	0.999929
477	300	0.999887
477	384	0.999908
477	420	0.999822
477	441	0.999855
477	395	0.999839
477	273	0.999726
477	289	0.999836
477	279	0.999899
477	349	0.999991
477	282	0.999772
477	403	0.999773
477	314	0.999916
477	462	0.999811
477	368	0.99985
477	247	0.999917
477	471	0.999743
477	327	0.999904
477	251	0.999895
477	247	0.999846
477	342	0.999792
477	446	0.999803
477	368	0.999724
477	404	0.999798
477	436	0.999951
477	290	0.999936
477	387	0.99993
477	476	0.999797
477	443	0.999946
477	344	0.999958
477	404	0.999916
477	310	0.999719
477	276	0.999991
477	263	0.999987
477	415	0.99985
477	261	0.999983
477	293	0.999904
477	408	0.999983
477	337	0.999837
477	439	0.999755
477	437	0.999831
477	323	0.99972
477	427	0.99974
477	454	0.999715
477	303	0.999897
477	378	0.999836
477	470	0.99998
477	416	0.999901
477	299	0.999832
477	274	0.999921
477	430	0.99983
477	334	0.999775
477	285	0.99984
477	394	0.99995
477	325	0.999844
477	427	0.999858
477	396	0.999772
477	355	0.999846
477	308	0.999756
477	334	0.999792
477	379	0.99994
477	374	0.99999
477	260	0.999926
477	267	0.999978
477	346	0.999951
477	286	0.999768
477	304	0.999848
477	389	0.999841
477	326	0.99971
477	372	0.999726
477	435	0.999996
477	289	0.999754
477	303	0.999731
477	436	0.999889
477	385	0.999706
477	306	0.999993
477	449	0.999979
477	437	0.999707
477	435	0.999762
477	270	0.999952
477	298	0.999952
477	382	0.999934
477	438	0.99978
477	430	0.99997
477	308	0.999884
477	303	0.999705
477	381	0.999991
477	333	0.99987
477	362	0.999729
477	457	0.999778
477	470	0.999964
477	452	0.999807
477	373	0.999814
477	271	0.999914
477	360	0.999773
477	356	0.999917
477	299	0.999972
477	441	0.999745
477	463	0.999991
477	364	0.999732
477	280	0.999981
477	348	0.999879
477	473	0.999888
477	376	0.99997
477	425	0.999991
477	356	0.999809
477	256	0.999981
477	476	0.999721
477	455	0.999878
477	257	0.999712
477	327	0.999734
477	450	0.999744
477	452	0.999716
477	405	0.999857
477	470	0.999746
477	346	0.999777
477	347	0.999746
477	442	0.999891
477	441	0.99987
477	287	0.999959
477	354	0.999733
477	363	0.999855
477	428	0.999863
477	427	0.999937
477	259	0.999875
477	265	0.99993
477	262	0.999702
477	465	0.999782
477	421	0.999901
477	373	0.999985
477	426	0.999767
477	246	0.999864
477	289	0.999716
477	292	0.999733
477	417	0.999706
477	467	0.999951
477	377	0.999723
477	268	0.999906
477	388	0.999955
477	249	0.999914
477	276	0.999733
477	457	0.999902
477	378	0.999932
477	435	0.999924
477	302	0.999789
477	349	0.999932
477	348	0.999906
477	386	0.999754
477	404	0.999729
477	380	0.999784
477	390	0.999986
477	266	0.999747
477	297	0.999748
477	430	0.999966
477	453	0.999791
477	344	0.999829
477	413	0.999956
477	303	0.999722
477	431	0.999996
477	318	0.999869
477	320	0.999723
477	410	0.999932
477	321	0.99981
477	298	0.99974
477	398	0.999815
477	414	0.999945
477	428	0.999825
477	244	0.999987
477	450	0.999971
477	453	0.999876
477	472	0.999819
477	384	0.999905
477	282	0.999885
477	388	0.999906
477	246	0.999953
477	387	0.999715
477	265	0.999772
477	456	0.999861
477	420	0.999785
477	344	0.999784
477	437	0.99985
477	384	0.999811
477	371	0.999934
477	385	0.999957
477	331	0.999966
477	432	0.999967
477	405	0.999885
477	309	0.999734
477	249	0.999775
477	259	0.999838
477	292	0.999945
477	362	0.99994
477	359	0.999781
477	348	0.999923
477	431	0.999926
477	318	0.999744
477	386	0.999712
477	276	0.999792
477	331	0.999751
477	463	0.99989
477	441	0.999833
477	303	0.999868
477	285	0.999768
477	364	0.999795
477	462	0.99971
477	302	0.999971
477	389	0.999894
477	423	0.999871
477	427	0.999889
477	299	0.999708
477	246	0.999938
477	418	0.999858
477	243	0.999702
477	438	0.99998
477	424	0.999722
477	251	0.999771
477	363	0.999755
477	426	0.999771
477	327	0.999867
477	411	0.99976
477	387	0.999946
477	439	0.999902
477	298	0.999801
477	476	0.999883
477	455	0.99989
477	382	0.999834
477	419	0.999987
477	305	0.999719
477	295	0.999871
477	259	0.99996
477	443	0.999923
477	392	0.999909
477	363	0.999904
477	424	0.999835
477	327	0.999924
477	452	0.999718
477	314	0.999777
477	343	0.999896
477	264	0.999781
477	261	0.999997
477	337	0.999955
477	391	0.999843
477	369	0.999928
477	464	0.999994
477	363	0.999784
477	349	0.999794
477	422	0.999758
477	243	0.999811
477	423	0.999893
477	339	0.99994
477	362	0.999937
477	343	0.999807
477	474	0.999785
477	462	0.999715
477	345	0.999859
477	426	0.999719
477	313	0.999963
477	371	0.999972
477	339	0.999709
477	398	0.999876
477	391	0.999965
477	375	0.999999
477	348	0.999741
477	333	0.999997
477	283	0.999982
477	339	0.999715
477	449	0.999889
477	452	0.999856
477	393	0.999896
477	257	0.999903
477	442	0.999934
477	309	0.999885
477	397	0.999773
477	321	0.999842
477	289	0.999808
477	353	0.999777
477	347	0.999961
477	405	0.999812
477	473	0.999855
477	415	0.999873
477	285	0.999738
477	467	0.999804
477	317	0.999841
477	421	0.999941
477	441	0.999837
477	410	0.999812
477	430	0.999966
477	451	0.999936
477	445	0.99977
477	459	0.999889
477	325	0.999944
477	362	0.999736
477	385	0.999894
477	264	0.999814
477	470	0.999908
477	252	0.999941
477	407	0.999993
477	268	0.999952
477	446	0.999748
477	443	0.999882
477	397	0.999953
477	460	0.999978
477	347	0.999752
477	456	0.999836
477	248	0.999984
477	274	0.999857
477	361	0.999765
477	316	0.999939
477	456	0.999888
477	385	0.999847
477	463	0.999939
477	322	0.999772
477	290	0.99989
477	429	0.999827
477	293	0.999766
477	411	0.999926
477	451	0.999828
477	387	0.999919
477	405	0.999957
477	300	0.99982
477	349	0.999823
477	281	0.999715
477	411	0.999804
477	262	0.999742
477	400	0.999946
477	339	0.999771
477	353	0.99978
477	453	0.999985
477	416	0.999772
477	271	0.999773
477	452	0.999754
477	275	0.999851
477	292	0.999848
477	464	0.999949
477	278	0.999911
477	385	0.99997
477	311	0.999947
477	472	0.999977
477	426	0.999748
477	447	0.999996
477	267	0.999779
477	385	0.99995
477	385	0.999932
477	302	0.999779
477	460	0.999807
477	345	0.999813
477	402	0.999868
477	266	0.999724
477	418	0.999828
477	242	0.999976
477	329	0.999708
477	342	0.999748
477	399	0.999894
477	306	0.999784
477	414	0.999915
477	342	0.999869
477	372	0.99975
477	406	0.99981
477	313	0.999833
477	270	0.999823
477	425	0.999963
477	379	0.999862
477	378	0.999765
477	331	0.999868
477	445	0.999914
477	357	0.999939
477	385	0.999852
477	374	0.999782
477	274	0.999731
477	476	0.999855
477	378	0.999959
477	312	0.99998
477	357	0.999883
477	274	0.999751
477	252	0.999995
477	433	0.999984
477	467	0.999714
477	303	0.999734
477	476	0.999783
477	331	0.999702
477	408	0.999793
477	432	0.999912
477	406	0.999769
477	324	0.999982
477	388	0.999995
477	433	0.999867
477	320	0.999984
477	452	0.999852
477	442	0.999789
477	284	0.99992
477	367	0.99973
477	452	0.99978
477	463	0.99987
477	377	0.999994
477	372	0.999803
477	377	0.999719
477	300	0.999795
477	295	0.999955
477	302	0.999911
477	275	0.999793
477	345	0.999834
477	379	0.999809
477	326	0.999906
477	365	0.999848
477	415	0.999751
477	243	0.999791
477	289	0.999818
477	412	0.999705
477	449	0.999913
477	460	0.999933
477	461	0.999715
477	301	0.999778
477	263	0.999937
477	439	0.999782
477	359	0.999763
477	358	0.999973
477	315	0.999825
477	355	0.999913
477	250	0.999747
477	250	0.999828
477	304	0.999955
477	267	0.999804
477	337	0.999887
477	436	0.999801
477	330	0.999898
477	272	0.999925
477	382	0.999943
477	435	0.999987
477	363	0.999782
477	373	0.999905
477	465	0.999928
477	432	0.999891
477	401	0.999927
477	452	0.999738
477	333	0.999772
477	367	0.999975
477	310	0.999899
477	423	0.999737
477	298	0.99983
477	392	0.999962
477	415	0.999928
477	330	0.999809
477	430	0.999867
477	464	0.999731
477	318	0.9998
477	320	0.999726
477	394	0.999797
477	282	0.99977
477	282	0.999819
477	472	0.999814
477	440	0.999791
477	276	0.999708
477	369	0.999726
477	283	0.999944
477	314	0.999823
477	390	0.999743
477	364	0.999946
477	334	0.999712
477	468	0.999745
477	344	0.999937
477	393	0.999831
477	324	0.999726
477	465	0.999907
477	447	0.999919
477	329	0.99989
477	469	0.999886
477	367	0.999852
477	290	0.999987
477	349	0.999788
477	417	0.999868
477	368	0.999984
477	316	0.999715
477	396	0.999875
477	284	0.99994
477	351	0.999957
477	394	0.999837
477	440	0.999902
477	435	0.999822
477	397	0.999737
477	471	0.999801
477	261	0.999837
477	457	0.999761
477	468	0.999844
477	426	0.999786
477	418	0.999939
477	381	0.999734
477	466	0.999957
477	368	0.999767
477	322	0.999838
477	325	0.999841
477	417	0.999751
477	460	0.999926
477	421	0.999998
477	457	0.999805
477	250	0.999709
477	471	0.999816
477	414	0.99985
477	345	0.99986
477	273	0.999962
477	360	0.99978
477	467	0.999855
477	366	0.9998
477	295	0.99974
477	274	0.999858
477	404	0.999976
477	389	0.999948
477	265	0.999753
477	376	0.999734
477	256	0.999704
477	455	0.999918
477	251	0.999959
477	400	0.999842
477	331	0.999977
477	431	0.999848
477	277	0.999955
477	401	0.999842
477	295	0.999704
477	425	0.999935
477	387	0.999925
477	261	0.999999
477	370	0.999751
477	261	0.999855
477	361	0.999766
477	418	0.99988
477	404	0.999852
477	389	0.999918
477	259	0.999829
477	450	0.99982
477	424	0.999904
477	399	0.999812
477	384	0.999856
477	470	0.999773
477	339	0.999745
477	269	0.999746
477	343	0.999787
477	321	0.999785
477	290	0.999928
477	377	0.999916
477	467	0.99996
477	443	0.999893
477	434	0.999973
477	383	0.99974
477	376	0.999778
477	314	0.9999
477	267	0.999874
477	260	0.999811
477	288	0.999896
477	378	0.999982
477	374	0.999949
477	365	0.999894
477	442	0.999955
477	389	0.999929
477	456	0.999843
477	444	0.999966
477	337	0.999853
477	404	0.999876
477	343	0.9998
477	428	0.999706
477	321	0.999823
477	470	0.999942
477	328	0.999948
477	384	0.999855
477	370	0.999728
477	284	0.99989
477	473	0.999737
477	433	0.999838
477	332	0.999713
477	327	0.999801
477	387	0.999864
477	473	0.999773
477	396	0.999877
477	259	0.999942
477	343	0.999963
477	266	0.999806
477	366	0.999795
477	319	0.999735
477	391	0.999923
477	328	0.999854
477	466	0.999886
477	356	0.999756
477	401	0.99983
477	375	0.999733
477	310	0.999712
477	288	0.99981
477	328	0.999959
477	332	0.999822
477	433	0.999705
477	415	0.999732
477	317	0.999887
477	473	0.999874
477	461	0.999913
477	252	0.999954
477	462	0.999713
477	288	0.999981
477	278	0.999917
477	258	0.999839
477	255	0.999808
477	306	0.999909
477	372	0.999844
477	350	0.999883
477	454	0.999764
477	430	0.999846
477	393	0.999844
477	408	0.999996
477	343	0.999803
477	443	0.999755
477	314	0.999858
477	395	0.999855
477	401	0.999705
477	299	0.999906
477	340	0.999987
477	246	0.999844
477	345	0.999844
477	367	0.999994
477	292	0.999723
477	412	0.999917
477	274	0.999763
477	396	0.999943
477	387	0.999763
477	271	0.99977
477	350	0.999974
477	266	0.999848
477	427	0.999841
477	446	0.999844
477	376	0.999953
477	421	0.99988
477	268	0.999755
477	421	0.999988
477	370	0.999775
477	258	0.999936
477	303	0.999796
477	431	0.999779
477	388	0.999721
477	354	0.999905
477	456	0.999979
477	262	0.999876
477	344	0.999894
477	434	0.999888
477	286	0.999819
477	246	0.999708
477	290	0.999827
477	315	0.999961
477	425	0.99994
477	393	0.999918
477	428	0.999825
477	242	0.999833
477	435	0.999863
477	398	0.999905
477	472	0.999801
477	322	0.999982
477	272	0.999875
477	389	0.999725
477	299	0.999895
477	457	0.999919
477	270	0.999981
477	322	0.999902
477	309	0.999704
477	307	0.999963
477	316	0.999776
477	372	0.999915
477	359	0.999942
477	254	0.999955
477	444	0.999723
477	291	0.999704
477	266	0.999997
477	271	0.999769
477	358	0.99989
477	470	0.99988
477	315	0.99988
477	341	0.999955
477	391	0.9998
477	450	0.999788
477	459	0.999781
477	245	0.999757
477	421	0.999715
477	405	0.999731
477	428	0.999847
477	242	0.999928
477	320	0.999842
477	318	0.999742
477	294	0.999847
477	264	0.999766
477	316	0.999824
477	418	0.999799
477	297	0.999825
477	445	0.999793
477	251	0.999889
477	428	0.999916
477	395	0.999859
477	375	0.999854
477	404	0.999936
477	438	0.999846
477	337	0.999859
477	386	0.999726
477	307	0.999869
477	360	0.999707
477	349	0.99997
477	315	0.999955
477	330	0.999755
477	451	0.999729
477	467	0.999844
477	339	0.999756
477	392	0.999765
477	438	0.999806
477	454	0.999895
477	352	0.99987
477	332	0.999996
477	317	0.999884
477	374	0.999816
477	247	0.99991
477	308	0.999743
477	272	0.999973
477	403	0.999851
477	271	0.999845
477	282	0.999722
477	400	0.999979
477	467	0.999952
477	435	0.999955
477	446	0.999991
477	455	0.999794
477	398	0.999844
477	422	0.99983
477	357	0.999857
477	470	0.999783
477	271	0.999849
477	253	0.999732
477	267	0.999972
477	261	0.999849
477	389	0.999703
477	242	0.999723
477	471	0.999767
477	439	0.999754
477	249	0.999734
477	462	0.999737
477	472	0.999819
477	355	0.999838
477	285	0.999879
477	263	0.999818
477	351	0.999713
477	434	0.999866
477	467	0.999786
477	268	0.999836
477	320	0.999993
477	394	0.999787
477	278	0.999788
477	320	0.999833
477	340	0.999929
477	444	0.99982
477	350	0.999734
477	476	0.999829
477	466	0.999996
477	276	0.999755
477	458	0.999934
477	284	0.999726
477	359	0.999809
477	251	0.999704
477	424	0.999853
477	329	0.999781
477	464	0.999913
477	268	0.999955
477	299	0.999899
477	246	0.999991
477	286	0.999743
477	382	0.999775
477	466	0.999707
477	290	0.999852
477	438	0.999891
477	466	0.999741
477	451	0.99992
477	287	0.99983
477	391	0.999919
477	341	0.999807
477	376	0.999745
477	346	0.999861
477	446	0.999702
477	397	0.999861
477	456	0.999767
477	379	0.999751
477	318	0.999801
477	311	0.999939
477	358	0.999884
477	451	0.999842
477	243	0.999994
477	264	0.999724
477	323	0.999873
477	329	0.99985
477	306	0.999731
477	401	0.999819
477	308	0.999796
477	405	0.999704
477	448	0.999996
477	410	0.999761
477	295	0.999812
477	309	0.999971
477	380	0.999806
477	378	0.999729
477	281	0.999771
477	291	0.999793
477	420	0.999783
477	396	0.999865
477	370	0.99982
477	346	0.999902
477	431	0.999793
477	459	0.999935
477	347	0.999788
477	436	0.999897
477	317	0.999988
477	269	0.999941
477	407	0.999707
477	353	0.999809
477	260	0.99991
477	267	0.999945
477	362	0.999803
477	404	0.999821
477	372	0.999708
477	330	0.999917
477	319	0.999769
477	243	0.999937
477	475	0.999846
477	377	0.999801
477	407	0.999905
477	274	0.999969
477	368	0.999945
477	256	0.999867
477	322	0.999937
477	448	0.999821
477	353	0.999885
477	447	0.999924
477	355	0.999967
477	418	0.999845
477	385	0.999828
477	375	0.999751
477	375	0.999986
477	327	0.999848
477	340	0.99971
477	461	0.999816
477	403	0.999723
477	460	0.999955
477	459	0.99975
477	419	0.999909
477	279	0.999706
477	444	0.999732
477	312	0.999718
477	402	0.999851
477	355	0.999736
477	462	0.999858
477	354	0.999706
477	342	0.999841
477	436	0.999747
477	249	0.999835
477	445	0.999994
477	332	0.99989
477	255	0.999991
477	420	0.999841
477	261	0.999711
477	402	0.999771
477	404	0.999716
477	339	0.999988
477	295	0.99984
477	459	0.999778
477	381	0.999933
477	305	0.999771
477	468	0.999832
477	379	0.99976
477	406	0.999732
477	371	0.999924
477	369	0.999733
477	448	0.999717
477	427	0.999926
477	260	0.999997
477	341	0.999794
477	263	0.999733
477	412	0.999858
477	402	0.999912
477	389	0.999711
477	429	0.999776
477	411	0.999842
477	335	0.999849
477	476	0.999748
477	411	0.999751
477	300	0.99998
477	255	0.99979
477	291	0.999903
477	466	0.999963
477	324	0.999734
477	429	0.999764
477	388	0.999852
477	281	0.999771
477	304	0.99981
477	369	0.999758
477	342	0.999892
477	453	0.99987
477	381	0.999945
477	244	0.999737
477	386	0.999722
477	302	0.999786
477	426	0.999918
477	263	0.999768
477	268	0.999991
477	347	0.999906
477	248	0.99987
477	412	0.999809
477	338	0.999886
477	425	0.999987
477	268	0.99988
477	344	0.999725
477	390	0.999708
477	434	0.999997
477	439	0.999964
477	347	0.999753
477	287	0.999883
477	410	0.999772
477	286	0.999753
477	329	0.999867
477	352	0.999901
477	368	0.999777
477	419	0.999983
477	471	0.999917
477	462	0.999997
477	394	0.999996
477	476	0.99999
477	474	0.999986
477	259	0.999897
477	259	0.999975
477	320	0.999933
477	282	0.999895
477	453	0.999917
477	321	0.999901
477	286	0.999928
477	337	0.999896
477	299	0.999812
477	306	0.999872
477	308	0.999976
477	411	0.999914
477	336	0.999745
477	356	0.999811
477	294	0.999894
477	469	0.999933
477	421	0.999701
477	250	0.999706
477	331	0.999784
477	346	0.999841
477	301	0.999991
477	245	0.999951
477	304	0.999941
477	473	0.999936
477	312	0.999766
477	357	0.999718
477	290	0.999862
477	411	0.999825
477	352	0.999763
477	299	0.999869
477	276	0.999805
477	284	0.999891
477	292	0.999971
477	289	0.999705
477	452	0.999879
477	320	0.999952
477	309	0.999743
477	350	0.999708
477	309	0.999782
477	360	0.999765
477	314	0.999732
477	377	0.999714
477	319	0.999908
477	430	0.999858
477	244	0.999943
477	405	0.999819
477	369	0.999942
477	256	0.99975
477	329	0.999703
477	329	0.99978
477	281	0.999704
477	416	0.999739
477	443	0.999841
477	339	0.99975
