4500
342	299	0.999949
342	336	0.999949
342	341	0.999955
342	323	0.999966
342	341	0.999946
342	302	0.999943
342	333	0.999978
342	330	0.999982
342	319	0.999969
342	335	0.999989
342	328	0.999962
342	337	0.999963
342	335	0.999956
342	303	0.999993
342	330	0.999949
342	315	0.999953
342	330	0.999954
342	327	0.999979
342	328	0.999952
342	315	0.99998
342	316	0.999941
342	305	0.999991
342	330	0.999978
342	319	0.999951
342	305	0.999966
342	338	0.999964
342	312	0.999951
342	309	0.999999
342	337	0.999957
342	315	0.99999
342	338	0.999954
342	340	0.999956
342	338	0.999962
342	327	0.999957
342	328	0.999963
342	329	0.99999
342	299	0.999949
342	334	0.999971
342	321	0.99994
342	333	0.999979
342	302	0.999979
342	323	0.999963
342	307	0.99998
342	300	0.999965
342	333	0.999991
342	327	0.999953
342	310	0.999996
342	308	0.999987
342	317	0.999991
342	308	0.999994
342	334	0.999997
342	318	0.999942
342	337	0.99995
342	341	0.999981
342	316	0.999947
342	332	0.999951
342	327	0.999994
342	320	0.999968
342	303	0.99997
342	299	0.999979
342	338	0.999974
342	336	0.999967
342	316	0.999998
342	336	0.999995
342	321	0.999941
342	317	0.999962
342	300	0.999988
342	300	0.999955
342	305	0.999976
342	334	0.999945
342	321	0.999948
342	337	0.999959
342	307	0.999958
342	337	0.999948
342	306	0.999971
342	332	0.999962
342	302	0.999943
342	317	0.999975
342	311	0.999972
342	305	0.99998
342	330	0.999968
342	329	0.999959
342	313	0.999963
342	314	0.99997
342	306	0.999977
342	317	0.999964
342	305	0.999957
342	328	0.999941
342	315	0.999977
342	299	0.999978
342	301	0.999996
342	309	0.999999
342	336	0.999947
342	318	0.999995
342	331	0.999998
342	332	0.999952
342	321	0.999982
342	300	0.999972
342	303	0.999996
342	308	0.999972
342	337	0.999963
342	306	0.999954
342	304	0.999943
342	328	0.999999
342	326	0.999955
342	330	0.999977
342	318	0.999981
342	305	0.999983
342	316	0.999958
342	323	0.999941
342	320	0.999953
342	335	0.999999
342	337	0.999972
342	306	0.999972
342	319	0.999998
342	307	0.999966
342	315	0.999943
342	324	0.999949
342	309	0.999947
342	327	0.999956
342	336	0.999947
342	328	0.999982
342	319	0.999993
342	317	0.999964
342	302	0.999951
342	326	0.999962
342	309	0.999976
342	310	0.999995
342	323	0.99995
342	324	0.999968
342	332	0.999973
342	303	0.999979
342	307	0.999952
342	322	0.999999
342	319	0.99994
342	336	0.999966
342	327	0.999969
342	324	0.999972
342	329	0.999996
342	320	0.999986
342	310	0.999953
342	301	0.999954
342	309	0.999952
342	324	0.999978
342	324	0.999986
342	301	0.99997
342	315	0.999968
342	312	0.999944
342	315	0.999986
342	338	0.999974
342	320	0.999993
342	305	0.999963
342	299	0.999943
342	321	0.999982
342	307	0.99999
342	321	0.999991
342	338	0.999977
342	302	0.999985
342	334	0.999997
342	341	0.99996
342	321	0.999963
342	322	0.999965
342	332	0.999988
342	341	0.999945
342	307	0.999957
342	314	0.999952
342	307	0.999955
342	323	0.99995
342	337	0.999972
342	320	0.99998
342	316	0.999974
342	304	0.999961
342	327	0.999989
342	341	0.999987
342	315	0.999981
342	310	0.999996
342	306	0.999974
342	341	0.999998
342	306	0.999967
342	326	0.999998
342	310	0.999998
342	327	0.999995
342	320	0.999966
342	299	0.999979
342	335	0.99999
342	299	0.999967
342	315	0.999993
342	321	0.999972
342	320	0.999977
342	318	0.999949
342	328	0.999972
342	302	0.999956
342	314	0.999981
342	334	0.999951
342	340	0.999959
342	337	0.999994
342	325	0.999956
342	331	0.999988
342	312	0.999946
342	341	0.999944
342	339	0.999984
342	336	0.999991
342	335	0.999976
342	322	0.999989
342	314	0.999953
342	335	0.999946
342	334	0.999966
342	327	0.999969
342	308	0.999987
342	340	0.99998
342	307	0.999979
342	329	0.999967
342	326	0.999961
342	308	0.999968
342	317	0.999975
342	317	0.999946
342	319	0.999975
342	323	0.99996
342	308	0.999981
342	341	0.99998
342	307	0.99996
342	316	0.999954
342	308	0.999989
342	312	0.999945
342	338	0.999996
342	305	0.999967
342	336	0.999998
342	336	0.999949
342	309	0.999961
342	341	0.999974
342	341	0.999983
342	336	0.999978
342	309	0.999991
342	321	0.999993
342	310	0.999955
342	304	0.999953
342	304	0.999955
342	312	0.999964
342	302	0.999943
342	303	0.999958
342	332	0.999944
342	321	0.999985
342	319	0.999982
342	337	0.999958
342	301	0.99994
342	314	0.999943
342	341	0.999995
342	332	0.999984
342	337	0.999975
342	340	0.999958
342	312	0.999966
342	322	0.99996
342	317	0.999959
342	317	0.999973
342	304	0.999951
342	301	0.999989
342	334	0.999946
342	332	0.999973
342	321	0.999977
342	302	0.999978
342	340	0.999961
342	302	0.999953
342	340	0.999982
342	326	0.999971
342	300	0.999961
342	301	0.999961
342	299	0.999977
342	325	0.999953
342	299	0.999972
342	337	0.999947
342	327	0.999972
342	340	0.999972
342	331	0.999954
342	331	0.999963
342	312	0.999951
342	320	0.999986
342	328	0.999957
342	340	0.999974
342	319	0.999985
342	337	0.999943
342	312	0.999995
342	335	0.999957
342	340	0.999982
342	338	0.999997
342	306	0.999998
342	313	0.999981
342	322	0.999954
342	303	0.999964
342	341	0.999988
342	330	0.999974
342	302	0.999973
342	314	0.999956
342	309	0.999959
342	331	1
342	335	0.999975
342	302	0.999997
342	303	0.999962
342	337	0.999986
342	324	0.999993
342	312	0.999966
342	309	0.999997
342	336	0.999959
342	331	0.99998
342	330	0.999995
342	335	0.999992
342	316	0.999959
342	303	0.999986
342	305	0.99998
342	320	0.999975
342	340	0.999961
342	332	0.999956
342	337	0.99999
342	315	0.999966
342	320	0.999985
342	315	0.99996
342	307	0.999943
342	336	0.999988
342	306	0.999992
342	325	0.999941
342	337	0.999989
342	318	0.999956
342	306	0.999953
342	312	0.999974
342	331	0.999954
342	338	0.999966
342	299	0.999987
342	318	0.999961
342	337	0.999989
342	332	0.999978
342	323	0.999972
342	312	0.999968
342	307	0.999956
342	330	0.999972
342	333	0.999956
342	322	0.99998
342	334	0.99995
342	325	0.999975
342	312	0.999964
342	335	0.999996
342	316	0.999945
342	309	0.999975
342	318	0.999985
342	326	0.999973
342	324	0.999958
342	335	0.999971
342	306	0.999984
342	323	0.999941
342	331	0.999956
342	317	0.999956
342	336	0.999989
342	331	0.999973
342	304	0.99997
342	329	0.999943
342	335	0.999949
342	312	0.999979
342	305	0.999966
342	311	0.999941
342	315	0.999996
342	300	0.999958
342	339	0.99997
342	323	0.999978
342	338	0.999956
342	310	0.99995
342	320	0.999963
342	338	0.99998
342	315	0.999981
342	318	0.999944
342	332	0.999979
342	303	0.999985
342	301	0.999964
342	330	0.999967
342	299	0.999963
342	337	0.999969
342	321	0.999999
342	323	0.999946
342	313	0.999978
342	309	0.999982
342	315	0.999963
342	306	0.999991
342	305	0.999996
342	324	0.999942
342	335	0.999981
342	337	0.999991
342	306	0.999952
342	336	0.99995
342	339	0.999995
342	314	0.999995
342	318	0.999963
342	328	0.999942
342	326	0.99994
342	340	0.999942
342	315	0.999952
342	305	0.999974
342	311	0.999994
342	322	0.999981
342	337	0.999973
342	307	0.999945
342	331	0.999947
342	340	0.999973
342	334	0.999959
342	328	0.999978
342	308	0.999998
342	310	0.999946
342	330	0.999991
342	301	0.999979
342	308	0.999951
342	299	0.999957
342	341	0.999995
342	303	0.999954
342	304	0.999976
342	328	0.999996
342	327	0.99998
342	318	0.999952
342	340	0.999979
342	337	0.99999
342	332	0.999999
342	340	0.999982
342	314	0.99999
342	331	0.999946
342	323	0.999966
342	324	0.999982
342	309	0.999942
342	331	0.999957
342	306	0.999993
342	320	0.999949
342	320	0.999969
342	308	0.999976
342	306	0.99996
342	328	0.99999
342	323	0.999974
342	323	0.999972
342	333	0.999987
342	308	0.999984
342	329	0.999944
342	336	0.999987
342	312	0.999989
342	333	0.999957
342	330	0.999964
342	322	0.99996
342	334	0.99998
342	305	0.999997
342	317	0.999956
342	318	0.999953
342	309	1
342	329	0.999993
342	327	0.99999
342	324	0.999963
342	301	0.999982
342	314	0.99998
342	306	0.999944
342	319	0.999996
342	300	0.999978
342	322	0.999953
342	339	0.999949
342	307	0.999982
342	317	0.999998
342	335	0.999996
342	330	0.999989
342	324	0.999946
342	316	0.99998
342	305	0.999979
342	314	0.999999
342	307	0.999959
342	302	0.999985
342	331	0.99999
342	303	0.999989
342	341	0.999997
342	334	0.99998
342	328	0.999983
342	340	0.999969
342	323	0.99999
342	307	0.999967
342	336	0.99995
342	304	0.999998
342	340	0.999948
342	320	0.999982
342	308	0.999944
342	340	0.999992
342	332	0.999997
342	331	0.999997
342	314	0.999963
342	313	0.999965
342	303	0.999995
342	303	0.999993
342	311	0.999964
342	301	0.999942
342	327	0.999968
342	324	0.999974
342	315	0.99998
342	318	0.999998
342	333	0.999973
342	332	0.999973
342	317	0.999971
342	326	0.999971
342	316	0.999985
342	327	0.999941
342	337	0.999974
342	332	0.999966
342	314	0.99997
342	339	0.999968
342	335	0.999954
342	336	0.999957
342	328	0.999972
342	315	0.999958
342	332	0.999978
342	306	0.999956
342	315	0.999943
342	324	1
342	301	0.99999
342	324	0.999996
342	309	0.999947
342	299	0.999983
342	322	0.999999
342	304	0.999975
342	302	0.999996
342	309	0.999969
342	339	0.999945
342	324	0.999942
342	316	0.999978
342	316	0.999963
342	337	0.999982
342	326	0.999955
342	318	0.999942
342	327	0.999982
342	304	0.999947
342	337	0.999991
342	317	0.999944
342	307	0.999975
342	324	0.999963
342	337	0.999972
342	314	0.999978
342	313	0.999942
342	301	0.999996
342	320	0.999979
342	322	0.99997
342	314	0.999992
342	313	0.999974
342	303	0.999981
342	328	0.999997
342	330	0.999984
342	305	0.999982
342	307	0.999944
342	319	0.999944
342	308	0.999969
342	303	0.999942
342	341	0.999961
342	322	0.999977
342	322	0.999958
342	318	0.999982
342	321	0.99995
342	338	0.999996
342	312	0.999954
342	308	0.999988
342	300	0.999989
342	337	0.999986
342	333	0.99996
342	321	0.999974
342	308	0.999996
342	315	0.999973
342	317	0.999999
342	313	0.999981
342	319	0.999996
342	301	0.999992
342	328	0.999957
342	321	0.99994
342	339	0.999957
342	303	0.999948
342	326	0.999998
342	332	0.999965
342	333	0.999994
342	326	0.999943
342	327	0.999987
342	321	0.999943
342	335	0.999974
342	334	0.999958
342	336	0.999944
342	335	0.999954
342	318	0.999976
342	315	0.999979
342	312	0.999986
342	315	0.999958
342	337	0.999994
342	333	0.999988
342	325	0.999964
342	321	0.99999
342	330	0.999984
342	333	0.999973
342	316	0.999994
342	310	0.999995
342	318	0.999967
342	333	0.999973
342	307	0.999995
342	301	0.999999
342	328	0.999986
342	302	0.999992
342	315	0.999994
342	301	0.999966
342	333	0.999985
342	328	0.999994
342	316	0.999997
342	310	1
342	333	0.999983
342	329	0.99998
342	313	0.999987
342	331	0.999959
342	334	0.999956
342	339	0.999966
342	313	0.99995
342	302	0.999968
342	334	0.999985
342	300	0.999941
342	309	0.999998
342	325	0.999964
342	318	0.999958
342	302	0.999982
342	320	0.999955
342	332	0.999941
342	338	0.999964
342	307	0.999997
342	309	0.999995
342	309	0.999961
342	300	0.999969
342	314	0.999991
342	301	0.999978
342	311	0.999965
342	303	0.99997
342	310	0.99996
342	333	0.999995
342	336	0.999972
342	332	0.999953
342	317	0.999947
342	332	0.999973
342	335	0.999981
342	330	0.999957
342	307	0.999984
342	305	0.999963
342	316	0.99995
342	331	0.99995
342	323	0.999957
342	301	0.999942
342	312	0.999965
342	334	0.999942
342	302	0.999964
342	301	0.999944
342	340	0.999964
342	317	0.999991
342	310	0.999956
342	303	0.999961
342	340	0.999959
342	334	0.999985
342	338	0.999956
342	314	0.999999
342	330	0.999985
342	320	0.999956
342	299	0.999982
342	320	0.999958
342	304	0.999949
342	338	0.999943
342	339	0.999978
342	338	0.999981
342	331	0.999966
342	333	0.999972
342	319	0.999977
342	316	0.999949
342	329	0.99997
342	322	0.99998
342	318	0.999942
342	301	0.999973
342	310	0.999957
342	333	0.999949
342	334	0.999996
342	341	0.999957
342	311	0.99998
342	331	0.99994
342	320	0.999945
342	316	0.999969
342	334	0.999983
342	329	0.999966
342	330	0.999977
342	308	0.999983
342	325	0.999985
342	301	0.999964
342	335	0.999979
342	329	0.999945
342	325	0.999974
342	328	0.999944
342	341	0.999944
342	334	0.999998
342	299	0.999968
342	314	0.99996
342	301	0.999992
342	306	0.999959
342	308	0.999989
342	304	0.999966
342	303	0.999958
342	300	0.999961
342	310	0.999941
342	322	0.999943
342	301	0.999967
342	339	0.999956
342	340	0.999978
342	313	0.999958
342	333	0.999959
342	328	0.999942
342	304	0.999974
342	334	0.999959
342	331	0.99996
342	302	0.999994
342	307	0.999977
342	305	0.999982
342	320	0.999989
342	315	0.999946
342	327	0.999994
342	306	0.999977
342	300	0.999994
342	318	0.999959
342	327	0.99996
342	336	0.999957
342	316	0.999989
342	303	0.999986
342	302	0.99995
342	324	1
342	307	0.999979
342	338	0.999948
342	307	0.999946
342	332	0.999994
342	321	0.999956
342	341	0.999998
342	313	0.999983
342	324	0.999954
342	338	0.999984
342	312	0.999972
342	301	0.999984
342	333	0.999982
342	303	0.99999
342	331	0.999963
342	320	0.999984
342	301	0.999946
342	315	0.999992
342	323	0.999967
342	335	0.999954
342	340	0.999958
342	331	0.999967
342	322	0.99999
342	323	0.999956
342	325	0.999998
342	309	0.999976
342	335	0.999972
342	301	0.99996
342	325	0.999972
342	307	0.999979
342	340	0.999949
342	318	0.999968
342	326	0.999957
342	314	0.999943
342	315	0.999968
342	306	0.999975
342	318	0.999995
342	321	0.999951
342	320	0.999945
342	339	0.999985
342	330	0.999982
342	335	0.999953
342	299	0.999976
342	323	0.999975
342	316	0.99995
342	312	0.999967
342	327	0.999973
342	334	0.999955
342	339	0.999989
342	309	0.999979
342	317	0.999967
342	306	0.999974
342	301	0.999951
342	316	0.999941
342	338	0.999992
342	304	0.999981
342	315	0.999946
342	316	0.999966
342	312	0.999999
342	331	0.999979
342	327	0.999977
342	321	0.999948
342	318	0.999992
342	311	0.999982
342	313	0.999975
342	323	0.999993
342	328	0.999965
342	308	0.999967
342	326	0.999953
342	327	0.999999
342	322	0.999992
342	334	0.999989
342	321	1
342	314	0.999978
342	320	0.999973
342	301	0.999996
342	333	0.999943
342	300	0.999998
342	316	0.999973
342	317	0.999999
342	339	0.999954
342	330	0.999986
342	328	0.999944
342	337	0.999987
342	331	0.999958
342	337	0.999945
342	316	0.999995
342	302	0.999976
342	320	0.999959
342	326	0.999975
342	303	0.999949
342	337	0.999955
342	313	0.999954
342	337	0.999997
342	331	0.999996
342	328	0.999989
342	336	0.999992
342	334	1
342	306	0.999996
342	332	0.999976
342	322	0.99998
342	309	0.999993
342	309	0.999962
342	325	0.999986
342	306	0.999968
342	318	0.999953
342	308	0.999942
342	333	0.999947
342	316	0.999984
342	328	0.999965
342	308	0.999995
342	309	0.999953
342	317	0.999971
342	320	0.999965
342	308	0.999982
342	311	0.999987
342	336	0.999946
342	318	0.999946
342	325	0.999976
342	311	0.999949
342	309	0.999977
342	317	0.999948
342	301	0.999949
342	340	0.999944
342	316	0.99996
342	328	0.999959
342	313	0.999996
342	300	0.999951
342	304	0.999972
342	329	0.999952
342	337	0.999955
342	301	0.999954
342	302	0.99997
342	327	0.999988
342	330	1
342	320	0.999961
342	308	0.999953
342	313	0.999982
342	316	0.999949
342	330	0.999994
342	319	0.999988
342	324	0.999942
342	313	0.999988
342	333	0.999994
342	319	0.999952
342	317	0.999981
342	302	0.999995
342	317	0.999983
342	333	0.99997
342	323	0.999964
342	303	0.999982
342	325	0.999984
342	319	0.999955
342	324	0.999978
342	335	0.999969
342	316	0.999986
342	323	0.999963
342	316	0.999999
342	301	0.99996
342	332	0.999954
342	302	0.999999
342	330	0.999992
342	312	0.999964
342	320	0.999986
342	336	0.999961
342	329	0.999985
342	328	0.999961
342	337	0.999969
342	322	0.999991
342	338	0.999999
342	328	0.999966
342	313	0.999954
342	310	0.99998
342	304	0.999962
342	332	0.999999
342	340	0.999992
342	307	0.999967
342	333	0.999954
342	315	0.99996
342	309	0.999977
342	330	0.999986
342	314	0.999981
342	317	0.999969
342	319	0.999962
342	301	0.999978
342	324	0.999978
342	318	0.999945
342	339	0.999985
342	318	0.999991
342	301	0.999949
342	331	0.999952
342	313	0.999979
342	323	0.999967
342	328	0.999993
342	336	0.999957
342	321	0.99995
342	341	0.999987
342	329	0.99994
342	318	0.999966
342	333	0.99995
342	319	0.999942
342	333	0.999977
342	317	0.99998
342	316	0.999979
342	324	0.999985
342	329	0.999987
342	323	0.999963
342	315	0.999991
342	300	0.999967
342	322	1
342	321	0.999984
342	309	0.999941
342	324	0.999987
342	307	0.999975
342	311	0.99997
342	329	0.99998
342	322	0.999961
342	319	0.999979
342	340	0.999996
342	320	0.999968
342	304	0.999964
342	325	0.99997
342	310	0.999973
342	302	0.999956
342	339	0.999997
342	325	0.999959
342	317	0.999993
342	328	0.999971
342	312	0.999972
342	324	0.999963
342	321	0.999945
342	325	0.999961
342	336	0.999999
342	303	0.999974
342	316	0.999949
342	325	0.99995
342	337	0.999971
342	323	0.99997
342	315	0.999945
342	341	0.999952
342	316	0.999964
342	313	0.999974
342	305	0.999965
342	306	0.999968
342	337	0.999963
342	310	0.999967
342	303	0.999998
342	322	0.999942
342	302	0.999973
342	307	0.999981
342	314	0.999972
342	310	0.999983
342	331	0.999945
342	305	0.99997
342	311	0.999954
342	329	0.999961
342	305	0.999968
342	331	0.999991
342	322	0.999951
342	307	0.999954
342	336	0.999947
342	318	0.999957
342	335	0.999958
342	301	0.999965
342	327	0.999964
342	311	0.999953
342	338	0.999952
342	319	0.999948
342	313	0.999966
342	308	0.999979
342	321	0.999971
342	335	0.99994
342	324	0.999988
342	303	0.999943
342	336	0.999945
342	308	0.99999
342	302	0.999976
342	332	0.999982
342	304	0.999968
342	339	0.999952
342	309	0.999949
342	315	0.999967
342	336	0.999955
342	337	0.999984
342	306	0.999979
342	312	0.999952
342	318	0.999975
342	327	0.999964
342	312	0.999985
342	321	0.999951
342	327	0.999942
342	318	0.999961
342	300	0.999953
342	301	0.999992
342	329	0.999985
342	303	0.999973
342	336	0.999944
342	327	0.999972
342	341	0.999947
342	315	0.999993
342	326	0.999987
342	341	0.999954
342	315	0.999956
342	315	0.999988
342	299	0.999961
342	335	0.999955
342	324	0.999945
342	303	0.999946
342	318	0.999992
342	337	0.999945
342	308	0.999966
342	301	0.999965
342	324	0.999969
342	300	0.999965
342	339	0.999963
342	324	0.999979
342	329	0.999986
342	339	0.99998
342	309	0.999946
342	299	0.999971
342	315	0.999941
342	301	0.999971
342	323	0.999979
342	299	0.99994
342	299	0.999956
342	337	0.999997
342	310	0.999987
342	341	0.999984
342	319	0.999977
342	305	0.999944
342	333	0.999968
342	299	0.999961
342	305	0.999967
342	321	0.999954
342	302	0.999978
342	339	0.99997
342	340	0.999956
342	337	0.999962
342	310	0.999954
342	304	0.999967
342	320	0.999963
342	315	0.999967
342	335	0.999972
342	334	0.999976
342	317	0.999974
342	338	0.99994
342	324	0.999962
342	330	0.999987
342	326	0.999948
342	310	0.999957
342	308	0.999999
342	305	0.999988
342	331	0.999971
342	333	0.999986
342	310	0.999993
342	331	0.999989
342	336	0.999958
342	309	0.999973
342	320	0.999947
342	322	0.999949
342	310	0.999945
342	311	0.999967
342	322	0.999984
342	321	0.999953
342	322	0.999966
342	321	0.99998
342	321	0.999957
342	324	0.999947
342	316	0.999996
342	312	0.999992
342	307	0.999947
342	330	0.999958
342	305	0.999954
342	338	0.999995
342	309	0.999962
342	326	0.999984
342	320	0.999976
342	314	0.999967
342	333	0.999941
342	317	0.999952
342	312	0.999976
342	315	0.99996
342	304	0.999993
342	313	0.999966
342	339	0.99996
342	329	0.999992
342	308	0.999995
342	304	0.999967
342	322	0.999996
342	313	0.999995
342	311	0.999994
342	306	0.999989
342	299	0.999966
342	323	0.999961
342	314	0.999996
342	307	0.999947
342	320	0.999944
342	332	0.999973
342	325	0.999976
342	338	0.999944
342	335	0.999981
342	322	0.999967
342	307	0.999982
342	301	0.999993
342	305	0.99998
342	327	0.999951
342	335	0.999989
342	332	0.999957
342	341	0.999952
342	335	0.999964
342	299	0.999963
342	304	0.999982
342	305	0.999941
342	323	0.999981
342	303	0.999942
342	316	0.99996
342	326	0.999958
342	300	0.999966
342	326	0.99995
342	314	0.999941
342	322	0.999958
342	299	0.999972
342	300	0.999971
342	326	0.999982
342	338	0.999952
342	321	0.999948
342	324	0.999964
342	310	0.999957
342	335	0.999961
342	300	0.999962
342	340	0.999949
342	314	0.999984
342	317	0.99997
342	310	0.999959
342	335	0.999992
342	336	0.999973
342	334	0.999963
342	327	0.999986
342	300	0.999975
342	315	0.999983
342	309	0.999973
342	300	0.999974
342	313	0.999945
342	320	0.999961
342	327	0.999969
342	330	0.999972
342	305	0.999992
342	299	0.999947
342	331	0.999973
342	335	0.999982
342	324	0.99994
342	333	0.99994
342	340	0.999947
342	310	0.999966
342	322	0.999966
342	303	0.999966
342	308	0.999968
342	316	0.999998
342	319	0.99997
342	303	0.999964
342	329	0.999942
342	301	0.999952
342	316	0.999956
342	315	0.999975
342	335	0.999995
342	306	0.999992
342	315	0.999963
342	322	0.999976
342	304	0.999994
342	333	0.99998
342	306	0.999979
342	303	0.999961
342	328	0.999981
342	341	0.999943
342	315	0.999952
342	341	0.999991
342	323	0.999943
342	331	0.999996
342	323	0.999977
342	332	0.999986
342	332	0.999954
342	322	0.999998
342	306	0.99996
342	322	0.999985
342	324	0.999967
342	314	0.999945
342	336	0.999957
342	330	0.999941
342	315	0.99999
342	305	0.999991
342	324	0.999983
342	322	0.99996
342	330	0.99996
342	330	0.999957
342	325	0.999944
342	331	0.999956
342	318	0.99996
342	320	0.999984
342	301	0.999965
342	329	0.999948
342	333	0.999959
342	313	0.999988
342	305	0.999964
342	324	0.999983
342	304	0.999991
342	335	0.999987
342	337	0.999966
342	307	0.999947
342	338	0.999959
342	320	0.99995
342	310	0.999992
342	326	0.999997
342	311	0.999977
342	323	0.999956
342	308	0.999966
342	301	0.999956
342	299	0.999974
342	340	0.999955
342	339	0.999966
342	341	0.999976
342	340	0.999963
342	301	0.999991
342	327	0.999991
342	322	0.999973
342	339	0.999993
342	300	0.99999
342	332	0.999969
342	327	0.999977
342	317	0.999982
342	321	0.999949
342	302	0.999959
342	320	0.999983
342	304	1
342	317	0.999953
342	319	0.999963
342	318	0.999954
342	312	0.999966
342	319	0.999965
342	327	0.999967
342	320	0.999979
342	329	0.999985
342	340	0.999967
342	301	0.99998
342	329	0.999975
342	303	0.999997
342	320	0.999942
342	316	0.99998
342	315	0.999967
342	336	0.999956
342	322	0.999973
342	315	0.999949
342	338	0.99997
342	301	0.999966
342	300	0.99997
342	310	0.999985
342	333	0.99999
342	306	0.999944
342	309	0.999986
342	304	0.999943
342	322	0.999963
342	340	0.999984
342	331	0.999992
342	338	0.999943
342	328	0.999983
342	314	0.999986
342	307	0.999996
342	319	0.999978
342	323	0.999993
342	326	0.999987
342	337	0.999959
342	315	0.999993
342	340	0.999963
342	308	0.999972
342	327	0.999993
342	331	0.999978
342	317	0.999973
342	312	0.999986
342	312	0.999974
342	335	0.999955
342	320	0.99996
342	324	0.999958
342	322	0.999965
342	315	0.999963
342	304	0.999972
342	339	0.999979
342	339	0.99999
342	330	0.999956
342	305	0.999955
342	310	0.999946
342	334	0.999983
342	302	0.999977
342	320	0.999945
342	336	0.999992
342	313	0.999947
342	299	0.999952
342	324	0.999999
342	308	0.999954
342	311	0.999968
342	329	0.999992
342	329	0.999992
342	316	0.999979
342	334	0.999977
342	306	0.999961
342	299	0.999984
342	308	0.999973
342	339	0.999946
342	320	0.999961
342	332	0.999954
342	310	0.999952
342	331	0.99995
342	321	0.999963
342	317	0.999977
342	303	0.999954
342	306	0.999947
342	310	0.999957
342	303	0.99995
342	307	0.999954
342	334	0.999941
342	314	0.999993
342	338	0.999962
342	318	0.999961
342	312	0.999956
342	304	0.999953
342	312	0.999956
342	326	0.999992
342	324	0.999944
342	339	1
342	340	0.999986
342	341	0.999977
342	330	0.999949
342	310	0.999974
342	312	0.999977
342	331	0.999949
342	340	0.999946
342	330	0.999947
342	303	0.999963
342	306	0.999991
342	339	0.999976
342	305	0.999952
342	317	0.999951
342	310	0.99996
342	341	0.999957
342	338	0.999948
342	317	0.999982
342	337	0.999975
342	331	0.999951
342	300	0.999954
342	306	0.999974
342	313	0.999985
342	329	0.999963
342	325	0.999941
342	319	0.999958
342	312	0.99996
342	327	0.999969
342	317	0.999997
342	338	0.999965
342	331	0.999979
342	300	0.999961
342	302	0.99994
342	326	0.999965
342	312	0.999964
342	322	0.999981
342	306	0.999995
342	318	0.999999
342	303	0.999979
342	321	0.999996
342	300	0.999951
342	312	0.999953
342	301	0.999957
342	315	0.999979
342	316	0.999945
342	311	0.999998
342	322	0.99997
342	300	0.999979
342	322	0.99999
342	329	0.999952
342	314	0.999973
342	313	0.999966
342	304	0.999988
342	314	0.999954
342	317	0.999949
342	327	0.99995
342	324	0.999981
342	304	0.999996
342	317	0.999958
342	325	0.999973
342	312	0.999963
342	308	0.99995
342	318	0.999964
342	339	0.999976
342	302	0.999974
342	315	0.999953
342	301	0.999965
342	317	0.999946
342	318	0.999968
342	307	0.999963
342	300	0.999944
342	336	0.99995
342	336	0.999961
342	308	0.999949
342	316	0.99996
342	308	0.99998
342	321	0.999966
342	321	0.999941
342	319	0.999986
342	340	0.999967
342	315	0.999974
342	331	0.999967
342	300	0.999988
342	301	0.999956
342	341	0.999982
342	330	0.999985
342	316	0.999967
342	339	1
342	309	0.999991
342	307	0.999951
342	328	0.999988
342	338	0.999953
342	324	0.999956
342	326	0.999983
342	311	0.999993
342	340	0.999962
342	310	0.999992
342	337	0.999953
342	324	0.999975
342	325	0.999949
342	336	0.999973
342	304	0.999978
342	322	0.999977
342	340	0.999968
342	340	0.999951
342	330	0.999971
342	321	0.999966
342	312	0.999982
342	327	0.999965
342	312	0.999958
342	307	0.999984
342	325	0.999978
342	307	0.999984
342	329	0.999987
342	338	0.999957
342	324	0.999977
342	340	0.999954
342	309	0.999971
342	322	0.999962
342	323	0.999987
342	340	0.999977
342	338	0.999968
342	313	0.999952
342	318	0.999953
342	303	0.999988
342	299	0.999992
342	329	0.999979
342	310	0.999953
342	340	0.999972
342	335	0.999984
342	317	0.999957
342	321	0.999991
342	310	1
342	314	0.999994
342	311	0.999982
342	309	0.999951
342	304	0.999976
342	313	0.999984
342	303	0.999984
342	301	0.999957
342	328	0.999983
342	324	0.99994
342	306	0.999978
342	308	0.999959
342	341	0.999956
342	312	0.999958
342	308	0.999966
342	319	0.999984
342	307	0.999947
342	307	0.999948
342	332	0.999983
342	302	0.999958
342	322	0.999977
342	324	0.999961
342	325	0.999963
342	324	0.999987
342	336	0.999979
342	337	0.999962
342	331	0.999971
342	340	0.999966
342	304	0.999946
342	301	0.999941
342	326	0.99999
342	303	0.999949
342	312	0.99998
342	311	0.999987
342	311	0.999944
342	339	0.999991
342	302	0.999943
342	320	0.99994
342	321	0.999977
342	337	0.999942
342	323	0.999942
342	315	0.999958
342	308	0.999967
342	320	0.999972
342	336	0.999999
342	334	0.999975
342	338	0.999973
342	314	0.999998
342	320	0.999957
342	302	0.999945
342	339	0.999981
342	322	0.999973
342	312	0.999975
342	301	0.999958
342	304	0.999983
342	328	0.999958
342	327	0.999979
342	299	0.999982
342	306	0.999951
342	337	0.999982
342	337	0.999998
342	321	0.99995
342	331	0.999987
342	327	0.999995
342	329	0.999977
342	329	0.999951
342	325	0.999945
342	323	0.999984
342	331	0.999968
342	332	0.999968
342	321	0.999977
342	301	0.999982
342	339	0.999968
342	310	0.999968
342	340	0.999958
342	323	0.999977
342	302	0.999961
342	319	0.99998
342	319	0.999973
342	322	0.999966
342	314	0.999972
342	329	0.999981
342	339	0.999991
342	300	0.999954
342	309	0.999958
342	301	0.999996
342	326	0.999972
342	336	0.999955
342	317	0.999949
342	313	0.999966
342	300	0.999946
342	312	0.999942
342	299	0.999953
342	300	0.99994
342	325	0.999962
342	303	0.999986
342	308	0.999981
342	326	0.999952
342	322	0.999972
342	337	0.99995
342	326	0.999977
342	301	0.999978
342	333	0.999966
342	339	0.999943
342	300	0.999945
342	321	0.999941
342	336	0.99998
342	310	0.999958
342	335	0.999987
342	335	0.999999
342	303	0.999986
342	325	0.999974
342	338	0.999977
342	338	0.999962
342	307	0.999974
342	334	0.999955
342	314	0.99994
342	329	0.999991
342	300	0.999941
342	335	0.999961
342	316	0.999995
342	301	0.999953
342	338	0.999984
342	327	0.99995
342	317	0.999981
342	311	0.999962
342	321	0.999965
342	324	0.999969
342	303	0.999956
342	312	0.999956
342	330	0.999949
342	328	0.999964
342	308	0.999983
342	338	0.999982
342	318	0.999982
342	340	0.999966
342	337	0.999964
342	304	0.999982
342	317	0.999959
342	299	0.999964
342	330	0.999968
342	335	0.999977
342	331	0.999958
342	329	0.999948
342	318	0.999963
342	337	0.999968
342	334	0.999967
342	301	0.999945
342	331	0.999999
342	312	0.999987
342	299	0.999992
342	311	0.99997
342	303	0.99996
342	313	0.999968
342	334	0.999986
342	324	0.99995
342	341	0.999959
342	329	0.999997
342	333	0.999997
342	326	0.999959
342	302	0.999955
342	304	0.999946
342	307	0.999992
342	324	0.999978
342	305	0.999995
342	323	0.999957
342	308	0.999947
342	316	0.999944
342	313	0.999995
342	306	0.999942
342	330	0.999985
342	320	0.999954
342	330	0.999965
342	317	0.999962
342	332	0.999995
342	321	0.999941
342	338	0.999972
342	329	0.999941
342	322	0.999942
342	301	0.999978
342	315	0.999982
342	307	0.999981
342	325	0.999968
342	308	0.999987
342	303	0.999942
342	340	0.999957
342	323	0.999962
342	332	0.999948
342	315	1
342	319	0.999941
342	326	0.999959
342	323	0.999977
342	314	0.999996
342	299	0.999951
342	339	0.99998
342	320	0.999992
342	313	0.99998
342	322	0.999964
342	304	0.999943
342	328	0.999943
342	314	0.99996
342	333	0.999957
342	302	1
342	330	0.999994
342	304	0.99995
342	312	0.999954
342	312	0.999972
342	322	0.999952
342	319	0.999962
342	332	0.999992
342	326	0.999955
342	307	0.99995
342	316	0.999971
342	309	0.999977
342	303	0.999992
342	339	0.99995
342	300	0.999943
342	300	0.99996
342	322	0.999955
342	314	0.999967
342	302	0.999967
342	326	0.999994
342	333	0.999943
342	313	0.999981
342	327	0.999956
342	328	0.999995
342	321	0.99999
342	340	0.99997
342	337	0.999986
342	340	0.999948
342	339	0.999997
342	313	0.999942
342	303	0.999994
342	301	0.999987
342	304	0.999982
342	326	0.999994
342	305	0.999996
342	314	0.999995
342	338	0.999957
342	302	0.999971
342	310	0.99996
342	325	0.999972
342	309	0.999991
342	302	0.999986
342	329	0.999955
342	339	0.999969
342	317	0.999982
342	301	0.999947
342	330	0.99996
342	340	0.999993
342	324	0.999948
342	307	0.999978
342	336	0.999967
342	337	0.999971
342	313	0.999989
342	332	0.999962
342	318	0.99994
342	319	0.999983
342	339	0.999942
342	328	0.999975
342	305	0.999982
342	320	0.999996
342	309	0.999948
342	312	0.999971
342	320	0.999957
342	313	0.999945
342	313	0.999994
342	307	0.999942
342	338	0.999954
342	339	0.999998
342	312	0.999982
342	310	0.999948
342	330	0.999992
342	306	0.999956
342	315	0.999959
342	324	0.999985
342	324	0.999992
342	329	0.999949
342	310	0.999951
342	311	0.999982
342	309	0.999949
342	310	0.999946
342	321	0.999982
342	341	0.999956
342	341	0.999996
342	329	0.999958
342	301	0.999985
342	338	0.999951
342	338	0.999954
342	326	0.999991
342	307	0.999969
342	336	0.99994
342	332	0.999976
342	328	0.999986
342	317	0.99998
342	316	0.999971
342	335	0.999967
342	331	0.999986
342	309	0.999945
342	307	0.999942
342	338	0.999941
342	322	0.999979
342	333	0.99998
342	315	0.999946
342	325	0.999992
342	329	0.999986
342	317	0.99998
342	312	0.999963
342	316	0.999942
342	306	0.999941
342	303	0.999996
342	304	0.999942
342	309	0.99997
342	328	0.999976
342	330	0.999949
342	328	0.999974
342	300	0.999986
342	331	0.999995
342	304	0.999989
342	329	0.999975
342	333	0.99997
342	305	0.999981
342	307	0.999989
342	310	0.999973
342	302	0.999979
342	300	0.999989
342	306	0.999993
342	302	0.999962
342	323	0.999991
342	328	0.99994
342	321	0.99996
342	302	0.999999
342	322	0.999953
342	305	0.999981
342	331	0.999972
342	319	0.999976
342	304	0.99998
342	308	0.999978
342	325	0.999991
342	307	0.999977
342	336	0.999988
342	334	0.999954
342	314	0.999969
342	333	0.999973
342	308	0.999968
342	310	0.999944
342	310	0.999985
342	332	0.999955
342	341	0.999964
342	337	0.999979
342	328	0.999974
342	332	0.999965
342	315	0.99996
342	301	0.999953
342	331	0.999984
342	311	0.999987
342	315	0.999983
342	311	0.999998
342	310	0.999951
342	339	0.999968
342	328	0.999999
342	303	0.999962
342	316	0.999986
342	302	0.999963
342	322	0.999961
342	300	0.999987
342	318	0.999948
342	320	0.999951
342	312	0.999976
342	309	0.999974
342	313	0.999942
342	331	0.999942
342	339	0.999967
342	306	0.999986
342	307	0.999967
342	326	0.999973
342	335	0.999959
342	338	0.999959
342	305	0.999964
342	302	0.999949
342	322	0.999998
342	321	0.999978
342	330	0.999957
342	299	0.999975
342	319	0.999963
342	316	0.999956
342	324	0.999952
342	319	0.999965
342	330	0.999992
342	315	0.999949
342	331	0.999964
342	328	0.999991
342	308	0.999972
342	326	0.999991
342	312	0.999994
342	301	0.999996
342	323	0.999977
342	320	0.999956
342	335	0.999952
342	337	0.999987
342	325	0.99996
342	332	0.999993
342	327	0.999945
342	329	0.999976
342	303	0.999991
342	332	0.999973
342	314	0.999981
342	318	0.999956
342	303	0.999981
342	340	0.999988
342	317	0.99998
342	333	0.999999
342	320	0.999951
342	311	0.999975
342	314	0.999993
342	300	0.999944
342	308	0.999995
342	338	0.999951
342	319	0.999987
342	323	1
342	306	0.999968
342	328	0.999948
342	319	0.999995
342	305	0.999982
342	337	0.999976
342	324	0.999948
342	304	0.999993
342	309	0.999955
342	327	0.999985
342	334	0.99997
342	341	0.999942
342	323	0.999985
342	339	0.999958
342	304	0.999948
342	333	0.999943
342	337	0.999972
342	323	0.999992
342	341	0.999972
342	333	0.999947
342	310	0.999972
342	336	0.99995
342	336	0.999993
342	306	0.999991
342	307	0.999947
342	304	0.999983
342	329	0.999987
342	329	0.999983
342	317	0.999946
342	306	0.999979
342	333	0.999947
342	309	0.999977
342	326	0.999964
342	333	0.999978
342	321	0.999982
342	328	0.999955
342	325	0.999962
342	335	0.999968
342	301	0.999976
342	335	0.99995
342	321	0.999948
342	299	0.99998
342	333	0.999945
342	339	0.999952
342	328	0.999976
342	336	0.999956
342	313	0.999975
342	338	0.999977
342	331	0.999957
342	337	0.999941
342	326	0.999979
342	313	0.999999
342	319	0.999941
342	335	0.999951
342	300	0.999944
342	334	0.999966
342	310	0.999997
342	302	0.999999
342	324	0.999978
342	340	0.999952
342	320	0.999984
342	322	0.999999
342	327	0.999987
342	303	0.999953
342	334	0.999974
342	332	0.999969
342	301	0.999958
342	322	0.999957
342	316	0.999996
342	339	0.999964
342	341	0.999983
342	329	0.999981
342	327	0.999945
342	336	0.999997
342	336	0.999951
342	324	0.99998
342	299	0.999962
342	300	0.999997
342	311	0.999989
342	324	0.999979
342	331	0.999981
342	307	0.999994
342	332	0.999951
342	316	0.999945
342	333	0.999952
342	308	0.999944
342	330	0.999998
342	308	0.999947
342	299	0.999979
342	323	0.999974
342	306	0.99997
342	304	0.999993
342	335	0.999983
342	334	0.999943
342	318	0.99995
342	318	0.999948
342	329	0.999972
342	307	0.99996
342	335	0.999959
342	305	0.999979
342	337	0.99996
342	302	0.999989
342	336	0.999994
342	334	0.999977
342	317	0.999985
342	305	0.999966
342	314	0.999949
342	299	0.999944
342	314	0.99999
342	340	0.999944
342	325	0.999998
342	310	0.999973
342	300	0.999959
342	308	0.999962
342	333	0.999962
342	338	0.999973
342	314	0.999989
342	321	0.999953
342	313	0.999951
342	317	0.99997
342	317	0.999979
342	306	0.999966
342	327	0.999957
342	335	0.999969
342	310	0.999954
342	313	0.999955
342	319	0.999995
342	331	0.99999
342	330	1
342	322	0.999992
342	326	0.999996
342	336	0.999964
342	303	0.99996
342	307	0.999955
342	326	0.999997
342	300	0.999948
342	311	0.99999
342	311	0.999941
342	336	0.999958
342	320	0.999972
342	338	0.999989
342	317	0.999992
342	335	0.999972
342	301	0.999954
342	309	0.999942
342	314	0.99999
342	314	0.999955
342	310	0.999979
342	329	0.999979
342	329	0.999965
342	329	0.999981
342	304	0.999961
342	313	0.999953
342	336	0.999942
342	324	0.999982
342	325	0.999973
342	328	0.999983
342	321	0.999968
342	338	0.999973
342	319	0.999988
342	337	0.999983
342	302	0.999988
342	306	0.999973
342	304	0.999984
342	327	0.999957
342	336	0.999997
342	306	0.999958
342	336	0.999994
342	314	0.999974
342	317	0.999963
342	313	0.999944
342	325	0.99998
342	337	0.999987
342	306	0.999979
342	334	0.999997
342	327	0.999957
342	309	0.999982
342	308	0.999982
342	311	0.999959
342	314	0.999979
342	333	0.999954
342	340	0.999991
342	304	0.999992
342	333	0.99997
342	332	0.999978
342	308	0.999953
342	313	0.99996
342	302	0.999977
342	312	0.999971
342	338	0.999974
342	322	0.999945
342	308	0.999958
342	332	0.999962
342	333	0.999995
342	330	0.999988
342	339	0.999953
342	333	0.999982
342	331	0.999992
342	309	0.999981
342	313	0.999959
342	311	0.99999
342	310	0.999993
342	327	0.999999
342	310	0.999964
342	300	0.999987
342	334	0.999946
342	321	0.999954
342	315	0.999941
342	321	0.999986
342	331	0.999981
342	311	0.999968
342	336	0.999989
342	319	0.999943
342	322	0.999967
342	302	0.999995
342	326	0.999989
342	329	0.999961
342	330	0.999993
342	316	0.999954
342	334	0.999958
342	334	0.999943
342	309	0.99997
342	325	0.999981
342	311	0.99994
342	311	0.999953
342	341	0.999986
342	311	0.99999
342	307	0.999986
342	301	0.999997
342	304	0.999956
342	313	0.999965
342	332	0.999979
342	337	0.999974
342	307	0.999979
342	326	0.999949
342	299	0.999998
342	299	0.999952
342	337	0.999985
342	340	0.999959
342	331	0.999956
342	299	0.999951
342	300	0.99996
342	299	0.999988
342	327	0.999947
342	339	0.999986
342	310	0.999961
342	331	0.999981
342	322	0.999955
342	316	0.999974
342	309	0.999945
342	325	0.999957
342	305	0.999948
342	338	0.999999
342	334	0.99994
342	314	0.999976
342	326	0.99995
342	341	0.999981
342	330	0.999953
342	333	0.999954
342	305	0.999962
342	309	0.999997
342	339	0.999996
342	325	0.999945
342	338	0.999945
342	334	0.999946
342	319	0.999975
342	319	0.999964
342	332	0.999984
342	322	0.999993
342	299	0.999999
342	338	0.999982
342	316	0.999992
342	317	0.999985
342	319	0.999982
342	324	0.999972
342	307	0.99997
342	306	0.99996
342	321	0.999958
342	314	0.999952
342	321	0.999978
342	300	0.999983
342	317	0.999947
342	332	0.999968
342	329	0.999998
342	299	0.999949
342	312	0.99994
342	338	0.999956
342	303	0.999995
342	332	0.999978
342	336	0.999991
342	325	0.999951
342	301	0.999986
342	318	0.999947
342	341	0.99996
342	341	0.999978
342	328	0.999949
342	323	0.999979
342	328	0.99997
342	310	0.999989
342	338	0.999984
342	339	0.999948
342	332	0.999947
342	302	0.999942
342	299	0.999999
342	325	0.999949
342	307	0.999956
342	305	0.999967
342	323	0.999945
342	321	0.999985
342	314	0.999945
342	302	0.999997
342	313	0.99994
342	340	0.999962
342	339	0.999949
342	315	0.999968
342	319	0.999947
342	324	0.999941
342	323	0.999957
342	320	0.999966
342	337	0.999991
342	339	0.99999
342	311	0.999963
342	301	0.999966
342	339	0.999958
342	322	0.999982
342	328	0.999985
342	306	0.999971
342	317	0.999947
342	340	0.999969
342	336	0.999978
342	323	0.999982
342	326	0.999957
342	337	0.999959
342	327	0.999965
342	326	0.999984
342	321	0.999956
342	328	0.999986
342	327	0.999947
342	341	0.999992
342	299	0.999944
342	323	0.999974
342	307	0.99998
342	302	0.999984
342	304	0.999984
342	338	0.999974
342	314	0.999977
342	330	0.999942
342	330	0.999986
342	323	0.999989
342	333	0.999993
342	311	0.999976
342	340	0.999965
342	337	0.999958
342	337	0.999989
342	310	0.999971
342	330	0.999953
342	304	0.999947
342	308	0.999995
342	323	0.999998
342	328	0.999983
342	302	0.999987
342	325	0.999948
342	322	0.999996
342	340	0.99996
342	317	0.99997
342	315	0.999972
342	305	0.999943
342	328	0.999988
342	305	0.999986
342	308	0.99999
342	315	0.999957
342	333	0.999952
342	328	0.999991
342	323	0.99998
342	328	0.999986
342	332	0.999945
342	305	0.999987
342	338	0.999985
342	317	0.999989
342	329	0.999946
342	337	0.999992
342	311	0.999962
342	323	0.999998
342	331	0.99997
342	331	0.999999
342	299	0.999956
342	340	0.999944
342	320	0.999998
342	313	0.999997
342	316	0.999941
342	341	0.999966
342	341	0.99994
342	317	0.99998
342	314	0.999985
342	319	0.999992
342	299	0.999978
342	314	0.999959
342	337	0.999958
342	322	0.999969
342	336	0.999949
342	314	0.999953
342	315	0.99998
342	309	0.999959
342	319	0.999994
342	320	0.999959
342	310	1
342	310	0.999955
342	328	0.999974
342	320	0.999969
342	334	0.999963
342	311	0.99995
342	310	0.999995
342	309	0.999951
342	301	0.999989
342	336	0.999951
342	329	0.999944
342	318	0.999978
342	323	0.999945
342	336	0.999983
342	319	0.999942
342	325	0.999971
342	322	0.999981
342	306	0.999965
342	334	0.999992
342	311	0.999955
342	302	0.999984
342	310	0.999953
342	317	0.999955
342	311	0.999963
342	314	0.999951
342	299	0.999946
342	329	0.999974
342	309	0.999956
342	334	0.999993
342	308	0.999948
342	307	0.999947
342	302	0.999946
342	326	0.999947
342	331	0.99994
342	300	0.999997
342	308	0.999999
342	340	0.999974
342	339	0.999991
342	299	0.999954
342	340	0.999962
342	316	0.999999
342	301	0.999974
342	325	0.999999
342	310	0.999992
342	325	0.999944
342	300	0.999942
342	328	0.999943
342	314	0.99998
342	306	0.999978
342	329	0.999973
342	304	0.999956
342	323	0.999963
342	322	0.999968
342	336	0.999996
342	334	0.999985
342	320	0.999996
342	337	0.999947
342	324	0.999961
342	315	0.999955
342	333	0.999984
342	313	0.999998
342	319	0.999946
342	302	0.999951
342	323	0.99998
342	330	0.999962
342	300	0.999976
342	307	0.999985
342	299	0.999988
342	319	0.99998
342	340	0.999955
342	305	0.999945
342	331	0.999983
342	332	0.999979
342	314	0.999965
342	322	0.999961
342	302	0.999993
342	317	0.999972
342	335	0.999944
342	327	0.99997
342	324	0.999992
342	341	0.999976
342	330	0.999976
342	323	0.999964
342	317	0.999943
342	327	0.999986
342	326	0.999996
342	317	0.999988
342	306	0.999995
342	316	0.999942
342	309	0.999944
342	319	0.999946
342	325	0.999978
342	310	0.999987
342	314	0.999958
342	305	0.999991
342	340	0.99998
342	333	0.999985
342	331	0.999995
342	324	0.999964
342	323	0.999952
342	327	0.999995
342	340	0.999967
342	304	0.999976
342	311	0.999958
342	316	0.999951
342	339	0.999958
342	317	0.999957
342	335	0.999943
342	309	0.999992
342	307	0.999953
342	310	0.999986
342	320	0.999945
342	334	0.999988
342	326	0.999968
342	313	0.999965
342	322	0.999944
342	327	0.999944
342	325	0.999956
342	306	0.999974
342	336	0.999955
342	302	0.999978
342	331	0.999952
342	331	0.999957
342	336	0.999982
342	321	0.99997
342	313	0.999986
342	331	0.999998
342	309	0.999974
342	309	0.999992
342	333	0.999951
342	313	0.999974
342	329	0.999951
342	336	0.999972
342	325	0.999964
342	314	0.999978
342	317	0.99996
342	339	0.999973
342	300	0.999945
342	307	0.999952
342	299	0.999985
342	316	0.999952
342	317	0.999942
342	331	0.999996
342	335	0.999981
342	332	0.999963
342	322	0.999965
342	304	0.999962
342	317	0.99999
342	341	0.999974
342	299	0.999998
342	311	0.999942
342	325	0.999941
342	299	0.999956
342	299	0.99995
342	340	0.999992
342	340	0.999996
342	321	0.99994
342	302	0.999947
342	338	0.999943
342	320	0.999954
342	309	0.999992
342	341	0.999975
342	322	0.999955
342	300	0.99996
342	322	0.999992
342	308	0.999979
342	326	0.999961
342	312	0.999954
342	318	0.999996
342	304	0.999996
342	313	0.99999
342	337	0.999992
342	317	0.999997
342	305	0.999944
342	299	0.999985
342	323	0.999948
342	313	0.999983
342	319	0.999948
342	302	0.999964
342	321	0.999983
342	313	0.999945
342	306	0.999964
342	301	0.999989
342	315	0.999984
342	318	0.99995
342	338	0.999946
342	302	0.999965
342	307	0.999994
342	330	0.999951
342	335	0.999946
342	341	0.999998
342	317	0.99994
342	300	0.999941
342	331	0.999973
342	315	0.999997
342	341	0.999948
342	326	0.999998
342	309	0.999989
342	340	0.999963
342	331	0.999971
342	299	0.999957
342	329	0.999983
342	316	0.99999
342	311	0.999975
342	334	0.999993
342	303	0.999951
342	314	0.999971
342	312	0.999995
342	331	0.999952
342	325	0.999972
342	301	0.999967
342	325	0.999956
342	314	0.99998
342	336	0.999975
342	341	0.999979
342	322	0.999958
342	324	0.999951
342	324	0.999957
342	302	0.999959
342	306	0.999949
342	320	0.999966
342	316	0.999955
342	340	0.999997
342	341	0.999966
342	321	0.999987
342	315	0.999985
342	312	0.999941
342	336	0.999997
342	328	0.999961
342	315	0.999943
342	300	0.999978
342	309	0.999951
342	305	0.999993
342	341	0.999955
342	327	0.999941
342	303	0.999993
342	340	0.999998
342	332	0.999996
342	305	0.999946
342	336	0.999993
342	338	0.999943
342	338	0.999988
342	329	0.999972
342	320	0.999957
342	307	0.999995
342	337	0.999944
342	318	0.999981
342	338	0.999947
342	312	0.999956
342	313	0.999943
342	330	0.999974
342	328	0.999978
342	323	0.999951
342	337	0.999958
342	301	0.999972
342	303	0.999942
342	325	0.999984
342	340	0.999981
342	301	0.999951
342	336	0.999999
342	310	0.999972
342	328	0.999948
342	301	0.999972
342	341	0.999964
342	302	0.999979
342	310	0.999947
342	340	0.999941
342	316	0.999958
342	315	0.999981
342	338	0.999956
342	299	0.999963
342	339	0.999968
342	330	0.999949
342	321	0.999962
342	316	0.99997
342	341	0.999973
342	304	0.999944
342	321	0.99994
342	330	0.999978
342	334	0.999967
342	317	0.999995
342	340	0.999968
342	324	0.999948
342	318	0.99997
342	307	0.999955
342	323	0.999949
342	339	0.999966
342	300	0.999998
342	329	0.999982
342	302	0.999986
342	323	0.999995
342	319	0.999992
342	305	0.999942
342	336	0.999954
342	306	0.999996
342	321	0.999979
342	317	0.999967
342	306	0.999953
342	301	0.999975
342	319	0.999958
342	306	0.999992
342	318	0.999957
342	327	0.999964
342	313	0.999958
342	313	0.999973
342	335	0.999992
342	319	0.999977
342	308	0.999957
342	303	0.999989
342	318	0.99998
342	315	0.999993
342	316	0.999942
342	341	0.99997
342	310	0.999949
342	325	0.999972
342	339	0.999973
342	336	0.999988
342	329	0.99997
342	306	0.999955
342	320	0.99994
342	311	0.99997
342	325	0.999972
342	337	0.999977
342	334	0.999949
342	317	0.999954
342	328	0.999953
342	312	0.999957
342	310	0.999974
342	299	0.999956
342	311	0.999949
342	320	0.999989
342	312	0.999987
342	326	0.999987
342	317	0.999995
342	341	0.999974
342	334	0.999978
342	324	0.999945
342	310	0.999995
342	316	0.999988
342	324	0.999982
342	337	0.999999
342	336	0.999977
342	336	0.999941
342	311	0.999969
342	312	0.999993
342	308	0.999969
342	305	0.999989
342	320	0.999973
342	337	0.999979
342	305	0.999999
342	337	0.999997
342	304	0.999997
342	335	0.999951
342	318	0.999951
342	300	0.999969
342	321	1
342	332	0.999946
342	308	0.999973
342	321	0.999977
342	311	0.999977
342	330	0.999943
342	338	0.999949
342	314	0.999985
342	333	0.999941
342	301	0.999987
342	334	0.999966
342	314	0.999959
342	331	0.999945
342	305	0.999987
342	333	0.999952
342	306	0.999947
342	311	0.999956
342	340	0.999977
342	324	0.999945
342	319	0.999999
342	328	0.999943
342	304	0.999987
342	312	0.999976
342	332	0.999948
342	325	0.999946
342	335	0.999961
342	299	0.999954
342	325	0.99999
342	315	0.999973
342	305	0.999964
342	310	0.999951
342	315	0.999969
342	324	0.999959
342	300	0.999997
342	328	0.999954
342	336	0.999967
342	323	0.999948
342	303	0.999962
342	319	0.99999
342	317	0.999944
342	299	0.999942
342	338	0.999991
342	313	0.999982
342	302	0.999965
342	307	0.999994
342	307	0.999954
342	321	0.999966
342	341	0.999999
342	325	0.999992
342	328	0.999974
342	315	0.999954
342	321	0.999971
342	337	0.99996
342	308	0.999942
342	305	0.99999
342	315	0.999973
342	307	0.999945
342	329	0.999958
342	325	0.99998
342	341	0.999958
342	325	0.99997
342	319	0.999973
342	306	0.999957
342	336	0.999951
342	314	0.999994
342	316	0.999957
342	332	0.999998
342	336	0.999977
342	332	0.999962
342	323	0.999992
342	335	0.999962
342	325	0.999961
342	306	0.999946
342	333	0.999941
342	322	0.999973
342	340	0.999941
342	321	0.99997
342	340	0.999996
342	317	0.999998
342	336	0.999959
342	317	0.999958
342	322	0.999992
342	323	0.999971
342	306	0.999995
342	320	0.999963
342	339	0.999959
342	328	0.999955
342	302	0.999985
342	313	0.99996
342	331	0.999995
342	300	0.999999
342	300	0.999994
342	335	0.999975
342	321	0.999972
342	326	0.999949
342	312	0.999973
342	320	0.999992
342	316	0.999994
342	302	0.999966
342	306	0.999959
342	316	0.99997
342	325	0.999972
342	341	0.999982
342	328	0.999991
342	320	0.999999
342	324	0.999954
342	321	0.999986
342	334	0.999993
342	312	0.999942
342	337	0.999953
342	328	0.999979
342	335	0.999971
342	309	0.999955
342	310	0.999996
342	313	0.999944
342	330	0.999998
342	308	0.999983
342	330	0.999979
342	307	0.999982
342	331	0.999964
342	310	0.999996
342	309	0.999958
342	335	0.999954
342	311	0.999976
342	334	0.999986
342	327	0.999965
342	326	0.999998
342	321	0.999987
342	322	0.999948
342	333	0.99996
342	314	0.999988
342	340	0.999962
342	340	0.999967
342	317	0.999976
342	333	0.99996
342	314	0.999957
342	317	0.999994
342	321	0.999959
342	335	0.999956
342	336	0.99997
342	310	0.999991
342	323	0.999947
342	309	0.999984
342	326	0.999985
342	328	0.999991
342	337	0.999961
342	322	1
342	322	0.999954
342	308	0.99996
342	328	0.999996
342	319	0.999965
342	301	0.999941
342	308	0.999965
342	305	0.999992
342	316	0.999998
342	321	0.999967
342	336	0.999941
342	334	0.999987
342	315	0.99995
342	313	0.999993
342	315	0.99998
342	303	0.999976
342	325	0.999956
342	329	0.999959
342	340	0.99998
342	332	0.999948
342	336	0.999975
342	314	0.999949
342	316	0.999951
342	314	0.999954
342	333	0.999971
342	313	0.99997
342	322	0.999972
342	331	0.99999
342	321	0.999948
342	340	0.99999
342	308	0.99997
342	328	0.999961
342	331	0.999975
342	326	0.999974
342	330	0.999986
342	300	0.999956
342	300	0.999958
342	315	0.999977
342	303	0.999965
342	336	0.999955
342	339	0.999999
342	309	0.99995
342	307	0.999993
342	319	0.999966
342	317	0.999987
342	340	0.999974
342	312	0.999991
342	319	0.999954
342	335	0.999954
342	327	0.999993
342	332	0.999987
342	316	0.999967
342	324	0.999998
342	318	0.999995
342	311	0.999993
342	321	0.999947
342	303	0.999948
342	320	0.999975
342	334	0.999984
342	318	0.999998
342	323	0.999969
342	319	0.999956
342	323	0.999961
342	316	0.999952
342	335	0.999989
342	308	0.99998
342	316	0.999954
342	339	0.99996
342	336	0.999993
342	323	0.999956
342	313	0.999944
342	319	0.999965
342	311	0.999943
342	313	0.999997
342	332	0.999955
342	341	0.99996
342	301	0.999968
342	299	0.999943
342	332	0.999988
342	328	0.999961
342	331	0.999961
342	311	0.999955
342	311	0.999942
342	341	0.999971
342	326	0.99995
342	304	0.999949
342	320	0.999999
342	326	0.999985
342	315	0.999991
342	327	0.999997
342	304	0.99994
342	300	0.999979
342	339	0.999956
342	325	0.999972
342	338	0.99998
342	307	0.99998
342	334	0.999946
342	329	0.999988
342	324	0.999959
342	310	0.999955
342	322	0.999961
342	335	0.999985
342	312	0.999972
342	308	0.999963
342	330	0.999943
342	316	0.999993
342	329	0.999967
342	304	0.999991
342	308	0.999971
342	339	0.999993
342	318	0.999957
342	314	0.999975
342	326	0.999956
342	300	0.999968
342	305	0.999987
342	307	0.999974
342	316	0.999971
342	334	0.999971
342	341	0.999972
342	306	0.999955
342	313	0.999963
342	338	0.999977
342	324	0.999949
342	304	0.999968
342	328	0.999973
342	330	0.999988
342	327	0.999971
342	304	0.99996
342	303	0.999995
342	333	0.999993
342	318	0.999971
342	317	0.999997
342	315	0.99999
342	306	0.999994
342	307	0.999947
342	309	0.999959
342	305	0.999979
342	330	0.999992
342	312	0.99999
342	304	0.999948
342	327	0.999988
342	299	0.999966
342	326	0.999962
342	303	0.999998
342	307	0.999995
342	322	0.99996
342	333	0.999959
342	301	0.999998
342	328	0.999982
342	313	0.999993
342	311	0.999984
342	335	0.999957
342	322	0.999992
342	313	0.999981
342	320	0.99999
342	317	0.999966
342	322	0.999966
342	310	0.999951
342	307	0.999952
342	313	0.999974
342	311	0.999964
342	340	0.999995
342	316	0.999978
342	340	0.99996
342	325	0.999972
342	301	0.999956
342	306	0.99996
342	304	0.999984
342	324	0.999985
342	326	0.999952
342	338	0.999961
342	308	0.999998
342	329	0.99994
342	335	0.999999
342	329	0.999981
342	301	0.999989
342	341	0.999984
342	317	0.999957
342	327	0.999967
342	323	0.99999
342	313	0.999997
342	299	0.999986
342	300	0.999987
342	300	0.999961
342	313	0.999982
342	304	0.999979
342	320	0.999955
342	308	0.999947
342	315	0.999959
342	331	0.999973
342	336	0.999972
342	333	0.999988
342	305	0.999993
342	332	0.999984
342	321	0.999947
342	327	0.999969
342	306	0.99995
342	313	0.999945
342	312	0.999983
342	300	0.999983
342	302	0.999951
342	310	0.999976
342	301	0.999953
342	338	0.99998
342	337	0.999995
342	327	0.999947
342	324	0.999995
342	331	0.999959
342	328	0.999947
342	339	0.999945
342	320	0.999952
342	323	0.999981
342	303	0.999959
342	309	0.999943
342	303	0.999967
342	311	0.999999
342	318	0.999975
342	326	0.999964
342	333	0.999994
342	341	0.999967
342	324	0.999948
342	341	0.999977
342	335	0.999978
342	331	0.999961
342	326	0.999947
342	314	0.99994
342	315	0.999951
342	314	0.999981
342	341	0.999988
342	326	0.99995
342	329	0.999958
342	333	0.999968
342	299	0.999958
342	333	0.99995
342	328	0.999961
342	323	0.999956
342	318	0.999944
342	304	0.999963
342	307	0.999987
342	299	0.99997
342	301	0.999953
342	339	0.999978
342	315	0.999957
342	327	0.999942
342	302	0.999987
342	299	0.999989
342	331	0.99996
342	305	0.999982
342	314	0.999984
342	316	1
342	336	0.99994
342	320	0.999975
342	337	0.99995
342	325	0.999986
342	306	0.999946
342	313	0.999964
342	300	0.999997
342	322	0.999986
342	337	0.999964
342	315	0.999998
342	303	0.999995
342	316	0.999982
342	333	0.999977
342	315	0.999955
342	333	0.999961
342	327	0.999946
342	302	0.999994
342	302	0.999953
342	327	0.999954
342	328	0.999993
342	332	0.999959
342	323	0.999998
342	321	0.999942
342	329	0.999982
342	310	0.999999
342	316	0.999984
342	335	0.999975
342	306	0.999988
342	337	0.999955
342	303	0.999959
342	322	0.999981
342	305	0.999994
342	317	0.999991
342	333	0.99999
342	311	0.999955
342	326	0.999968
342	313	0.999993
342	330	0.999942
342	328	0.999955
342	320	0.999996
342	318	0.999975
342	322	0.999957
342	301	0.999967
342	325	0.99995
342	327	0.999989
342	306	0.999953
342	328	0.999941
342	338	0.999979
342	335	0.999959
342	340	0.999948
342	315	0.999963
342	314	0.999961
342	317	0.999959
342	308	0.99998
342	326	0.999974
342	335	0.999974
342	331	0.999968
342	308	0.999979
342	315	0.999979
342	339	0.999985
342	323	0.999977
342	341	0.999943
342	304	0.999989
342	305	0.999999
342	317	0.999953
342	335	0.999953
342	306	0.999995
342	340	0.99997
342	328	0.999976
342	312	0.999957
342	340	0.999963
342	306	0.999965
342	308	0.999959
342	335	1
342	308	0.999998
342	334	0.99996
342	325	0.999941
342	307	0.999981
342	324	0.999978
342	317	0.99999
342	302	0.999959
342	311	0.999952
342	305	0.999993
342	312	0.999967
342	309	0.999975
342	326	0.999948
342	337	0.999975
342	306	0.999948
342	324	0.999966
342	328	0.99998
342	320	0.999949
342	337	0.999976
342	302	0.99999
342	308	0.999943
342	335	0.999961
342	307	0.999952
342	303	0.999994
342	304	0.999983
342	331	0.999997
342	303	0.999991
342	314	0.999972
342	314	0.999966
342	309	0.999973
342	336	0.999998
342	313	0.99997
342	315	0.999947
342	301	0.999998
342	318	0.999971
342	321	0.999961
342	314	0.999961
342	328	0.99997
342	299	0.999955
342	332	0.999961
342	310	0.999966
342	300	0.999951
342	332	0.999958
342	310	0.999995
342	308	0.999975
342	318	0.999985
342	312	0.999981
342	317	0.99994
342	339	0.999968
342	325	0.999949
342	323	0.999952
342	305	0.99996
342	307	0.999951
342	317	0.999963
342	336	0.999971
342	335	0.999993
342	302	0.999945
342	305	0.999952
342	320	0.999967
342	336	0.999943
342	328	0.999987
342	299	0.99996
342	313	0.999971
342	318	0.999989
342	340	0.999946
342	333	0.999951
342	324	0.999961
342	328	0.999971
342	316	0.999959
342	309	0.999975
342	332	0.999945
342	339	0.999986
342	307	0.999973
342	319	0.99995
342	320	0.999954
342	317	0.999957
342	312	0.999959
342	327	0.99995
342	315	0.999985
342	301	0.999955
342	315	0.999995
342	333	0.999989
342	340	0.999983
342	336	0.999975
342	334	0.999978
342	303	0.99996
342	312	0.999946
342	314	0.999987
342	335	0.999967
342	309	0.999995
342	322	0.999992
342	336	0.999956
342	304	0.99999
342	308	0.999954
342	330	0.999959
342	311	0.999967
342	321	0.999943
342	314	0.999993
342	335	0.999987
342	318	0.999963
342	305	0.999942
342	311	0.999997
342	316	0.999988
342	323	0.999998
342	302	0.999962
342	320	0.999952
342	301	0.999972
342	307	0.999947
342	316	0.999941
342	309	0.999949
342	314	0.999968
342	313	0.999987
342	316	0.999993
342	313	0.999957
342	300	0.999995
342	328	0.999963
342	306	0.999967
342	338	0.999983
342	322	0.999944
342	325	0.999966
342	303	0.99999
342	335	0.999981
342	315	0.99998
342	325	0.999985
342	301	0.999948
342	304	0.999954
342	303	0.999981
342	302	0.999987
342	339	0.999955
342	320	0.999996
342	324	0.99997
342	335	0.999981
342	317	0.999992
342	318	0.999999
342	341	0.999994
342	322	0.999952
342	299	0.999979
342	337	0.999947
342	315	0.999967
342	306	1
342	315	0.999987
342	303	0.999972
342	333	0.999974
342	314	0.99999
342	305	0.999988
342	318	0.999949
342	315	0.999949
342	334	0.999956
342	319	0.99999
342	308	0.999991
342	319	0.999962
342	340	0.99997
342	305	0.999968
342	329	0.999999
342	336	0.999997
342	316	0.999988
342	336	0.999965
342	326	0.999984
342	329	0.999966
342	306	0.999978
342	335	0.999997
342	307	0.999951
342	321	0.999962
342	319	0.999986
342	332	0.999979
342	321	0.999959
342	300	0.999954
342	328	0.999996
342	329	0.999986
342	337	0.999965
342	335	0.999963
342	312	0.999984
342	333	0.999942
342	338	0.999977
342	301	0.999985
342	301	0.999971
342	322	0.999943
342	330	0.999986
342	333	0.99995
342	321	0.999943
342	312	0.99998
342	302	0.999985
342	317	0.999949
342	299	0.999961
342	318	0.999975
342	302	0.999986
342	331	0.99999
342	341	0.999949
342	324	0.999955
342	299	0.999994
342	325	0.999971
342	319	0.999976
342	322	0.999954
342	339	0.999977
342	309	0.999948
342	305	0.999954
342	341	0.999989
342	314	0.999964
342	315	0.999976
342	338	0.999979
342	327	0.999984
342	316	0.999959
342	334	0.999955
342	312	0.999975
342	314	0.999947
342	299	0.999954
342	306	0.999973
342	302	0.999952
342	318	0.999979
342	322	0.999995
342	337	0.99995
342	336	0.999976
342	319	0.999977
342	328	0.999948
342	316	0.999984
342	315	0.999983
342	335	0.999973
342	314	0.99994
342	309	0.999941
342	310	0.999996
342	320	0.999986
342	333	0.999942
342	307	0.999961
342	325	0.999998
342	318	0.999994
342	339	0.999947
342	315	0.999977
342	337	0.999979
342	328	0.999984
342	334	0.999989
342	308	0.999968
342	328	0.999962
342	304	0.999994
342	317	0.999993
342	332	0.999981
342	338	0.999974
342	300	0.999968
342	329	0.999981
342	319	0.999963
342	312	0.999976
342	304	0.999984
342	331	0.999986
342	318	0.999955
342	340	0.99998
342	323	0.999971
342	321	0.999977
342	308	0.999953
342	328	0.999952
342	327	0.999964
342	300	0.999954
342	324	0.999989
342	323	0.999984
342	306	0.999957
342	299	0.999982
342	301	0.999956
342	338	0.999949
342	329	0.999961
342	324	0.999952
342	318	0.999972
342	316	0.999976
342	321	0.999944
342	328	0.999977
342	321	0.999953
342	309	0.999998
342	328	0.999941
342	304	0.999961
342	341	0.999946
342	329	0.999968
342	338	0.999973
342	300	0.999959
342	322	0.99998
342	309	0.999977
342	320	0.99998
342	301	0.999975
342	329	0.999984
342	330	0.999996
342	335	0.999982
342	309	0.999963
342	302	0.999992
342	310	0.999951
342	319	0.99997
342	338	0.999973
342	299	0.999962
342	338	0.999999
342	301	0.999981
342	341	0.999971
342	311	0.999949
342	325	0.999982
342	330	0.999957
342	318	0.999955
342	330	0.99997
342	330	0.999964
342	333	0.999987
342	339	0.999955
342	324	0.999959
342	320	0.999977
342	311	0.99997
342	331	0.999951
342	331	0.999989
342	322	0.999946
342	332	0.999982
342	319	0.999973
342	341	0.999968
342	335	0.999976
342	301	0.999955
342	317	0.999983
342	328	0.999972
342	327	0.999964
342	322	0.99994
342	306	0.999948
342	321	0.999964
342	313	0.999949
342	333	0.999973
342	317	0.99996
342	323	0.999983
342	334	0.999949
342	300	0.999983
342	329	0.99998
342	305	0.999953
342	336	0.999998
342	319	0.999974
342	340	0.999946
342	316	0.99997
342	328	0.999966
342	329	0.999977
342	336	0.999996
342	338	0.999997
342	338	0.999993
342	321	0.999946
342	339	0.999993
342	328	0.999947
342	312	0.999955
342	326	0.999962
342	316	0.999986
342	306	0.999957
342	316	0.999983
342	318	0.999957
342	341	0.999952
342	318	0.999954
342	304	0.999955
342	338	0.999979
342	318	0.99994
342	301	0.999992
342	309	0.999969
342	315	0.999988
342	327	0.99999
342	324	0.999955
342	322	0.999947
342	313	0.999961
342	313	0.999981
342	309	0.999979
342	319	0.999996
342	333	0.999987
342	341	0.999978
342	311	0.999952
342	301	0.999999
342	313	0.999962
342	306	0.999983
342	337	0.99998
342	333	0.999963
342	303	0.999954
342	299	0.999971
342	307	0.999983
342	321	0.999995
342	299	0.99998
342	324	0.999977
342	322	0.999978
342	320	0.999966
342	318	0.999996
342	341	0.999974
342	305	0.99995
342	336	0.999966
342	304	0.999949
342	319	0.999954
342	335	0.999969
342	304	0.999961
342	319	0.999994
342	327	0.999998
342	327	0.999998
342	329	0.999942
342	327	0.999975
342	306	1
342	335	0.999981
342	312	0.99995
342	319	0.999956
342	317	0.999948
342	332	1
342	319	0.999977
342	312	0.999969
342	334	0.999957
342	332	0.999967
342	305	0.999941
342	321	0.999954
342	325	0.999961
342	324	0.999982
342	330	0.999942
342	303	0.999966
342	318	0.999961
342	334	0.999956
342	333	0.999994
342	319	0.999989
342	326	0.999959
342	300	0.999995
342	324	0.999962
342	312	0.999983
342	313	0.999998
342	322	0.999983
342	312	0.999947
342	327	0.999942
342	320	0.999963
342	311	0.999987
342	304	0.999952
342	320	0.999986
342	305	0.999955
342	328	0.999973
342	339	0.999941
342	300	0.999957
342	320	0.99998
342	312	0.999968
342	340	0.999964
342	314	0.999964
342	302	0.999957
342	308	0.999964
342	299	0.999962
342	339	0.99994
342	319	0.999971
342	335	0.999946
342	320	0.999973
342	305	0.999985
342	303	0.999983
342	325	0.999955
342	308	0.999967
342	325	0.999999
342	304	0.999981
342	299	0.999961
342	312	0.999978
342	305	0.999996
342	315	0.99996
342	310	0.999992
342	304	0.999991
342	339	0.999982
342	327	0.999948
342	305	0.999959
342	302	0.999976
342	337	0.999955
342	314	0.999979
342	336	0.99997
342	322	0.999992
342	318	0.999963
342	317	0.99995
342	308	0.999967
342	300	0.999956
342	306	0.999979
342	330	0.999977
342	323	0.999972
342	312	0.999944
342	299	0.999978
342	310	0.999993
342	299	0.999954
342	325	0.999997
342	338	0.999955
342	302	0.99998
342	338	0.999979
342	322	0.999977
342	328	0.999967
342	321	0.999958
342	337	0.999941
342	337	0.999999
342	311	0.999986
342	303	0.999961
342	335	0.999963
342	305	0.999993
342	313	0.999985
342	301	0.999981
342	333	0.999995
342	333	0.999988
342	323	0.999981
342	339	0.999992
342	302	0.999975
342	330	0.999998
342	304	0.99995
342	330	0.999971
342	335	0.999958
342	301	0.999978
342	301	0.999949
342	307	0.999953
342	304	0.999962
342	305	0.999995
342	331	0.999966
342	339	0.99995
342	318	0.999943
342	310	0.99998
342	310	0.999948
342	323	0.99995
342	299	0.999965
342	321	0.999981
342	330	0.999949
342	316	0.999996
342	317	0.999948
342	299	0.999986
342	330	0.999977
342	320	0.99995
342	321	0.999994
342	302	0.999967
342	332	0.999954
342	326	0.999989
342	325	0.999989
342	312	0.999984
342	329	0.999956
342	329	0.99999
342	304	0.999959
342	305	0.999958
342	326	0.999967
342	335	0.99997
342	320	0.99995
342	306	0.999991
342	338	0.999951
342	335	0.999963
342	310	0.999952
342	316	0.999949
342	320	0.999987
342	331	0.999975
342	331	0.999993
342	333	0.999963
342	338	0.999983
342	341	0.999979
342	306	0.999943
342	303	0.999996
342	329	0.999949
342	300	0.99997
342	326	0.99994
342	319	0.999962
342	325	0.999956
342	332	0.999975
342	328	0.999968
342	300	0.999976
342	302	0.999999
342	313	0.99996
342	325	0.999957
342	340	0.99997
342	310	0.999968
342	301	0.999984
342	309	0.999991
342	318	1
342	337	0.999954
342	340	0.999995
342	306	0.999985
342	307	0.999955
342	312	0.999976
342	321	0.999975
342	337	0.999957
342	318	0.999961
342	321	0.999972
342	325	0.999946
342	340	0.999962
342	336	0.999952
342	315	0.999959
342	334	0.999986
342	309	0.999997
342	328	0.999948
342	305	0.999953
342	332	0.999965
342	341	0.999942
342	299	0.999966
342	333	0.999977
342	337	0.999986
342	309	0.999992
342	308	0.999966
342	336	0.999946
342	329	0.999973
342	325	0.999958
342	338	0.999962
342	301	0.99995
342	300	0.999954
342	331	0.999964
342	307	0.99998
342	337	0.999958
342	325	0.99997
342	321	0.999966
342	304	0.999949
342	338	0.99998
342	309	0.999958
342	338	0.999946
342	318	0.999958
342	327	0.99995
342	310	0.999974
342	312	0.999968
342	300	0.999967
342	316	0.999948
342	332	0.999946
342	308	0.999958
342	327	0.99998
342	303	0.999977
342	302	0.99996
342	322	0.999989
342	324	0.999961
342	332	0.999941
342	325	0.999955
342	302	0.999964
342	338	0.999994
342	332	0.999942
342	341	0.999975
342	300	0.999966
342	325	0.999941
342	315	0.999965
342	340	0.999954
342	325	0.999986
342	323	0.999958
342	324	0.999967
342	333	0.99995
342	326	0.999992
342	306	0.999985
342	341	0.999979
342	330	0.99996
342	324	0.99997
342	302	0.999944
342	341	0.99998
342	320	0.999969
342	332	0.999981
342	316	0.999953
342	336	0.999948
342	328	1
342	337	0.999989
342	339	0.999956
342	315	0.999994
342	332	0.999988
342	329	0.999974
342	336	0.999976
342	322	0.999989
342	338	0.999941
342	308	0.999966
342	313	0.999997
342	309	0.999967
342	319	0.999987
342	331	0.999942
342	314	0.999952
342	341	0.99995
342	333	0.999988
342	300	0.999949
342	306	0.99997
342	328	0.999954
342	327	0.999991
342	301	0.999981
342	333	0.999943
342	328	0.999965
342	339	0.999959
342	334	0.999971
342	312	0.999953
342	322	0.99996
342	304	0.999947
342	324	1
342	309	0.999977
342	336	0.999942
342	340	0.999995
342	332	0.99998
342	341	0.999995
342	329	0.99996
342	300	0.999968
342	305	0.999962
342	320	0.999986
342	320	0.99997
342	321	0.999966
342	310	0.999949
342	321	0.999975
342	314	0.999952
342	327	0.999982
342	310	0.999983
342	319	0.99999
342	305	0.999962
342	329	0.999966
342	303	0.999964
342	322	0.999941
342	331	0.999966
342	328	0.999961
342	330	0.999946
342	315	0.999975
342	311	0.999986
342	308	0.99999
342	313	0.999972
342	299	0.999979
342	313	0.999981
342	300	0.999958
342	315	0.999993
342	317	0.999993
342	339	0.999952
342	334	0.99998
342	307	0.999959
342	320	0.999967
342	322	0.999953
342	303	0.999976
342	300	0.999981
342	306	0.999984
342	324	0.999999
342	308	0.999958
342	312	0.999941
342	314	0.999941
342	326	0.99996
342	337	0.999979
342	304	0.999982
342	320	0.999961
342	305	0.999999
342	325	0.999984
342	330	0.999949
342	337	0.999995
342	309	0.999943
342	327	0.999964
342	303	0.99999
342	305	0.999998
342	326	0.999946
342	308	0.999945
342	305	0.999963
342	313	0.999976
342	317	0.999947
342	333	0.999946
342	308	0.999983
342	306	0.999955
342	327	0.999992
342	329	0.999989
342	302	0.999958
342	335	0.999979
342	312	0.999959
342	299	0.999987
342	328	0.999963
342	302	0.999994
342	330	0.999986
342	301	0.999974
342	318	0.99998
342	309	0.999998
342	325	0.999958
342	302	0.999958
342	327	0.99996
342	324	0.999945
342	310	0.999951
342	331	0.999995
342	303	0.999952
342	334	0.999968
342	315	0.999999
342	307	0.999942
342	341	0.999995
342	341	0.999964
342	311	0.999951
342	331	0.999986
342	333	0.999953
342	338	0.999951
342	341	0.999999
342	340	0.999949
342	324	0.999983
342	321	0.999951
342	314	0.999999
342	323	0.999955
342	338	0.999993
342	330	0.999977
342	309	0.999983
342	314	0.999979
342	339	0.999968
342	318	0.999998
342	308	0.999963
342	338	0.999993
342	326	0.999971
342	338	0.99998
342	303	0.999987
342	325	0.999993
342	319	0.999942
342	302	0.999943
342	303	0.999958
342	303	0.999965
342	327	0.999953
342	320	0.999957
342	333	0.999996
342	313	0.999991
342	339	0.999952
342	325	0.999967
342	331	0.999956
342	320	0.999974
342	305	0.999999
342	310	0.99997
342	310	0.99998
342	307	0.999956
342	321	0.999951
342	301	0.999969
342	331	0.999974
342	314	0.999942
342	311	0.999994
342	333	0.999986
342	320	0.999948
342	308	0.999976
342	336	0.999952
342	320	0.999969
342	315	0.999973
342	320	0.999955
342	324	0.999967
342	310	0.99997
342	335	0.999956
342	311	0.999979
342	330	0.999983
342	313	0.999978
342	312	0.999958
342	336	0.999977
342	306	0.999999
342	299	0.999948
342	315	0.99995
342	319	0.999981
342	313	0.999961
342	324	0.999948
342	328	0.999945
342	310	0.999969
342	335	0.999983
342	312	0.999994
342	324	0.999948
342	304	0.999998
342	332	0.999942
342	301	0.999964
342	300	0.999952
342	334	0.999948
342	317	0.999975
342	314	0.999989
342	320	0.99995
342	330	0.999958
342	309	0.999982
342	334	0.999991
342	321	0.999988
342	307	0.999986
342	317	0.99998
342	320	0.999979
342	333	0.999948
342	311	0.999987
342	311	0.999957
342	341	0.999969
342	314	0.999962
342	327	0.999968
342	316	0.999951
342	299	0.999962
342	301	0.999989
342	316	0.999979
342	332	0.999976
342	330	0.999989
342	325	0.999994
342	319	0.999993
342	304	0.999949
342	318	0.999984
342	329	0.999994
342	300	0.999944
342	329	0.999954
342	332	0.999951
342	302	0.999969
342	317	0.999966
342	323	0.999985
342	319	0.999946
342	328	0.999997
342	322	0.99999
342	339	0.999963
342	312	0.999988
342	313	0.999952
342	318	0.999974
342	332	0.999955
342	304	0.999969
342	323	0.999947
342	334	0.99999
342	330	0.999941
342	318	0.999954
342	305	0.999993
342	306	0.999997
342	306	0.999943
342	329	0.999984
342	303	0.999955
342	303	0.999962
342	326	0.99996
342	318	0.999941
342	302	0.999956
342	340	0.999948
342	312	0.999957
342	318	0.999992
342	329	0.999949
342	320	0.999973
342	325	0.999965
342	303	0.999943
342	320	0.999982
342	304	0.999985
342	323	0.999942
342	322	0.999941
342	301	0.999964
342	301	0.999997
342	299	0.999994
342	328	0.999981
342	334	0.999993
342	299	0.999983
342	333	0.999974
342	308	0.999988
342	325	0.999945
342	307	0.999989
342	339	0.999986
342	308	0.999956
342	309	0.999995
342	335	0.999954
342	317	0.999995
342	337	0.999979
342	338	0.999944
342	323	0.99995
342	323	0.999967
342	324	0.999989
342	302	0.999994
342	309	0.999994
342	318	0.999974
342	325	0.999963
342	308	0.999972
342	326	0.99997
342	329	1
342	327	0.999996
342	341	0.999949
342	319	0.99996
342	338	0.999979
342	316	0.99999
342	321	0.99996
342	333	0.999984
342	312	0.999966
342	331	0.999947
342	305	0.999993
342	319	0.999983
342	323	0.999986
342	310	0.999968
342	334	0.999974
342	319	0.999978
342	324	0.999953
342	337	0.999982
342	311	0.999966
342	303	0.999974
342	308	0.999974
342	337	0.999978
342	331	0.999987
342	320	0.999959
342	328	0.999971
342	336	0.999958
342	339	0.99994
342	313	0.999974
342	330	0.999987
342	327	0.99998
342	301	0.99995
342	317	0.999992
342	340	0.999941
342	332	0.999972
342	314	0.99995
342	324	0.999979
342	339	0.999941
342	327	0.999967
342	324	0.999991
342	321	0.999989
342	335	0.999953
342	310	0.999956
342	323	0.999968
342	332	0.999982
342	327	0.999994
342	339	0.999994
342	310	0.99994
342	308	0.999984
342	307	0.999954
342	299	0.999954
342	304	0.999958
342	319	0.999968
342	301	0.999943
342	324	0.999979
342	309	0.999958
342	315	0.999985
342	338	0.999978
342	304	0.999968
342	324	0.999954
342	328	0.999984
342	300	0.999982
342	333	0.999974
342	321	0.999953
342	318	0.999962
342	314	0.999956
342	314	0.999982
342	314	0.999961
342	311	0.99999
342	323	0.999967
342	339	0.999965
342	314	0.999963
342	316	0.999966
342	323	0.999981
342	327	0.999987
342	301	0.999956
342	327	0.999946
342	321	0.999995
342	318	0.999993
342	319	0.999996
342	335	1
342	334	0.999956
342	316	0.99999
342	337	0.999979
342	325	0.999985
342	329	0.99998
342	325	0.99998
342	310	0.999975
342	325	0.999958
342	312	0.999966
342	335	0.999965
342	316	0.99995
342	333	0.999968
342	307	0.999996
342	313	0.999942
342	332	0.999981
342	322	0.999994
342	318	0.999944
342	316	0.999951
342	322	0.999956
342	305	0.999985
342	334	0.99997
342	299	0.999974
342	312	0.999975
342	307	0.999967
342	306	0.999994
342	306	0.999959
342	311	0.999987
342	321	0.999944
342	318	0.999992
342	312	0.999962
342	332	0.999952
342	315	0.999978
342	314	0.999968
342	334	0.999995
342	333	0.999954
342	330	0.999985
342	302	0.999963
342	335	0.999954
342	322	0.999945
342	307	0.999992
342	331	0.999955
342	328	0.999997
342	299	0.999956
342	304	0.999955
342	309	0.999963
342	327	0.999984
342	341	0.999968
342	309	0.999954
342	299	0.999961
342	305	0.999981
342	315	0.999947
342	323	0.999948
342	312	0.999941
342	326	0.999982
342	324	0.999988
342	317	0.999955
342	326	0.999976
342	314	0.999968
342	320	0.999987
342	325	0.99999
342	320	0.999973
342	341	0.999947
342	307	0.999951
342	306	0.99997
342	308	0.999957
342	333	0.999977
342	303	0.99997
342	311	0.999982
342	301	0.999962
342	335	0.999986
342	316	0.999941
342	320	0.999975
342	330	0.999971
342	337	0.99996
342	325	0.999945
342	308	0.999945
342	307	0.999962
342	314	0.999966
342	312	0.999998
342	328	0.999946
342	314	0.999969
342	324	0.999962
342	315	0.999945
342	304	0.999958
342	315	0.999971
342	306	0.999996
342	300	0.999984
342	320	0.999962
342	309	0.999956
342	321	1
342	335	0.999987
342	337	0.99994
342	311	0.99998
342	335	0.999998
342	309	0.999946
342	300	0.999971
342	337	0.999945
342	312	0.999981
342	313	0.999953
342	340	0.999989
342	307	0.999945
342	310	0.999962
342	316	0.999964
342	323	0.999952
342	317	0.99998
342	337	0.999963
342	328	0.999987
342	311	0.999972
342	321	0.999988
342	311	0.999966
342	340	0.999963
342	316	0.999969
342	318	0.999984
342	341	0.999998
342	324	0.999978
342	304	0.999953
342	328	0.999953
342	335	0.999966
342	325	0.999963
342	314	0.99997
342	328	0.999991
342	315	1
342	312	0.999946
342	324	0.999985
342	312	0.999949
342	316	0.999993
342	308	0.999945
342	336	0.999961
342	328	0.999969
342	333	0.999965
342	334	0.999994
342	301	0.999976
342	341	0.999995
342	341	0.999953
342	302	0.999976
342	306	0.999958
342	318	0.999984
342	311	0.999964
342	333	0.999987
342	325	0.999983
342	321	0.999956
342	334	0.999988
342	315	0.999942
342	311	0.999988
342	306	0.999991
342	329	0.999953
342	334	0.999986
342	323	0.999973
342	311	0.999971
342	310	0.999947
342	304	0.999964
342	328	0.999949
342	313	0.999999
342	320	0.999993
342	312	0.999987
342	312	0.999988
342	308	0.999998
342	303	0.999977
342	335	0.999945
342	302	0.999996
342	338	0.999942
342	339	0.99996
342	341	0.99999
342	302	0.999976
342	300	0.999956
342	322	0.999999
342	318	0.999991
342	301	0.99995
342	315	0.99995
342	318	0.999978
342	341	0.99999
342	321	0.999942
342	330	0.999989
342	331	0.99997
342	300	0.999989
342	300	0.999945
342	322	0.999941
342	306	0.99996
342	326	0.999984
342	299	0.99995
342	306	0.999992
342	324	0.999958
342	323	0.999941
342	303	0.999993
342	312	0.999976
342	319	0.999953
342	331	0.999982
342	338	0.999983
342	336	0.999943
342	319	0.999999
342	300	0.999953
342	334	0.999948
342	311	0.999984
342	320	0.999997
342	322	0.999984
342	339	0.999941
342	330	0.999976
342	337	0.999944
342	338	0.999985
342	331	0.999949
342	329	0.999983
342	302	0.99998
342	301	0.999994
342	324	0.999964
342	313	0.99997
342	341	0.999965
342	320	0.999946
342	303	0.999997
342	328	0.999983
342	328	0.999975
342	332	0.999982
342	318	0.999972
342	329	0.999977
342	336	0.999975
342	325	0.999968
342	316	0.999959
342	314	0.999943
342	307	0.999979
342	340	0.999961
342	338	0.999989
342	330	1
342	338	0.999994
342	301	0.999993
342	300	0.999959
342	319	0.99995
342	317	0.999951
342	327	0.999948
342	312	0.999989
342	318	0.999942
342	340	0.999946
342	299	0.999969
342	341	0.999959
342	307	0.999967
342	300	0.999978
342	337	0.999947
342	312	0.999991
342	310	0.999967
342	317	0.999955
342	326	0.999967
342	341	0.999956
342	325	0.999998
342	305	0.999947
342	320	0.999997
342	309	0.999963
342	316	0.999962
342	326	0.999945
342	304	0.999974
342	310	0.999966
342	319	0.999956
342	316	0.999974
342	300	0.99995
342	333	0.999995
342	321	0.999947
342	317	0.999948
342	327	0.999973
342	328	0.99998
342	322	0.999976
342	339	0.999976
342	301	0.999945
342	318	0.999983
342	323	0.999947
342	341	0.99999
342	341	0.999959
342	323	0.999986
342	323	0.999978
342	314	0.999961
342	340	0.999958
342	318	0.999972
342	324	0.999972
342	315	0.999969
342	341	0.999998
342	341	0.999945
342	319	0.999946
342	309	0.999945
342	310	0.999949
342	318	0.999947
342	321	0.999961
342	310	0.999975
342	314	0.999966
342	330	0.999967
342	304	0.999963
342	308	0.999977
342	301	0.99995
342	312	0.999953
342	330	0.999979
342	320	0.999948
342	339	0.999953
342	321	0.999988
342	316	0.999966
342	339	0.999944
342	337	0.999955
342	301	0.999994
342	314	0.999946
342	307	0.99995
342	314	0.999972
342	321	0.999987
342	338	0.999988
342	317	0.999977
342	338	0.999962
342	327	0.99995
342	304	0.999958
342	302	0.999981
342	341	0.999983
342	300	0.999995
342	324	0.999965
342	317	0.999995
342	314	0.999943
342	314	0.999985
342	316	0.999957
342	311	0.999972
342	328	0.999954
342	340	0.999947
342	329	0.999971
342	307	0.999994
342	319	0.99997
342	319	0.999993
342	337	0.99994
342	300	0.999983
342	335	0.999982
342	321	0.999946
342	337	0.999976
342	329	0.999983
342	324	0.999969
342	329	0.999963
342	336	0.999963
342	301	0.999963
342	323	0.999979
342	313	0.999959
342	337	0.999991
342	299	0.999985
342	313	0.999965
342	306	0.999942
342	320	0.999951
342	311	0.999946
342	337	0.999946
342	308	0.999944
342	339	0.999996
342	341	0.999962
342	340	0.99996
342	315	0.99994
342	318	0.999986
342	322	0.999972
342	328	0.999954
342	318	0.999984
342	311	0.999988
342	331	0.999997
342	315	0.999962
342	321	0.999995
342	315	0.999945
342	299	0.999997
342	306	0.999978
342	313	0.999997
342	341	0.999969
342	312	0.999988
342	312	0.999968
342	313	0.999959
342	341	0.999965
342	300	0.999959
342	314	0.99997
342	316	0.999958
342	303	0.999996
342	307	0.999958
342	313	0.999952
342	304	0.999997
342	320	0.999972
342	311	0.999951
342	303	0.999945
342	317	0.999994
342	305	0.999945
342	316	0.999971
342	336	0.999952
342	341	0.999991
342	337	0.999991
342	301	0.999946
342	316	0.999989
342	330	1
342	315	0.999956
342	307	0.999955
342	330	0.999968
342	309	0.999993
342	313	0.999984
342	338	0.999985
342	325	0.999994
342	322	0.999966
342	314	0.999995
342	325	1
342	302	0.999974
