5000
243	233	0.999975
243	238	1
243	232	0.999993
243	217	0.99995
243	219	0.999973
243	241	0.999971
243	235	0.999953
243	223	0.999963
243	241	0.999972
243	220	0.999982
243	233	0.999951
243	238	0.999986
243	226	0.999968
243	218	0.999966
243	222	0.999956
243	231	0.999995
243	235	0.999994
243	219	0.999985
243	238	0.999968
243	236	0.999962
243	219	0.999976
243	215	0.999983
243	227	0.999961
243	235	0.999999
243	235	0.999967
243	239	0.999994
243	242	0.999971
243	237	0.999951
243	233	0.999959
243	224	0.999974
243	234	0.999952
243	218	0.999978
243	229	0.99995
243	238	0.999971
243	237	0.999972
243	241	0.999986
243	236	1
243	233	0.999982
243	226	0.999971
243	233	0.999972
243	240	0.999953
243	239	0.999979
243	220	0.999963
243	215	0.999954
243	231	0.999961
243	238	0.999979
243	233	0.999994
243	238	0.999972
243	228	0.999984
243	225	0.999979
243	218	0.999979
243	241	0.999951
243	228	0.999987
243	226	0.999981
243	228	0.999982
243	216	0.999967
243	231	0.999972
243	221	0.999985
243	227	0.999999
243	229	0.999971
243	221	0.999977
243	219	0.999998
243	230	0.999954
243	230	0.999955
243	228	0.999956
243	218	0.999953
243	218	0.999955
243	231	0.999953
243	217	0.99998
243	236	0.999968
243	224	0.999998
243	218	0.999985
243	220	0.999984
243	233	0.999963
243	236	0.999977
243	238	0.99999
243	217	0.999988
243	223	0.999984
243	232	0.999988
243	220	0.999998
243	235	0.999987
243	225	0.999961
243	241	0.999984
243	224	0.999977
243	242	0.999968
243	235	0.999984
243	242	0.999955
243	238	0.999975
243	223	0.999987
243	233	0.999967
243	218	0.999984
243	226	0.999985
243	235	0.999954
243	219	0.999995
243	216	0.999967
243	239	0.999997
243	230	0.99999
243	231	0.999999
243	241	0.999952
243	217	0.999965
243	216	0.999986
243	239	0.99996
243	242	0.999988
243	235	0.999973
243	218	0.999961
243	237	0.999986
243	225	0.999949
243	228	0.999998
243	238	0.999959
243	236	0.999992
243	229	0.999985
243	215	0.999973
243	222	0.999983
243	236	0.999983
243	219	0.999971
243	230	0.999978
243	233	0.999985
243	215	0.999997
243	242	0.999977
243	231	0.999988
243	231	0.99995
243	230	0.999952
243	240	0.99999
243	235	0.999963
243	237	0.999993
243	226	0.999976
243	237	0.99997
243	224	0.999999
243	216	0.99999
243	229	0.999972
243	230	0.999995
243	229	0.99999
243	237	0.999968
243	242	0.999961
243	215	0.999973
243	217	0.999965
243	232	0.999994
243	236	0.999981
243	230	0.999988
243	227	0.999985
243	227	0.99999
243	223	0.999965
243	236	0.999999
243	238	0.999985
243	229	0.999976
243	219	0.999996
243	226	0.999997
243	220	0.99999
243	235	0.999973
243	228	0.999966
243	217	0.999972
243	225	0.999953
243	226	0.999957
243	229	0.999985
243	219	0.999952
243	229	0.999989
243	233	0.999976
243	219	0.999983
243	216	0.999953
243	229	0.999996
243	218	0.999951
243	217	0.999949
243	229	0.999997
243	225	0.999999
243	238	0.999979
243	221	0.999966
243	232	0.999995
243	238	0.999989
243	233	0.999981
243	219	0.999976
243	225	0.999959
243	240	0.999982
243	238	0.99995
243	226	0.999974
243	217	0.999964
243	221	0.999966
243	218	0.999956
243	240	0.999989
243	219	0.999993
243	241	0.999979
243	240	0.999976
243	233	0.99999
243	216	0.999964
243	220	0.999965
243	228	0.999959
243	242	0.999964
243	218	0.999959
243	239	0.999966
243	236	0.999989
243	232	0.999967
243	229	0.999982
243	219	0.999999
243	223	0.999999
243	225	0.999963
243	217	0.999961
243	231	0.999999
243	216	0.999955
243	223	0.999972
243	217	0.999954
243	229	0.999992
243	228	0.999981
243	222	0.999972
243	220	0.999959
243	220	0.999979
243	220	0.999961
243	220	0.999957
243	239	0.999988
243	231	0.999987
243	224	0.999966
243	217	0.999983
243	226	0.999965
243	242	0.99997
243	217	0.999976
243	237	0.999998
243	224	0.999983
243	223	0.999992
243	230	0.99996
243	224	0.999952
243	236	0.999993
243	220	0.999995
243	227	0.999983
243	231	0.999993
243	215	0.999958
243	239	0.999985
243	238	0.999995
243	215	0.999983
243	239	0.999958
243	238	0.999955
243	215	0.999949
243	242	0.999981
243	240	0.999982
243	232	0.999964
243	226	0.999984
243	232	0.999954
243	240	0.999973
243	241	0.999969
243	233	0.999959
243	217	0.999975
243	239	0.999959
243	222	0.999992
243	238	0.999963
243	226	0.999968
243	219	0.999985
243	218	0.999997
243	216	0.999973
243	241	0.999993
243	240	0.999967
243	233	0.999975
243	223	0.999997
243	230	0.999975
243	235	0.999978
243	216	0.999958
243	232	0.999983
243	218	0.999965
243	241	0.999968
243	225	0.999975
243	239	0.99996
243	224	0.99995
243	228	0.999952
243	231	0.999999
243	239	0.999968
243	228	0.999973
243	215	0.999989
243	237	0.999987
243	225	0.999994
243	240	0.999987
243	222	1
243	216	0.999969
243	231	0.999997
243	230	1
243	217	0.999998
243	232	0.999986
243	238	0.999974
243	220	0.999988
243	216	0.999966
243	242	0.99996
243	228	0.999952
243	230	0.999998
243	218	0.999976
243	231	0.999995
243	225	0.999965
243	242	0.999956
243	234	0.999985
243	221	0.99999
243	224	0.999997
243	227	0.999986
243	224	0.999999
243	231	0.99997
243	221	0.999963
243	231	0.999953
243	217	0.999956
243	223	0.999972
243	242	0.999996
243	231	0.999995
243	236	0.999997
243	217	0.999994
243	238	0.999959
243	216	0.999979
243	239	0.999994
243	225	0.999958
243	216	0.999961
243	235	0.999951
243	236	0.999993
243	233	0.999985
243	220	0.999956
243	232	0.999998
243	231	0.999956
243	242	0.99997
243	228	0.999954
243	228	0.999976
243	237	0.999964
243	242	0.999993
243	229	0.999978
243	234	0.999974
243	221	0.999978
243	215	0.999989
243	222	0.999955
243	239	0.999953
243	239	0.99999
243	218	0.999974
243	236	0.999998
243	237	0.999956
243	222	0.99999
243	222	0.999963
243	241	0.999998
243	238	0.999951
243	216	0.999994
243	223	0.99996
243	239	0.999963
243	230	0.99999
243	215	0.999976
243	233	0.999967
243	227	0.999986
243	227	0.999961
243	217	0.999992
243	223	0.999974
243	218	0.999976
243	229	0.99997
243	217	0.999951
243	229	0.999982
243	233	0.999996
243	226	0.999962
243	227	0.999978
243	225	0.999951
243	222	0.999967
243	240	0.99995
243	215	0.999953
243	219	0.999985
243	227	0.999981
243	239	0.999984
243	220	0.999959
243	242	0.999996
243	216	0.999967
243	236	0.999976
243	230	0.999975
243	226	0.999958
243	242	0.99996
243	235	0.999978
243	233	0.999951
243	225	0.999959
243	232	0.999973
243	232	0.999998
243	240	0.999984
243	222	0.999979
243	227	0.999995
243	233	0.999997
243	241	0.999988
243	233	0.99999
243	227	0.999971
243	229	0.999954
243	233	0.99999
243	230	0.99996
243	227	0.999991
243	223	0.999999
243	226	0.999959
243	227	0.999962
243	235	0.99996
243	228	0.99996
243	223	0.999981
243	241	0.999977
243	218	0.999978
243	230	0.999952
243	226	0.999982
243	218	0.999975
243	223	0.999996
243	220	0.999988
243	216	0.999998
243	236	0.999985
243	236	0.999958
243	223	0.999955
243	236	0.999985
243	228	0.999951
243	222	0.999954
243	220	0.999961
243	220	0.999978
243	232	0.999977
243	235	0.999978
243	224	0.99997
243	235	0.999985
243	242	0.999969
243	236	0.999981
243	217	0.999981
243	227	0.999959
243	217	0.999998
243	221	0.999975
243	235	0.999994
243	218	0.999968
243	232	0.999968
243	228	0.999976
243	226	0.999955
243	225	0.999973
243	225	0.999958
243	217	0.99997
243	231	0.99999
243	218	0.999982
243	230	0.99997
243	231	0.999954
243	233	0.999975
243	227	0.999999
243	216	0.999973
243	229	0.999957
243	222	0.999988
243	228	0.999961
243	226	0.999964
243	229	0.99999
243	220	0.999968
243	230	0.999996
243	240	0.999984
243	227	0.999956
243	232	0.999985
243	240	0.999983
243	237	0.999977
243	223	0.999966
243	219	0.999973
243	224	0.999982
243	242	0.999954
243	238	0.999981
243	236	0.999951
243	238	0.999991
243	221	0.999964
243	224	0.999992
243	231	0.999982
243	220	0.999991
243	215	0.999988
243	238	0.999977
243	219	0.999954
243	236	0.999955
243	239	0.999995
243	238	0.999981
243	224	0.99998
243	219	0.999988
243	232	0.999957
243	226	0.999994
243	221	0.999953
243	227	0.99995
243	220	1
243	242	0.999965
243	219	0.999987
243	218	0.999951
243	229	0.999987
243	225	0.999994
243	242	0.99999
243	235	0.999965
243	224	0.999957
243	220	0.99995
243	234	0.999964
243	234	0.999995
243	216	0.999974
243	230	0.999952
243	236	0.999977
243	231	0.999994
243	229	0.999951
243	231	0.999981
243	219	0.999966
243	218	0.999997
243	238	0.999973
243	228	0.999979
243	231	0.999952
243	232	0.999999
243	216	0.999969
243	224	0.999975
243	216	0.999972
243	228	0.999959
243	228	1
243	231	0.999998
243	222	0.999958
243	220	0.999952
243	237	0.99998
243	215	0.999977
243	221	0.999982
243	220	0.999997
243	217	0.999953
243	228	0.999966
243	226	0.999987
243	232	0.999989
243	229	0.99995
243	220	0.999951
243	217	0.999982
243	234	0.999994
243	242	0.999982
243	222	0.999957
243	229	0.99998
243	227	0.999988
243	220	0.999988
243	218	0.999949
243	238	0.999995
243	241	0.999967
243	232	0.999965
243	242	0.999962
243	222	0.999977
243	240	0.999986
243	232	1
243	238	0.999992
243	239	0.99997
243	233	0.999986
243	220	0.999962
243	239	0.999996
243	218	0.999987
243	230	0.999968
243	236	0.999977
243	216	0.999993
243	220	0.999975
243	238	0.999956
243	234	0.99999
243	218	0.999953
243	241	0.999975
243	219	0.99995
243	216	0.999986
243	228	0.999959
243	238	0.999984
243	241	0.999957
243	220	0.999983
243	219	0.999951
243	236	0.999962
243	215	0.999998
243	216	0.999956
243	239	0.999979
243	224	0.999972
243	229	0.999984
243	230	0.999985
243	232	0.999972
243	229	0.999979
243	223	0.999987
243	219	0.999973
243	229	0.999984
243	232	0.999978
243	216	0.999983
243	229	0.999974
243	231	0.999958
243	237	0.999978
243	239	0.999997
243	232	0.999991
243	219	0.999999
243	237	0.999975
243	232	0.999993
243	238	0.999958
243	233	0.999984
243	220	0.999986
243	242	0.999979
243	241	0.999975
243	224	0.999977
243	218	0.999961
243	232	0.999955
243	230	0.999983
243	221	0.999995
243	222	0.999993
243	232	0.999992
243	231	0.999967
243	234	0.999983
243	220	0.999961
243	217	0.999975
243	239	0.999966
243	237	0.99997
243	241	0.999962
243	221	0.999974
243	215	0.999992
243	220	0.999963
243	225	0.999975
243	216	0.999985
243	233	0.999961
243	236	0.999954
243	226	0.999968
243	222	0.999968
243	225	0.999991
243	215	0.999985
243	217	0.999992
243	234	0.999953
243	236	0.999992
243	217	0.999969
243	220	0.999983
243	231	0.999961
243	217	0.999951
243	233	0.999977
243	241	0.999972
243	223	0.999953
243	230	0.999991
243	226	0.999982
243	228	0.999993
243	233	0.999951
243	226	0.99996
243	237	0.999988
243	237	0.999991
243	219	0.999962
243	228	0.999966
243	218	0.999951
243	229	0.999996
243	223	0.999974
243	226	0.999953
243	233	0.999992
243	224	0.999997
243	237	0.999966
243	231	0.999996
243	227	0.999985
243	221	0.999951
243	226	0.999998
243	231	0.999992
243	234	0.999951
243	224	0.999982
243	235	0.999964
243	228	0.999973
243	224	0.999958
243	216	0.999995
243	237	0.999976
243	216	0.999985
243	217	0.999959
243	236	0.999978
243	225	0.999982
243	219	0.999957
243	215	0.999981
243	238	0.999995
243	225	0.999991
243	220	0.999964
243	236	0.999978
243	224	0.999952
243	232	0.999954
243	216	0.999991
243	235	0.999951
243	234	0.999969
243	226	0.999997
243	233	0.999952
243	236	1
243	240	0.999978
243	239	0.999998
243	236	0.999974
243	221	0.99998
243	216	0.999965
243	227	0.999984
243	219	0.999965
243	232	0.999953
243	219	0.999989
243	215	0.999979
243	234	0.999983
243	240	0.999985
243	234	0.999984
243	230	0.999958
243	242	0.99995
243	238	0.999992
243	220	0.999958
243	228	0.999987
243	223	0.999988
243	240	0.999974
243	216	0.999998
243	240	0.999988
243	219	0.999999
243	215	0.999974
243	221	0.999979
243	225	0.999972
243	216	0.999983
243	238	0.999951
243	218	0.999964
243	230	0.999964
243	224	0.999981
243	240	0.999975
243	224	0.999953
243	216	0.999983
243	215	0.999976
243	234	0.999981
243	219	0.999973
243	240	0.99999
243	225	0.999951
243	233	0.99996
243	216	0.999964
243	216	0.999999
243	238	0.999977
243	216	0.999991
243	232	0.999959
243	224	0.999987
243	228	0.999982
243	226	0.999972
243	219	0.99996
243	238	0.999956
243	241	0.999991
243	217	0.999949
243	216	0.999999
243	227	0.999991
243	215	0.999968
243	226	0.999982
243	223	0.999989
243	241	0.999972
243	236	0.999998
243	241	0.999959
243	239	0.999983
243	227	0.99997
243	220	0.999987
243	219	1
243	219	0.999975
243	231	0.999971
243	222	0.999988
243	230	0.99998
243	228	0.999971
243	218	0.99999
243	235	0.999985
243	231	0.999998
243	236	0.999998
243	238	0.999963
243	232	0.999954
243	240	0.999965
243	224	0.999974
243	219	0.999997
243	228	0.999967
243	222	0.999968
243	215	0.999973
243	223	0.999971
243	218	0.999975
243	225	0.999992
243	241	0.999989
243	226	0.999981
243	235	0.999992
243	218	0.999967
243	215	0.999958
243	217	0.999973
243	235	0.99995
243	239	0.999973
243	228	0.999953
243	215	0.99998
243	231	0.999985
243	236	0.99999
243	235	0.999998
243	218	0.999977
243	231	0.999977
243	238	0.999972
243	217	0.999987
243	226	0.999959
243	240	0.999989
243	217	0.999986
243	230	0.999953
243	217	0.999997
243	230	0.999974
243	226	0.999975
243	239	0.99998
243	226	0.99995
243	234	0.999997
243	221	0.999992
243	241	0.999984
243	230	0.999978
243	233	0.99996
243	234	0.999957
243	234	0.999978
243	240	0.999991
243	219	0.999949
243	230	0.999951
243	226	0.999992
243	222	0.999958
243	227	0.999987
243	230	0.999958
243	236	0.999979
243	239	0.999972
243	223	0.999991
243	223	0.999964
243	228	0.999996
243	226	0.999966
243	235	0.999961
243	216	0.999961
243	235	0.999982
243	240	0.999999
243	219	1
243	224	0.999983
243	229	0.999977
243	238	0.999989
243	231	0.999985
243	219	0.999967
243	232	0.99999
243	233	0.999979
243	222	0.999965
243	223	0.999995
243	222	0.999978
243	226	0.999969
243	241	1
243	228	0.99996
243	218	0.999994
243	239	0.999978
243	220	0.999972
243	225	0.999972
243	221	0.999976
243	222	0.999996
243	215	0.999953
243	235	0.999991
243	231	0.999963
243	215	0.999954
243	215	0.999971
243	231	0.999952
243	232	0.999958
243	215	0.999973
243	238	0.999949
243	220	0.999975
243	222	0.999962
243	226	0.999966
243	226	0.999951
243	240	1
243	231	0.999968
243	236	0.999956
243	232	0.999957
243	241	0.999972
243	229	0.99999
243	228	0.999962
243	242	0.999995
243	225	0.999994
243	236	0.999997
243	241	0.999976
243	233	0.999959
243	234	0.999959
243	220	0.999996
243	224	0.999962
243	237	0.999954
243	230	0.999964
243	237	0.999975
243	217	0.99997
243	233	0.99999
243	231	0.999988
243	238	0.99998
243	242	0.999987
243	221	0.999988
243	242	0.999957
243	215	0.999996
243	216	0.999982
243	217	0.99999
243	235	0.999969
243	228	0.999989
243	224	0.999986
243	231	0.999961
243	235	0.999968
243	236	0.999968
243	238	0.999989
243	228	0.999989
243	226	0.999957
243	230	0.999962
243	222	0.999977
243	233	0.999977
243	223	0.999961
243	218	0.999998
243	242	0.999991
243	242	0.999964
243	226	0.99999
243	223	0.999976
243	219	0.999953
243	239	0.999971
243	231	0.999999
243	224	0.999957
243	218	0.999985
243	221	0.999983
243	221	0.999953
243	236	0.99995
243	223	0.999973
243	221	0.999959
243	224	0.999955
243	230	0.99995
243	216	0.999974
243	226	0.999956
243	233	0.999965
243	216	0.999959
243	230	0.999977
243	238	0.999981
243	224	0.999993
243	221	0.999968
243	238	0.999974
243	230	0.999965
243	225	0.999978
243	239	0.999989
243	227	0.999955
243	228	0.999958
243	226	0.999964
243	219	0.999973
243	225	0.999961
243	230	0.999949
243	217	0.999986
243	217	0.999952
243	228	1
243	225	0.999985
243	222	0.999986
243	232	0.999983
243	235	0.999988
243	241	0.999994
243	225	0.999995
243	241	0.999975
243	233	0.999993
243	241	0.999959
243	230	0.999992
243	219	0.999989
243	221	0.999999
243	219	0.999961
243	232	0.999978
243	226	0.99999
243	217	0.999979
243	224	0.999987
243	231	0.999965
243	241	0.999966
243	223	0.999997
243	242	0.999957
243	219	0.999952
243	218	0.999971
243	241	0.999958
243	235	0.999951
243	241	0.999986
243	227	0.999973
243	234	0.999958
243	215	0.999982
243	225	0.999968
243	236	0.999957
243	225	0.999986
243	216	0.999955
243	218	0.999957
243	218	0.999959
243	225	0.999987
243	235	0.999994
243	232	0.999967
243	239	0.999954
243	232	0.99998
243	235	0.999993
243	232	0.99998
243	224	0.999999
243	239	0.999976
243	236	0.999961
243	222	0.999997
243	236	0.999956
243	219	0.999994
243	229	0.999976
243	235	0.999999
243	239	0.999957
243	222	0.999966
243	227	0.999997
243	241	0.999966
243	234	0.999966
243	215	0.999977
243	242	0.999958
243	241	0.999982
243	223	0.99998
243	225	0.999961
243	219	0.999977
243	232	0.999955
243	215	0.999952
243	224	0.999982
243	222	0.999972
243	241	0.999988
243	216	0.999985
243	221	0.999966
243	236	0.99995
243	218	0.999954
243	231	0.999972
243	218	0.999988
243	215	0.999972
243	232	0.999979
243	218	0.999964
243	226	0.999979
243	231	0.999956
243	225	0.999985
243	224	0.999952
243	232	0.999981
243	234	0.999978
243	220	0.999998
243	240	0.999986
243	236	1
243	233	0.999998
243	231	0.999968
243	217	0.999953
243	235	0.999973
243	216	0.999985
243	222	0.999958
243	236	0.99996
243	232	0.999997
243	223	0.999976
243	236	0.999974
243	219	0.999969
243	233	0.999953
243	221	0.999963
243	238	0.99999
243	220	0.999975
243	238	0.999981
243	216	0.999967
243	229	0.999992
243	229	0.999983
243	216	0.99999
243	226	0.999979
243	227	0.999961
243	225	0.999952
243	227	0.999999
243	222	0.999996
243	236	0.999977
243	237	0.99999
243	234	0.999982
243	231	0.999954
243	226	0.999983
243	231	0.99996
243	218	0.999979
243	221	0.999987
243	227	0.999985
243	233	0.999998
243	216	0.999981
243	215	0.999997
243	229	0.999972
243	218	0.999992
243	230	0.99998
243	241	0.999973
243	229	0.999999
243	221	0.999998
243	235	0.999978
243	227	0.999968
243	227	0.99998
243	225	0.99997
243	239	0.999985
243	239	0.999952
243	239	0.999995
243	229	0.999959
243	220	0.999983
243	222	0.999984
243	235	0.999963
243	222	0.999959
243	229	0.999987
243	232	0.999956
243	239	0.999953
243	217	0.999952
243	226	0.999989
243	232	0.999961
243	223	0.999965
243	233	0.99999
243	233	0.999958
243	228	0.999965
243	217	0.999957
243	242	0.999999
243	229	0.999992
243	220	0.999978
243	216	0.999963
243	241	0.99999
243	231	0.999997
243	238	0.999975
243	231	0.999994
243	241	0.999976
243	227	0.999976
243	228	0.999978
243	235	0.999965
243	217	0.99997
243	239	0.999971
243	221	0.999991
243	242	0.999977
243	238	0.999957
243	239	0.999978
243	242	0.999999
243	222	0.999978
243	222	0.999994
243	239	0.999956
243	218	0.999966
243	221	0.999952
243	233	0.999958
243	221	0.999965
243	229	0.999972
243	235	0.999996
243	223	0.999992
243	220	0.999992
243	237	0.999959
243	221	0.999965
243	235	0.999966
243	235	0.999957
243	232	0.999954
243	216	0.99998
243	233	0.999955
243	232	0.999959
243	237	0.999988
243	222	0.999992
243	222	0.999957
243	238	0.999986
243	228	0.999978
243	235	0.999952
243	229	0.999968
243	222	0.999979
243	225	0.99998
243	223	0.999957
243	241	0.99998
243	223	0.99999
243	217	0.999954
243	242	0.999996
243	235	0.999951
243	215	0.999981
243	233	0.999962
243	227	0.999989
243	230	0.999974
243	219	0.999971
243	216	0.99998
243	224	0.999981
243	233	0.999971
243	223	0.999999
243	227	0.999963
243	220	0.999983
243	219	0.999963
243	228	0.999965
243	238	0.999979
243	241	0.999986
243	216	0.999971
243	225	0.999979
243	225	0.999983
243	228	0.999978
243	235	0.999993
243	240	0.999954
243	238	0.999961
243	223	0.999985
243	227	0.999994
243	229	0.999969
243	239	0.999991
243	219	0.999959
243	233	0.99996
243	235	0.999956
243	232	0.999962
243	217	0.999973
243	224	0.999968
243	228	0.999978
243	238	0.999971
243	234	0.999998
243	229	0.999967
243	233	0.999994
243	228	0.999974
243	228	0.999954
243	224	0.99995
243	225	0.999952
243	217	0.999999
243	234	0.999956
243	234	0.999985
243	241	0.999997
243	233	0.999951
243	238	0.999977
243	218	0.999957
243	221	0.999991
243	230	0.999991
243	227	0.999985
243	231	0.999982
243	236	0.999993
243	235	0.999949
243	226	0.99999
243	228	0.999964
243	234	0.999986
243	236	0.999973
243	215	0.999965
243	233	0.999998
243	224	0.999959
243	235	0.999953
243	233	0.99999
243	222	0.999984
243	233	0.999996
243	230	0.999986
243	218	0.999961
243	215	0.999999
243	239	0.999992
243	230	0.999966
243	220	0.999997
243	235	0.999989
243	234	0.999965
243	242	0.999988
243	216	0.999975
243	226	0.999976
243	233	0.999987
243	229	0.999969
243	224	0.999991
243	225	0.999951
243	215	0.999966
243	215	0.999984
243	216	0.999998
243	239	0.999979
243	232	0.999985
243	241	0.999963
243	222	0.999991
243	241	0.999984
243	242	0.999997
243	236	0.999963
243	241	0.999954
243	216	0.999955
243	216	0.999959
243	234	0.999968
243	232	0.999955
243	228	0.999982
243	233	0.999959
243	240	0.999976
243	232	0.999994
243	228	0.999988
243	218	0.999968
243	219	0.999998
243	239	0.99996
243	216	0.999954
243	230	0.999965
243	224	0.999958
243	216	0.999957
243	237	0.999958
243	238	0.999964
243	221	0.999993
243	240	0.999952
243	225	0.999987
243	216	0.999994
243	229	0.999976
243	227	0.999996
243	242	0.999981
243	226	0.999984
243	228	0.999973
243	233	0.999995
243	242	0.999977
243	240	0.999999
243	225	0.999963
243	225	0.999996
243	237	0.999959
243	221	0.999973
243	217	0.99995
243	237	0.999999
243	221	0.999966
243	233	0.999974
243	227	0.999959
243	228	0.999995
243	228	0.99998
243	240	0.999994
243	227	0.999951
243	218	0.999986
243	220	0.999968
243	237	1
243	218	0.999973
243	227	0.999998
243	225	0.999973
243	231	0.999955
243	235	0.999956
243	222	0.999994
243	216	0.999973
243	217	0.999979
243	241	0.999983
243	231	0.999963
243	238	0.999999
243	234	0.999975
243	229	0.999977
243	228	0.99995
243	217	0.99995
243	236	0.999975
243	228	0.999978
243	229	0.99998
243	241	0.999993
243	221	0.999978
243	232	0.99996
243	236	0.999957
243	221	0.999999
243	230	0.999993
243	228	0.999962
243	230	0.999983
243	237	0.999975
243	219	0.999996
243	230	0.999984
243	220	0.999994
243	238	0.999951
243	233	0.999977
243	242	0.999977
243	224	0.999967
243	237	0.999965
243	242	0.99997
243	231	0.999963
243	240	0.999972
243	239	0.999993
243	222	0.999978
243	220	0.999993
243	236	0.999991
243	215	0.999969
243	235	0.999986
243	220	0.999976
243	220	0.999955
243	222	0.999967
243	228	0.999973
243	222	0.999964
243	223	0.999956
243	234	0.999968
243	234	0.99999
243	229	0.999952
243	228	0.999957
243	218	0.99999
243	232	0.999987
243	237	0.999959
243	237	0.999987
243	215	0.999965
243	241	0.99995
243	241	0.999966
243	215	0.99996
243	223	0.999957
243	240	0.999972
243	219	0.999978
243	220	0.999957
243	231	0.999998
243	216	0.999982
243	229	0.999972
243	230	0.999987
243	224	0.99999
243	226	0.999974
243	219	0.999968
243	241	0.999976
243	217	0.999963
243	227	0.999958
243	229	0.999984
243	227	0.999966
243	222	0.999991
243	228	0.99998
243	242	0.999992
243	223	0.999984
243	221	0.99995
243	234	0.999976
243	223	0.999994
243	219	0.999982
243	233	0.999952
243	222	0.999992
243	238	0.999964
243	223	0.999996
243	218	0.999996
243	236	0.999953
243	221	0.999998
243	235	0.999992
243	238	0.999982
243	230	0.999964
243	217	0.999969
243	236	0.999962
243	225	0.999966
243	239	0.999983
243	217	0.999983
243	221	0.999996
243	238	0.999995
243	228	0.99996
243	221	0.999969
243	235	0.999964
243	229	0.999961
243	217	0.999968
243	231	0.999973
243	217	0.999968
243	229	0.999955
243	228	0.999961
243	239	0.999977
243	228	0.999952
243	228	0.999949
243	223	0.999962
243	234	0.999997
243	222	0.999951
243	222	0.999952
243	229	0.999962
243	233	0.999955
243	241	0.999987
243	221	0.999977
243	219	0.999959
243	228	0.99999
243	228	0.999982
243	237	0.99999
243	237	0.999969
243	221	0.999992
243	234	0.999988
243	223	0.999966
243	241	0.999998
243	235	0.999979
243	226	0.999951
243	236	0.999966
243	234	0.999972
243	240	0.999984
243	240	0.99999
243	219	0.999999
243	222	0.99996
243	231	0.999957
243	237	0.999964
243	228	0.999957
243	237	0.999985
243	236	0.99995
243	232	0.999995
243	237	0.999949
243	225	0.999971
243	236	0.999968
243	231	0.999991
243	240	0.99995
243	233	0.999979
243	237	0.99996
243	240	0.999982
243	222	0.999993
243	221	0.999991
243	224	0.999986
243	236	0.99998
243	230	0.999949
243	238	0.999974
243	226	0.999985
243	215	0.999995
243	241	0.99998
243	235	0.999965
243	240	0.999982
243	216	0.999956
243	237	0.99995
243	237	0.999964
243	239	0.999989
243	224	0.999962
243	219	0.999989
243	235	0.999985
243	226	0.999956
243	229	0.999986
243	229	0.999973
243	233	0.999991
243	223	0.999963
243	242	0.999975
243	240	0.99995
243	232	0.999977
243	233	0.999998
243	242	0.999952
243	232	0.999981
243	222	0.999979
243	234	0.999983
243	233	0.999951
243	233	0.999953
243	237	0.99997
243	225	0.999954
243	238	0.999999
243	221	0.999991
243	229	0.999983
243	216	0.99995
243	221	0.999977
243	234	0.99999
243	215	0.999962
243	216	0.999962
243	242	0.999956
243	225	0.999959
243	239	0.999956
243	226	0.999951
243	241	0.999956
243	236	0.999971
243	228	0.999997
243	222	0.999956
243	230	0.999978
243	222	0.999995
243	216	0.999972
243	240	0.999961
243	225	0.99999
243	236	0.99999
243	224	0.999971
243	231	0.999999
243	222	0.999983
243	231	0.999979
243	216	0.999987
243	228	0.999957
243	239	0.999997
243	234	0.999979
243	224	0.999961
243	237	0.999964
243	237	0.999995
243	229	0.999979
243	241	0.999998
243	224	0.99997
243	226	0.999979
243	226	0.999994
243	223	0.999987
243	225	0.999991
243	226	0.999988
243	221	0.999977
243	236	0.99995
243	219	0.999949
243	228	0.999964
243	223	0.999997
243	238	0.999984
243	229	0.999952
243	229	0.999976
243	219	0.999992
243	219	0.999992
243	225	0.999998
243	239	0.999979
243	235	0.999952
243	234	0.999999
243	221	0.999952
243	224	0.999952
243	233	0.999958
243	218	0.999955
243	232	0.999959
243	231	0.99995
243	227	0.999955
243	242	0.999983
243	230	0.999976
243	221	0.99995
243	219	0.999973
243	224	0.999972
243	218	0.999965
243	235	0.999979
243	229	0.999969
243	238	0.999953
243	239	0.999991
243	227	0.999998
243	238	0.999979
243	231	0.999999
243	217	0.999983
243	237	0.999966
243	241	0.999956
243	224	0.999956
243	217	0.999975
243	237	0.999984
243	222	0.999964
243	235	0.999976
243	240	0.99995
243	238	0.999971
243	240	0.999971
243	224	0.999989
243	224	0.999974
243	216	0.999991
243	221	0.999987
243	231	0.999974
243	217	0.999949
243	217	0.999986
243	235	0.999952
243	225	0.999963
243	221	0.999999
243	215	0.999977
243	239	0.999977
243	227	0.999981
243	217	0.999968
243	226	0.999979
243	241	0.999978
243	222	0.999978
243	225	0.999982
243	229	0.999987
243	225	0.999993
243	224	0.999974
243	235	0.999987
243	226	0.999964
243	238	0.999992
243	218	0.999979
243	238	0.99997
243	218	0.999964
243	223	0.999991
243	222	1
243	217	0.999995
243	222	0.999958
243	223	0.999988
243	241	0.999997
243	221	0.999972
243	221	0.99995
243	227	0.999986
243	231	0.999971
243	218	0.999969
243	241	0.999982
243	236	0.999953
243	220	0.999988
243	237	0.999956
243	221	0.999956
243	235	0.999968
243	224	0.999997
243	236	0.999972
243	239	0.999977
243	220	0.999983
243	234	0.999954
243	238	0.999963
243	233	0.999961
243	221	0.999955
243	235	0.999984
243	222	0.999984
243	215	0.999995
243	216	0.999977
243	234	0.99995
243	241	0.999975
243	230	0.999978
243	235	0.999949
243	239	0.999998
243	240	0.999951
243	236	0.999964
243	224	0.999989
243	234	0.999979
243	225	0.999967
243	225	0.999987
243	226	0.999979
243	232	0.99996
243	219	0.999973
243	218	0.999985
243	218	0.999963
243	229	0.99999
243	230	0.999979
243	233	0.999955
243	223	0.999977
243	235	0.999984
243	235	0.999998
243	221	0.999955
243	215	0.99998
243	218	0.999973
243	239	0.999979
243	226	0.999979
243	230	0.999971
243	235	0.99996
243	231	0.999981
243	227	0.999985
243	225	0.999978
243	226	0.999967
243	216	0.999982
243	216	0.999975
243	222	0.999983
243	239	0.999992
243	224	0.999969
243	230	0.999968
243	224	0.999982
243	220	0.999986
243	219	0.999992
243	231	0.999997
243	236	0.999988
243	226	0.999991
243	216	0.999965
243	239	0.999955
243	217	0.99997
243	238	0.999967
243	218	0.999953
243	230	0.999966
243	231	0.999962
243	240	0.999986
243	242	0.999975
243	231	0.999985
243	223	0.999993
243	218	0.999968
243	229	0.999976
243	217	0.999961
243	215	0.999984
243	222	0.999975
243	218	0.999951
243	215	0.999986
243	240	0.999982
243	236	0.999968
243	242	0.999982
243	219	0.99995
243	239	0.999999
243	235	0.99995
243	215	0.999994
243	223	0.999968
243	228	0.999965
243	215	0.999982
243	226	0.999974
243	225	0.999997
243	216	0.999967
243	217	0.99996
243	237	0.999954
243	233	0.999962
243	229	0.999957
243	228	0.999992
243	222	0.999969
243	222	0.999952
243	223	0.999996
243	235	0.999962
243	235	0.999981
243	221	0.999962
243	234	0.999982
243	233	0.999955
243	226	0.999988
243	226	0.99998
243	228	0.99995
243	226	0.999982
243	228	0.99997
243	236	0.99995
243	216	0.999993
243	236	0.999993
243	238	0.999999
243	216	0.999954
243	240	0.999951
243	235	0.999989
243	235	0.999971
243	233	0.999959
243	238	0.999999
243	227	0.999972
243	241	0.999962
243	240	0.999996
243	224	0.999995
243	222	0.999962
243	231	0.999963
243	225	0.99997
243	229	0.999982
243	238	0.999983
243	215	0.999997
243	224	0.999964
243	218	0.999984
243	216	0.999989
243	235	0.999991
243	216	0.999959
243	241	0.999983
243	236	0.999976
243	221	0.999963
243	236	0.999961
243	234	0.999996
243	242	0.999958
243	223	0.999984
243	215	0.999958
243	229	0.99996
243	217	0.999955
243	233	0.999973
243	237	0.999981
243	216	0.999985
243	218	0.999994
243	224	0.999975
243	241	0.999965
243	218	0.999968
243	240	0.999975
243	239	0.999964
243	231	0.999973
243	216	0.999953
243	219	0.999965
243	236	0.999983
243	227	0.999988
243	226	0.999959
243	216	0.999977
243	241	0.999979
243	228	0.999962
243	236	0.999958
243	215	0.999954
243	223	0.999962
243	225	0.999952
243	223	0.999962
243	233	0.999982
243	225	0.999955
243	240	0.999974
243	227	0.999977
243	225	0.99999
243	230	0.999958
243	215	0.999983
243	234	0.999992
243	231	0.999987
243	235	0.999988
243	236	0.999955
243	227	0.999985
243	231	0.999987
243	237	0.999995
243	239	0.99997
243	235	0.999968
243	224	0.999973
243	226	0.999956
243	235	0.999961
243	238	0.999995
243	228	0.999953
243	217	0.999964
243	238	0.999958
243	217	0.999995
243	240	0.999959
243	225	0.999985
243	216	0.999955
243	234	0.999967
243	242	0.999981
243	223	0.999999
243	227	0.999957
243	232	0.999959
243	225	0.999978
243	235	0.999985
243	234	0.999957
243	240	0.999972
243	231	0.999968
243	215	0.999996
243	219	0.999965
243	237	0.999961
243	231	0.999971
243	239	0.999965
243	222	0.999978
243	229	0.999958
243	217	0.999983
243	239	0.999998
243	240	0.999999
243	225	0.999989
243	238	0.999977
243	215	0.999998
243	237	0.999987
243	229	0.999986
243	232	0.99997
243	234	0.999994
243	232	0.999958
243	229	0.999981
243	216	0.999954
243	235	0.999985
243	224	0.999951
243	224	0.999978
243	222	0.999951
243	228	0.999998
243	238	0.999953
243	238	0.999976
243	221	0.999972
243	222	0.999968
243	233	0.999981
243	232	0.99995
243	228	0.999957
243	228	1
243	238	0.999963
243	230	0.999978
243	232	0.999955
243	226	0.999976
243	235	0.999975
243	218	0.999997
243	228	0.999971
243	238	0.999965
243	242	0.999998
243	236	0.999982
243	241	0.999961
243	241	0.999964
243	242	0.99999
243	240	0.999986
243	239	0.999952
243	221	0.999951
243	225	0.999961
243	231	0.999984
243	221	0.999963
243	216	0.999969
243	228	0.999967
243	215	0.999951
243	216	0.999976
243	223	0.999994
243	226	0.999985
243	234	0.999953
243	237	0.999981
243	215	0.999992
243	225	0.999995
243	225	0.999967
243	242	0.99999
243	220	0.999967
243	227	0.99996
243	234	0.999974
243	238	0.999981
243	239	0.999972
243	220	0.999991
243	234	0.999972
243	232	0.999966
243	224	0.99999
243	241	0.999965
243	241	0.999969
243	237	0.999958
243	231	0.999963
243	236	0.999957
243	233	0.999969
243	226	0.999973
243	216	0.99999
243	233	0.999979
243	229	0.999986
243	236	0.999985
243	225	0.99995
243	216	0.999964
243	238	0.999969
243	238	0.999991
243	238	0.999969
243	231	0.999999
243	217	0.999962
243	220	0.999964
243	223	0.999985
243	227	0.99999
243	225	0.999991
243	220	0.999959
243	234	0.999983
243	231	0.999972
243	219	0.999974
243	235	0.999968
243	242	0.99995
243	217	0.999961
243	229	0.99999
243	239	0.999983
243	215	0.999964
243	228	0.999963
243	237	0.999985
243	218	0.999987
243	218	0.999987
243	234	0.999964
243	236	0.999963
243	227	0.999979
243	228	0.999994
243	220	0.999984
243	223	0.999967
243	237	0.999982
243	227	0.99998
243	226	0.999999
243	230	0.999954
243	225	0.999957
243	225	0.999989
243	238	0.999953
243	228	0.999958
243	234	0.999992
243	231	0.999967
243	233	0.999972
243	235	0.999954
243	221	0.99997
243	229	0.999975
243	218	0.999966
243	240	0.999971
243	218	0.999978
243	228	0.999967
243	232	0.999987
243	239	0.999992
243	219	0.999965
243	237	0.999957
243	221	0.99997
243	236	0.999977
243	215	0.999961
243	237	0.999962
243	221	0.999961
243	227	0.999989
243	221	0.999969
243	240	0.999959
243	224	0.999974
243	237	0.999953
243	233	0.999986
243	237	0.999951
243	239	0.999955
243	228	0.999956
243	220	0.999985
243	225	0.999984
243	219	0.99996
243	228	0.99995
243	219	0.999984
243	217	0.999964
243	236	0.999986
243	216	0.999964
243	226	0.999994
243	224	0.99999
243	225	0.999973
243	231	0.999977
243	242	0.999995
243	224	0.999985
243	237	0.999978
243	240	0.999975
243	226	0.999994
243	232	0.999986
243	216	0.99997
243	221	0.999989
243	232	0.999974
243	225	0.999978
243	239	0.999965
243	237	0.999977
243	231	0.999953
243	234	0.999962
243	227	0.999987
243	220	0.999982
243	222	0.999975
243	234	0.999955
243	230	0.999983
243	219	0.999962
243	239	0.999974
243	222	0.999989
243	217	0.999981
243	229	0.999975
243	218	0.99999
243	236	0.999976
243	222	0.999975
243	217	0.999974
243	239	0.999959
243	231	0.999953
243	242	0.999966
243	220	0.999965
243	220	0.999973
243	234	0.99996
243	219	0.999955
243	238	0.999992
243	226	0.999969
243	229	0.999956
243	241	0.999988
243	237	0.999989
243	231	0.999962
243	239	0.999999
243	231	0.999961
243	227	0.999971
243	242	0.999963
243	219	0.999993
243	223	0.999958
243	217	0.999997
243	236	0.999959
243	232	0.999999
243	231	0.999987
243	234	0.999958
243	216	0.99996
243	221	0.999981
243	227	0.99998
243	220	0.999954
243	241	0.999959
243	217	0.99998
243	234	0.999968
243	219	0.999975
243	230	0.999984
243	227	0.999989
243	240	0.999991
243	230	0.999955
243	234	0.999974
243	241	0.999957
243	232	0.999967
243	221	0.999987
243	234	0.999969
243	219	0.999996
243	220	0.999994
243	231	0.999989
243	230	0.999954
243	230	0.999966
243	236	0.99995
243	235	0.999954
243	218	0.999953
243	215	0.999998
243	226	0.999999
243	221	0.999991
243	229	0.999991
243	223	0.999963
243	218	0.999983
243	237	0.999972
243	220	0.999996
243	241	0.999958
243	228	0.999983
243	241	0.999985
243	234	0.999979
243	224	0.99997
243	223	0.999961
243	220	0.999965
243	224	0.999985
243	231	0.999975
243	215	0.999979
243	240	0.999965
243	241	0.999985
243	224	0.999962
243	241	0.999995
243	217	0.999966
243	241	0.999981
243	219	0.999959
243	225	0.999983
243	226	0.999995
243	240	0.999963
243	232	0.999991
243	234	0.999957
243	221	0.999976
243	217	0.999974
243	235	0.999995
243	235	0.999997
243	228	0.999962
243	217	0.999952
243	222	0.999988
243	229	0.999971
243	235	0.999968
243	231	0.999981
243	233	0.999959
243	217	0.99995
243	227	0.999976
243	242	0.999979
243	233	0.999997
243	226	0.99999
243	230	0.999985
243	239	0.999955
243	225	0.999961
243	223	0.99997
243	227	0.999964
243	230	0.999964
243	226	0.99999
243	238	0.999985
243	237	0.999951
243	235	0.999991
243	229	0.999971
243	232	0.999987
243	240	0.999963
243	215	0.999964
243	217	0.999995
243	233	0.999992
243	232	0.999973
243	225	0.999978
243	227	0.999997
243	238	0.999972
243	229	0.999949
243	226	0.999952
243	229	0.999952
243	242	0.999986
243	239	0.999962
243	221	0.999962
243	218	0.999981
243	237	0.999952
243	226	0.999959
243	241	0.999966
243	238	0.999982
243	223	0.999957
243	229	0.99998
243	221	0.999957
243	233	0.999975
243	217	0.999951
243	240	0.999957
243	223	0.999971
243	226	0.999952
243	227	0.999949
243	225	0.999967
243	240	0.999976
243	225	0.999966
243	228	0.999951
243	228	0.999992
243	240	0.999973
243	235	0.999982
243	222	0.99997
243	225	0.999973
243	232	0.999973
243	228	0.999972
243	238	0.999964
243	215	0.99999
243	222	0.999973
243	218	0.999997
243	242	0.999975
243	226	0.999976
243	237	0.999978
243	237	0.99995
243	225	0.999952
243	241	0.99998
243	238	0.999996
243	236	0.999998
243	236	0.99998
243	227	0.999963
243	217	0.999976
243	221	0.99995
243	241	0.999971
243	234	0.999956
243	218	0.999968
243	235	0.999955
243	242	0.999949
243	226	0.999975
243	232	0.999975
243	226	0.999995
243	240	0.999961
243	230	0.999993
243	220	0.999978
243	238	0.999958
243	221	0.999971
243	222	0.999984
243	221	0.999981
243	237	0.999988
243	240	0.999951
243	223	0.999957
243	241	0.999983
243	225	0.999982
243	233	0.999988
243	232	0.999958
243	240	0.999982
243	219	0.999979
243	220	0.999996
243	226	0.999999
243	222	0.999986
243	236	0.999971
243	219	0.999968
243	229	0.999993
243	235	0.999998
243	236	0.999984
243	240	0.999978
243	225	0.999995
243	233	0.999985
243	219	0.999964
243	237	0.999996
243	232	0.999957
243	241	0.999973
243	216	0.999989
243	216	0.999953
243	226	0.999961
243	225	0.999995
243	228	0.999994
243	222	0.999954
243	227	0.999993
243	237	0.999973
243	242	0.999998
243	242	0.999975
243	236	0.999952
243	241	0.999968
243	218	0.99998
243	222	0.999967
243	224	0.999999
243	242	0.999984
243	218	0.999973
243	232	0.999979
243	228	0.999974
243	232	0.999974
243	225	0.999957
243	238	0.999998
243	236	0.99999
243	221	1
243	226	0.999956
243	216	0.99998
243	232	0.999973
243	235	0.999971
243	223	0.999999
243	232	0.999999
243	234	0.999963
243	235	0.999953
243	241	0.999964
243	229	0.999959
243	241	0.999991
243	234	0.999987
243	236	0.999976
243	223	0.999989
243	217	0.999965
243	234	0.999953
243	242	0.999958
243	234	0.999976
243	229	0.999972
243	219	0.999993
243	223	0.999951
243	236	0.999976
243	236	0.999986
243	217	0.999979
243	221	0.999966
243	221	0.999971
243	239	0.999975
243	233	0.999966
243	228	0.999982
243	223	0.99995
243	242	0.999982
243	230	0.999987
243	242	0.999966
243	240	1
243	237	0.999958
243	221	0.999999
243	242	1
243	232	0.999972
243	242	0.999988
243	233	0.999961
243	230	0.999974
243	242	0.999997
243	233	0.999977
243	239	0.999955
243	232	0.999957
243	227	0.999987
243	225	0.999969
243	230	0.999982
243	225	0.999975
243	238	0.999976
243	220	0.999969
243	215	0.999952
243	228	0.999977
243	237	0.999967
243	216	0.999964
243	229	0.999992
243	216	0.999974
243	237	0.999987
243	215	0.999975
243	230	0.99998
243	239	0.999978
243	241	0.999966
243	241	0.99999
243	234	0.999964
243	217	0.999967
243	238	0.999995
243	228	0.999979
243	218	0.999985
243	237	0.999985
243	234	0.999968
243	217	0.999997
243	241	0.999958
243	225	0.999981
243	234	0.999974
243	236	0.999967
243	242	0.999993
243	220	0.999952
243	224	0.999984
243	223	0.999992
243	242	0.999978
243	239	0.999975
243	220	0.999957
243	220	0.999989
243	242	0.999979
243	223	0.999975
243	241	0.999981
243	228	0.999965
243	240	0.99995
243	235	0.99995
243	240	0.99998
243	236	0.999952
243	242	0.999996
243	234	0.99998
243	219	0.999992
243	217	0.999989
243	222	0.999957
243	241	0.999971
243	231	0.999969
243	242	0.999974
243	229	0.999966
243	223	0.999956
243	242	0.999993
243	220	0.999976
243	232	0.999968
243	220	0.99995
243	218	0.999998
243	226	0.999978
243	240	0.999967
243	237	0.999992
243	228	0.999978
243	223	0.99995
243	234	0.99995
243	232	0.999991
243	240	0.999998
243	218	0.999972
243	218	0.99996
243	222	0.999994
243	241	0.999978
243	220	0.999988
243	238	0.999971
243	225	0.999962
243	221	0.999998
243	229	0.999958
243	241	0.999968
243	234	0.999987
243	228	0.99998
243	217	0.999986
243	236	0.999997
243	237	0.999982
243	224	0.999955
243	232	0.999962
243	241	0.999996
243	226	0.999994
243	220	0.999978
243	230	0.99997
243	226	0.999973
243	217	0.99998
243	215	0.999968
243	227	0.999968
243	215	0.999956
243	239	0.999997
243	229	0.999986
243	225	0.999952
243	220	0.999955
243	237	0.999988
243	228	0.999963
243	215	0.999954
243	237	0.99999
243	216	0.999996
243	236	0.999983
243	237	0.99999
243	239	0.999955
243	237	0.999951
243	240	0.999977
243	217	1
243	241	0.999987
243	229	0.999952
243	220	0.999959
243	221	0.999968
243	239	0.99997
243	229	0.99996
243	236	1
243	224	0.999972
243	233	0.999951
243	225	0.999949
243	221	0.999968
243	221	0.999982
243	219	0.999965
243	215	0.999965
243	215	0.99998
243	231	0.999995
243	216	0.999976
243	231	0.999954
243	226	0.999977
243	241	0.999964
243	233	0.999964
243	238	0.999989
243	225	0.999997
243	230	0.999996
243	222	0.999991
243	242	0.999956
243	224	0.999996
243	228	0.999978
243	223	0.999968
243	242	0.999974
243	221	0.999952
243	225	0.999972
243	221	0.99995
243	230	0.999966
243	216	0.99997
243	237	0.999998
243	227	0.999964
243	231	0.999996
243	220	0.99995
243	230	0.999972
243	239	0.999991
243	232	0.999995
243	234	0.999962
243	220	0.999956
243	227	0.999985
243	224	0.999999
243	225	0.999954
243	219	0.999981
243	223	0.999968
243	224	0.999982
243	219	0.999965
243	216	0.999988
243	242	0.999961
243	237	0.999991
243	242	0.999961
243	240	0.999952
243	220	0.999973
243	217	0.999984
243	235	0.999963
243	220	0.99998
243	229	0.999985
243	216	0.999971
243	242	0.999977
243	227	0.999989
243	233	0.99997
243	239	0.999987
243	240	0.99997
243	226	0.999954
243	235	0.99995
243	242	0.999977
243	240	0.999997
243	235	0.999981
243	237	0.999985
243	224	0.999987
243	230	0.999982
243	217	0.999966
243	221	0.999979
243	235	0.999954
243	218	0.999993
243	235	0.999996
243	231	0.999975
243	233	0.999955
243	241	0.999983
243	216	0.999979
243	216	0.999985
243	216	0.999975
243	231	0.999952
243	224	0.999989
243	230	0.999972
243	222	0.999967
243	218	0.999982
243	228	0.999998
243	227	0.99995
243	236	0.999969
243	239	0.999965
243	242	0.999964
243	230	0.999988
243	218	0.999956
243	220	0.999981
243	232	0.999988
243	225	0.999974
243	231	0.999986
243	224	0.999967
243	241	0.99999
243	229	0.999957
243	242	0.999962
243	223	0.999994
243	236	0.999997
243	239	0.999983
243	237	0.999963
243	235	0.999982
243	224	0.99996
243	225	0.999998
243	241	0.999996
243	217	1
243	234	0.999991
243	231	0.999959
243	222	0.99998
243	239	0.999981
243	222	0.999987
243	231	0.99996
243	217	0.99997
243	240	0.999983
243	230	0.999992
243	219	0.999987
243	242	0.999957
243	231	0.999959
243	236	0.99996
243	236	0.999996
243	235	0.999966
243	230	0.999993
243	226	0.999957
243	219	0.999986
243	227	0.999992
243	217	0.999956
243	227	0.999967
243	226	0.999986
243	225	0.99997
243	235	0.999956
243	221	0.999985
243	216	0.999966
243	218	0.99995
243	240	0.999964
243	227	0.999985
243	233	0.999991
243	242	0.999986
243	222	0.999967
243	228	0.999972
243	215	0.99997
243	228	0.99997
243	221	0.999999
243	235	0.999958
243	238	0.999992
243	223	0.999953
243	218	0.999965
243	234	0.999992
243	215	0.999959
243	217	0.99996
243	231	0.999971
243	233	0.999977
243	220	0.999985
243	225	0.999987
243	226	0.999999
243	238	0.999979
243	221	0.999995
243	231	0.999953
243	233	0.999988
243	222	0.999997
243	223	0.999959
243	215	0.999987
243	223	0.999965
243	227	0.999993
243	229	0.999962
243	220	0.999973
243	241	0.999979
243	227	0.999971
243	227	0.99999
243	224	0.999955
243	239	0.999972
243	229	0.99995
243	228	0.999972
243	217	0.999966
243	215	0.999992
243	233	0.99995
243	232	0.999966
243	215	0.999994
243	224	0.999983
243	223	0.999955
243	237	0.999957
243	221	0.999965
243	221	0.999999
243	223	0.999958
243	238	0.999994
243	217	0.999964
243	239	0.99995
243	238	0.999977
243	236	0.999961
243	230	0.999977
243	238	0.999967
243	236	0.999962
243	241	0.999972
243	238	0.999983
243	218	0.999994
243	228	0.999994
243	227	0.999981
243	242	0.999961
243	232	0.999969
243	233	0.999951
243	235	0.999996
243	233	0.999989
243	216	0.99995
243	236	0.999997
243	228	0.999963
243	235	0.999956
243	225	0.999973
243	238	0.999998
243	236	0.99997
243	240	0.99998
243	218	0.999976
243	217	0.999993
243	220	0.999998
243	231	0.999971
243	237	0.999972
243	231	0.999968
243	233	0.999983
243	227	0.999991
243	241	0.999992
243	225	0.999999
243	239	0.999994
243	216	0.999974
243	222	0.999997
243	223	0.999976
243	242	0.999977
243	241	0.999991
243	241	0.999965
243	227	0.999953
243	235	0.999969
243	226	0.999951
243	227	0.999995
243	241	0.999964
243	225	0.999984
243	225	0.999959
243	229	0.999975
243	226	0.999956
243	219	0.999995
243	221	0.999996
243	232	0.999972
243	232	0.999975
243	215	0.999957
243	223	0.999966
243	221	0.999964
243	222	0.999993
243	232	0.999979
243	221	0.999996
243	218	0.999952
243	225	0.999981
243	234	0.999985
243	217	0.999987
243	240	0.999962
243	221	0.999965
243	239	0.999972
243	225	0.99997
243	230	0.999993
243	226	0.999972
243	216	0.999968
243	217	0.99996
243	235	0.999987
243	239	0.999995
243	219	0.999956
243	232	0.999964
243	228	0.99996
243	233	0.999958
243	216	0.999954
243	238	0.999994
243	217	0.999975
243	235	0.999976
243	230	0.999961
243	228	0.999967
243	241	0.999971
243	233	0.999997
243	228	0.999975
243	217	0.999973
243	226	1
243	230	0.999989
243	232	0.999963
243	234	0.999967
243	230	0.999991
243	215	0.999985
243	218	0.999971
243	242	0.999955
243	234	0.999977
243	229	0.99999
243	220	0.999989
243	221	0.999964
243	221	0.999966
243	224	0.999988
243	222	0.999989
243	236	0.999968
243	224	0.999999
243	224	0.999987
243	215	0.999983
243	234	0.999971
243	231	0.999971
243	242	0.999972
243	239	0.999965
243	230	0.999967
243	230	0.999997
243	241	0.999975
243	216	0.999966
243	238	0.999966
243	217	0.999982
243	229	0.999971
243	234	0.999958
243	216	0.999996
243	218	0.999971
243	238	0.999973
243	234	0.999996
243	224	0.999977
243	230	0.999975
243	242	0.999961
243	226	0.999992
243	237	0.999974
243	221	0.999983
243	241	0.999996
243	224	0.999996
243	225	0.999973
243	230	0.999963
243	216	0.999999
243	236	0.999966
243	241	0.999988
243	221	0.999964
243	238	0.99995
243	234	0.99996
243	233	0.999991
243	232	0.999977
243	226	0.999999
243	228	0.999993
243	230	0.99998
243	239	0.999951
243	220	0.999963
243	225	0.999964
243	219	0.999952
243	223	0.999961
243	242	0.999982
243	227	0.999985
243	220	0.999953
243	225	0.999974
243	239	0.999956
243	242	0.999986
243	231	0.999965
243	230	0.999991
243	219	0.999999
243	240	0.999983
243	232	0.99997
243	215	0.999998
243	216	0.99995
243	220	0.999961
243	235	0.999968
243	240	0.999951
243	219	0.999969
243	242	0.999988
243	237	0.999985
243	223	0.999988
243	233	0.99999
243	237	0.999974
243	241	0.999961
243	234	0.999958
243	239	0.999958
243	217	0.999965
243	215	0.999979
243	227	0.999991
243	221	1
243	232	0.999966
243	221	0.999978
243	229	0.99997
243	238	0.999966
243	230	0.999958
243	239	0.99996
243	216	0.999954
243	220	0.999966
243	229	0.999984
243	218	0.99996
243	217	0.999968
243	237	0.999971
243	219	0.999996
243	230	0.999976
243	241	0.999991
243	229	0.999979
243	218	0.999956
243	216	0.999953
243	215	0.999982
243	238	0.999981
243	226	0.999959
243	230	0.99997
243	240	0.999985
243	219	0.999956
243	239	0.999978
243	242	0.999972
243	239	0.999988
243	241	0.99998
243	220	0.999968
243	220	0.999981
243	226	0.999974
243	240	0.999975
243	235	0.999991
243	231	0.999972
243	235	0.999976
243	232	0.999993
243	217	0.999969
243	229	0.999982
243	219	0.999989
243	221	0.999988
243	238	0.999972
243	224	0.999989
243	218	0.99999
243	239	0.999972
243	237	0.999965
243	224	0.999951
243	242	0.999977
243	233	0.999954
243	233	0.999987
243	226	0.999965
243	229	0.999976
243	229	0.999966
243	224	0.999996
243	230	0.999978
243	229	0.999961
243	222	0.999964
243	217	0.999967
243	234	0.999995
243	222	0.99999
243	237	0.999949
243	215	1
243	220	0.999984
243	222	0.999988
243	238	0.999971
243	216	0.99995
243	237	0.99997
243	219	0.999972
243	238	0.999997
243	222	0.99995
243	218	0.999959
243	218	0.999984
243	226	0.999987
243	216	0.999976
243	230	0.999955
243	217	0.999961
243	235	0.999958
243	233	0.99998
243	223	0.99998
243	224	0.999983
243	215	0.999997
243	229	0.999953
243	219	0.999962
243	238	0.999956
243	241	0.999969
243	216	0.999961
243	225	0.999971
243	221	0.999974
243	241	0.999978
243	236	0.999967
243	221	0.999952
243	219	0.999975
243	241	0.999972
243	238	0.999964
243	236	0.999964
243	238	0.999959
243	236	0.999964
243	241	0.999984
243	235	0.999985
243	229	0.999968
243	238	0.999957
243	242	0.999981
243	224	0.999969
243	233	0.999991
243	241	0.999953
243	236	0.999954
243	236	0.999984
243	224	0.999965
243	228	0.999971
243	235	0.999963
243	225	0.999959
243	218	0.999989
243	215	0.999973
243	225	0.999991
243	227	0.999988
243	227	0.999987
243	238	0.999999
243	234	0.999975
243	216	0.99996
243	236	0.999958
243	235	0.99997
243	242	0.999958
243	233	0.999988
243	236	0.999991
243	231	0.999986
243	219	0.999984
243	218	0.999975
243	217	0.999995
243	240	0.999986
243	226	0.999972
243	222	0.999986
243	219	0.999982
243	242	0.999995
243	233	0.999959
243	217	0.999966
243	240	0.999979
243	229	0.999971
243	219	0.99999
243	236	0.999994
243	216	0.999956
243	230	0.999995
243	227	0.999989
243	233	0.999994
243	231	0.999967
243	242	0.999956
243	235	0.999994
243	228	0.99999
243	230	0.999956
243	239	0.999962
243	242	0.999967
243	216	0.999958
243	239	0.999979
243	223	0.999993
243	225	0.999995
243	222	0.999999
243	219	0.999979
243	220	0.999983
243	233	0.99999
243	221	0.999997
243	228	0.999981
243	226	0.999959
243	217	0.99999
243	227	0.999973
243	215	0.999964
243	239	0.999994
243	223	0.999982
243	239	0.99995
243	238	0.999997
243	215	0.999961
243	233	0.999964
243	236	0.999961
243	218	0.999986
243	223	0.999988
243	239	0.999999
243	215	0.999949
243	229	0.999989
243	235	0.999965
243	218	0.999994
243	230	0.999972
243	224	0.999978
243	234	0.999986
243	240	0.999956
243	232	0.999974
243	222	0.999961
243	223	0.999997
243	224	0.999995
243	229	0.999967
243	215	0.999987
243	233	0.99998
243	235	0.999962
243	228	0.999988
243	228	0.999956
243	239	0.999962
243	222	0.999966
243	227	0.999951
243	222	0.999979
243	239	0.99997
243	241	0.999991
243	221	0.999973
243	218	0.999984
243	232	0.999979
243	227	0.999961
243	215	0.999988
243	229	0.999988
243	227	0.999992
243	235	1
243	226	0.999965
243	236	0.999962
243	227	0.999991
243	237	0.999978
243	228	0.999958
243	217	0.999958
243	218	0.999977
243	230	0.999953
243	219	0.999955
243	235	0.999982
243	233	0.999978
243	225	0.99999
243	234	0.999995
243	215	0.999975
243	224	0.999975
243	240	0.999998
243	219	0.999976
243	219	0.999975
243	242	0.999964
243	230	0.999994
243	241	0.999968
243	220	0.999982
243	223	0.999971
243	231	0.999957
243	236	0.999996
243	230	0.999978
243	240	0.999967
243	240	0.999956
243	238	0.999983
243	240	0.999991
243	225	0.999969
243	221	0.999969
243	215	0.999971
243	232	0.999995
243	222	0.999957
243	220	0.999965
243	233	0.999985
243	221	0.999992
243	242	0.999981
243	220	0.999984
243	233	0.999958
243	218	0.999962
243	224	0.999979
243	235	0.999954
243	220	0.999954
243	231	0.99996
243	227	0.99995
243	232	0.999998
243	221	0.999977
243	242	0.999991
243	224	0.999971
243	240	0.999986
243	220	0.999971
243	225	0.999955
243	238	0.999982
243	235	0.999975
243	222	0.999988
243	226	0.999983
243	240	0.999999
243	232	0.999964
243	234	0.999991
243	225	0.999974
243	232	0.999963
243	224	0.999949
243	224	0.999981
243	235	0.999996
243	236	0.99996
243	237	0.999972
243	227	0.999955
243	224	0.999987
243	218	0.999973
243	238	0.999965
243	236	0.999955
243	217	0.999979
243	223	0.999973
243	222	0.999998
243	218	0.999952
243	239	0.999993
243	222	0.999967
243	229	0.999978
243	229	0.999967
243	220	0.999997
243	220	1
243	238	0.999999
243	232	0.999987
243	225	0.999957
243	241	0.999979
243	233	0.999958
243	226	0.999967
243	241	0.999984
243	228	0.999953
243	242	0.999961
243	224	0.999985
243	238	0.999987
243	216	0.999991
243	234	0.999999
243	225	0.999988
243	217	0.999995
243	224	0.999957
243	240	0.999995
243	219	0.999958
243	240	0.999963
243	237	0.999968
243	230	0.999977
243	240	0.999982
243	226	0.99997
243	231	0.999994
243	216	0.999979
243	232	0.999982
243	231	0.999957
243	238	0.999979
243	224	0.999961
243	221	0.999996
243	222	0.99999
243	221	0.999994
243	240	0.999997
243	221	0.999977
243	220	0.999994
243	224	0.999963
243	224	0.999963
243	219	0.999964
243	239	0.999959
243	224	0.999976
243	239	0.999973
243	219	0.99995
243	235	0.999969
243	239	0.999996
243	215	0.99997
243	218	0.999993
243	221	0.999996
243	229	0.999979
243	229	0.999974
243	234	0.999993
243	225	0.99998
243	226	0.999974
243	238	0.99996
243	227	0.99997
243	228	0.99995
243	221	0.999997
243	233	0.99997
243	222	0.999971
243	229	0.999982
243	234	0.999971
243	219	0.99998
243	216	0.999998
243	238	0.999971
243	216	0.999976
243	235	0.999986
243	236	0.999961
243	219	0.999986
243	228	0.999972
243	223	0.999986
243	232	0.999969
243	222	0.999998
243	216	0.999988
243	229	0.999985
243	225	0.99999
243	236	0.999972
243	222	0.99997
243	237	0.999971
243	225	0.999975
243	233	0.999977
243	236	0.999969
243	229	0.999992
243	234	0.999995
243	220	0.999975
243	239	0.999996
243	228	0.999961
243	231	0.999981
243	222	0.999972
243	241	0.999957
243	239	0.999954
243	221	0.999966
243	222	0.999972
243	237	0.999985
243	230	0.999972
243	227	0.999976
243	239	0.999972
243	236	0.999964
243	241	0.999981
243	220	0.999958
243	220	0.99996
243	221	0.999984
243	242	0.999956
243	220	0.999956
243	231	0.999999
243	236	0.999965
243	237	0.999959
243	215	0.999985
243	224	0.99998
243	231	0.999971
243	220	0.999968
243	222	0.999962
243	240	0.999953
243	216	0.999959
243	227	0.999952
243	217	0.999954
243	215	0.999957
243	222	0.999986
243	234	0.999988
243	221	0.999969
243	234	0.999997
243	236	0.999981
243	218	0.999968
243	229	0.999961
243	239	0.999996
243	229	0.999984
243	240	0.999968
243	241	0.999999
243	218	0.999984
243	226	0.999999
243	223	0.999999
243	219	0.999993
243	235	0.999951
243	238	0.999992
243	236	0.99995
243	216	0.999985
243	236	0.999975
243	221	0.999986
243	234	0.999956
243	223	0.999972
243	219	0.999959
243	235	0.999954
243	234	0.999981
243	226	0.999994
243	242	0.999957
243	223	0.999977
243	224	0.999997
243	232	0.999958
243	220	0.99996
243	217	0.999977
243	229	0.99996
243	235	0.999956
243	227	0.999972
243	220	0.999956
243	234	0.999976
243	231	0.999954
243	223	0.999989
243	239	0.999999
243	228	0.999982
243	220	0.999955
243	234	0.999963
243	228	0.999971
243	218	0.99996
243	219	0.999963
243	215	0.999995
243	223	0.999952
243	219	0.999978
243	233	0.999993
243	224	0.999969
243	237	0.999966
243	238	0.999979
243	229	0.99996
243	235	0.999995
243	217	0.999967
243	225	0.999995
243	216	0.999971
243	241	0.999976
243	230	0.99995
243	225	0.999976
243	226	0.999967
243	235	0.999981
243	231	0.999986
243	222	0.99995
243	223	0.999962
243	222	0.999952
243	239	0.999983
243	217	0.999976
243	227	0.999988
243	231	0.999992
243	238	0.99999
243	228	0.999983
243	225	0.999982
243	239	0.999972
243	217	0.999981
243	222	0.999987
243	236	1
243	236	0.999983
243	216	0.999988
243	240	0.999964
243	231	0.999994
243	217	0.999976
243	216	0.999954
243	219	0.999951
243	218	0.999974
243	234	0.99999
243	224	0.999987
243	242	0.999977
243	222	0.999964
243	235	0.999952
243	233	0.999963
243	234	0.999992
243	217	0.999997
243	235	0.999996
243	237	0.999954
243	240	0.999971
243	222	0.999996
243	218	0.999995
243	228	0.999977
243	218	0.999977
243	218	0.999964
243	228	0.999977
243	233	0.999964
243	220	0.999979
243	237	0.99999
243	238	0.999954
243	236	0.99999
243	226	0.999964
243	218	0.99997
243	221	0.999968
243	233	0.999973
243	218	0.999978
243	237	0.999964
243	236	0.999975
243	236	0.999997
243	242	0.999986
243	237	0.999962
243	219	0.999995
243	234	0.99997
243	224	0.999958
243	218	0.999958
243	217	0.999965
243	235	0.999995
243	235	0.999982
243	238	0.999992
243	241	0.99997
243	238	0.999968
243	229	0.999968
243	228	0.999957
243	223	0.999999
243	220	0.99997
243	231	0.999958
243	222	0.999959
243	216	0.999988
243	240	0.999952
243	237	0.999998
243	239	0.999997
243	221	0.999993
243	231	0.999987
243	226	0.999991
243	240	0.999971
243	229	0.99996
243	231	0.999964
243	221	0.999999
243	239	0.999976
243	231	0.999978
243	224	0.999987
243	223	0.999977
243	218	0.999954
243	236	0.99996
243	227	0.999973
243	216	0.999971
243	230	0.999965
243	237	0.999969
243	239	0.999953
243	227	0.999969
243	233	0.999992
243	224	0.999978
243	228	0.999975
243	240	0.999973
243	219	0.999971
243	227	0.99998
243	221	0.999962
243	216	0.999991
243	236	0.999953
243	219	0.99998
243	240	0.999955
243	238	0.999965
243	219	0.999986
243	242	0.99998
243	231	0.99999
243	227	0.999998
243	225	0.999965
243	222	0.999982
243	231	0.999996
243	223	0.999975
243	235	0.999951
243	235	0.999973
243	223	0.999959
243	236	0.999981
243	217	0.999996
243	239	0.999968
243	223	0.999974
243	215	0.99996
243	230	0.999969
243	240	0.999992
243	229	0.999973
243	220	0.99998
243	217	0.999971
243	215	0.999962
243	221	0.999972
243	233	0.999983
243	232	0.999974
243	223	0.999963
243	217	0.999968
243	228	0.999978
243	236	1
243	220	0.999952
243	233	0.999967
243	221	0.999972
243	239	0.999969
243	228	0.999982
243	226	0.999993
243	228	0.999981
243	233	0.999952
243	235	0.999975
243	239	0.999994
243	239	0.999994
243	227	0.999991
243	233	0.999999
243	227	0.999955
243	234	0.999992
243	241	0.999963
243	230	0.999996
243	221	0.999963
243	235	0.999995
243	230	0.999955
243	215	0.999997
243	238	0.999968
243	221	0.99995
243	241	0.999968
243	229	0.999953
243	232	0.999969
243	221	0.999977
243	227	0.999958
243	218	0.999974
243	225	0.99999
243	227	0.999974
243	219	0.999971
243	222	0.999975
243	239	0.999979
243	238	0.999986
243	237	0.999983
243	216	0.999966
243	224	0.999987
243	228	0.999985
243	233	0.999999
243	233	0.999992
243	231	0.999992
243	233	0.99999
243	229	0.999969
243	242	0.99999
243	218	0.999958
243	224	0.999951
243	222	0.999972
243	228	0.999955
243	233	0.999972
243	230	0.999964
243	216	0.999959
243	237	0.999999
243	217	0.999993
243	216	0.999978
243	222	0.999982
243	236	0.999954
243	233	0.999995
243	222	0.999955
243	227	0.999949
243	228	0.99996
243	230	0.999956
243	230	0.999962
243	237	0.999992
243	229	0.999999
243	240	0.999999
243	227	0.999981
243	215	0.999951
243	228	0.999951
243	224	0.999964
243	231	1
243	219	0.999951
243	231	0.999976
243	232	0.999991
243	222	0.999971
243	217	0.999949
243	236	0.999977
243	229	0.999964
243	216	0.999982
243	241	0.99999
243	218	0.999952
243	232	0.999949
243	234	0.999985
243	230	0.999984
243	224	0.999998
243	220	0.99999
243	240	0.999963
243	215	0.999966
243	222	0.999994
243	225	0.999986
243	215	0.999981
243	230	0.99996
243	242	0.999965
243	223	0.99998
243	228	0.999999
243	215	0.999998
243	239	0.999963
243	222	0.999994
243	237	0.999977
243	231	0.99998
243	219	0.999984
243	230	0.999952
243	216	0.999974
243	232	0.999973
243	217	0.999958
243	227	0.999991
243	238	0.999996
243	228	0.999979
243	239	0.999983
243	219	0.999963
243	216	0.999982
243	218	0.999995
243	220	0.999994
243	223	0.999968
243	226	0.999973
243	235	0.999988
243	241	0.999979
243	223	0.999969
243	242	0.999978
243	215	0.99998
243	230	0.999963
243	238	0.999967
243	238	0.999954
243	239	0.999974
243	219	0.999957
243	231	0.999971
243	242	0.999995
243	237	0.999966
243	240	0.99997
243	215	0.999958
243	239	0.999997
243	216	0.999977
243	230	0.999995
243	226	0.999994
243	242	0.99997
243	228	0.999951
243	224	0.999976
243	233	0.999997
243	238	0.999983
243	220	0.999965
243	235	0.999965
243	221	0.999959
243	223	0.999957
243	239	0.999993
243	221	0.999988
243	239	0.999999
243	232	0.999995
243	230	0.999999
243	229	0.999978
243	237	0.999984
243	239	0.999994
243	229	0.999994
243	235	0.999979
243	232	0.999957
243	232	0.999959
243	216	0.999968
243	241	0.99997
243	232	0.999987
243	228	0.999994
243	236	0.999977
243	236	0.999966
243	241	0.999968
243	231	0.999995
243	240	0.999993
243	222	0.999992
243	220	0.999994
243	239	0.999957
243	237	0.999984
243	231	0.99999
243	239	0.999979
243	215	0.999967
243	242	0.999969
243	228	0.99995
243	227	0.999951
243	231	0.999975
243	226	0.999982
243	217	0.999989
243	220	0.999994
243	230	0.999978
243	241	0.99997
243	216	0.999975
243	226	0.999957
243	222	0.999984
243	241	0.999956
243	221	0.999978
243	241	0.999994
243	238	1
243	231	0.999953
243	226	0.999956
243	217	0.999955
243	222	0.999973
243	224	0.999959
243	233	0.999981
243	238	0.999981
243	231	0.999961
243	227	0.999994
243	227	0.999959
243	237	0.999999
243	234	0.99999
243	224	0.999975
243	230	0.999975
243	237	0.999988
243	215	0.999999
243	238	0.999982
243	233	0.99999
243	230	0.999997
243	215	0.99999
243	238	0.999969
243	218	0.999984
243	215	0.999984
243	222	0.999956
243	217	0.999955
243	237	0.999986
243	241	0.999995
243	232	0.999953
243	236	0.999952
243	236	0.999993
243	220	0.999969
243	216	0.999995
243	238	0.999962
243	234	0.999968
243	225	0.99995
243	216	0.999952
243	230	0.999965
243	223	0.999989
243	235	0.999979
243	225	0.99999
243	240	0.999984
243	230	0.999971
243	234	0.999964
243	228	0.999997
243	227	0.999968
243	224	0.999961
243	235	0.999981
243	238	0.999968
243	236	0.999957
243	238	0.999972
243	215	0.999977
243	226	0.99995
243	224	0.999978
243	233	0.999987
243	238	0.99998
243	218	0.99997
243	220	0.999996
243	240	0.999992
243	216	0.999957
243	242	0.999984
243	230	0.999983
243	234	0.999954
243	215	0.999977
243	233	0.999954
243	235	0.999963
243	221	0.999967
243	239	0.999962
243	231	0.999958
243	229	0.999986
243	217	0.999996
243	234	0.999958
243	236	0.999972
243	224	0.999988
243	235	0.999988
243	240	0.999967
243	238	0.999979
243	240	0.999992
243	221	0.999971
243	232	0.999957
243	232	0.999991
243	233	0.999984
243	231	0.999983
243	229	0.999977
243	226	0.999956
243	241	0.999974
243	227	0.999971
243	218	0.999979
243	228	0.999994
243	231	0.999967
243	227	0.999982
243	215	0.999971
243	223	0.99997
243	228	0.999957
243	215	0.999987
243	222	0.999951
243	221	0.999968
243	239	0.999958
243	225	0.999971
243	221	0.99996
243	242	0.999978
243	241	0.999991
243	218	0.999957
243	216	0.999952
243	241	0.999972
243	219	0.999987
243	223	0.999961
243	219	0.999993
243	239	0.999994
243	230	0.999951
243	232	0.999986
243	219	0.999959
243	230	0.999953
243	235	0.999999
243	222	0.999995
243	231	0.999962
243	228	1
243	219	0.999999
243	227	0.99999
243	237	0.999953
243	231	0.999958
243	220	0.999953
243	216	0.999954
243	232	0.999964
243	242	0.999958
243	240	0.999962
243	242	0.99999
243	238	0.999971
243	221	0.999973
243	242	0.999976
243	216	0.999955
243	241	0.999963
243	230	0.999998
243	231	0.999977
243	233	0.999982
243	230	0.999993
243	217	0.999989
243	241	0.999959
243	230	0.999969
243	217	0.999964
243	235	0.999981
243	242	0.999961
243	220	0.999997
243	238	0.999991
243	240	0.999984
243	223	0.999962
243	220	0.999988
243	229	0.999994
243	235	0.999966
243	230	0.999963
243	225	0.999952
243	233	0.999999
243	220	0.999979
243	232	0.99997
243	235	0.999951
243	240	0.999953
243	218	0.999988
243	236	0.999994
243	219	0.999953
243	228	0.999951
243	242	0.999977
243	242	0.999963
243	232	0.999974
243	242	0.999964
243	239	0.999991
243	233	0.999999
243	230	0.999997
243	239	0.999971
243	234	0.999967
243	228	0.999955
243	223	0.99995
243	217	0.999959
243	217	0.999964
243	236	0.999952
243	225	0.999985
243	231	0.999979
243	239	0.999962
243	240	0.99999
243	215	0.99996
243	224	0.999976
243	228	0.999987
243	242	0.999954
243	241	0.999979
243	236	0.999992
243	229	0.999996
243	241	0.999975
243	234	0.999979
243	235	0.999995
243	216	0.999982
243	241	0.999963
243	237	0.999949
243	242	0.999951
243	226	0.999989
243	224	0.999994
243	225	0.99999
243	227	0.999995
243	230	0.999957
243	234	0.999984
243	226	0.999982
243	239	0.999976
243	223	0.999992
243	235	0.999975
243	216	0.999997
243	229	0.999965
243	241	0.999999
243	237	0.999996
243	221	0.999971
243	226	0.999972
243	215	0.999955
243	238	0.999968
243	236	0.999949
243	232	0.999996
243	223	0.999984
243	242	0.999964
243	218	0.999953
243	222	0.999997
243	242	0.999987
243	241	0.999956
243	242	0.99999
243	241	0.999981
243	216	0.999987
243	224	0.999961
243	224	0.999956
243	227	0.999977
243	241	0.99997
243	225	0.999996
243	215	0.99997
243	217	0.999986
243	225	0.999985
243	221	0.999998
243	220	0.999957
243	226	0.999994
243	237	0.999975
243	234	0.99995
243	238	0.999992
243	231	0.999975
243	226	0.99995
243	230	0.999983
243	222	0.999991
243	223	0.999963
243	224	0.999968
243	227	0.999961
243	235	0.999954
243	236	0.999967
243	229	0.999964
243	233	0.999994
243	232	0.999986
243	222	0.999986
243	231	0.999964
243	228	0.999988
243	238	0.999997
243	232	0.99996
243	225	0.999982
243	232	0.999991
243	217	0.999967
243	229	0.999979
243	227	0.999967
243	240	0.999997
243	227	0.999952
243	236	0.999973
243	219	0.999971
243	226	0.999983
243	222	0.999988
243	224	0.999952
243	228	0.999964
243	217	0.999964
243	224	0.999988
243	232	0.999982
243	226	0.999956
243	239	0.999991
243	215	0.999963
243	219	0.999955
243	221	0.999955
243	237	0.999999
243	225	0.999951
243	241	0.99998
243	216	1
243	232	0.999998
243	225	0.99996
243	224	0.999957
243	215	0.999968
243	232	0.999999
243	219	0.999969
243	232	0.999994
243	224	0.999968
243	236	0.999966
243	237	0.99995
243	216	0.99999
243	229	0.99999
243	240	0.999953
243	238	0.999956
243	219	0.999971
243	229	0.999989
243	223	0.999978
243	225	0.999959
243	237	0.999969
243	227	0.999963
243	224	0.999967
243	224	0.999959
243	221	0.999959
243	225	0.99997
243	224	0.999977
243	236	0.99996
243	216	0.999973
243	217	0.999964
243	231	0.999965
243	221	0.999996
243	218	0.999958
243	215	0.999981
243	220	0.999996
243	236	0.99997
243	236	0.999997
243	238	0.999984
243	242	0.999988
243	224	0.999961
243	237	0.999974
243	241	0.999972
243	222	0.999963
243	234	0.999962
243	227	0.999954
243	221	0.999958
243	217	0.999991
243	224	0.999969
243	216	0.999979
243	228	0.999962
243	224	0.99998
243	224	0.999986
243	232	0.999961
243	223	0.99996
243	237	0.999954
243	241	0.999998
243	219	0.999982
243	234	0.99999
243	218	0.999979
243	241	0.999956
243	216	0.999997
243	222	0.999983
243	232	0.999961
243	227	0.99999
243	239	0.999999
243	230	0.999958
243	231	0.999984
243	242	0.999978
243	237	0.999997
243	238	0.999996
243	216	0.999954
243	229	0.999968
243	229	0.999976
243	221	0.999965
243	217	0.999954
243	234	0.999971
243	222	0.999953
243	228	0.999961
243	219	0.999999
243	236	0.999972
243	237	0.999954
243	229	0.999978
243	215	0.999967
243	228	0.99996
243	225	0.999965
243	232	0.99999
243	236	0.999959
243	225	0.999968
243	229	0.999971
243	235	0.999969
243	242	0.999998
243	231	0.99996
243	240	0.999983
243	225	0.999962
243	238	0.999994
243	233	0.999954
243	230	0.99998
243	221	0.999967
243	242	0.999978
243	235	0.999977
243	222	0.999997
243	236	0.99996
243	235	0.999958
243	217	0.999969
243	223	0.999971
243	236	0.99997
243	241	0.999977
243	226	0.999981
243	229	0.999968
243	235	0.999951
243	241	0.999989
243	224	0.999991
243	233	0.999967
243	218	0.999953
243	238	0.999995
243	238	0.999986
243	217	0.999985
243	228	0.999995
243	220	0.999955
243	220	0.999961
243	236	0.999997
243	236	0.99997
243	225	0.999964
243	238	0.999963
243	225	0.999979
243	241	0.999999
243	216	0.999996
243	241	0.999989
243	221	0.999989
243	232	0.999968
243	222	0.999976
243	241	0.999965
243	230	0.999979
243	238	0.999978
243	223	0.999982
243	229	0.99995
243	234	0.999987
243	230	0.999983
243	223	0.999982
243	242	0.999984
243	236	0.999995
243	227	0.999962
243	238	0.999995
243	239	0.999959
243	235	0.999969
243	215	0.999962
243	230	0.999981
243	237	0.999963
243	238	0.999959
243	227	0.999996
243	232	0.999995
243	236	0.999961
243	230	0.999953
243	218	0.99997
243	230	0.999998
243	237	0.999994
243	233	0.999969
243	221	0.999968
243	235	0.999988
243	223	0.999971
243	220	0.999998
243	223	0.999989
243	230	0.999988
243	219	0.999999
243	223	0.999949
243	235	0.999978
243	232	0.999954
243	224	0.999969
243	222	0.999951
243	230	0.999973
243	231	0.999998
243	234	0.999996
243	233	0.999968
243	225	0.999989
243	215	0.999956
243	232	0.999998
243	241	0.999976
243	223	0.999998
243	216	0.999995
243	227	0.99997
243	232	0.999997
243	226	0.999976
243	226	0.999995
243	224	0.999994
243	229	0.999957
243	225	0.999998
243	227	0.999992
243	240	0.999959
243	222	0.999954
243	217	0.999992
243	227	0.999998
243	239	0.999949
243	232	0.999998
243	223	0.999984
243	230	0.999986
243	223	0.99996
243	225	0.999992
243	240	0.999993
243	218	0.999991
243	219	0.999967
243	216	0.999974
243	238	0.999997
243	219	0.999982
243	228	0.999988
243	221	0.999994
243	234	0.999977
243	226	0.999977
243	242	0.999975
243	223	0.999985
243	241	0.999973
243	239	0.99997
243	220	0.99998
243	238	0.999964
243	230	0.999978
243	224	0.999971
243	233	0.999992
243	228	0.999981
243	235	0.999994
243	222	0.99999
243	222	0.999988
243	227	0.99996
243	242	0.999959
243	238	0.999964
243	239	0.999977
243	237	0.999961
243	229	0.999975
243	219	0.999958
243	218	0.999965
243	217	0.999961
243	221	0.999972
243	236	0.999954
243	223	0.999984
243	231	0.999956
243	241	0.999958
243	223	0.999962
243	241	0.999995
243	221	0.999976
243	220	0.999996
243	221	0.999992
243	229	0.99995
243	242	0.999952
243	227	0.999995
243	215	0.999985
243	222	0.999978
243	222	0.999982
243	221	0.999988
243	233	0.999991
243	222	0.99995
243	233	0.999982
243	237	0.999963
243	241	0.999978
243	227	0.999994
243	218	0.999978
243	232	0.999987
243	230	0.999975
243	227	0.999986
243	217	0.999959
243	239	0.999962
243	233	0.999992
243	215	0.999957
243	233	0.999952
243	226	0.999983
243	233	0.999997
243	223	0.999996
243	220	0.999959
243	225	0.999962
243	240	0.999976
243	222	0.999985
243	232	0.999973
243	224	0.99995
243	242	0.999987
243	230	0.999963
243	237	0.99996
243	228	0.999952
243	228	0.999968
243	242	0.999995
243	220	0.999953
243	236	0.99999
243	223	0.99998
243	233	0.999971
243	228	0.999985
243	232	0.99995
243	232	0.999997
243	222	0.999964
243	234	0.999961
243	221	0.999966
243	228	0.99999
243	241	0.999951
243	232	0.999952
243	231	0.999981
243	218	0.999965
243	216	0.999971
243	232	0.999978
243	219	0.999951
243	226	0.999956
243	216	0.999954
243	224	0.999966
243	226	0.999961
243	230	0.999954
243	215	0.999997
243	222	0.999971
243	233	0.999995
243	227	0.999989
243	218	0.99996
243	241	0.999972
243	237	0.99999
243	239	0.999993
243	231	0.999999
243	231	0.999998
243	241	0.999965
243	218	0.999961
243	237	0.999973
243	231	0.999956
243	237	0.999984
243	221	0.999993
243	224	0.999983
243	238	0.999975
243	221	0.999998
243	239	0.999972
243	231	0.999962
243	236	0.999974
243	233	0.999978
243	234	0.999967
243	217	0.999978
243	225	0.999982
243	218	0.999971
243	229	0.999973
243	225	0.999967
243	224	0.99996
243	235	0.999969
243	231	0.999964
243	216	0.999975
243	240	0.999987
243	230	0.999998
243	231	0.999989
243	228	0.999984
243	239	0.999986
243	221	0.999966
243	238	0.999997
243	222	0.999988
243	228	0.999962
243	221	0.999981
243	237	0.999996
243	228	0.999987
243	218	0.999977
243	240	0.999994
243	232	0.999961
243	220	0.999977
243	240	0.99995
243	241	0.999996
243	242	0.999983
243	228	0.999955
243	234	0.999956
243	217	0.999978
243	233	0.999971
243	236	0.99995
243	216	0.999968
243	216	0.999988
243	227	0.999949
243	226	0.999992
243	217	0.999991
243	231	0.999995
243	223	0.999953
243	237	0.99998
243	219	0.99996
243	229	0.999975
243	216	0.999956
243	236	0.999991
243	220	0.999955
243	238	0.999987
243	221	0.999952
243	224	0.99999
243	215	0.999971
243	231	0.99995
243	234	0.999974
243	228	0.999959
243	222	0.999971
243	229	0.999956
243	223	0.999955
243	227	0.999957
243	223	0.999975
243	242	0.99997
243	231	0.999986
243	228	0.999996
243	232	0.999972
243	240	0.999992
243	229	0.999976
243	242	0.999968
243	234	0.999965
243	237	0.999985
243	223	0.999964
243	217	0.999977
243	234	0.999954
243	225	0.999952
243	219	0.999979
243	219	0.999986
243	221	0.999992
243	237	0.999962
243	221	0.999963
243	229	0.999996
243	231	0.999994
243	233	0.99998
243	217	0.999983
243	242	0.999957
243	222	0.999952
243	236	0.999956
243	240	0.999987
243	230	0.999972
243	241	0.999991
243	240	0.999952
243	220	0.999993
243	218	0.999973
243	215	0.999976
243	236	0.999959
243	223	0.999992
243	227	0.999963
243	241	0.999997
243	219	0.999959
243	235	0.999979
243	216	0.999999
243	227	0.999999
243	240	0.999953
243	230	0.999969
243	215	0.999959
243	235	0.999997
243	236	0.999951
243	225	0.999953
243	231	0.999979
243	238	0.999969
243	234	0.999953
243	218	0.999997
243	217	0.999997
243	226	0.999956
243	226	0.999994
243	230	0.999968
243	226	0.999979
243	234	0.999955
243	232	0.999956
243	223	0.999973
243	221	0.999998
243	242	0.999969
243	240	0.999997
243	231	0.999996
243	239	0.999987
243	218	0.999994
243	234	0.999972
243	240	0.999993
243	237	0.99995
243	218	0.999967
243	215	0.999957
243	242	0.999983
243	219	0.999998
243	234	0.999986
243	238	0.999988
243	216	0.999978
243	222	0.99996
243	240	0.999994
243	238	0.99999
243	228	0.999953
243	224	0.999953
243	242	0.999972
243	221	0.999987
243	239	0.999978
243	220	0.999985
243	237	0.999979
243	229	0.999965
243	220	0.999977
243	219	0.999996
243	218	0.999975
243	240	0.999971
243	228	0.999959
243	224	0.999951
243	216	0.999987
243	224	0.999984
243	216	1
243	241	0.999971
243	233	1
243	224	0.999991
243	230	0.999984
243	222	0.999952
243	227	0.999968
243	219	0.999963
243	231	0.999965
243	229	0.999997
243	223	0.999976
243	217	0.999999
243	222	0.999985
243	229	0.99998
243	237	0.99997
243	238	0.999979
243	225	0.999998
243	219	0.999997
243	217	0.999972
243	230	0.999984
243	235	0.999985
243	220	0.999997
243	237	0.99995
243	240	0.999994
243	236	0.999982
243	219	0.999954
243	228	0.999981
243	228	0.999979
243	230	0.999968
243	219	0.999981
243	234	0.999995
243	228	0.999997
243	232	0.999958
243	228	0.999956
243	220	0.999981
243	242	0.999963
243	218	0.999992
243	235	0.999977
243	238	0.999962
243	242	0.999973
243	217	0.99997
243	221	0.999976
243	237	0.999974
243	238	0.999992
243	219	0.999992
243	230	0.999974
243	224	0.999992
243	224	0.999967
243	232	0.999992
243	227	0.999988
243	235	0.999997
243	221	0.999954
243	235	0.999952
243	216	0.999952
243	227	0.999956
243	242	0.999977
243	236	0.999992
243	215	0.999962
243	224	0.999964
243	225	0.999963
243	226	0.999972
243	230	0.999967
243	215	0.999972
243	215	0.999975
243	229	1
243	232	0.999976
243	217	0.999996
243	233	0.999959
243	221	0.99997
243	220	0.999963
243	223	0.999987
243	237	0.999993
243	215	0.999983
243	238	0.999959
243	237	0.999979
243	216	0.99999
243	223	0.999977
243	217	0.999971
243	222	0.999953
243	242	0.999966
243	242	0.999989
243	222	0.99997
243	228	0.999996
243	232	0.999965
243	242	0.999997
243	238	0.999969
243	221	0.999957
243	223	0.999958
243	237	0.999953
243	220	0.999982
243	223	0.99998
243	221	0.999971
243	239	0.999977
243	228	0.999969
243	230	0.999978
243	237	0.999983
243	233	0.999973
243	223	0.999951
243	227	0.999975
243	215	0.999966
243	233	0.999958
243	229	0.999959
243	239	0.999986
243	242	0.999996
243	241	0.999974
243	234	0.999969
243	232	0.999988
243	218	0.999992
243	229	0.999976
243	237	0.999966
243	218	0.999952
243	231	0.99999
243	239	0.999955
243	228	0.999996
243	224	0.999993
243	221	0.999956
243	216	0.999978
243	232	0.999994
243	227	0.999987
243	231	0.999952
243	221	0.999965
243	241	0.999956
243	229	0.999985
243	240	0.99999
243	215	0.999958
243	234	0.999988
243	218	0.999994
243	236	0.99995
243	219	0.999962
243	237	0.999965
243	219	0.999976
243	239	0.999972
243	215	0.99995
243	241	0.99995
243	219	0.99996
243	223	0.999977
243	236	0.999965
243	234	0.999993
243	238	0.999993
243	232	0.999992
243	216	0.99995
243	230	0.999963
243	239	0.999973
243	231	0.999954
243	236	0.999997
243	227	0.99997
243	234	0.999968
243	239	0.999995
243	223	0.99996
243	240	0.999969
243	218	0.999983
243	230	0.999955
243	240	0.99995
243	234	0.999981
243	221	0.999965
243	217	0.999984
243	219	0.999964
243	236	0.999951
243	227	0.999955
243	234	0.999997
243	240	0.999974
243	228	0.999975
243	217	0.999964
243	242	0.999982
243	229	0.999966
243	230	0.999955
243	242	0.999953
243	242	0.999998
243	224	0.999976
243	228	0.999987
243	227	0.999951
243	231	0.999988
243	217	0.999972
243	225	0.999969
243	234	0.999956
243	234	0.999984
243	229	0.99998
243	218	0.99995
243	241	0.999958
243	228	0.999969
243	230	0.999991
243	221	0.999967
243	219	0.999972
243	216	0.999954
243	224	0.999961
243	232	0.999976
243	220	0.999979
243	233	0.999949
243	241	0.999979
243	223	0.999998
243	217	0.999979
243	231	0.999996
243	222	0.999992
243	235	0.99997
243	234	0.999982
243	228	0.999977
243	228	0.999989
243	235	0.999955
243	224	0.999965
243	226	0.999972
243	226	0.999997
243	231	0.999971
243	229	0.999952
243	222	0.999979
243	234	0.999999
243	216	0.999995
243	231	0.999988
243	232	0.999966
243	215	0.999976
243	229	0.999999
243	215	0.999969
243	239	0.999962
243	234	0.999965
243	221	0.999969
243	224	0.999971
243	221	0.999956
243	216	0.999957
243	242	0.999961
243	235	0.999957
243	223	0.999985
243	222	0.999949
243	242	0.999968
243	234	0.999997
243	220	0.999986
243	237	0.999952
243	224	0.999964
243	216	0.999979
243	218	0.999956
243	218	0.999983
243	221	0.999964
243	223	0.999973
243	223	0.999964
243	231	0.999958
243	217	0.999963
243	229	0.999996
243	227	0.999996
243	241	0.999962
243	224	0.99998
243	216	0.999961
243	215	0.999995
243	216	0.999951
243	224	0.999978
243	233	0.999982
243	241	0.999974
243	218	0.999953
243	230	0.999994
243	240	0.999965
243	221	0.999971
243	219	0.999966
243	231	0.99996
243	227	0.999999
243	219	0.999995
243	216	0.999964
243	230	0.999986
243	241	0.999997
243	220	0.999995
243	220	0.999982
243	239	0.999982
243	229	0.99998
243	216	0.999981
243	215	0.999978
243	234	0.999968
243	227	0.999962
243	227	0.999984
243	239	0.999949
243	216	0.999978
243	222	0.999953
243	218	0.999978
243	241	0.999967
243	223	0.999987
243	225	0.99999
243	228	0.999955
243	224	0.999957
243	241	0.999968
243	227	0.99998
243	227	0.999991
243	239	0.999967
243	229	0.999999
243	233	0.999978
243	224	0.999988
243	221	0.999989
243	226	0.999996
243	219	0.999981
243	230	0.999991
243	242	0.99996
243	218	0.999991
243	239	0.999965
243	234	0.99996
243	242	0.999969
243	228	0.999973
243	223	0.999982
243	240	0.99997
243	221	0.999956
243	237	0.999981
243	218	0.999994
243	229	0.999971
243	222	0.999984
243	226	0.999961
243	234	0.999975
243	216	0.999983
243	225	0.999968
243	223	0.999974
243	221	0.999982
243	222	0.999962
243	216	0.999975
243	240	0.999949
243	220	0.999962
243	236	0.999957
243	215	0.999994
243	241	0.99996
243	238	0.99998
243	241	0.999953
243	236	0.999994
243	217	0.999977
243	240	0.999974
243	232	0.999997
243	227	0.999964
243	218	0.999955
243	238	0.99996
243	217	0.999965
243	240	0.999993
243	238	0.999984
243	230	0.999973
243	222	0.999994
243	224	0.999996
243	234	0.99995
243	223	0.999982
243	218	0.99998
243	225	0.99997
243	239	0.999975
243	231	0.999969
243	233	0.99997
243	228	0.999993
243	228	0.999992
243	217	0.999973
243	236	0.999983
243	215	0.999994
243	232	0.999979
243	231	0.999951
243	218	0.999954
243	217	0.99996
243	233	0.999957
243	242	0.999983
243	227	0.999987
243	222	0.999973
243	215	0.99996
243	230	0.999949
243	234	0.999952
243	232	0.999957
243	215	0.999949
243	234	0.999999
243	233	0.999963
243	240	0.999978
243	242	0.999971
243	224	0.999953
243	220	0.999978
243	242	0.999994
243	229	0.999984
243	229	0.999975
243	223	0.999993
243	219	0.999961
243	216	0.999956
243	232	0.999955
243	217	0.999993
243	233	0.999974
243	225	0.999978
243	238	0.999986
243	229	0.999955
243	220	0.999987
243	232	0.999955
243	227	0.99995
243	219	0.999986
243	240	0.999962
243	224	0.999963
243	240	0.999957
243	223	0.999957
243	229	0.999961
243	222	0.999957
243	229	0.99999
243	219	0.999967
243	230	0.999954
243	224	0.999974
243	238	0.999973
243	233	0.999985
243	236	0.999975
243	238	0.999977
243	234	0.999985
243	233	0.999986
243	236	0.999986
243	238	0.999955
243	230	0.999978
243	233	0.999977
243	236	0.999969
243	226	0.999978
243	224	0.999985
243	216	0.999994
243	236	0.999995
243	231	0.999987
243	230	0.999988
243	235	0.999959
243	225	0.999964
243	242	0.999967
243	237	0.999963
243	215	0.999989
243	217	0.999986
243	240	0.99995
243	237	0.999981
243	239	0.999985
243	226	0.999971
243	239	0.999956
243	224	0.999959
243	242	0.999963
243	227	0.999972
243	225	0.999968
243	234	1
243	239	0.999993
243	215	0.99996
243	230	0.999949
243	240	0.999951
243	234	0.999968
243	226	0.999986
243	242	0.99998
243	241	0.999989
243	220	0.999998
243	240	0.999961
243	219	0.999952
243	225	0.999966
243	225	0.999986
243	224	0.999971
243	241	0.999951
243	218	0.999979
243	230	0.999972
243	233	0.999965
243	222	0.999995
243	236	0.999998
243	236	0.999977
243	242	0.99996
243	234	0.999995
243	239	0.999989
243	224	0.999976
243	221	0.99996
243	227	0.999995
243	234	0.999983
243	230	0.999996
243	236	0.999956
243	230	0.999985
243	237	0.999989
243	242	0.99995
243	242	0.999971
243	216	0.999989
243	240	0.999979
243	216	0.999955
243	218	0.999958
243	224	0.999979
243	242	0.99996
243	230	0.999999
243	222	0.999954
243	236	0.999978
243	228	0.999983
243	240	0.999992
243	236	0.999949
243	215	0.999975
243	240	0.99995
243	227	0.999982
243	237	0.999955
243	234	0.999987
243	223	0.999977
243	234	0.999974
243	240	0.999961
243	223	0.999966
243	219	0.999983
243	231	0.999957
243	235	0.999997
243	239	0.999986
243	242	0.999957
243	226	0.999983
243	240	0.999994
243	225	0.999958
243	218	0.999959
243	240	0.999996
243	226	0.999988
243	234	0.999994
243	242	0.999968
243	216	0.999977
243	227	0.999965
243	239	0.999984
243	217	0.999992
243	232	0.999977
243	232	0.999984
243	227	0.999995
243	242	0.999954
243	239	0.999986
243	216	0.999983
243	234	0.999988
243	234	0.99999
243	220	0.999992
243	218	0.999985
243	233	0.999976
243	227	0.999954
243	230	0.999965
243	231	0.999963
243	241	0.999984
243	225	0.99996
243	229	0.999975
243	240	0.999958
243	234	0.999963
243	221	0.999984
243	227	0.99997
243	240	0.999998
243	238	0.999992
243	222	0.999957
243	215	0.999953
243	220	0.999999
243	241	0.999973
243	229	0.999988
243	235	0.999996
243	220	0.999984
243	242	0.999993
243	236	0.999972
243	223	0.999979
243	233	0.999957
243	240	0.999951
243	220	0.999989
243	226	0.999971
243	231	0.999952
243	220	0.999968
243	242	0.999982
243	225	0.999963
243	225	0.999966
243	216	0.999982
243	229	0.999992
243	219	0.999959
243	231	0.999988
243	217	0.999981
243	236	0.999997
243	226	0.99997
243	240	0.999963
243	233	0.999956
243	234	0.999988
243	236	0.999984
243	223	0.999975
243	230	0.999999
243	227	0.999967
243	240	0.999978
243	237	0.999997
243	236	0.999995
243	235	0.999984
243	236	0.999995
243	222	0.999981
243	227	0.999969
243	232	0.999995
243	224	0.999969
243	216	0.999998
243	218	0.999995
243	242	0.99999
243	235	0.999961
243	220	0.999989
243	231	0.999994
243	217	0.999976
243	239	0.999969
243	232	0.999999
243	237	0.999951
243	220	0.999992
243	222	0.999969
243	234	0.999967
243	219	0.999965
243	226	0.999974
243	241	0.999993
243	233	0.99996
243	232	0.999964
243	235	0.999959
243	219	0.999995
243	219	0.999986
243	236	0.999986
243	236	0.999953
243	228	0.999996
243	233	0.99998
243	222	0.999997
243	226	0.999971
243	222	0.99997
243	215	0.999966
243	242	0.999998
243	222	0.999977
243	239	0.999995
243	240	0.999972
243	232	0.99996
243	233	0.999993
243	239	0.999988
243	228	0.999954
243	216	0.999996
243	227	0.999973
243	224	0.99995
243	231	0.999958
243	233	0.999954
243	241	0.999972
243	240	0.99997
243	242	0.999968
243	224	0.999952
243	231	0.999995
243	227	0.999986
243	238	0.999988
243	218	0.999982
243	224	0.999976
243	242	0.999998
243	215	0.999989
243	222	0.999983
243	216	0.99997
243	225	0.999979
243	239	0.999997
243	217	0.999992
243	231	0.999984
243	230	0.999952
243	224	0.999963
243	241	0.999965
243	218	0.99996
243	236	0.99996
243	225	0.999979
243	236	0.999993
243	234	0.999953
243	215	0.999951
243	233	0.999997
243	238	0.999968
243	225	0.999954
243	241	0.999952
243	217	0.999951
243	227	0.999996
243	221	0.999982
243	236	0.999974
243	230	0.999972
243	228	0.999954
243	226	0.999983
243	228	0.999998
243	241	0.999988
243	228	0.999971
243	240	0.999986
243	235	0.999992
243	221	0.999983
243	216	0.999955
243	235	0.999965
243	222	0.999984
243	222	0.999989
243	225	0.999966
243	232	0.999949
243	224	0.999953
243	218	0.99996
243	236	0.999968
243	238	0.999955
243	240	0.999961
243	220	0.999994
243	239	0.999976
243	217	0.999981
243	240	0.999983
243	242	0.999965
243	223	0.999991
243	235	0.999952
243	238	0.999963
243	222	0.999957
243	233	0.999996
243	231	0.999981
243	223	0.999954
243	223	0.999955
243	223	0.999994
243	241	0.999971
243	236	0.999988
243	225	0.999965
243	241	0.999995
243	229	0.999982
243	225	0.999991
243	225	0.999979
243	231	0.999974
243	221	0.999976
243	217	0.999955
243	241	0.999986
243	231	0.99998
243	239	0.999966
243	230	0.999984
243	238	0.999989
243	236	0.999951
243	240	0.999963
243	223	1
243	228	0.999996
243	231	0.999952
243	219	0.999997
243	236	0.999953
243	237	0.999989
243	230	0.999999
243	220	0.99998
243	222	0.999959
243	216	0.999968
243	219	0.99997
243	224	0.999956
243	226	0.999995
243	223	0.999997
243	224	0.999976
243	239	0.999965
243	233	0.999971
243	227	0.999969
243	228	0.99996
243	222	0.999966
243	234	0.999987
243	225	0.999987
243	242	0.999951
243	221	0.99997
243	225	0.999958
243	223	0.999972
243	216	0.999982
243	237	0.999955
243	228	0.999999
243	241	0.999994
243	239	0.999986
243	234	0.999971
243	237	0.999949
243	237	0.99999
243	238	0.99997
243	225	0.999962
243	221	0.999992
243	232	0.999957
243	226	0.999995
243	230	0.999953
243	221	0.999952
243	227	0.999999
243	238	0.999955
243	217	0.999996
243	227	0.999969
243	239	0.999972
243	242	0.999972
243	240	0.999972
243	220	0.999961
243	229	0.999975
243	219	0.999994
243	227	0.999973
243	231	0.999999
243	241	0.999984
243	239	0.999999
243	227	0.999953
243	221	0.999991
243	231	0.999962
243	236	0.999998
243	220	0.999986
243	238	0.999999
243	238	0.999992
243	223	0.999953
243	216	0.999952
243	239	0.999962
243	239	0.999994
243	240	0.999972
243	236	0.999993
243	235	0.99996
243	230	0.999971
243	235	0.999986
243	241	0.999991
243	227	0.999992
243	233	0.999994
243	227	0.99997
243	219	0.999973
243	224	0.999988
243	219	0.999968
243	240	0.999991
243	237	0.999963
243	233	0.999973
243	220	0.999951
243	228	0.999988
243	234	0.999997
243	230	0.999951
243	219	0.999996
243	235	0.999985
243	231	0.999979
243	222	0.99995
243	220	0.99996
243	230	0.99995
243	238	0.999992
243	222	0.999975
243	222	0.999961
