1500
124	41	0.998953
191	74	0.999724
184	156	0.999873
441	315	0.99915
379	366	0.998563
89	48	0.999018
91	62	0.998648
490	374	0.99929
189	149	0.998978
251	81	0.998466
404	256	0.99926
358	219	0.998904
157	46	0.998398
425	355	0.99925
52	31	0.998822
381	176	0.999284
147	126	0.998548
51	45	0.999689
369	111	0.998568
307	171	0.99868
415	328	0.998364
481	295	0.999801
362	239	0.999794
61	40	0.998398
437	145	0.999414
381	240	0.999772
152	105	0.999041
423	348	0.998511
98	56	0.99968
142	96	0.999297
473	324	0.999282
364	275	0.999275
298	246	0.999357
91	42	0.998623
476	146	0.999868
290	123	0.999182
217	190	0.998954
192	153	0.998463
299	247	0.998755
251	209	0.999429
458	293	0.998976
431	300	0.999053
286	262	0.999339
417	140	0.998846
323	242	0.999776
283	234	0.999874
485	408	0.998608
93	58	0.999175
366	352	0.999469
216	203	0.998632
398	369	0.999849
200	61	0.999985
203	168	0.998971
375	110	0.999545
482	427	0.999292
259	127	0.998346
184	105	0.999459
229	66	0.998456
73	28	0.998548
250	236	0.999526
316	251	0.998481
139	132	0.999443
430	194	0.998693
235	195	0.998571
76	26	0.999808
463	179	0.999302
59	25	0.998591
452	235	0.998918
455	225	0.998488
226	118	0.998337
340	135	0.999399
104	81	0.999958
277	212	0.998526
480	415	0.998349
288	223	0.999234
485	364	0.99871
227	130	0.999679
262	178	0.998511
162	78	0.99912
234	106	0.999235
90	68	0.998394
205	73	0.998361
298	207	0.998782
50	20	0.998737
194	165	0.998667
420	222	0.999993
443	354	0.999915
105	56	0.999741
359	233	0.999694
229	171	0.999572
274	268	0.999777
260	247	0.998473
249	113	0.999309
182	170	0.999645
359	186	0.999073
125	56	0.998749
161	107	0.998565
230	89	0.999754
101	65	0.998464
78	68	0.998379
365	194	0.998943
78	26	0.99967
436	284	0.999866
346	291	0.999011
393	296	0.999684
137	45	0.998464
474	289	0.999372
181	178	0.998618
64	36	0.998958
167	101	0.998374
308	157	0.999985
255	132	0.998389
118	112	0.999859
346	194	0.999669
471	176	0.999727
478	148	0.998831
319	206	0.999859
482	361	0.999386
166	160	0.998551
430	285	0.999588
476	427	0.998958
95	90	0.998979
278	260	0.998501
86	63	0.999975
122	71	0.998877
388	300	0.999535
112	90	0.999399
450	278	0.998373
448	273	0.999538
177	71	0.999945
498	147	0.999682
374	249	0.999265
197	174	0.999158
115	36	0.99991
326	293	0.999752
308	183	0.998687
143	86	0.998546
461	299	0.999411
272	190	0.999965
244	75	0.999316
69	40	0.99909
317	304	0.999987
153	90	0.998506
231	139	0.998493
333	274	0.998491
164	110	0.999613
206	100	0.999115
285	95	0.999431
389	292	0.99856
321	107	0.998421
59	38	0.999396
131	121	0.998555
200	192	0.999173
111	35	0.999016
348	117	0.998359
353	140	0.998954
106	86	0.99921
277	220	0.99875
320	222	0.999851
214	65	0.998374
266	98	0.998724
313	125	0.999382
212	75	0.999682
431	403	0.999675
214	169	0.998501
335	268	0.998602
124	78	0.998759
376	198	0.999603
473	217	0.999779
88	49	0.999175
91	86	0.999214
53	44	0.999598
490	180	0.99927
274	182	0.998714
429	235	0.99997
381	349	0.999004
50	28	0.998331
342	240	0.999834
204	143	0.999389
140	57	0.999685
195	63	0.999342
314	282	0.999819
467	195	0.999818
230	95	0.999813
181	115	0.998724
182	74	0.99875
397	151	0.998779
176	66	0.998593
54	37	0.999821
420	390	0.999761
489	330	0.999301
159	135	0.999202
311	215	0.998944
404	343	0.998802
111	68	0.999744
145	98	0.999317
161	142	0.999727
61	19	0.999041
153	67	0.999369
486	220	0.998673
198	126	0.998682
415	273	0.999764
269	99	0.999838
295	189	0.998503
213	83	0.998943
122	110	0.99906
479	156	0.999583
326	193	0.999602
97	64	0.998431
102	74	0.998555
461	161	0.99871
101	53	0.999786
331	210	0.999391
345	151	0.998331
298	91	0.999719
400	180	0.998749
250	111	0.999282
90	33	0.999302
473	141	0.999843
471	451	0.999168
230	139	0.999078
61	29	0.999881
443	210	0.998981
457	181	0.998364
339	219	0.998964
201	199	0.998342
206	82	0.998817
110	52	0.999781
488	143	0.999635
73	22	0.998939
322	265	0.998576
379	359	0.999617
224	164	0.998373
54	38	0.999623
243	107	0.999506
415	209	0.999603
165	59	0.999975
161	118	0.999543
310	133	0.998344
358	272	0.998433
238	112	0.998627
210	104	0.99874
321	257	0.998605
434	341	0.999946
390	202	0.999403
336	239	0.998707
156	48	0.999456
344	205	0.99994
299	157	0.999411
394	304	0.999928
65	37	0.998603
135	76	0.99849
381	264	0.998332
487	415	0.99864
176	128	0.99958
369	115	0.998588
337	332	0.999428
307	204	0.998906
168	82	0.999729
65	49	0.998887
303	209	0.998469
471	162	0.99904
311	218	0.998373
237	163	0.99907
153	86	0.998891
363	293	0.998708
283	149	0.998647
296	119	0.998444
392	176	0.999145
493	362	0.998976
499	207	0.999694
471	356	0.999018
425	239	0.999095
363	247	0.99915
403	216	0.998973
356	324	0.999883
82	75	0.999565
83	59	0.999883
377	226	0.998859
292	161	0.999808
442	261	0.998367
129	52	0.998857
257	156	0.999265
318	182	0.998844
451	232	0.999771
380	277	0.998426
119	70	0.998418
436	330	0.999133
53	29	0.999623
158	142	0.999841
208	163	0.998695
270	196	0.999717
473	250	0.999224
53	52	0.999608
256	242	0.998617
365	157	0.998369
194	151	0.999694
228	70	0.998678
325	206	0.999709
474	279	0.998655
496	155	0.999697
221	153	0.999469
368	323	0.99871
380	111	0.999945
248	218	0.998678
404	390	0.999245
186	139	0.999764
367	189	0.998844
367	208	0.999732
335	320	0.999988
270	256	0.999545
370	151	0.999699
140	80	0.9988
461	204	0.9997
129	73	0.999742
308	303	0.998809
406	261	0.99962
335	158	0.998404
345	256	0.998795
327	239	0.999737
468	388	0.998867
191	69	0.998351
267	156	0.999272
369	138	0.999215
399	331	0.999295
434	209	0.998612
123	41	0.998374
394	196	0.998638
346	211	0.999135
142	99	0.998588
431	326	0.998678
54	47	0.998652
296	114	0.998633
476	274	0.99993
146	81	0.999369
414	165	0.9997
133	56	0.998508
439	135	0.999915
443	137	0.999075
148	106	0.999018
136	131	0.998593
474	198	0.998647
382	283	0.999582
319	155	0.999324
482	146	0.999853
308	186	0.999414
291	188	0.99962
388	130	0.998373
301	123	0.999744
273	212	0.999275
225	65	0.99856
338	101	0.99872
102	90	0.998759
282	222	0.998832
486	366	0.999993
72	53	0.99854
435	287	0.998861
204	64	0.998998
418	270	0.99952
392	390	0.998434
465	147	0.999056
304	134	0.999234
430	209	0.999541
498	154	0.998688
446	289	0.999543
54	51	0.99995
433	374	0.999695
166	114	0.998513
220	156	0.998663
261	185	0.998725
92	80	0.998914
67	43	0.999023
418	307	0.999433
278	235	0.998976
179	169	0.998525
94	35	0.999533
299	127	0.99992
308	225	0.998613
185	88	0.998884
166	135	0.999674
466	163	0.999255
228	75	0.998394
112	82	0.99852
443	201	0.998424
126	102	0.999961
136	110	0.999935
391	126	0.999536
351	181	0.999523
260	96	0.998941
97	84	0.999031
199	182	0.998782
478	477	0.999483
187	69	0.999197
475	177	0.998727
454	164	0.999961
417	172	0.999118
168	51	0.998769
158	66	0.999558
260	168	0.998717
200	117	0.99909
102	99	0.999831
339	133	0.998841
136	97	0.99914
389	386	0.999597
92	67	0.999076
223	166	0.999152
283	202	0.999563
480	318	0.999028
487	290	0.998817
448	219	0.998423
296	101	0.998613
461	407	0.999849
200	152	0.998474
69	20	0.999853
480	185	0.999635
334	325	0.999118
93	61	0.999018
445	149	0.998814
123	37	0.99963
103	98	0.99949
154	61	0.999513
154	105	0.999058
231	192	0.998362
263	253	0.999016
329	135	0.999702
306	149	0.99872
260	93	0.999995
160	146	0.998841
317	161	0.99929
450	181	0.999056
72	66	0.998657
324	226	0.99957
490	260	0.999474
383	143	0.999327
108	91	0.998615
218	136	0.999389
497	149	0.998872
149	86	0.999262
193	62	0.998436
450	164	0.998829
384	176	0.999167
242	201	0.998391
195	77	0.998847
230	128	0.998842
158	152	0.998635
159	101	0.999421
277	88	0.998361
179	89	0.999295
454	225	0.998974
96	52	0.999182
81	46	0.998894
373	164	0.999128
155	119	0.999408
459	255	0.999346
141	110	0.998329
340	149	0.998894
480	418	0.999197
90	73	0.998501
231	148	0.999823
277	153	0.998894
273	254	0.999468
420	351	0.998434
283	97	0.99959
382	189	0.999406
402	151	0.999254
82	39	0.999531
163	133	0.999051
104	33	0.998901
355	338	0.999603
62	19	0.998545
258	249	0.998543
391	267	0.99996
207	142	0.998998
327	215	0.998593
125	86	0.999297
190	189	0.999851
80	52	0.998697
440	203	0.999926
150	130	0.998588
454	196	0.999593
267	165	0.999809
160	109	0.999224
274	148	0.99918
451	235	0.999749
255	178	0.999948
364	338	0.998576
348	273	0.998481
281	190	0.999772
94	60	0.999901
294	90	0.999478
362	219	0.999004
487	346	0.999951
83	75	0.999695
98	91	0.99929
168	54	0.999239
62	46	0.99878
149	67	0.999941
169	76	0.999474
430	185	0.99873
58	45	0.998443
410	283	0.998841
72	55	0.998739
202	75	0.998842
486	398	0.999374
251	174	0.99905
168	86	0.998596
451	306	0.998861
460	341	0.99926
447	350	0.99873
404	310	0.998722
424	269	0.999794
110	85	0.998799
189	74	0.999883
379	321	0.998506
394	142	0.998339
97	31	0.999863
76	48	0.998565
189	94	0.9986
264	108	0.999637
204	199	0.998633
434	422	0.999048
211	101	0.998373
223	189	0.999615
315	169	0.999292
485	360	0.999252
205	164	0.999085
351	108	0.999193
298	217	0.998964
399	248	0.99876
232	99	0.998396
120	43	0.998632
142	82	0.998907
372	157	0.998356
439	291	0.998408
156	138	0.998327
266	86	0.998894
128	57	0.998797
180	95	0.999045
201	135	0.998954
104	37	0.999036
137	47	0.99868
435	228	0.999951
156	53	0.999342
420	166	0.998864
335	220	0.998541
452	139	0.999391
125	71	0.998894
144	98	0.999759
172	64	0.999122
390	288	0.999249
444	202	0.999548
306	285	0.998729
252	243	0.999349
387	163	0.999906
290	182	0.999779
376	297	0.998678
370	284	0.999597
142	141	0.999459
455	308	0.999694
317	96	0.999973
65	51	0.99993
362	206	0.998645
58	26	0.998688
273	257	0.999463
442	212	0.998573
147	145	0.999883
384	155	0.999587
399	387	0.999115
69	32	0.99958
485	169	0.998341
139	104	0.999295
126	40	0.998889
468	289	0.998413
246	102	0.999975
287	133	0.998627
119	71	0.999523
322	288	0.998797
149	79	0.999578
494	432	0.998591
392	198	0.999411
249	181	0.998693
210	142	0.998645
193	89	0.999585
192	190	0.998993
234	170	0.998769
438	420	0.999023
420	238	0.999958
250	214	0.999356
207	121	0.999306
128	119	0.999563
304	276	0.998605
147	146	0.999528
377	155	0.998471
71	30	0.998595
233	225	0.998759
328	287	0.999659
134	50	0.998404
395	328	0.999128
437	135	0.998551
499	152	0.999098
331	210	0.999567
219	183	0.999312
75	45	0.99963
299	213	0.998682
251	87	0.99963
327	240	0.998951
448	358	0.999185
277	176	0.999525
349	202	0.998856
494	387	0.999301
302	293	0.99851
59	26	0.998859
310	261	0.999095
498	395	0.998799
278	85	0.999078
157	95	0.999935
224	163	0.999177
467	290	0.99859
360	154	0.998692
73	30	0.999933
373	155	0.999797
210	194	0.999767
73	26	0.999369
399	236	0.999674
233	86	0.999095
211	147	0.998827
175	137	0.999132
176	141	0.999906
335	265	0.999511
158	45	0.999485
355	214	0.998866
354	350	0.998675
302	256	0.998978
346	218	0.999553
139	127	0.999794
292	86	0.998697
105	91	0.998418
350	126	0.999905
218	128	0.999677
60	49	0.999751
160	92	0.9991
220	216	0.999096
476	252	0.998872
446	296	0.998866
415	313	0.998996
320	219	0.998573
51	19	0.999664
407	228	0.99954
333	169	0.999573
51	37	0.99948
412	384	0.998523
370	214	0.99868
221	203	0.999931
223	121	0.998814
223	96	0.998754
281	270	0.999572
307	232	0.999416
350	259	0.998963
64	44	0.999592
377	298	0.999759
92	61	0.999073
390	379	0.999819
230	185	0.999122
487	283	0.999113
137	128	0.998719
113	108	0.999115
195	186	0.998685
303	161	0.99879
414	149	0.999098
69	38	0.999394
210	66	0.999555
271	131	0.99854
466	352	0.999961
383	340	0.998933
343	260	0.999153
128	100	0.999021
195	161	0.99904
197	79	0.999739
192	117	0.99924
435	413	0.999664
160	89	0.998622
194	176	0.999167
97	30	0.998404
432	271	0.998695
499	242	0.998593
479	388	0.998871
191	102	0.999873
409	340	0.99969
270	268	0.998682
440	394	0.999321
106	69	0.99957
211	125	0.998426
349	326	0.999366
296	106	0.998468
453	308	0.999657
210	127	0.998939
464	451	0.998742
146	77	0.998951
80	60	0.99954
482	367	0.998426
57	20	0.999063
175	162	0.99855
419	399	0.998749
224	185	0.999426
264	237	0.998633
118	68	0.99955
147	143	0.998643
260	166	0.999804
63	47	0.99913
203	197	0.998384
363	295	0.998474
408	276	0.999587
61	54	0.999329
441	306	0.998384
139	107	0.998956
127	96	0.99919
386	293	0.998633
361	182	0.999998
421	414	0.999167
133	67	0.999147
305	244	0.998749
254	208	0.998887
127	67	0.999085
100	93	0.999103
222	89	0.999013
215	153	0.999016
402	205	0.999687
488	448	0.999496
133	70	0.998827
126	103	0.999679
497	150	0.999513
407	325	0.998479
281	263	0.999354
279	153	0.99961
184	57	0.999055
417	151	0.999188
370	127	0.998413
454	267	0.999692
203	140	0.998755
452	219	0.999886
116	35	0.999123
90	78	0.999582
492	178	0.999541
359	115	0.999409
398	311	0.999096
328	192	0.998525
69	66	0.999409
484	145	0.998765
429	195	0.99924
401	277	0.998769
189	102	0.999167
162	107	0.999414
259	202	0.998543
478	265	0.998618
444	168	0.998675
184	127	0.999471
314	173	0.999702
246	88	0.999326
346	113	0.998906
440	142	0.999873
270	215	0.999722
303	240	0.998894
315	181	0.998583
363	346	0.999705
85	62	0.998618
51	50	0.999018
167	70	0.998829
281	192	0.999655
251	91	0.998871
419	408	0.998378
400	115	0.999207
245	148	0.998423
461	340	0.999071
146	48	0.998357
477	304	0.998563
273	267	0.999567
74	55	0.999393
202	143	0.999481
406	230	0.999961
449	164	0.998525
443	395	0.999675
315	111	0.998503
336	100	0.999679
161	46	0.999458
479	312	0.999712
125	38	0.999409
146	54	0.9986
382	251	0.999717
374	212	0.999247
427	245	0.999839
63	34	0.999416
315	230	0.999796
412	121	0.998581
129	99	0.999879
101	87	0.999026
374	117	0.998785
302	127	0.999764
336	292	0.999893
422	152	0.99968
293	103	0.998904
307	245	0.998563
280	244	0.999848
489	315	0.998378
151	100	0.998449
290	141	0.999403
363	314	0.999563
205	171	0.999128
163	85	0.999543
467	415	0.999428
463	380	0.998812
311	198	0.999078
477	161	0.998961
457	234	0.999244
260	242	0.999895
440	328	0.998663
103	50	0.999654
276	157	0.998513
218	87	0.999659
394	224	0.999404
82	54	0.998948
341	324	0.998515
140	65	0.998339
448	434	0.99962
359	208	0.998332
457	309	0.999185
372	223	0.999123
312	308	0.998354
309	209	0.999918
311	303	0.999881
56	25	0.998523
237	228	0.999334
270	82	0.998408
292	228	0.999086
122	99	0.998941
438	145	0.999157
294	196	0.999729
473	162	0.999727
203	157	0.999026
109	67	0.998919
236	210	0.999224
315	309	0.999707
132	108	0.99963
166	97	0.998984
490	220	0.999356
368	238	0.998944
199	189	0.998566
243	232	0.999836
418	246	0.999918
162	134	0.999178
115	34	0.999285
486	363	0.998414
191	128	0.998846
250	162	0.999813
466	303	0.998996
101	91	0.999774
220	165	0.999045
201	105	0.998924
175	65	0.999881
444	302	0.999515
243	90	0.999846
59	43	0.999829
75	27	0.998938
317	155	0.999985
419	193	0.99912
218	152	0.999001
430	172	0.998897
361	313	0.999399
66	35	0.999973
456	234	0.999382
402	200	0.999285
333	314	0.999826
320	157	0.99996
287	252	0.999886
499	201	0.999235
468	442	0.999501
413	185	0.999928
105	98	0.999235
252	196	0.999404
412	199	0.999008
133	48	0.998707
466	205	0.999245
232	84	0.999209
164	102	0.998658
310	273	0.998563
397	338	0.998963
486	139	0.998847
487	451	0.999245
403	136	0.998714
94	45	0.999317
179	86	0.999776
97	76	0.998822
406	267	0.998356
288	175	0.99967
202	103	0.999767
60	36	0.999806
139	99	0.999337
51	23	0.998799
451	400	0.999377
163	134	0.999117
256	100	0.999307
50	49	0.998526
107	73	0.998774
371	130	0.999091
70	51	0.999331
239	91	0.999736
217	66	0.999699
316	115	0.999003
219	128	0.999413
355	329	0.99971
132	108	0.998513
140	65	0.998423
391	183	0.999386
425	365	0.999142
86	49	0.999856
170	53	0.998924
197	132	0.998981
81	79	0.999796
416	312	0.999463
358	268	0.999331
191	97	0.999436
200	151	0.999643
371	263	0.999717
250	209	0.998603
87	56	0.998622
258	172	0.999615
477	391	0.99996
413	332	0.998712
342	182	0.998391
224	149	0.998677
223	181	0.999105
259	156	0.999777
460	409	0.998805
62	40	0.998787
324	136	0.99902
333	252	0.998393
198	82	0.999816
149	138	0.998558
157	91	0.999033
250	159	0.999091
466	384	0.999801
449	203	0.999776
294	138	0.998677
96	69	0.998897
243	93	0.999627
471	156	0.999224
200	138	0.999454
200	188	0.998894
374	136	0.998471
80	51	0.999567
165	122	0.998408
404	248	0.999239
149	44	0.999096
251	175	0.99952
387	151	0.99903
351	281	0.999108
419	205	0.999913
385	172	0.999473
199	89	0.999416
149	73	0.999992
296	101	0.99863
285	246	0.999232
216	190	0.998918
79	55	0.998403
294	282	0.998354
116	87	0.99852
440	201	0.998804
479	354	0.998707
84	58	0.999814
245	88	0.999913
105	68	0.999518
403	230	0.998618
373	328	0.998464
244	106	0.99968
393	384	0.998866
137	120	0.999287
269	113	0.999687
473	284	0.99908
373	219	0.999031
288	98	0.998802
291	140	0.999893
138	124	0.999829
354	177	0.998436
281	238	0.999771
390	184	0.999724
448	350	0.998817
320	308	0.998408
184	113	0.999058
308	276	0.99878
472	220	0.999471
271	88	0.999423
121	40	0.998695
423	193	0.999464
256	173	0.999287
275	188	0.999349
479	158	0.999188
389	210	0.999816
105	71	0.999486
402	325	0.998954
260	141	0.999562
347	232	0.999446
420	284	0.999722
130	41	0.999339
178	127	0.999384
350	278	0.999643
325	229	0.999152
58	45	0.998739
349	279	0.999622
467	425	0.999744
88	36	0.999351
408	133	0.999429
467	443	0.999254
346	269	0.998615
199	178	0.998394
54	34	0.999948
247	144	0.998867
467	178	0.99925
119	82	0.998673
222	123	0.998632
408	161	0.998571
237	231	0.998653
62	30	0.999177
280	277	0.999898
306	280	0.998389
275	158	0.999603
319	108	0.998837
145	53	0.999655
304	252	0.999394
298	206	0.998663
443	130	0.999418
156	58	0.998799
92	56	0.999331
492	431	0.999998
61	18	0.999948
74	57	0.998722
413	389	0.999736
421	300	0.998657
127	106	0.999864
382	184	0.999306
335	299	0.998612
375	208	0.998672
58	49	0.998809
294	188	0.999468
428	232	0.999879
260	165	0.999056
85	38	0.999528
455	315	0.998466
391	345	0.999265
309	104	0.998433
414	329	0.999955
200	180	0.999734
163	74	0.998844
239	237	0.99957
471	246	0.999515
91	34	0.999004
254	237	0.998612
131	99	0.999541
373	168	0.998973
161	47	0.999767
408	122	0.999459
413	410	0.99927
495	278	0.998714
463	370	0.998861
417	287	0.998496
252	156	0.998553
352	206	0.99961
426	316	0.998388
297	200	0.999339
402	294	0.998655
236	231	0.999304
300	298	0.999719
356	323	0.999568
341	236	0.998979
408	172	0.998794
348	245	0.999434
268	137	0.999921
421	379	0.999344
296	293	0.999628
94	55	0.998623
220	147	0.999943
129	116	0.999309
450	377	0.999665
107	48	0.999729
204	134	0.999523
142	121	0.999782
282	122	0.999746
380	215	0.999458
283	215	0.998404
316	141	0.999543
110	57	0.998938
301	138	0.999797
183	82	0.99859
185	178	0.99971
365	175	0.99877
409	199	0.998874
246	241	0.998974
396	301	0.998956
387	211	0.999025
215	172	0.998613
420	275	0.999967
408	382	0.998478
237	222	0.998703
287	198	0.998662
273	153	0.998692
398	191	0.998642
89	44	0.998393
63	46	0.999585
167	77	0.998993
333	113	0.998506
459	381	0.999945
100	60	0.999339
198	158	0.999495
423	379	0.998697
289	83	0.999234
453	165	0.998653
496	319	0.999613
196	148	0.999071
274	244	0.998994
463	284	0.999369
267	169	0.99866
441	424	0.99871
442	252	0.999973
167	149	0.999806
228	176	0.999595
430	166	0.998668
199	106	0.99852
324	93	0.999304
299	293	0.99908
103	80	0.998727
412	166	0.998874
262	88	0.998702
497	200	0.998347
132	92	0.998471
349	215	0.998359
414	285	0.99879
447	379	0.999786
190	126	0.999533
402	161	0.999312
366	198	0.998877
496	301	0.999376
280	81	0.9986
370	263	0.999424
140	66	0.999794
81	33	0.999043
78	34	0.99913
266	228	0.998359
205	82	0.99968
233	77	0.999692
319	118	0.999331
294	157	0.999901
468	187	0.998983
364	220	0.999597
488	148	0.999214
445	279	0.998954
236	166	0.998419
411	263	0.998638
133	65	0.999424
338	280	0.998635
50	28	0.999754
389	288	0.999379
283	97	0.998737
165	80	0.998356
390	187	0.998764
83	72	0.99849
410	280	0.999245
165	104	0.999381
96	57	0.999977
166	146	0.99924
286	268	0.999884
290	115	0.999197
463	298	0.999036
170	112	0.999167
182	153	0.999623
65	63	0.999712
176	146	0.998653
154	59	0.998881
212	184	0.99879
156	95	0.999888
417	385	0.99958
286	173	0.99998
84	42	0.998453
185	173	0.998996
432	240	0.999468
430	358	0.999235
368	191	0.999026
227	90	0.999548
422	338	0.998894
139	123	0.999553
333	283	0.999311
50	47	0.999359
101	82	0.999854
112	60	0.999125
493	475	0.998414
386	141	0.998971
212	69	0.999732
445	183	0.998376
380	365	0.999593
429	247	0.999006
101	48	0.999565
130	70	0.998678
144	108	0.998371
467	178	0.998981
362	319	0.99924
351	102	0.99861
94	54	0.999595
267	153	0.998797
341	328	0.999481
479	253	0.998862
173	72	0.999638
347	261	0.998655
296	287	0.999851
298	225	0.999995
102	55	0.999967
386	144	0.998685
476	215	0.998844
78	63	0.999046
51	32	0.998575
230	186	0.999021
398	247	0.99989
103	35	0.999956
137	77	0.999137
284	188	0.999254
339	223	0.998663
90	46	0.999972
238	224	0.998526
312	217	0.999152
193	130	0.998505
65	35	0.998988
257	238	0.998414
353	323	0.999486
457	332	0.999163
65	40	0.999781
153	141	0.998794
74	44	0.999053
227	114	0.999943
182	150	0.998441
127	81	0.9991
382	376	0.998886
436	302	0.998638
185	173	0.998918
203	98	0.998958
112	96	0.999245
177	64	0.998399
53	27	0.999881
115	44	0.999289
217	111	0.998968
75	57	0.998958
421	267	0.999936
296	161	0.998673
359	163	0.999249
92	48	0.999117
182	59	0.999935
183	86	0.998737
168	97	0.999117
75	37	0.999818
221	84	0.999582
111	32	0.998451
357	256	0.999956
424	256	0.999717
195	107	0.998543
478	230	0.999488
361	317	0.999531
54	44	0.998742
164	66	0.999466
383	148	0.998886
477	239	0.998809
81	60	0.998946
468	257	0.9988
340	170	0.998533
483	350	0.999799
404	200	0.999183
271	105	0.999567
120	95	0.999429
246	177	0.998809
223	100	0.999247
311	294	0.998814
108	48	0.998921
443	192	0.998882
161	130	0.999515
465	328	0.998742
284	227	0.999013
406	247	0.999374
378	192	0.999521
55	41	0.999908
85	79	0.998976
102	32	0.99971
288	189	0.998994
281	120	0.999334
126	95	0.999674
464	253	0.99955
105	69	0.999573
321	255	0.999401
261	176	0.999115
95	81	0.999239
169	104	0.999172
408	121	0.999394
177	116	0.998807
450	216	0.998523
289	101	0.998551
495	192	0.998675
160	102	0.998819
183	182	0.999009
389	354	0.999075
476	251	0.999637
442	243	0.998543
278	143	0.998933
93	40	0.998688
241	127	0.999142
404	334	0.999764
499	364	0.998508
137	85	0.998735
161	136	0.998548
169	146	0.999602
140	80	0.999155
228	157	0.998459
317	289	0.998373
418	221	0.99877
378	157	0.999727
355	354	0.998578
391	356	0.999428
370	120	0.998436
151	114	0.99912
411	267	0.999448
192	132	0.999168
284	274	0.999871
471	256	0.998862
277	242	0.998867
278	88	0.99855
397	388	0.999573
322	114	0.999863
284	207	0.999411
193	136	0.999808
316	255	0.999918
157	73	0.999943
165	77	0.999483
409	261	0.999654
320	167	0.998981
189	124	0.999647
476	265	0.998897
212	67	0.998812
353	188	0.999655
481	359	0.999695
283	162	0.998573
162	65	0.99989
121	64	0.998588
153	141	0.999985
391	344	0.999145
135	60	0.999819
467	409	0.999265
121	110	0.999135
433	317	0.999575
166	60	0.999915
161	122	0.998948
122	95	0.998565
311	188	0.999531
492	449	0.999747
107	85	0.999672
422	390	0.998607
99	29	0.999664
263	230	0.998929
445	249	0.998958
317	142	0.998941
204	70	0.999615
261	145	0.999142
257	128	0.999801
500	420	0.999868
87	84	0.999528
479	466	0.999928
336	193	0.999918
255	100	0.998561
274	180	0.999366
58	29	0.999779
233	127	0.999787
399	384	0.998956
146	42	0.99868
54	27	0.998732
490	489	0.998812
249	95	0.999757
284	196	0.998712
266	237	0.999638
392	169	0.999776
243	217	0.999075
460	445	0.9997
300	264	0.998687
436	204	0.99911
94	29	0.999066
175	104	0.998548
465	166	0.999635
390	317	0.999481
108	45	0.99851
202	116	0.998658
412	265	0.999617
90	78	0.998775
278	119	0.998852
108	43	0.998668
391	241	0.9995
364	320	0.998356
139	62	0.999476
272	236	0.998603
336	142	0.99948
376	283	0.999367
170	157	0.999667
191	75	0.999257
57	42	0.998374
361	358	0.998632
487	326	0.999374
139	133	0.998891
272	208	0.999056
485	292	0.998847
93	67	0.999304
293	129	0.999041
188	166	0.999337
182	52	0.999495
205	176	0.998528
319	281	0.999035
433	151	0.999854
107	57	0.999488
472	164	0.999774
462	374	0.999014
491	385	0.99972
390	314	0.999623
402	303	0.999386
333	190	0.999883
271	197	0.999132
126	46	0.999657
340	214	0.999548
457	199	0.998595
412	117	0.998357
137	121	0.999592
487	437	0.998859
95	69	0.998585
450	192	0.999386
243	229	0.998692
57	34	0.999091
108	54	0.999987
407	309	0.999528
449	292	0.99905
141	138	0.999915
478	213	0.998359
474	204	0.99971
307	181	0.999766
409	273	0.999515
217	103	0.998598
432	210	0.99867
114	93	0.999886
291	275	0.998588
424	350	0.999006
483	212	0.999163
110	106	0.998623
365	246	0.999117
142	87	0.999073
353	305	0.999597
467	285	0.999913
126	59	0.999257
447	163	0.99962
498	356	0.998762
58	44	0.998386
290	105	0.99864
413	293	0.998596
115	60	0.999061
264	205	0.999381
300	154	0.998515
467	376	0.999003
55	37	0.999553
323	265	0.9991
475	471	0.999207
106	88	0.998906
103	93	0.999588
52	45	0.99906
187	182	0.99856
455	186	0.999468
284	145	0.999357
299	211	0.998871
59	48	0.998543
206	142	0.998795
233	219	0.999826
68	34	0.999359
498	453	0.998886
258	139	0.999157
345	263	0.999682
236	214	0.99867
443	194	0.999883
193	181	0.999861
262	126	0.998887
167	145	0.998357
358	311	0.999393
331	126	0.999406
317	120	0.999137
113	68	0.998712
182	109	0.998373
350	230	0.999898
223	161	0.998541
470	261	0.999058
166	161	0.999665
205	117	0.999046
481	472	0.999083
476	318	0.999234
404	320	0.999896
205	85	0.999702
377	223	0.999556
55	17	0.999341
