3500
224	218	0.999573
429	313	0.999396
171	138	0.999979
58	22	0.999243
217	78	0.999699
203	176	0.999477
356	270	0.999493
118	83	0.99975
92	39	0.999986
144	101	0.999275
139	100	0.99948
195	93	0.999741
382	74	0.999744
237	121	0.999488
255	180	0.999058
114	49	0.999107
487	149	0.999771
298	191	0.999639
113	105	0.999029
203	176	0.999314
349	336	0.999534
216	208	0.999459
421	189	0.999582
374	97	0.999355
467	413	0.999702
405	186	0.999184
154	38	0.999465
444	414	0.999967
338	285	0.999355
437	384	0.999432
474	108	0.999328
250	233	0.999207
115	43	0.999269
304	124	0.99968
398	242	0.999465
429	134	0.999901
368	196	0.999206
307	218	0.999629
473	248	0.999169
166	148	0.999478
81	53	0.999932
194	87	0.999292
330	155	0.99922
414	216	0.999417
349	115	0.999794
368	313	0.999148
328	320	0.999511
237	170	0.99933
324	89	0.999356
460	321	0.999508
78	33	0.99967
227	62	0.999835
461	388	0.999789
302	220	0.99926
373	320	0.999674
206	92	0.999374
375	212	0.999225
358	290	0.999715
256	94	0.999213
100	19	0.999092
131	83	0.999139
492	188	0.999263
108	60	0.999928
241	130	0.999232
102	48	0.999879
430	254	0.999127
464	361	0.999905
199	148	0.99905
477	189	0.999597
480	237	0.999656
248	119	0.999577
423	149	0.999891
260	132	0.99972
283	130	0.999025
91	90	0.999058
121	40	0.999903
59	13	0.999045
377	259	0.999243
331	282	0.999164
183	113	0.999485
333	80	0.999807
118	86	0.999672
161	75	0.999836
469	240	0.999662
123	118	0.999562
405	298	0.999086
84	82	0.999105
281	254	0.999577
262	202	0.999218
135	89	0.999414
115	37	0.999935
268	234	0.999676
267	114	0.999876
307	274	0.999886
176	37	0.999581
123	83	0.999106
337	115	0.999147
230	71	0.999583
455	446	0.99919
66	53	0.999453
324	219	0.999844
400	330	0.999252
188	118	0.99978
381	193	0.999706
426	409	0.999281
270	210	0.99913
52	26	0.999022
247	58	0.99979
147	102	0.999413
238	184	0.999467
189	183	0.99909
420	90	0.999955
120	81	0.999694
375	292	0.999348
79	37	0.99953
92	33	0.999771
378	325	0.999111
159	58	0.999594
155	43	0.999709
336	274	0.9997
91	32	0.999964
67	54	0.999918
172	152	0.999183
303	244	0.999345
163	131	0.999543
182	131	0.999254
57	25	0.99995
52	38	0.999997
362	150	0.999984
237	54	0.999766
375	282	0.999642
119	117	0.999844
307	95	0.999429
64	59	0.999377
165	35	0.999731
85	25	0.999722
243	121	0.99915
93	71	0.999269
404	206	0.999717
197	42	0.999055
376	290	0.999131
345	281	0.99995
490	281	0.999581
83	49	0.999223
92	70	0.999059
488	464	0.999774
312	247	0.999841
310	129	0.999172
173	163	0.999092
76	42	0.999862
433	343	0.999061
225	191	0.999448
306	238	0.999136
57	48	0.999939
244	157	0.999749
260	49	0.999215
53	26	0.999199
175	63	0.999511
418	94	0.999708
220	174	0.999646
357	239	0.999702
114	46	0.999487
175	142	0.99985
221	53	0.999956
159	158	0.999809
75	27	0.999856
225	179	0.999513
70	14	0.999893
175	79	0.999426
444	177	0.999652
360	169	0.99918
465	144	0.99902
81	68	0.999304
71	35	0.999035
399	386	0.99936
442	296	0.999149
314	106	0.999967
195	102	0.999022
352	66	0.99974
56	22	0.999039
210	91	0.999974
223	133	0.999349
353	212	0.999358
355	219	0.999704
90	65	0.999245
483	479	0.9993
247	184	0.999954
422	248	0.999063
214	156	0.999385
272	94	0.999991
95	79	0.999922
274	57	0.999486
444	85	0.999386
192	159	0.999403
414	147	0.999029
113	63	0.99945
175	86	0.999947
462	259	0.999532
352	77	0.999635
113	95	0.999704
347	289	0.999897
270	218	0.999994
235	154	0.999631
110	34	0.999865
178	177	0.999079
63	43	0.999692
115	53	0.999859
154	105	0.999803
101	22	0.999206
307	242	0.999463
381	104	0.999969
98	70	0.999886
69	28	0.999554
304	117	0.999135
412	106	0.99998
455	358	0.999611
395	208	0.999216
60	59	0.999049
317	215	0.999796
313	153	0.999616
230	194	0.999188
411	203	0.999306
84	38	0.999206
295	257	0.999329
368	179	0.999485
253	198	0.999905
249	52	0.999493
338	134	0.999628
443	318	0.999171
201	40	0.999414
331	170	0.999165
432	146	0.999883
349	299	0.999303
372	215	0.999833
243	182	0.999979
423	145	0.999773
239	193	0.999281
388	371	0.99964
281	198	0.999532
53	41	0.99916
98	63	0.99914
80	69	0.999561
365	151	0.999747
182	144	0.999923
419	142	0.999366
288	192	0.999915
157	39	0.999267
127	46	0.999033
223	182	0.999264
263	227	0.999838
130	87	0.999411
381	362	0.999192
426	144	0.999083
488	120	0.999606
66	31	0.999068
360	191	0.999458
386	366	0.999455
131	88	0.999403
470	220	0.999938
229	201	0.99981
394	245	0.999807
348	94	0.999554
209	105	0.999268
71	33	0.999445
421	209	0.999081
204	95	0.999642
428	296	0.999671
299	123	0.999541
147	115	0.999877
71	61	0.999255
204	194	0.999552
318	283	0.999231
211	161	0.999342
384	123	0.999647
426	385	0.999122
285	55	0.999115
326	94	0.999208
235	141	0.999708
418	174	0.999758
239	195	0.999036
331	279	0.999781
355	192	0.999614
121	59	0.999133
414	201	0.999166
369	334	0.99922
375	237	0.999892
405	375	0.999423
191	83	0.999844
387	102	0.999179
129	27	0.999298
291	282	0.999705
174	144	0.999723
97	53	0.999248
148	45	0.999023
128	113	0.999801
316	279	0.999373
105	102	0.999174
104	49	0.999795
96	72	0.999406
143	71	0.999906
217	208	0.999726
220	130	0.999879
81	38	0.999037
331	154	0.999234
68	45	0.999344
176	92	0.999781
152	142	0.999067
116	97	0.999455
93	47	0.999067
140	59	0.999425
166	76	0.999535
316	163	0.999054
102	24	0.999174
371	233	0.999354
69	68	0.999274
209	189	0.999541
425	256	0.999055
390	235	0.999712
190	45	0.99997
293	167	0.999225
184	154	0.999399
447	85	0.99958
213	158	0.999969
367	206	0.99907
251	179	0.999719
181	172	0.999063
433	358	0.999161
471	446	0.999355
433	376	0.999052
185	68	0.999771
227	224	0.999056
425	341	0.999838
301	106	0.999116
465	125	0.999206
487	354	0.999875
52	34	0.999415
229	210	0.999548
116	79	0.999819
444	438	0.999034
230	205	0.999926
111	107	0.999334
56	32	0.999499
468	428	0.99902
235	164	0.999118
81	23	0.999429
427	203	0.99912
236	207	0.999542
214	201	0.999366
219	83	0.999342
348	92	0.999967
410	342	0.999643
252	54	0.999404
390	83	0.999587
469	302	0.999233
186	181	0.999544
267	215	0.999374
90	61	0.999383
366	162	0.999808
430	241	0.999697
244	241	0.999177
127	64	0.999071
467	332	0.999172
440	101	0.999842
157	135	0.999976
327	98	0.999274
115	79	0.999892
448	424	0.999606
138	56	0.999276
130	39	0.999886
188	107	0.999952
89	73	0.999813
164	96	0.999968
465	397	0.999724
113	95	0.999489
206	154	0.99902
431	237	0.999895
237	227	0.999962
70	15	0.999666
104	52	0.999995
340	160	0.999777
469	242	0.999269
474	88	0.999266
335	187	0.999931
238	217	0.999748
136	52	0.999789
193	82	0.999129
172	47	0.999424
430	264	0.999523
293	70	0.999542
198	83	0.99982
93	62	0.999552
399	113	0.999057
250	228	0.999024
444	104	0.999735
128	86	0.999988
80	31	0.99968
67	29	0.999924
147	144	0.999424
407	145	0.999246
473	302	0.999981
314	238	0.999132
62	33	0.999701
306	127	0.999388
332	177	0.99938
395	118	0.999725
499	445	0.999388
459	389	0.999711
112	46	0.999864
401	197	0.999748
72	34	0.999782
272	50	0.999375
472	161	0.99984
282	272	0.999771
329	236	0.999176
465	279	0.99982
252	75	0.999622
493	339	0.999462
376	238	0.999509
81	71	0.999446
181	117	0.999508
367	254	0.999644
331	290	0.999516
127	115	0.999712
55	27	0.999149
273	250	0.999507
372	311	0.999643
162	118	0.999415
289	132	0.999583
80	50	0.999109
369	150	0.999461
375	202	0.999931
437	386	0.999982
288	235	0.999407
314	92	0.999296
492	400	0.999471
299	146	0.999483
222	99	0.999967
336	162	0.999921
408	349	0.999551
390	185	0.999369
101	44	0.999373
331	87	0.999566
484	445	0.99974
279	193	0.999044
118	50	0.999159
98	30	0.999704
193	40	0.999316
255	109	0.999614
247	188	0.999219
388	277	0.99997
265	196	0.999677
76	29	0.999271
260	151	0.999547
109	32	0.999474
88	43	0.999801
308	277	0.999226
126	67	0.999401
496	125	0.999793
308	145	0.999078
262	237	0.999756
179	162	0.999589
324	220	0.999385
80	67	0.999683
167	70	0.999214
446	88	0.999131
233	79	0.99932
313	150	0.999368
291	103	0.999076
410	81	0.999032
391	319	0.999441
369	102	0.999771
456	105	0.999057
190	170	0.999732
230	146	0.999163
390	244	0.999804
253	182	0.999328
144	116	0.999696
485	333	0.999659
83	17	0.999326
451	101	0.999168
126	55	0.999421
120	83	0.999595
387	318	0.999143
303	112	0.999431
268	137	0.999937
126	24	0.999619
493	255	0.999998
224	207	0.999601
178	82	0.999502
301	88	0.999131
439	208	0.999247
303	162	0.999186
181	73	0.999421
181	125	0.9996
320	126	0.999524
185	168	0.999074
452	235	0.999566
84	40	0.999523
458	180	0.99948
350	248	0.999368
156	103	0.999896
212	106	0.999998
218	72	0.999547
153	93	0.999521
317	268	0.999475
337	181	0.999785
241	238	0.999092
123	62	0.999957
432	415	0.999168
419	391	0.99926
165	157	0.999196
418	230	0.999047
101	64	0.999826
190	171	0.999608
441	265	0.999166
78	22	0.999929
216	75	0.999918
257	50	0.99905
205	123	0.999839
233	205	0.999251
371	87	0.999564
415	405	0.999431
236	176	0.999991
345	273	0.999363
422	93	0.999428
340	145	0.99923
239	109	0.999802
476	391	0.999107
74	25	0.999869
186	81	0.999983
96	78	0.999145
315	205	0.999922
397	174	0.999748
342	141	0.999455
316	74	0.999556
90	63	0.99948
430	247	0.999894
296	73	0.99953
380	317	0.999412
92	85	0.999217
241	235	0.999144
208	66	0.999515
53	52	0.999766
138	60	0.999452
444	81	0.999321
471	92	0.999079
101	73	0.999518
290	284	0.999741
418	189	0.999962
55	47	0.999459
151	146	0.999976
272	227	0.99987
91	80	0.999279
306	126	0.999232
300	218	0.999733
179	77	0.999903
149	48	0.999592
329	140	0.999833
238	223	0.999666
93	18	0.999809
124	49	0.999452
60	57	0.999865
357	67	0.999341
473	250	0.999751
328	222	0.999291
77	60	0.999737
395	201	0.999964
418	359	0.999587
73	56	0.999079
445	116	0.999142
345	164	0.999432
113	62	0.999404
404	144	0.999873
100	85	0.999609
134	116	0.999464
444	246	0.999571
346	158	0.999244
115	99	0.999848
485	120	0.99975
479	168	0.999632
141	95	0.999733
292	178	0.999361
277	109	0.999248
475	190	0.999252
481	343	0.999806
492	302	0.999629
339	83	0.999351
245	89	0.999867
222	93	0.999873
481	340	0.999127
313	305	0.99934
71	27	0.999297
155	58	0.999569
377	301	0.999109
471	210	0.999285
480	468	0.999049
61	33	0.99977
117	24	0.999969
342	65	0.999843
318	209	0.999343
234	86	0.999844
300	137	0.99942
418	119	0.999111
394	235	0.999836
171	32	0.999364
128	39	0.999087
463	211	0.99964
124	23	0.999182
490	149	0.999096
112	101	0.999303
69	54	0.99994
107	46	0.999981
421	251	0.999652
92	62	0.999028
88	50	0.999043
129	49	0.999229
333	197	0.999861
79	33	0.999207
285	215	0.999154
424	124	0.99961
168	135	0.999963
232	44	0.999648
405	115	0.999655
210	84	0.999389
445	322	0.99977
463	168	0.999373
241	122	0.999807
123	60	0.999633
160	53	0.999413
211	146	0.999578
132	95	0.999277
404	118	0.999185
418	153	0.999583
56	51	0.999909
253	204	0.999485
319	205	0.999072
493	448	0.999484
339	249	0.999838
249	141	0.999207
176	164	0.999468
92	66	0.999239
191	190	0.999289
69	15	0.999089
155	40	0.999528
75	40	0.999109
130	78	0.999596
168	128	0.999117
154	111	0.999057
365	259	0.999776
102	48	0.999868
57	13	0.999525
428	198	0.999768
117	99	0.999218
192	127	0.999381
262	80	0.999903
63	46	0.999548
204	149	0.999572
69	66	0.99945
398	135	0.999938
180	73	0.999069
200	128	0.999278
156	152	0.999317
387	143	0.999578
359	187	0.999882
288	116	0.999618
246	124	0.999684
237	122	0.999346
181	150	0.999365
251	191	0.999712
460	307	0.99929
206	139	0.999153
340	274	0.999976
83	52	0.999601
322	69	0.999518
365	342	0.999495
191	71	0.999558
83	71	0.999433
83	28	0.999853
282	186	0.999807
424	234	0.999471
68	67	0.999932
94	17	0.999017
396	113	0.999544
164	124	0.999824
252	102	0.999717
223	135	0.999061
326	312	0.999383
479	236	0.999353
119	71	0.999633
362	133	0.999683
498	153	0.999634
125	60	0.999786
472	151	0.999294
297	236	0.999733
129	120	0.999279
149	31	0.999094
194	185	0.999359
102	49	0.999571
459	146	0.999142
496	456	0.999802
340	234	0.999094
174	103	0.999725
355	177	0.999599
354	142	0.999185
235	185	0.999524
64	60	0.99968
109	65	0.9995
302	223	0.999552
276	224	0.999986
261	123	0.999133
156	29	0.999305
459	212	0.999083
101	49	0.999943
458	399	0.999851
378	69	0.999744
356	265	0.999303
448	390	0.999228
143	109	0.999816
50	31	0.999911
252	129	0.999511
370	239	0.999597
281	257	0.999099
106	92	0.999867
356	233	0.999832
134	110	0.9992
350	218	0.999209
199	56	0.999997
381	290	0.999394
304	145	0.999496
210	152	0.999855
163	82	0.999342
362	264	0.999102
388	100	0.999238
170	156	0.999374
130	69	0.999781
374	330	0.999245
82	66	0.999202
67	22	0.999983
159	150	0.999882
322	144	0.9999
435	203	0.999406
205	121	0.9999
485	190	0.999605
399	102	0.999309
270	189	0.999273
55	52	0.999063
158	114	0.999722
175	53	0.999404
343	190	0.99914
191	48	0.999058
174	53	0.999927
158	33	0.999118
70	14	0.999839
195	180	0.999268
475	235	0.99941
76	44	0.999592
378	371	0.99987
211	60	0.999821
426	315	0.999552
392	236	0.999055
500	357	0.999375
291	139	0.999883
161	98	0.999179
312	77	0.99933
358	347	0.999388
73	48	0.999613
360	268	0.99978
410	382	0.999392
112	100	0.999404
471	234	0.999284
184	89	0.999678
423	186	0.999091
208	177	0.99915
75	68	0.999096
106	34	0.999197
98	56	0.999534
368	235	0.999748
495	493	0.999596
107	93	0.999197
93	70	0.999558
257	238	0.999502
62	55	0.999245
338	308	0.999611
148	99	0.999408
315	238	0.999384
293	117	0.999276
408	209	0.999623
169	92	0.999062
132	119	0.999817
374	350	0.999894
278	131	0.999529
74	20	0.99998
358	95	0.999505
403	212	0.999542
373	267	0.999873
188	93	0.999114
179	174	0.999304
283	161	0.999563
225	171	0.999072
444	201	0.999821
52	47	0.999547
253	70	0.999967
268	239	0.999403
370	201	0.999972
393	389	0.999559
203	126	0.999825
244	192	0.999932
405	307	0.999704
327	307	0.999619
290	261	0.999526
211	81	0.999123
279	188	0.999295
272	181	0.999475
288	195	0.999761
392	345	0.999245
62	27	0.999771
404	143	0.999705
113	33	0.999665
114	52	0.999672
74	69	0.999619
66	59	0.99979
434	148	0.999789
292	222	0.999113
364	331	0.999731
288	113	0.999464
157	126	0.999544
309	102	0.999411
199	181	0.999444
418	93	0.999439
69	23	0.999995
322	200	0.999538
274	67	0.999856
398	198	0.999781
139	83	0.999738
291	216	0.999218
387	106	0.999683
385	240	0.999389
82	52	0.999702
115	90	0.999113
477	116	0.999036
276	140	0.9995
359	70	0.999143
340	277	0.99945
179	83	0.999505
131	70	0.999439
412	403	0.999157
147	90	0.999374
319	285	0.999342
278	87	0.99988
411	214	0.999862
223	157	0.999737
218	133	0.999437
343	193	0.999648
275	226	0.999035
141	65	0.999774
319	217	0.999704
240	214	0.999464
334	115	0.999978
219	151	0.999783
357	280	0.999798
354	244	0.999369
319	158	0.999386
499	439	0.999097
191	147	0.999163
259	209	0.999793
202	100	0.999632
498	295	0.999415
269	128	0.99947
198	194	0.99993
365	343	0.999622
84	24	0.999488
281	69	0.999876
79	40	0.999534
462	244	0.999991
194	88	0.999127
341	293	0.999612
421	148	0.99939
331	247	0.999086
368	288	0.999333
454	291	0.999577
190	88	0.999721
276	52	0.999133
406	188	0.999373
379	130	0.999646
275	170	0.999341
277	52	0.999235
144	116	0.999419
386	163	0.999413
166	161	0.999801
479	197	0.999394
494	397	0.999266
335	167	0.999838
83	57	0.999849
216	83	0.999685
134	84	0.999079
437	390	0.999027
374	159	0.999421
361	83	0.99999
370	195	0.999671
163	107	0.999818
153	83	0.999712
206	69	0.999831
80	46	0.999607
158	111	0.999894
405	392	0.999818
417	231	0.999135
202	50	0.999639
417	128	0.999233
279	55	0.999362
240	163	0.999547
177	146	0.999315
334	276	0.999797
356	338	0.999542
286	72	0.999312
127	78	0.999908
81	69	0.999935
444	251	0.999577
104	40	0.999622
96	30	0.999477
277	229	0.999597
133	80	0.999707
389	313	0.999392
471	189	0.999909
405	136	0.999653
184	162	0.999847
206	111	0.999572
337	181	0.999715
388	338	0.999792
454	364	0.999748
386	292	0.999412
108	80	0.99947
333	290	0.999323
138	68	0.999106
391	318	0.999996
237	235	0.999376
269	112	0.999955
123	60	0.999132
262	208	0.999112
370	364	0.999757
66	59	0.999367
390	87	0.999986
369	161	0.999694
209	205	0.999264
268	139	0.999454
397	158	0.99956
328	119	0.999072
464	219	0.999957
73	41	0.999725
454	308	0.999856
146	142	0.999406
375	76	0.999976
370	319	0.999069
115	81	0.999417
155	63	0.999571
468	408	0.999929
371	111	0.999604
182	170	0.999702
477	404	0.999592
270	257	0.999504
90	89	0.999932
56	48	0.999116
500	369	0.99912
462	208	0.999097
150	147	0.999641
199	151	0.999582
60	46	0.999105
64	60	0.999946
400	122	0.999381
240	147	0.999408
174	116	0.999759
374	78	0.999352
265	201	0.999585
91	34	0.999484
418	230	0.999337
219	214	0.999913
368	286	0.999334
248	133	0.999401
200	67	0.999931
160	87	0.999746
342	74	0.999321
56	20	0.999657
299	193	0.999647
252	201	0.999668
175	123	0.99978
113	70	0.999326
287	139	0.999767
155	149	0.999125
280	270	0.999571
298	226	0.999309
375	209	0.999774
324	262	0.99928
462	330	0.99994
470	377	0.999385
88	56	0.999277
375	220	0.999118
63	61	0.999828
172	111	0.999837
224	74	0.999035
210	40	0.999569
369	106	0.99929
439	319	0.999456
468	308	0.999126
454	288	0.99996
261	77	0.999335
280	67	0.999815
462	261	0.999467
465	285	0.99992
234	158	0.999572
341	112	0.999994
397	232	0.999318
358	320	0.99967
448	284	0.999702
137	97	0.999309
52	21	0.999607
375	339	0.999236
286	186	0.999446
168	127	0.999925
482	174	0.999552
230	177	0.999129
413	83	0.999382
160	135	0.999616
167	143	0.999964
73	21	0.999496
212	173	0.999164
205	142	0.999836
400	195	0.999499
206	187	0.999037
74	46	0.999773
351	316	0.999997
179	47	0.99919
132	123	0.999044
130	118	0.9993
361	67	0.99918
453	184	0.999082
373	349	0.999328
212	174	0.999916
256	61	0.999897
282	187	0.999637
391	130	0.999835
421	413	0.999121
314	81	0.999633
355	341	0.999399
261	249	0.999436
489	314	0.999839
383	147	0.999311
144	90	0.999926
69	26	0.999305
79	35	0.999776
488	386	0.999429
89	77	0.999795
408	189	0.999364
412	265	0.999072
62	27	0.999883
132	71	0.99908
301	134	0.999556
109	94	0.999071
385	225	0.99937
374	306	0.999746
56	36	0.999924
122	101	0.999485
481	121	0.999046
265	145	0.999393
324	252	0.999331
320	225	0.999216
473	256	0.999967
298	234	0.999246
473	220	0.999524
438	410	0.999833
87	36	0.999094
150	40	0.999676
442	333	0.999475
145	50	0.999147
241	118	0.999326
386	97	0.999286
485	281	0.999392
311	231	0.999495
124	97	0.999524
165	135	0.999818
159	48	0.999634
144	46	0.999299
478	362	0.999053
437	83	0.99906
145	82	0.999726
70	24	0.999515
431	422	0.999069
111	64	0.999133
412	174	0.999135
227	127	0.99992
407	145	0.999779
81	54	0.999541
306	136	0.99929
289	192	0.999552
321	297	0.999798
136	122	0.999711
441	143	0.999616
173	81	0.999922
416	301	0.999123
344	81	0.999558
311	217	0.999147
142	99	0.999888
347	86	0.999235
317	82	0.999043
295	215	0.999699
55	34	0.999203
120	74	0.999348
68	52	0.999089
478	87	0.999179
263	187	0.999399
323	195	0.999956
95	72	0.999926
490	195	0.999738
81	57	0.999751
333	127	0.999028
319	290	0.999991
116	94	0.999732
185	127	0.999934
395	153	0.99996
187	109	0.999621
412	121	0.999945
68	58	0.999108
292	268	0.999389
56	14	0.999775
250	54	0.999302
57	36	0.999925
217	203	0.999398
271	210	0.999031
389	212	0.999461
124	111	0.999554
110	56	0.999887
333	108	0.999995
292	121	0.999969
208	98	0.999797
329	198	0.999607
189	99	0.999686
215	144	0.99909
94	18	0.999394
103	45	0.999878
165	103	0.999818
171	156	0.999964
368	257	0.999165
425	159	0.999496
101	89	0.999055
312	270	0.999713
387	79	0.999466
90	73	0.999054
267	239	0.999978
431	304	0.999721
65	25	0.999316
153	112	0.999749
232	60	0.999702
357	119	0.999836
309	181	0.999872
366	94	0.999845
394	284	0.999172
439	166	0.999608
374	131	0.999461
485	468	0.999796
333	331	0.999558
458	440	0.999822
80	75	0.999333
255	186	0.999635
449	129	0.999513
385	200	0.999876
237	179	0.999859
340	75	0.999177
76	50	0.999317
119	31	0.999509
131	26	0.999376
165	79	0.999697
243	64	0.999413
128	61	0.999607
292	82	0.999956
59	48	0.99949
281	233	0.999035
469	162	0.999196
220	42	0.999739
251	57	0.999734
302	130	0.99951
313	58	0.999175
74	17	0.999112
250	231	0.99986
379	93	0.999067
185	46	0.99973
486	92	0.999341
214	190	0.999454
182	107	0.999162
287	151	0.99951
50	48	0.999279
418	86	0.999132
218	148	0.999482
335	211	0.999873
414	258	0.999035
172	108	0.99941
437	198	0.999925
363	348	0.999256
387	81	0.999773
353	269	0.99932
289	88	0.99931
308	207	0.999956
321	279	0.999514
457	321	0.999188
50	49	0.999178
144	57	0.999268
203	75	0.999414
105	24	0.999752
354	133	0.999316
274	176	0.999589
272	269	0.99981
442	94	0.99965
173	92	0.999716
154	42	0.999384
156	132	0.999798
76	67	0.999554
133	84	0.999514
334	321	0.999244
122	59	0.999118
334	139	0.999468
100	33	0.999282
436	362	0.999549
356	223	0.999488
225	109	0.999875
449	324	0.999636
437	88	0.999073
216	50	0.9995
381	214	0.999388
231	177	0.999577
117	87	0.999276
95	28	0.99969
143	117	0.999779
111	93	0.999024
62	50	0.999237
359	338	0.999155
333	325	0.999144
246	67	0.99913
319	182	0.999338
60	33	0.999745
352	226	0.999479
153	61	0.999974
420	415	0.999623
475	361	0.999734
278	144	0.999531
356	193	0.999174
186	117	0.999909
388	379	0.999784
451	367	0.999925
464	236	0.999521
456	304	0.999052
337	226	0.999787
389	291	0.999808
360	190	0.999318
178	100	0.999928
341	321	0.999419
184	142	0.999722
121	112	0.999171
133	110	0.999474
240	155	0.999885
228	78	0.999202
318	302	0.999571
302	219	0.999303
136	120	0.999343
476	428	0.999965
396	382	0.999561
127	60	0.99959
426	295	0.999424
360	277	0.999944
370	220	0.999114
448	224	0.999123
166	84	0.999799
483	431	0.999513
188	140	0.999797
318	119	0.999733
361	256	0.999365
325	322	0.999083
437	367	0.999639
466	273	0.999717
151	56	0.999779
277	215	0.999072
303	227	0.99927
245	240	0.999366
443	307	0.999071
203	137	0.999696
208	155	0.999039
308	217	0.999062
350	203	0.999506
162	96	0.999967
91	58	0.99977
89	49	0.999086
98	52	0.999514
325	226	0.999951
375	239	0.99963
62	50	0.999715
391	259	0.999993
282	85	0.99912
301	179	0.999583
352	197	0.999465
295	206	0.999825
52	32	0.999594
428	212	0.999395
210	85	0.99925
319	58	0.999416
354	231	0.999113
423	352	0.999497
54	15	0.999198
265	175	0.999036
491	413	0.99906
127	91	0.999416
306	141	0.999072
263	143	0.999035
100	31	0.999884
319	223	0.999332
495	408	0.999103
309	252	0.999266
441	115	0.999715
133	108	0.99936
164	128	0.999987
297	69	0.999415
486	328	0.9998
478	393	0.999276
288	232	0.999946
299	172	0.999692
430	78	0.999839
408	282	0.999349
291	94	0.999584
381	363	0.999164
192	132	0.999062
171	118	0.99913
480	361	0.99996
397	222	0.999125
211	198	0.999816
450	253	0.999081
455	282	0.99913
225	145	0.999598
388	240	0.999524
466	383	0.999179
327	244	0.999647
181	163	0.999424
446	103	0.999019
245	64	0.99981
442	233	0.99952
497	175	0.999369
146	36	0.999211
425	314	0.999639
194	45	0.999217
69	44	0.99959
184	89	0.999814
264	88	0.999488
393	348	0.999399
455	154	0.99943
466	350	0.999703
292	209	0.999543
345	310	0.999345
169	77	0.999146
132	107	0.999129
252	213	0.999702
212	207	0.999644
422	233	0.999401
382	300	0.999517
60	28	0.999519
190	170	0.999133
235	180	0.99906
54	24	0.99913
278	57	0.999515
481	267	0.999593
203	93	0.999062
129	102	0.99974
66	37	0.999025
149	71	0.999808
381	369	0.99911
428	267	0.999656
74	68	0.999734
395	269	0.999744
171	68	0.999787
207	159	0.99977
314	223	0.999552
435	271	0.999346
407	299	0.999689
382	81	0.999786
457	440	0.999158
268	179	0.999446
101	90	0.999525
68	22	0.999248
373	175	0.999621
254	94	0.999659
481	277	0.999254
166	154	0.999086
170	50	0.999663
307	241	0.999944
213	95	0.999031
244	149	0.999571
90	48	0.999511
218	154	0.999071
321	69	0.99939
438	116	0.999242
281	277	0.999982
198	163	0.999825
324	132	0.999473
440	175	0.999761
53	40	0.99956
273	169	0.999527
235	166	0.999872
430	87	0.999122
291	62	0.999901
76	35	0.999356
406	234	0.999299
363	276	0.999016
172	117	0.999774
125	68	0.999678
494	409	0.999853
493	390	0.999818
381	117	0.999926
282	107	0.999468
380	330	0.99945
217	211	0.999743
343	115	0.999035
132	57	0.999239
163	152	0.999224
427	144	0.999976
218	194	0.999026
131	127	0.999971
223	191	0.999386
436	314	0.999165
411	302	0.999425
116	69	0.999194
476	97	0.999753
204	198	0.999405
432	344	0.999073
496	392	0.999934
318	244	0.999561
450	137	0.999406
66	49	0.999525
124	104	0.999892
183	125	0.99982
73	21	0.999118
127	77	0.999828
198	165	0.999842
355	230	0.999883
348	164	0.999034
319	84	0.99972
169	69	0.99925
234	219	0.999853
184	96	0.999485
231	46	0.999902
160	76	0.99933
208	116	0.999256
298	120	0.99932
231	57	0.999621
137	126	0.999873
468	259	0.999456
79	27	0.999299
180	138	0.999377
54	31	0.999722
495	113	0.999093
282	150	0.999658
490	296	0.99996
166	129	0.999894
187	55	0.999712
358	148	0.999939
305	174	0.999555
479	277	0.999349
122	29	0.999069
85	50	0.99913
100	98	0.999555
82	20	0.99926
61	15	0.999368
231	197	0.999482
486	180	0.9992
223	141	0.999831
475	366	0.999741
468	165	0.999335
153	38	0.999101
404	139	0.9996
265	187	0.999721
51	14	0.999309
274	69	0.999187
382	325	0.999333
233	200	0.999352
114	57	0.999135
446	182	0.99965
435	284	0.99936
301	138	0.999413
353	143	0.99962
435	373	0.99988
281	121	0.999415
438	348	0.999755
204	193	0.999835
141	107	0.999782
203	77	0.999394
349	239	0.9995
388	169	0.999333
305	241	0.999023
480	193	0.99951
483	451	0.999192
182	143	0.999496
479	270	0.999433
458	326	0.999186
53	13	0.999933
240	103	0.999395
434	104	0.999998
116	79	0.999935
273	132	0.999216
490	370	0.999538
195	44	0.99923
125	119	0.99958
326	68	0.999411
284	228	0.99962
173	170	0.999159
66	23	0.999275
406	346	0.999544
265	216	0.999348
431	406	0.999393
289	139	0.999519
365	143	0.999713
433	372	0.999662
242	139	0.999773
58	36	0.999372
76	48	0.999585
52	28	0.999832
299	54	0.999854
327	279	0.999561
158	79	0.9992
352	257	0.999184
359	205	0.999536
190	159	0.999485
138	128	0.999292
422	110	0.999193
258	85	0.999093
351	293	0.999762
373	217	0.99904
236	64	0.999196
181	55	0.999822
322	106	0.99985
302	177	0.999303
187	160	0.999408
230	43	0.999727
484	136	0.999667
342	306	0.999835
205	175	0.999825
138	115	0.999018
370	90	0.999373
273	128	0.999964
497	333	0.999125
316	276	0.999441
149	136	0.99959
408	365	0.999049
282	265	0.999779
324	233	0.999871
77	19	0.999792
323	203	0.999271
386	209	0.999781
319	304	0.999146
250	152	0.999927
417	373	0.999837
107	85	0.999837
449	173	0.999124
478	307	0.999625
228	200	0.999368
224	52	0.999656
114	95	0.999548
78	25	0.999174
428	107	0.99986
353	159	0.999473
151	150	0.999787
124	122	0.999837
308	81	0.999309
174	169	0.999456
182	87	0.999357
170	164	0.999808
500	464	0.999904
448	257	0.999528
94	32	0.999162
433	426	0.999908
281	264	0.999457
117	104	0.999604
297	113	0.999046
293	244	0.999251
146	95	0.999086
392	129	0.999433
187	160	0.999506
369	147	0.999403
176	147	0.999401
192	143	0.999745
361	328	0.999298
265	153	0.99963
253	64	0.999149
470	311	0.999847
381	345	0.999478
405	302	0.999839
368	326	0.999157
208	176	0.99975
84	67	0.999176
451	306	0.999794
296	168	0.999352
131	61	0.999866
439	154	0.999405
286	189	0.999989
477	210	0.999178
188	67	0.999859
232	73	0.999065
386	284	0.999128
266	217	0.999757
152	105	0.999641
500	186	0.999091
439	174	0.999502
153	77	0.999535
144	27	0.999896
60	26	0.999315
248	65	0.999346
212	66	0.999657
390	237	0.999553
301	58	0.999159
141	120	0.999212
443	384	0.99995
491	317	0.999867
185	110	0.999987
280	128	0.999454
259	88	0.999022
142	59	0.999429
199	167	0.999971
58	12	0.999747
318	202	0.999237
299	146	0.999877
83	78	0.999388
450	400	0.999027
193	104	0.999714
280	265	0.999209
98	93	0.999143
479	148	0.999654
290	259	0.999542
89	82	0.999375
414	121	0.9995
457	454	0.999425
351	251	0.999344
434	402	0.999989
409	350	0.999136
161	129	0.999736
363	264	0.999461
70	15	0.999592
359	75	0.999632
83	45	0.999265
424	197	0.999071
446	243	0.999844
411	341	0.999932
68	30	0.999601
315	70	0.99984
392	319	0.999295
376	137	0.999253
295	93	0.999242
485	153	0.999102
491	182	0.999634
291	60	0.999328
216	164	0.999943
212	104	0.999016
296	184	0.999788
321	142	0.999506
206	201	0.999503
453	105	0.999601
325	206	0.999048
346	93	0.999203
69	37	0.999701
430	228	0.999189
273	138	0.999227
444	289	0.999536
125	38	0.999511
477	332	0.999282
68	65	0.999689
337	276	0.99981
410	295	0.999281
383	91	0.999499
481	175	0.999219
249	51	0.999866
351	265	0.999292
250	68	0.999618
236	176	0.999696
205	60	0.999289
132	28	0.999812
484	136	0.999263
453	276	0.999247
62	28	0.99957
392	326	0.999762
303	95	0.999449
83	62	0.999754
428	87	0.9992
331	80	0.999729
223	152	0.999198
309	234	0.999897
362	241	0.999065
495	156	0.999671
475	252	0.999949
383	88	0.999392
452	86	0.999172
254	116	0.999676
435	224	0.999657
50	27	0.999502
373	194	0.999058
170	41	0.999292
211	102	0.999991
276	60	0.999282
479	357	0.999452
345	207	0.999141
285	63	0.999919
499	431	0.999577
99	25	0.999315
250	79	0.999652
230	221	0.999718
339	207	0.999878
62	28	0.999528
483	185	0.999573
447	293	0.999648
359	263	0.999557
352	129	0.999175
312	298	0.999532
139	62	0.99935
379	258	0.999554
130	24	0.999561
239	144	0.999178
235	97	0.999132
414	195	0.999459
234	92	0.999553
489	93	0.999945
474	345	0.99915
254	113	0.999959
165	100	0.999194
372	99	0.999636
456	391	0.999093
313	245	0.999637
303	227	0.99957
132	88	0.999233
149	146	0.999826
451	241	0.999505
110	66	0.999635
121	26	0.999173
244	227	0.999462
291	171	0.999641
481	264	0.999093
365	133	0.999434
177	84	0.999541
63	52	0.999119
59	40	0.999626
196	170	0.999197
361	76	0.999341
335	202	0.999636
384	304	0.999405
124	41	0.999437
451	270	0.999176
433	235	0.999472
171	91	0.999103
308	111	0.999474
148	128	0.999501
305	164	0.999383
88	22	0.999957
494	319	0.999953
98	42	0.999259
95	69	0.999409
93	48	0.999192
495	340	0.999183
437	432	0.999785
110	25	0.999565
75	55	0.999866
404	392	0.999115
363	101	0.999064
193	144	0.999089
364	86	0.999952
182	169	0.999607
215	147	0.999253
420	91	0.999602
316	58	0.999853
408	173	0.999562
387	192	0.999706
186	58	0.999996
227	57	0.999486
452	147	0.999288
58	26	0.999496
136	121	0.999405
378	352	0.999162
187	41	0.999646
173	137	0.99916
399	349	0.999733
113	28	0.999354
180	56	0.999852
150	120	0.999749
302	116	0.999276
249	138	0.999329
139	56	0.999754
108	83	0.999201
459	269	0.999986
404	143	0.999017
331	234	0.999708
305	298	0.999247
157	68	0.999883
161	81	0.999276
144	74	0.999975
423	177	0.999915
66	44	0.999115
399	281	0.999457
418	107	0.999132
158	110	0.999134
82	50	0.999274
301	176	0.999187
173	153	0.999744
466	456	0.999526
107	31	0.999847
182	49	0.999059
311	265	0.9991
199	84	0.999569
117	92	0.999502
52	28	0.999497
309	273	0.999947
107	89	0.999478
266	209	0.999496
353	171	0.999017
126	118	0.999696
396	231	0.99927
494	386	0.999572
387	124	0.999694
475	361	0.999629
94	51	0.999478
401	101	0.999894
469	164	0.999957
142	109	0.999632
242	131	0.999977
429	113	0.999149
191	130	0.999413
390	101	0.999661
195	41	0.999973
177	145	0.999375
322	320	0.99921
162	131	0.999819
426	380	0.999881
238	71	0.999426
185	52	0.999145
229	48	0.999341
486	200	0.999748
352	187	0.999745
144	83	0.999787
74	44	0.9993
214	143	0.99951
139	43	0.999599
310	151	0.99929
130	30	0.999364
446	192	0.999095
140	114	0.99962
54	11	0.999781
455	286	0.999243
316	107	0.999032
77	38	0.999737
125	72	0.999748
87	26	0.999425
351	194	0.999442
107	40	0.999561
285	233	0.999836
112	99	0.999476
256	50	0.999424
149	87	0.999191
179	36	0.999448
137	81	0.999496
352	178	0.999058
353	254	0.999537
274	60	0.999446
233	206	0.999089
215	158	0.99997
61	57	0.999757
123	57	0.999377
286	208	0.999154
221	65	0.999834
67	16	0.999238
238	77	0.999249
182	157	0.999201
484	235	0.999802
218	105	0.999063
237	189	0.999858
185	44	0.999135
315	164	0.999901
264	263	0.999896
200	105	0.999145
172	100	0.999977
180	81	0.999042
449	294	0.999294
160	30	0.99972
272	224	0.999763
460	356	0.999584
238	151	0.999392
497	214	0.999154
211	189	0.999599
265	52	0.999227
153	58	0.999451
196	124	0.999604
208	82	0.999695
355	154	0.999702
383	114	0.999793
94	42	0.999575
352	220	0.99909
109	99	0.999976
207	70	0.999649
143	134	0.999961
389	182	0.99999
494	192	0.999901
67	27	0.999598
461	104	0.999258
171	57	0.99904
400	291	0.999514
345	177	0.999158
386	158	0.999117
416	260	0.999906
96	53	0.99964
342	230	0.99916
231	150	0.999899
343	286	0.999936
455	363	0.999994
341	322	0.999691
495	133	0.999924
398	84	0.999206
357	226	0.999645
173	103	0.99927
257	230	0.999148
414	398	0.999502
456	333	0.999505
318	74	0.999461
489	388	0.999613
253	250	0.999414
407	266	0.999207
225	216	0.99924
426	260	0.999194
345	189	0.999742
422	186	0.999054
201	101	0.999801
487	116	0.999708
136	83	0.999271
464	425	0.999175
381	363	0.999326
310	273	0.999207
315	297	0.999617
484	437	0.999747
478	232	0.99936
236	157	0.999789
271	186	0.999446
460	118	0.999078
72	16	0.99944
276	72	0.999198
147	86	0.99931
161	66	0.999308
446	325	0.999501
100	30	0.999978
202	130	0.99931
198	144	0.999481
68	41	0.999116
115	97	0.999773
367	101	0.999914
343	336	0.99963
434	122	0.999608
61	48	0.999043
354	226	0.999694
251	172	0.999426
480	437	0.999569
74	60	0.999987
96	71	0.999622
352	195	0.999448
182	159	0.999406
150	61	0.999541
279	64	0.999455
313	293	0.999557
346	287	0.999751
494	397	0.999591
474	95	0.99938
495	372	0.999153
146	43	0.999949
200	143	0.99947
471	214	0.999423
416	248	0.999345
195	137	0.999386
341	130	0.999134
195	191	0.999298
104	44	0.99944
423	381	0.999996
142	30	0.999434
230	211	0.999749
471	257	0.999408
307	185	0.99924
212	52	0.999722
399	268	0.999715
366	319	0.999857
126	53	0.999746
305	65	0.999845
395	278	0.999551
392	278	0.99963
336	257	0.9991
200	42	0.999252
61	21	0.999284
276	52	0.999975
198	114	0.999891
334	257	0.999632
132	111	0.999961
464	186	0.999708
204	165	0.999343
417	347	0.999309
70	19	0.999764
170	70	0.999855
222	118	0.999088
275	109	0.999805
104	70	0.999659
247	74	0.999669
441	412	0.999458
304	86	0.999671
348	212	0.999618
152	108	0.999483
307	200	0.999464
252	160	0.99907
408	128	0.999902
152	109	0.999309
102	34	0.999612
184	164	0.999737
75	70	0.999711
164	119	0.99994
352	128	0.999276
60	29	0.999113
281	51	0.999697
343	126	0.999761
97	55	0.99941
396	275	0.99953
482	359	0.999843
456	348	0.999765
138	45	0.99984
161	152	0.999979
421	342	0.999934
259	128	0.999336
321	243	0.999228
404	86	0.999115
373	74	0.999154
417	212	0.999333
64	12	0.999243
195	47	0.99963
346	176	0.999642
157	58	0.999839
489	106	0.999879
445	152	0.999362
481	345	0.999226
446	374	0.999259
477	221	0.999655
219	98	0.999072
416	86	0.999649
421	398	0.999119
305	267	0.999637
259	157	0.9997
152	80	0.999862
75	27	0.999894
498	431	0.999017
417	260	0.999839
247	198	0.999239
187	105	0.9996
180	147	0.999998
213	134	0.999767
400	368	0.99979
293	112	0.99978
482	234	0.999053
106	75	0.999768
106	96	0.999853
248	156	0.999495
100	21	0.99949
276	74	0.999902
440	300	0.999026
315	232	0.999563
169	134	0.999607
70	27	0.999249
235	224	0.999168
306	80	0.999776
104	42	0.999695
179	91	0.999941
340	293	0.999199
82	71	0.99905
209	176	0.999665
247	51	0.999155
499	101	0.999883
359	180	0.999054
470	194	0.999339
169	150	0.999428
332	161	0.99907
390	334	0.999456
184	137	0.999517
142	44	0.999449
236	125	0.999121
172	100	0.999962
203	99	0.999915
135	110	0.999441
377	341	0.99922
490	125	0.999442
479	126	0.999793
496	330	0.999967
270	115	0.99974
457	375	0.999866
253	157	0.999617
299	143	0.999913
317	89	0.999992
232	85	0.999079
367	244	0.999732
408	349	0.999867
235	133	0.999264
381	306	0.999495
496	188	0.999742
388	140	0.99963
65	29	0.999722
462	267	0.999096
199	137	0.999069
377	154	0.999137
285	209	0.999977
243	98	0.999231
485	389	0.999078
212	182	0.999476
131	64	0.999101
425	319	0.999213
445	370	0.999506
282	61	0.999412
146	92	0.999449
248	211	0.999242
258	204	0.999769
409	265	0.999374
99	78	0.999845
267	176	0.999439
199	131	0.999875
112	70	0.999267
495	261	0.999168
239	155	0.99989
126	27	0.999157
164	54	0.9992
250	225	0.999718
406	231	0.999609
228	181	0.999493
320	70	0.999183
126	80	0.999826
200	51	0.999696
349	128	0.999076
200	151	0.999239
314	186	0.99927
353	334	0.999567
247	103	0.999424
329	270	0.999303
142	126	0.999654
352	213	0.999362
156	104	0.999875
105	50	0.999934
432	369	0.999641
162	61	0.999487
181	107	0.999185
347	158	0.999933
190	66	0.999625
268	160	0.999097
450	122	0.999015
125	45	0.999883
233	115	0.999281
383	295	0.999366
158	138	0.999402
490	215	0.999346
319	101	0.999066
248	139	0.999542
167	142	0.999459
220	113	0.999068
131	81	0.999165
418	401	0.999148
190	115	0.999943
233	158	0.999679
466	241	0.99908
98	36	0.999772
299	215	0.999589
97	90	0.999676
148	28	0.999069
372	94	0.999019
100	51	0.999743
398	243	0.9994
415	93	0.999708
447	224	0.999485
342	243	0.999244
291	170	0.999194
492	477	0.999603
492	462	0.999426
398	392	0.99997
389	279	0.999857
367	117	0.999679
162	107	0.999022
448	316	0.999335
281	120	0.9999
149	56	0.999143
395	271	0.999227
435	288	0.999332
299	235	0.999169
438	162	0.999984
311	201	0.999055
280	212	0.999867
377	283	0.999273
215	131	0.999508
264	189	0.99948
332	250	0.999752
310	187	0.999523
253	214	0.999391
116	92	0.99941
460	352	0.999683
175	70	0.999985
123	41	0.999642
355	107	0.999256
356	203	0.999103
339	312	0.999155
471	470	0.999644
290	280	0.999943
254	111	0.999058
258	98	0.99945
222	212	0.999058
238	112	0.999395
390	136	0.999677
51	31	0.999753
404	171	0.999253
303	71	0.999731
450	316	0.999456
384	267	0.99935
205	39	0.999547
79	32	0.99957
259	81	0.999823
306	288	0.999929
370	147	0.999433
436	359	0.999584
470	159	0.999323
187	37	0.99968
499	458	0.999691
81	46	0.999478
345	184	0.999888
138	50	0.99956
254	194	0.999933
87	73	0.999526
166	78	0.999356
163	101	0.999324
103	89	0.99995
341	101	0.999788
491	264	0.999848
309	107	0.999318
78	41	0.999595
309	98	0.999472
248	198	0.999937
221	166	0.999478
285	254	0.999522
368	162	0.999801
423	331	0.999628
65	18	0.999388
348	84	0.99983
175	174	0.999323
192	141	0.999635
159	115	0.99937
181	163	0.999313
467	261	0.999992
88	80	0.999958
367	346	0.999562
301	101	0.999501
156	39	0.999432
364	242	0.9999
458	416	0.999349
497	475	0.999975
315	163	0.999452
119	58	0.999028
147	106	0.999194
322	301	0.999909
128	84	0.999606
341	156	0.999134
423	219	0.99919
170	34	0.999113
278	240	0.999625
250	121	0.999863
169	57	0.999745
112	23	0.999657
94	88	0.999344
451	288	0.999391
484	209	0.999162
58	23	0.999684
265	242	0.999952
143	71	0.999635
171	105	0.999367
219	155	0.999192
168	158	0.999734
272	199	0.99955
82	76	0.999095
237	231	0.999616
371	362	0.999734
307	256	0.999502
393	391	0.999172
441	429	0.999868
238	133	0.999048
189	89	0.999226
129	60	0.999728
343	242	0.999501
133	70	0.999511
168	78	0.999021
367	76	0.999955
120	81	0.999034
96	65	0.999739
276	137	0.999173
231	207	0.999058
429	172	0.999403
500	442	0.999904
471	305	0.999294
483	336	0.999732
315	160	0.99907
292	164	0.999272
335	226	0.999066
241	141	0.999442
214	92	0.999708
85	59	0.999801
123	91	0.999913
402	343	0.999752
181	117	0.999559
191	129	0.999205
228	92	0.999623
113	30	0.999882
350	208	0.999161
267	265	0.999301
335	283	0.999607
313	193	0.999087
222	69	0.999185
69	58	0.999364
236	86	0.999219
249	118	0.999513
190	69	0.999771
320	260	0.999315
207	43	0.999383
161	71	0.999138
50	34	0.999404
329	216	0.999943
427	229	0.999771
327	197	0.999057
179	72	0.99926
400	269	0.999746
67	30	0.999447
273	250	0.999601
79	50	0.999644
464	432	0.999735
193	65	0.999675
428	152	0.999574
460	130	0.999613
223	205	0.999496
456	303	0.999054
113	43	0.999446
465	267	0.999913
138	62	0.999395
175	153	0.999358
147	45	0.99908
146	131	0.999521
405	360	0.999691
423	96	0.999939
439	92	0.999762
289	251	0.999036
393	220	0.999225
205	196	0.999896
113	61	0.999153
292	224	0.999832
107	52	0.999662
205	90	0.999665
267	156	0.999416
158	126	0.999868
320	278	0.999032
487	266	0.999154
217	68	0.999641
61	60	0.999108
183	146	0.999271
474	142	0.99927
278	156	0.999492
202	197	0.99906
421	158	0.999304
301	237	0.999138
357	338	0.999992
477	216	0.999936
395	260	0.999761
232	165	0.999404
95	77	0.999051
69	20	0.999293
498	301	0.99919
260	178	0.99936
106	102	0.999173
175	39	0.999351
73	23	0.999416
352	213	0.999402
421	305	0.999948
70	66	0.999021
210	192	0.999548
427	392	0.999363
236	97	0.999616
331	189	0.999629
332	160	0.999105
284	113	0.999608
306	184	0.999215
465	262	0.999214
278	116	0.999326
165	58	0.999139
61	38	0.999242
416	274	0.99981
276	167	0.999548
426	296	0.999697
220	121	0.999059
82	21	0.999304
141	131	0.999226
122	56	0.999583
422	197	0.999791
448	278	0.999143
430	410	0.999235
268	196	0.999334
388	112	0.999571
175	51	0.999902
177	99	0.999619
225	96	0.999846
494	115	0.999592
171	141	0.999954
103	40	0.999461
307	197	0.999238
73	38	0.999375
380	103	0.999047
469	321	0.999422
338	91	0.999941
165	156	0.999712
470	202	0.999598
461	295	0.999048
314	131	0.999172
350	228	0.99985
248	56	0.999221
291	83	0.999121
313	235	0.999128
278	277	0.999695
459	392	0.999637
430	316	0.999892
265	169	0.999789
471	149	0.999983
84	79	0.999903
360	157	0.99982
318	82	0.999707
469	273	0.999064
285	149	0.999799
99	21	0.999171
365	258	0.999273
134	68	0.999223
336	80	0.9992
273	251	0.99944
144	45	0.999343
114	92	0.99955
110	89	0.999311
350	284	0.999037
385	152	0.999335
226	74	0.999129
266	245	0.999568
235	46	0.999444
201	89	0.999627
433	260	0.999834
171	124	0.999727
469	96	0.999463
441	323	0.99958
489	387	0.999947
382	135	0.999307
214	100	0.999864
418	376	0.999063
455	419	0.999165
59	16	0.99945
161	61	0.999285
61	35	0.999095
113	109	0.999147
430	370	0.999952
190	44	0.999851
458	85	0.999088
93	25	0.999276
410	190	0.999846
428	417	0.99985
154	31	0.999652
53	44	0.999049
283	83	0.999363
168	92	0.999029
93	75	0.999613
113	66	0.999357
356	210	0.999202
489	245	0.99936
446	350	0.999772
66	45	0.999698
218	125	0.999314
144	44	0.999316
287	113	0.999962
388	343	0.999942
263	256	0.999433
113	59	0.999328
322	82	0.999765
95	37	0.999852
273	60	0.999057
497	294	0.999961
181	138	0.999548
357	104	0.999176
92	30	0.999754
357	265	0.999185
257	182	0.999496
418	184	0.999018
286	98	0.999393
345	251	0.999888
301	256	0.999219
209	207	0.99981
453	236	0.999923
283	103	0.999722
491	145	0.999764
217	95	0.999429
381	197	0.999967
370	119	0.999499
166	110	0.999661
156	128	0.999823
129	50	0.999957
388	368	0.999362
83	67	0.99966
130	113	0.999995
395	232	0.999225
267	123	0.999623
487	375	0.999561
82	69	0.999567
200	122	0.999838
500	379	0.999818
179	42	0.999526
116	30	0.999294
170	134	0.999403
176	130	0.999881
171	164	0.999555
419	296	0.999871
238	159	0.999965
99	95	0.999706
263	118	0.99992
244	60	0.999016
130	30	0.999747
196	111	0.999267
416	179	0.999748
228	172	0.999024
368	107	0.999467
379	275	0.999414
75	15	0.999549
309	222	0.999677
210	38	0.999654
261	76	0.99929
383	346	0.999814
51	13	0.999576
370	120	0.999644
114	70	0.999786
167	105	0.999832
481	253	0.99994
295	229	0.999878
300	271	0.999376
384	239	0.999895
413	321	0.999572
52	27	0.999141
123	41	0.999615
436	284	0.999057
111	106	0.999107
276	97	0.999521
134	44	0.999892
426	207	0.999278
95	91	0.999783
362	102	0.999599
385	200	0.999083
244	237	0.999705
496	107	0.999967
154	132	0.999208
51	43	0.999443
115	84	0.999538
473	324	0.999336
365	66	0.999292
476	392	0.999593
461	381	0.999815
150	68	0.999755
134	67	0.999131
362	254	0.999953
265	226	0.999688
287	216	0.999739
258	109	0.999212
359	286	0.999826
266	245	0.999397
170	116	0.999696
158	112	0.999167
361	302	0.999233
385	336	0.999867
213	117	0.999546
292	98	0.999797
481	316	0.999908
453	394	0.999788
491	330	0.999599
405	126	0.999087
239	119	0.999897
91	32	0.999774
105	31	0.999794
332	297	0.999051
342	76	0.999643
476	104	0.999486
336	107	0.999053
175	169	0.999785
73	66	0.999224
201	80	0.999715
409	227	0.999174
56	50	0.999395
357	318	0.999398
466	153	0.999121
442	385	0.999421
445	89	0.999454
432	415	0.999599
376	138	0.999077
246	92	0.999265
354	266	0.999127
362	267	0.999173
425	408	0.999493
401	351	0.999993
385	244	0.999045
58	36	0.999049
374	370	0.999874
247	182	0.999997
463	214	0.999206
151	102	0.999959
120	50	0.999661
419	406	0.999314
420	115	0.999229
404	168	0.999108
196	96	0.99945
460	380	0.999975
218	156	0.999252
345	105	0.999156
436	403	0.99956
108	30	0.999926
122	24	0.99966
199	164	0.999086
271	242	0.99915
474	216	0.99996
426	99	0.999794
184	60	0.999583
475	314	0.999457
334	87	0.999833
469	158	0.999508
420	287	0.999028
383	77	0.99961
366	299	0.999409
98	80	0.999662
438	338	0.999065
219	138	0.999576
57	13	0.999375
197	66	0.999695
445	295	0.999843
356	209	0.999335
380	368	0.999393
381	116	0.999143
307	89	0.999649
337	169	0.999282
137	116	0.999575
200	157	0.999376
493	262	0.999603
494	175	0.999328
62	29	0.999474
108	103	0.999571
278	252	0.999403
373	76	0.999231
161	140	0.999625
494	185	0.999764
351	132	0.999375
387	333	0.999374
355	204	0.999961
424	97	0.999702
480	141	0.999506
233	138	0.99983
331	263	0.999774
202	51	0.999599
168	51	0.999647
360	269	0.999934
183	77	0.999751
449	102	0.999896
334	170	0.99953
187	143	0.999441
449	283	0.999996
370	181	0.999744
120	43	0.999782
343	112	0.999199
450	334	0.999982
469	89	0.999445
168	150	0.999197
330	137	0.999291
475	113	0.999554
95	34	0.999518
317	185	0.999391
387	114	0.999995
118	22	0.999657
118	110	0.999071
408	308	0.999894
181	162	0.999572
79	34	0.999545
163	54	0.999063
497	364	0.999493
443	96	0.999857
429	222	0.999174
68	42	0.999604
137	77	0.999904
60	13	0.999076
179	122	0.99939
428	398	0.999618
196	161	0.999607
87	44	0.999192
409	194	0.999218
105	79	0.999117
203	196	0.999562
70	62	0.999152
168	87	0.999275
371	211	0.999314
178	128	0.999757
260	123	0.999327
188	43	0.99905
180	107	0.999843
434	393	0.999249
249	144	0.99974
479	89	0.99972
409	164	0.999568
285	160	0.999193
435	238	0.999352
401	201	0.999123
79	52	0.999416
328	277	0.999149
216	74	0.9994
400	98	0.999251
371	187	0.999427
165	84	0.999117
331	179	0.999899
358	353	0.999823
75	33	0.999076
176	106	0.999239
157	47	0.999914
123	63	0.999918
130	101	0.99989
464	453	0.99925
497	462	0.999857
397	368	0.999164
409	340	0.999323
255	112	0.999385
471	428	0.99944
436	93	0.999641
195	46	0.999922
397	126	0.999716
153	53	0.999367
109	40	0.999499
270	63	0.999862
493	123	0.999487
203	123	0.999411
478	293	0.99981
240	235	0.999294
89	17	0.999423
263	155	0.999763
406	224	0.999294
438	327	0.999694
424	423	0.999812
169	147	0.999899
119	82	0.999266
428	247	0.999278
261	94	0.999938
64	55	0.999266
454	419	0.999076
223	98	0.999032
92	79	0.999978
346	186	0.999037
193	151	0.999365
391	306	0.999556
421	250	0.999453
339	333	0.999682
146	73	0.999742
447	84	0.999945
328	127	0.999661
433	275	0.999918
337	235	0.999789
81	53	0.999868
189	145	0.999916
108	21	0.999344
374	121	0.999025
54	19	0.999538
453	295	0.999719
258	211	0.999112
419	386	0.999208
365	266	0.999412
351	272	0.999074
456	160	0.999394
485	108	0.999038
295	110	0.999642
360	114	0.99915
152	39	0.999861
140	44	0.999738
230	218	0.999334
319	155	0.999935
117	44	0.999447
269	62	0.999244
421	177	0.99979
264	120	0.99918
212	84	0.999533
87	64	0.999028
440	378	0.999811
59	48	0.999575
388	152	0.999921
283	240	0.999821
182	107	0.999895
58	22	0.999217
351	192	0.99965
252	70	0.999469
90	43	0.999071
122	77	0.999482
386	358	0.999736
258	123	0.999922
208	103	0.999577
393	207	0.999204
383	291	0.999706
386	76	0.999674
349	327	0.999771
360	140	0.999228
275	189	0.999531
353	266	0.999841
129	128	0.999639
188	158	0.999546
261	93	0.999486
247	229	0.999049
434	352	0.999542
480	435	0.999749
390	320	0.999991
269	201	0.999492
388	195	0.999754
413	300	0.999047
218	209	0.999899
446	228	0.999861
383	213	0.99914
482	158	0.999381
91	53	0.99993
179	111	0.999465
406	81	0.999676
463	317	0.999031
365	117	0.999389
159	121	0.999434
66	50	0.99919
442	106	0.999863
486	203	0.999112
414	381	0.999813
280	74	0.999121
142	82	0.999805
375	355	0.999681
74	49	0.999913
281	199	0.999628
455	85	0.999405
229	186	0.999387
180	69	0.999356
74	26	0.999937
58	44	0.999609
350	167	0.999482
362	255	0.999161
149	125	0.999996
310	299	0.999468
333	155	0.999706
376	218	0.999445
445	375	0.99973
484	151	0.999944
449	257	0.999505
140	62	0.999462
440	378	0.999642
467	368	0.999386
340	92	0.9993
201	63	0.999846
202	111	0.999227
107	61	0.999195
213	46	0.999343
375	209	0.999957
386	256	0.999956
221	186	0.999984
343	146	0.999734
164	145	0.999842
440	148	0.999023
335	73	0.999566
440	295	0.999085
200	53	0.999209
468	431	0.999377
382	281	0.999062
236	183	0.999306
102	100	0.999319
76	72	0.999411
337	156	0.999388
135	64	0.999967
211	146	0.999063
183	173	0.999776
364	241	0.999692
183	45	0.999446
308	254	0.999921
384	305	0.999853
103	86	0.999942
325	136	0.999896
218	211	0.999678
167	94	0.999304
84	22	0.999752
468	366	0.999408
486	466	0.999427
157	145	0.999039
358	143	0.99906
225	49	0.999236
420	327	0.999975
363	304	0.999402
401	355	0.999265
484	468	0.999563
288	200	0.999211
130	94	0.999247
486	304	0.999096
222	186	0.999057
332	194	0.999947
401	332	0.999632
398	212	0.999986
194	186	0.99947
120	71	0.999664
391	101	0.999196
367	233	0.999203
340	94	0.999987
335	222	0.999696
64	46	0.999309
467	257	0.999359
239	219	0.999392
319	260	0.99924
113	62	0.99991
409	368	0.999801
495	144	0.999501
369	362	0.999083
97	58	0.999484
71	41	0.999848
361	171	0.999558
460	234	0.999259
74	48	0.999774
302	174	0.999395
214	118	0.999088
95	46	0.999279
69	43	0.999354
226	202	0.999219
412	376	0.999166
337	122	0.999533
463	262	0.999775
185	170	0.999271
416	273	0.999259
166	128	0.999271
491	208	0.999526
298	195	0.99965
371	85	0.999473
385	129	0.99988
397	358	0.999059
149	52	0.9991
363	124	0.999931
496	253	0.999192
223	41	0.999262
418	321	0.999229
58	56	0.999577
373	209	0.999629
106	68	0.999815
367	143	0.999353
312	264	0.99962
412	149	0.999679
52	42	0.999874
284	148	0.999687
89	41	0.999239
209	145	0.999367
120	97	0.9998
467	207	0.999441
411	196	0.999665
149	84	0.999793
378	100	0.999959
179	102	0.999965
226	134	0.9995
424	301	0.999531
390	311	0.999345
164	85	0.999692
118	87	0.999221
105	76	0.999384
270	94	0.999679
166	72	0.999023
137	55	0.999732
71	57	0.999423
190	51	0.999113
470	394	0.999286
94	41	0.999556
412	78	0.999275
284	213	0.999243
350	267	0.999247
297	228	0.999119
125	119	0.999706
219	217	0.999806
496	243	0.999038
77	26	0.999399
144	104	0.999107
447	179	0.99985
139	54	0.99911
483	373	0.999389
432	393	0.999333
431	238	0.999851
374	181	0.999538
462	219	0.99906
385	74	0.999988
342	128	0.999957
289	114	0.999159
230	152	0.999492
138	136	0.999112
340	126	0.999553
150	136	0.999652
469	102	0.999159
314	159	0.999396
60	16	0.999475
124	66	0.999273
473	267	0.999779
487	341	0.999092
411	357	0.999852
166	149	0.999211
228	215	0.99914
102	22	0.99953
151	39	0.999451
392	294	0.999118
499	256	0.999036
307	139	0.999543
100	47	0.999217
59	47	0.99914
321	140	0.99989
185	103	0.99946
66	38	0.999392
86	31	0.999278
397	126	0.999319
321	62	0.999606
429	320	0.99928
328	215	0.999774
334	329	0.999268
75	49	0.99943
349	311	0.999791
471	413	0.999412
276	58	0.999863
73	46	0.999595
389	307	0.999737
248	189	0.999055
250	86	0.999211
149	75	0.999566
410	170	0.999986
312	80	0.999691
86	50	0.999103
388	316	0.999912
396	321	0.999112
478	299	0.999978
397	343	0.999878
117	97	0.999742
207	192	0.999155
72	17	0.999906
94	62	0.999093
468	214	0.999955
359	116	0.999488
62	32	0.999079
279	234	0.999219
189	43	0.999819
231	185	0.999303
439	190	0.999891
321	292	0.999578
180	162	0.99974
424	143	0.999557
282	89	0.99952
441	403	0.999336
410	274	0.999607
211	160	0.999437
178	98	0.999702
149	142	0.999486
442	255	0.999843
468	229	0.99943
314	74	0.999877
326	130	0.999223
55	40	0.999787
215	44	0.999437
470	469	0.999238
234	90	0.99912
282	89	0.999991
339	155	0.999532
347	146	0.999125
277	178	0.999765
129	99	0.999537
358	189	0.999684
357	347	0.999993
317	149	0.999458
83	78	0.999839
435	145	0.999483
387	206	0.999457
496	113	0.999219
277	85	0.999429
448	390	0.999285
244	208	0.999626
394	231	0.999556
377	117	0.999944
319	72	0.999618
296	227	0.999113
142	47	0.999925
241	212	0.999898
473	260	0.999524
434	127	0.999619
214	79	0.999699
386	324	0.999773
352	193	0.999859
262	70	0.999886
111	37	0.999588
173	154	0.999916
92	59	0.999206
406	104	0.999775
476	221	0.99998
161	119	0.999502
104	72	0.999512
425	187	0.999977
92	41	0.999957
154	46	0.99968
365	123	0.999082
302	108	0.999802
112	29	0.999862
190	116	0.999986
289	262	0.99993
105	95	0.99956
184	86	0.999468
470	242	0.99965
353	101	0.999854
133	132	0.999099
131	128	0.999974
212	178	0.99924
109	92	0.999568
413	368	0.999798
204	202	0.999661
355	347	0.999982
371	118	0.999273
170	117	0.99926
380	265	0.999477
373	239	0.999723
193	80	0.999575
459	124	0.999231
259	55	0.999949
391	213	0.99995
275	231	0.999393
223	139	0.99963
371	286	0.999437
331	238	0.999033
384	347	0.999563
239	162	0.999813
92	17	0.999597
255	188	0.999443
261	256	0.999251
171	118	0.999135
460	352	0.999836
199	193	0.999873
201	169	0.999264
424	306	0.999224
138	75	0.999358
315	99	0.999228
172	113	0.999744
88	32	0.999721
360	159	0.999861
402	342	0.999848
312	239	0.99904
449	330	0.99908
123	90	0.999343
402	325	0.999754
169	63	0.999079
169	168	0.999316
367	223	0.999488
422	403	0.999964
389	331	0.999597
421	241	0.99982
340	98	0.999831
373	171	0.999836
227	163	0.999411
456	370	0.999158
106	97	0.999803
472	129	0.999336
118	61	0.999554
51	28	0.999465
400	287	0.999823
53	30	0.999696
253	245	0.999394
102	71	0.999309
439	157	0.999308
132	62	0.999247
192	186	0.999861
194	46	0.999837
112	39	0.999901
472	241	0.999079
288	81	0.999871
353	192	0.99938
485	395	0.999706
87	36	0.99903
245	79	0.999461
220	105	0.999728
207	193	0.9994
165	151	0.99926
63	20	0.999956
54	40	0.999637
314	259	0.999119
435	212	0.999576
415	334	0.999498
58	18	0.999475
265	144	0.99913
230	195	0.999655
306	295	0.999803
58	14	0.999076
204	162	0.999251
165	118	0.999306
429	264	0.999382
114	36	0.999316
146	49	0.999018
182	110	0.999811
181	95	0.999439
98	22	0.99937
456	318	0.999231
258	245	0.999808
76	28	0.999536
195	148	0.999641
120	23	0.999777
198	58	0.999353
126	112	0.999646
282	203	0.999556
495	198	0.999174
195	168	0.999191
499	144	0.999198
79	29	0.999072
247	200	0.999739
492	379	0.999958
76	40	0.99981
244	130	0.999349
339	236	0.999279
359	217	0.999396
401	151	0.999934
464	206	0.999807
99	80	0.999752
207	90	0.999093
250	112	0.999276
414	225	0.999547
96	53	0.999302
426	159	0.999865
61	22	0.999991
121	89	0.999274
458	364	0.999327
94	30	0.999786
350	311	0.999349
385	177	0.999554
119	39	0.999709
204	119	0.99942
188	163	0.999834
259	102	0.999807
282	248	0.999271
498	319	0.999082
87	25	0.999653
490	468	0.999342
318	276	0.999335
396	214	0.999935
336	330	0.999936
154	93	0.999336
381	109	0.999892
57	35	0.999442
183	76	0.999528
199	140	0.999613
456	88	0.999548
329	272	0.999592
155	153	0.999614
75	20	0.999912
240	224	0.999495
434	419	0.999077
384	139	0.99908
345	223	0.999064
475	249	0.999941
371	362	0.999589
397	392	0.99996
475	356	0.999938
427	78	0.9994
51	12	0.999755
264	221	0.999513
123	82	0.999506
116	68	0.999237
465	451	0.999284
147	122	0.999498
254	92	0.999993
321	79	0.999826
287	122	0.999872
393	78	0.999446
180	101	0.999064
108	23	0.999471
209	97	0.999509
165	54	0.999384
324	211	0.999264
240	233	0.999849
160	95	0.999606
437	186	0.999781
169	72	0.999329
383	275	0.999117
213	96	0.999036
478	317	0.999389
55	44	0.999976
111	40	0.999535
87	75	0.999809
223	198	0.99951
293	142	0.999589
129	91	0.999252
168	41	0.999323
191	67	0.999305
202	151	0.999949
168	46	0.99977
238	57	0.999457
498	487	0.999486
143	69	0.999176
364	220	0.99902
203	118	0.99956
200	67	0.999313
301	157	0.999959
198	186	0.999299
358	119	0.999228
346	208	0.999755
262	242	0.999744
81	35	0.999967
68	52	0.999405
443	118	0.999494
313	111	0.99939
333	103	0.999388
450	257	0.999998
60	22	0.99996
405	261	0.999223
52	15	0.999813
427	252	0.999527
257	248	0.999676
387	340	0.999783
363	284	0.999883
156	62	0.99961
173	110	0.999665
158	55	0.999752
251	137	0.999187
123	72	0.999592
204	185	0.999555
470	99	0.999524
330	226	0.999913
490	251	0.999928
401	85	0.999824
254	134	0.999755
405	135	0.999232
310	94	0.999607
73	25	0.999876
319	61	0.999576
127	99	0.999924
136	50	0.999835
407	296	0.999076
309	169	0.999349
488	445	0.999476
296	70	0.999577
280	59	0.999554
383	126	0.999248
460	197	0.999881
421	289	0.999409
116	75	0.999258
422	320	0.999642
387	122	0.999049
62	17	0.999275
357	349	0.999982
373	82	0.99945
273	96	0.999581
262	167	0.999804
206	43	0.9998
200	197	0.999359
214	66	0.999035
277	149	0.999913
97	66	0.999801
279	235	0.999593
55	46	0.999315
335	88	0.999744
442	86	0.999742
185	37	0.999023
100	89	0.999447
476	202	0.999507
107	105	0.999982
186	78	0.999998
153	60	0.999187
53	32	0.999285
288	123	0.999992
430	422	0.999624
483	127	0.999845
416	323	0.999362
181	134	0.999161
206	145	0.999849
98	96	0.999652
477	178	0.999967
302	87	0.999481
125	64	0.999433
289	142	0.999325
387	270	0.999543
204	200	0.999032
397	339	0.999351
402	216	0.999924
244	182	0.99989
362	283	0.999477
132	60	0.999487
227	102	0.999979
183	101	0.999932
110	54	0.999285
136	129	0.999978
412	272	0.999309
53	35	0.999946
168	143	0.999821
275	60	0.999924
324	182	0.99915
128	109	0.999652
302	244	0.999875
437	379	0.999445
188	88	0.999926
414	376	0.999421
301	228	0.999774
99	62	0.999939
239	124	0.999097
265	170	0.999046
299	68	0.999342
460	359	0.999564
474	312	0.99984
388	102	0.999259
258	153	0.99917
418	332	0.999811
82	41	0.999448
190	45	0.999794
238	73	0.999914
452	152	0.999031
265	251	0.999333
106	78	0.999423
111	67	0.999305
83	19	0.999598
207	77	0.999741
469	295	0.9997
312	97	0.999582
265	237	0.999026
190	180	0.999094
99	56	0.999426
282	168	0.999987
387	93	0.999494
171	40	0.999513
361	294	0.999591
93	69	0.999788
362	130	0.999545
175	162	0.999352
396	121	0.999906
479	235	0.99935
169	41	0.999517
129	57	0.999632
203	53	0.999496
353	268	0.999963
68	35	0.999035
356	79	0.999775
499	224	0.999695
453	93	0.999454
494	403	0.999383
494	181	0.999246
55	44	0.999291
468	350	0.999764
91	21	0.999635
293	104	0.999257
277	91	0.999777
371	82	0.999725
481	273	0.999043
491	454	0.999148
401	343	0.999259
429	233	0.999021
384	271	0.999228
277	131	0.999986
161	103	0.999745
309	142	0.999967
337	309	0.999684
357	135	0.999373
198	162	0.999678
478	189	0.999334
107	95	0.999259
445	372	0.999426
213	185	0.999749
449	426	0.99982
478	395	0.999185
241	204	0.999598
480	346	0.999251
162	116	0.999286
171	101	0.999347
180	96	0.9996
179	51	0.999615
259	88	0.999784
146	142	0.999059
312	180	0.999537
362	228	0.999142
490	102	0.999642
197	76	0.999563
162	57	0.9994
83	75	0.999064
129	100	0.999157
111	25	0.999148
390	107	0.999288
65	56	0.999249
388	135	0.999471
374	251	0.999131
403	139	0.999379
384	136	0.999724
292	264	0.999095
138	27	0.999376
126	53	0.99995
291	124	0.999664
364	102	0.99997
156	34	0.999986
228	112	0.99915
455	329	0.999376
309	165	0.999284
294	105	0.999482
390	369	0.999642
188	75	0.999993
385	292	0.99922
62	44	0.999916
171	126	0.999817
325	66	0.999765
240	210	0.999735
84	16	0.999483
191	42	0.999854
436	107	0.999401
434	224	0.999651
113	104	0.999604
