4000
97	37	0.999964
342	204	0.999399
499	338	0.999438
380	248	0.99926
58	21	0.999793
353	124	0.999258
366	131	0.999248
457	426	0.999558
467	422	0.999277
224	110	0.999818
313	85	0.999592
279	274	0.999392
80	73	0.999711
408	227	0.999422
66	46	0.999446
73	67	0.999385
102	97	0.999982
222	151	0.999255
120	45	0.999324
369	320	0.999729
465	305	0.999503
427	144	0.999622
56	15	0.999263
145	94	0.999696
74	52	0.999941
397	90	0.999422
296	244	0.999791
495	401	0.999626
485	319	0.99998
215	88	0.999668
52	25	0.999677
418	145	0.999311
355	218	0.999606
316	116	0.999882
351	131	0.999645
282	242	0.999249
147	50	0.999641
178	102	0.999619
495	401	0.999661
263	155	0.999509
389	378	0.999905
253	133	0.999759
102	51	0.999826
181	154	0.999961
81	67	0.999248
171	66	0.999462
186	59	0.999561
196	92	0.999984
483	171	0.999299
274	249	0.999982
269	187	0.999605
391	376	0.999944
238	235	0.999307
417	344	0.999949
64	55	0.999719
318	208	0.999397
449	435	0.999771
171	51	0.999814
212	84	0.999543
305	253	0.999347
170	131	0.99976
411	169	0.999893
392	227	0.999277
313	192	0.999478
227	171	0.999246
250	152	0.999574
322	248	0.999823
366	135	0.999985
259	100	0.999619
428	145	0.999823
336	180	0.999978
109	90	0.999325
177	154	0.999584
170	96	0.999249
193	120	0.999998
218	120	0.99973
149	126	0.999822
157	151	0.999554
354	351	0.99927
286	282	0.999462
184	156	0.999428
324	187	0.999636
447	404	0.999614
344	229	0.999883
310	175	0.999821
126	115	0.999552
272	213	0.999574
241	229	0.999887
121	89	0.999299
436	120	0.999427
216	182	0.99987
103	42	0.999722
180	104	0.999413
352	101	0.999454
414	111	0.999377
128	35	0.999933
396	261	0.999896
73	70	0.999546
498	117	0.999918
325	130	0.999335
409	338	0.999316
368	221	0.99944
397	242	0.999449
58	46	0.999379
318	102	0.999893
206	170	0.999967
442	356	0.999741
361	281	0.99998
277	175	0.999686
206	96	0.999571
134	129	0.999654
272	113	0.999547
301	183	0.99947
466	290	0.999304
357	172	0.999952
317	240	0.999939
67	28	0.99966
83	33	0.999903
247	243	0.999281
263	182	0.999583
122	61	0.999924
198	113	0.99941
71	45	0.999902
53	20	0.999272
416	247	0.999403
103	29	0.999995
231	136	0.99944
74	64	0.999496
500	423	0.999739
424	209	0.999654
442	400	0.999806
84	62	0.999427
495	245	0.999583
64	46	0.999311
268	91	0.999583
428	425	0.999928
63	46	0.999779
470	434	0.99934
211	197	0.999534
315	72	0.999261
229	225	0.999361
484	207	0.999354
50	19	0.999898
200	169	0.999286
329	240	0.99982
119	67	0.999403
406	291	0.999987
409	351	0.999864
132	30	0.999585
397	294	0.999971
425	131	0.999929
162	159	0.999437
112	97	0.999664
159	106	0.999247
179	162	0.999653
128	54	0.999538
322	228	0.999386
445	316	0.999647
101	61	0.999735
298	213	0.999611
352	150	0.999677
102	69	0.99971
159	98	0.999372
393	327	0.999537
160	148	0.999921
56	39	0.999431
435	319	0.999974
261	99	0.999656
148	94	0.999911
52	20	0.999522
133	75	0.999774
228	185	0.999791
254	119	0.999502
287	286	0.999511
166	132	0.999944
202	84	0.999972
106	58	0.999992
58	37	0.999629
88	66	0.99989
121	44	0.999303
200	167	0.999697
245	201	0.999425
426	379	0.999637
479	342	0.999264
243	220	0.999505
421	98	0.999831
147	79	0.999564
239	82	0.999853
356	315	0.999482
129	109	0.99933
380	161	0.999959
149	117	0.999349
406	403	0.999333
215	139	0.99994
118	43	0.999794
437	203	0.999905
182	154	0.999935
221	82	0.999302
55	41	0.999753
274	188	0.99927
355	254	0.999501
186	106	0.999338
478	165	0.99985
411	227	0.999688
189	45	0.999289
176	95	0.999353
434	162	0.999866
439	249	0.999428
351	329	0.999403
245	242	0.999806
275	119	0.999425
311	110	0.999515
185	154	0.99936
173	124	0.999554
283	115	0.999723
188	167	0.999633
290	74	0.999919
122	30	0.999871
258	61	0.999705
375	112	0.999443
456	263	0.999972
445	296	0.999335
453	406	0.999481
467	427	0.99928
86	66	0.999431
98	48	0.999644
71	17	0.999245
227	201	0.999348
164	88	0.999369
273	109	0.999577
355	184	0.999782
156	72	0.999533
288	246	0.999273
249	141	0.999888
149	145	0.999444
187	125	0.99944
431	315	0.999694
309	258	0.999905
460	359	0.999322
65	29	0.999484
234	76	0.999521
219	137	0.999301
228	174	0.999859
303	232	0.999257
402	326	0.999681
350	258	0.999629
447	434	0.999871
275	190	0.999615
155	139	0.999659
443	364	0.999512
80	28	0.999521
384	221	0.999677
76	60	0.999911
65	62	0.999626
168	161	0.999644
137	122	0.999999
120	116	0.999636
121	87	0.999465
314	224	0.999958
388	379	0.999857
254	137	0.999821
71	53	0.999646
130	29	0.999291
103	102	0.999729
109	37	0.999392
125	54	0.999598
434	258	0.99993
254	237	0.999506
170	119	0.999879
269	198	0.999703
500	212	0.999572
302	271	0.999341
147	129	0.999874
497	351	0.999967
124	120	0.999525
151	41	0.999732
401	153	0.99927
286	91	0.99987
445	336	0.999675
175	138	0.99969
155	91	0.999576
66	19	0.999537
436	277	0.99956
108	65	0.999719
427	169	0.999338
488	190	0.99974
201	161	0.999845
319	303	0.999918
465	296	0.999558
485	221	0.99932
439	353	0.999576
56	27	0.999651
450	321	0.999299
119	33	0.999478
68	50	0.999865
275	154	0.999784
488	353	0.999967
442	296	0.999977
414	268	0.999298
377	199	0.999576
456	239	0.999959
346	160	0.999961
494	245	0.999551
121	111	0.999855
477	416	0.999921
469	397	0.999979
399	331	0.999908
281	97	0.999906
125	68	0.999774
282	150	0.999437
384	133	0.999592
364	173	0.999591
215	96	0.999263
201	125	0.999275
178	158	0.999976
264	234	0.999394
474	184	0.999397
251	249	0.99937
151	91	0.99954
478	113	0.999457
102	34	0.999565
440	432	0.999442
92	89	0.999319
56	13	0.999391
338	254	0.999808
444	395	0.999985
444	441	0.999929
131	66	0.999304
276	275	0.999958
340	254	0.999539
297	261	0.999906
392	202	0.999487
500	476	0.999966
441	153	0.999461
209	192	0.999523
120	33	0.999382
344	296	0.999901
269	217	0.999975
401	260	0.999439
230	175	0.999876
234	160	0.999745
451	122	0.999744
451	103	0.999608
201	154	0.999304
277	190	0.999695
314	279	0.999911
326	166	0.999756
457	450	0.999538
418	189	0.999757
368	155	0.999504
386	332	0.999571
381	88	0.999686
265	249	0.99942
412	210	0.999862
215	177	0.999487
196	133	0.999434
480	368	0.999967
205	106	0.999254
294	152	0.999527
411	171	0.999743
404	111	0.99997
450	420	0.999276
53	45	0.999561
111	77	0.999491
78	46	0.999882
466	423	0.999996
387	355	0.999712
147	39	0.999257
161	45	0.999363
81	42	0.99966
361	216	0.999757
183	108	0.999702
147	39	0.999502
72	34	0.999493
284	252	0.999713
241	179	0.999676
82	56	0.999849
460	242	0.999322
128	51	0.999762
434	335	0.999946
353	271	0.999826
395	337	0.999245
438	190	0.999721
50	22	0.999455
338	96	0.999865
376	345	0.999886
270	108	0.999924
245	212	0.999786
365	113	0.999427
129	71	0.999512
393	264	0.999716
314	76	0.999774
255	231	0.999665
241	157	0.999315
269	234	0.999679
140	95	0.999264
128	107	0.99988
447	200	0.999518
422	197	0.999606
390	359	0.999577
141	44	0.999633
111	75	0.999977
410	292	0.999498
101	89	0.999703
330	304	0.999701
396	122	0.999338
203	195	0.99972
248	237	0.999681
476	285	0.999958
276	148	0.999759
336	219	0.999298
328	291	0.999712
106	67	0.999309
307	268	0.999616
152	148	0.999284
138	64	0.999587
343	201	0.999939
274	144	0.999757
405	149	0.999281
226	118	0.999406
441	397	0.999251
148	64	0.999936
458	443	0.999906
137	69	0.999822
208	199	0.999349
194	183	0.999296
311	197	0.999368
121	40	0.999726
240	234	0.999769
257	181	0.999979
174	166	0.999559
177	137	0.999553
67	45	0.999366
181	90	0.999586
186	84	0.999252
95	79	0.999895
72	56	0.999415
407	105	0.999356
461	119	0.999558
114	66	0.999434
133	113	0.999958
259	107	0.999953
245	98	0.999296
265	192	0.99932
158	87	0.999784
219	165	0.999804
197	54	0.999481
328	75	0.99945
312	247	0.999314
230	76	0.999846
477	474	0.99985
367	330	0.999982
206	121	0.999809
177	97	0.999816
296	290	0.99933
392	373	0.999478
123	76	0.999377
478	131	0.999513
351	143	0.999493
250	161	0.999458
59	25	0.99941
450	333	0.999416
436	248	0.999389
166	76	0.999652
259	162	0.999736
269	219	0.999826
69	67	0.999691
187	119	0.99966
284	283	0.999265
131	77	0.999908
221	189	0.99946
60	59	0.999482
260	237	0.999499
203	60	0.999843
197	86	0.999984
428	282	0.999623
306	158	0.999897
233	177	0.999435
59	33	0.99967
441	224	0.999824
363	273	0.999294
258	128	0.999697
320	270	0.999752
145	118	0.999753
170	39	0.999781
109	66	0.999889
405	288	0.99997
330	106	0.999766
448	423	0.99963
464	113	0.999472
293	96	0.999487
56	17	0.999905
435	300	0.999749
404	306	0.999323
437	176	0.999335
240	105	0.999956
293	152	0.999673
480	129	0.999695
151	91	0.999519
170	87	0.999719
293	71	0.999471
90	30	0.999981
372	235	0.999864
145	120	0.99976
117	77	0.999895
438	200	0.999379
351	226	0.999624
95	30	0.999791
368	154	0.99994
426	221	0.999257
188	116	0.999309
145	48	0.99988
105	27	0.99974
62	30	0.999997
434	304	0.999744
378	147	0.999664
441	133	0.99983
71	53	0.999279
331	105	0.99967
341	175	0.999896
275	273	0.999784
449	109	0.999608
200	91	0.999552
379	123	0.999455
434	268	0.999532
268	139	0.999709
243	193	0.999759
128	81	0.999778
148	57	0.999672
170	129	0.999322
476	401	0.999298
401	271	0.999758
348	290	0.999677
267	235	0.99942
160	94	0.999902
294	171	0.999813
52	49	0.99953
268	184	0.999603
436	298	0.999602
355	281	0.999813
253	217	0.999812
108	50	0.999786
380	165	0.999506
101	32	0.999779
207	194	0.999332
380	128	0.99935
200	156	0.999406
144	43	0.999928
168	126	0.999361
79	75	0.999769
275	212	0.999366
408	289	0.999908
258	116	0.999421
341	144	0.999964
305	152	0.999324
154	147	0.999716
251	69	0.999798
333	152	0.999698
320	233	0.999938
157	59	0.999927
172	79	0.999872
492	290	0.999509
246	217	0.999905
281	82	0.999245
425	184	0.999411
201	173	0.999566
109	44	0.999442
245	158	0.999326
403	206	0.999789
465	113	0.999673
386	287	0.999743
333	140	0.999403
209	56	0.999784
80	72	0.999579
315	247	0.999718
430	386	0.999699
275	159	0.999947
222	103	0.999366
142	60	0.999465
334	76	0.999988
268	175	0.999501
386	96	0.999445
247	67	0.99956
410	331	0.99947
51	18	0.999317
406	305	0.999612
436	347	0.999502
274	127	0.999608
267	149	0.999246
309	126	0.999938
94	90	0.999657
316	147	0.999469
76	63	0.99962
381	331	0.9999
428	173	0.999634
453	263	0.999608
250	178	0.999572
80	76	0.999466
444	148	0.999834
353	185	0.999332
440	258	0.999862
262	79	0.999695
426	144	0.99955
232	96	0.999848
405	376	0.999995
499	395	0.999957
210	169	0.999619
363	319	0.999811
120	90	0.999799
82	60	0.999675
399	319	0.999858
358	309	0.999816
382	150	0.999369
147	47	0.999556
110	101	0.999321
464	452	0.999502
381	141	0.999491
216	141	0.99978
89	80	0.999267
338	280	0.999535
292	275	0.999325
265	120	0.999663
344	317	0.999359
308	223	0.999565
68	20	0.999382
256	121	0.999721
254	118	0.99989
475	463	0.99988
495	175	0.999521
377	154	0.999542
280	94	0.999763
206	179	0.999494
69	24	0.999692
410	365	0.999581
405	348	0.999488
224	145	0.999774
299	70	0.999791
324	167	0.999589
367	318	0.999351
343	116	0.999481
276	97	0.999441
230	154	0.999675
429	226	0.999533
328	239	0.999419
262	208	0.999846
397	274	0.999396
318	95	0.999856
181	105	0.999809
301	157	0.999824
281	83	0.999533
310	247	0.999868
229	151	0.999301
323	316	0.999432
132	127	0.999332
362	83	0.99985
432	137	0.999462
445	259	0.999558
294	73	0.999747
490	312	0.999521
357	159	0.999893
54	34	0.999307
165	98	0.999484
105	41	0.999493
202	104	0.999667
227	217	0.999647
417	252	0.999655
354	136	0.999567
65	28	0.999499
218	180	0.999701
385	352	0.999558
350	254	0.999717
459	182	0.999667
372	335	0.999366
398	273	0.999564
76	59	0.999819
122	54	0.999624
157	114	0.999334
76	57	0.999906
471	173	0.999647
353	98	0.99943
455	230	0.999678
285	217	0.999984
116	69	0.999792
154	47	0.999773
478	427	0.999543
411	211	0.999325
389	285	0.999791
290	145	0.999425
378	182	0.999648
185	95	0.99945
222	133	0.999742
367	352	0.999568
248	214	0.999838
438	334	0.999574
356	231	0.999704
303	119	0.999753
218	145	0.99934
209	118	0.999933
247	211	0.999552
225	61	0.9998
422	234	0.9997
305	296	0.999405
156	146	0.999953
73	59	0.999507
431	153	0.999689
497	230	0.99991
272	118	0.999375
417	150	0.999915
386	261	0.999932
118	45	0.999946
149	87	0.9994
379	132	0.999764
213	168	0.99994
137	37	0.999583
151	77	0.999858
151	115	0.999942
331	247	0.999856
239	179	0.999359
275	246	0.999466
107	26	0.999315
276	247	0.999628
309	211	0.999706
204	109	0.999871
278	275	0.999643
304	76	0.999788
329	251	0.999571
385	270	0.999267
428	419	0.999852
270	106	0.999525
78	52	0.999602
300	161	0.99992
199	122	0.999247
109	79	0.999294
259	216	0.999898
464	224	0.999627
244	129	0.999664
240	171	0.999822
66	21	0.999732
176	53	0.999367
484	296	0.999493
498	274	0.999896
271	107	0.999314
72	42	0.999902
167	70	0.999859
272	212	0.999946
334	105	0.999857
96	73	0.999922
494	423	0.999598
169	140	0.99976
290	253	0.999521
378	299	0.999896
295	169	0.999698
363	282	0.9995
76	19	0.999445
410	295	0.99962
379	202	0.999657
350	347	0.999644
271	230	0.999819
435	101	0.99954
487	376	0.999261
101	46	0.999809
337	262	0.99966
453	215	0.999915
366	151	0.999682
144	33	0.9994
233	211	0.999441
264	175	0.999981
50	40	0.999814
398	94	0.999684
484	228	0.999941
304	141	0.999492
195	60	0.999277
234	184	0.999749
499	318	0.999692
249	224	0.999722
426	376	0.999404
87	63	0.999871
126	83	0.999958
390	356	0.999698
297	287	0.999556
163	125	0.999495
330	98	0.99975
52	28	0.999584
66	65	0.999698
292	260	0.999283
311	301	0.99926
97	95	0.999344
473	329	0.999564
184	136	0.999815
106	76	0.999527
59	21	0.999679
284	137	0.999914
68	56	0.999383
61	51	0.99936
419	281	0.999552
57	43	0.999313
450	290	0.999605
325	101	0.999573
402	347	0.999981
341	223	0.999466
491	153	0.999716
474	329	0.999973
253	218	0.999704
474	331	0.999706
197	173	0.999623
340	114	0.999578
298	95	0.999345
338	143	0.999379
56	19	0.999766
469	425	0.999714
275	213	0.999569
379	366	0.999769
185	97	0.999834
378	193	0.999389
276	114	0.999803
321	290	0.999931
447	170	0.999949
384	379	0.999908
201	165	0.999246
235	148	0.999546
438	384	0.999753
390	303	0.999517
159	50	0.999593
204	144	0.999406
343	242	0.999441
79	66	0.999741
385	129	0.999684
295	138	0.999362
201	122	0.999364
500	191	0.999943
425	150	0.999764
227	83	0.999627
129	36	0.999865
249	92	0.999768
452	120	0.999955
119	60	0.999346
434	251	0.999946
313	74	0.999701
73	62	0.999484
106	94	0.999595
454	163	0.999535
67	18	0.999509
215	119	0.999843
497	290	0.999534
340	240	0.999701
273	96	0.999966
480	328	0.999382
246	90	0.999808
394	127	0.999521
51	17	0.999335
199	56	0.999449
494	212	0.999479
373	328	0.999751
231	156	0.999791
242	192	0.99948
157	93	0.999908
412	149	0.999882
408	335	0.999945
329	291	0.999453
400	96	0.999596
354	132	0.999502
378	309	0.999679
79	56	0.999641
339	277	0.999744
327	242	0.999838
321	128	0.999831
326	140	0.999419
110	62	0.999488
123	38	0.999974
267	101	0.99933
203	87	0.999358
382	112	0.999736
428	271	0.999442
273	95	0.999564
497	390	0.999357
335	151	0.999288
261	60	0.999563
436	278	0.999982
77	72	0.999561
118	93	0.999797
394	350	0.999428
453	164	0.999815
98	67	0.999542
113	89	0.999543
426	170	0.999252
369	211	0.999604
156	49	0.999939
288	210	0.999315
87	82	0.999357
330	219	0.999806
382	271	0.999919
230	182	0.999385
282	128	0.999492
363	118	0.999834
343	139	0.999455
307	301	0.999742
293	258	0.999436
478	268	0.999843
206	204	0.99973
51	42	0.999681
388	383	0.999726
475	298	0.999286
430	377	0.999453
181	84	0.999502
181	41	0.99948
79	66	0.999265
302	95	0.999492
418	160	0.999663
123	39	0.999329
489	148	0.999772
58	21	0.999651
161	64	0.999791
495	466	0.999899
264	194	0.9998
489	438	0.999298
479	472	0.999301
234	162	0.999974
389	162	0.999575
64	30	0.999777
253	175	0.999396
359	260	0.999629
421	166	0.999338
476	418	0.999642
444	287	0.999978
117	61	0.999742
339	320	0.999871
105	93	0.999397
478	428	0.999943
427	205	0.999686
290	225	0.99958
470	175	0.999793
100	73	0.999427
224	202	0.999912
74	52	0.999323
77	18	0.999994
239	63	0.999771
303	246	0.999911
247	168	0.999766
256	228	0.999272
196	47	0.999475
329	164	0.999602
353	197	0.999528
165	153	0.999575
483	307	0.99936
179	171	0.999738
92	40	0.999718
79	62	0.99958
312	216	0.999977
121	45	0.999257
422	272	0.999301
454	407	0.999998
287	124	0.999623
464	232	0.999842
62	22	0.999918
123	121	0.999436
202	136	0.999526
407	236	0.999704
484	217	0.999255
136	95	0.999323
242	213	0.999769
326	224	0.999266
247	101	0.999962
71	56	0.999718
251	200	0.999724
468	421	0.999772
74	17	0.999913
166	73	0.999767
367	342	0.999857
52	35	0.999643
411	243	0.999497
66	55	0.99963
243	188	0.999632
226	191	0.999245
486	364	0.99961
380	361	0.99941
408	339	0.999651
471	239	0.999927
331	259	0.999664
363	190	0.999902
425	193	0.999765
418	331	0.999949
393	323	0.999828
88	38	0.999563
357	345	0.999513
78	76	0.999858
236	201	0.999689
77	53	0.999491
292	183	0.999645
470	335	0.999596
176	80	0.99935
437	251	0.999677
273	89	0.999401
460	445	0.999515
211	195	0.999792
61	54	0.999691
73	20	0.999773
218	114	0.99975
288	144	0.999935
135	88	0.999607
191	140	0.999509
334	324	0.999766
361	300	0.999468
316	90	0.999632
159	80	0.999823
347	229	0.999989
496	451	0.999961
385	161	0.999718
342	88	0.999735
430	132	0.999561
254	234	0.999868
213	176	0.999259
237	113	0.999939
335	292	0.999736
493	317	0.9997
246	189	0.999462
478	294	0.99938
281	136	0.999923
168	63	0.999913
220	179	0.999427
321	95	0.999819
76	61	0.999627
422	128	0.999277
282	164	0.999651
185	161	0.999509
69	20	0.999303
476	126	0.99993
237	77	0.999937
55	50	0.999431
161	77	0.999323
500	404	0.999443
481	174	0.999944
236	166	0.9997
356	211	0.999702
75	37	0.999955
321	295	0.99931
287	240	0.999763
257	198	0.999831
409	319	0.999723
66	30	0.999877
334	159	0.999768
478	439	0.999755
301	259	0.999253
92	46	0.99979
320	169	0.999691
271	79	0.999573
262	157	0.999311
205	155	0.999961
129	126	0.999962
298	293	0.999982
225	126	0.999964
163	86	0.999836
487	171	0.999934
362	170	0.999245
298	196	0.999296
118	44	0.999484
326	318	0.99998
358	325	0.999516
216	58	0.999893
112	70	0.99946
91	52	0.999492
267	130	0.999829
113	38	0.999245
127	108	0.999491
242	56	0.999354
205	62	0.99989
221	67	0.99962
234	81	0.99994
242	176	0.999275
267	216	0.999475
92	31	0.999716
450	254	0.999307
213	118	0.999376
240	212	0.999673
275	189	0.999787
205	131	0.999839
473	361	0.999807
427	395	0.999346
408	117	0.99959
347	187	0.999964
492	125	0.999803
413	235	0.999867
64	54	0.999805
153	124	0.999877
223	64	0.999749
460	368	0.999574
56	42	0.999904
383	154	0.999309
52	47	0.999796
437	338	0.999575
270	77	0.999307
115	48	0.999787
484	473	0.99989
272	211	0.999964
499	152	0.999589
417	278	0.999639
470	440	0.999759
476	154	0.999996
283	96	0.999815
244	67	0.999963
254	238	0.999993
162	49	0.999286
90	51	0.999481
164	43	0.999912
175	49	0.999649
80	54	0.999351
116	111	0.999993
76	42	0.999995
190	54	0.999493
333	81	0.999575
316	77	0.999962
173	142	0.999679
495	386	0.999709
330	209	0.999534
371	301	0.999348
63	28	0.99958
164	135	0.999369
227	56	0.999519
172	109	0.999719
70	36	0.999787
106	47	0.999378
194	76	0.999944
436	283	0.999879
122	95	0.999262
108	68	0.999934
455	343	0.9998
498	278	0.999752
332	178	0.999776
416	344	0.999324
236	115	0.99989
285	266	0.999439
203	114	0.999791
182	147	0.999302
264	236	0.999913
128	64	0.999385
292	241	0.999408
114	88	0.999705
123	53	0.999732
412	326	0.999507
137	75	0.999513
173	149	0.999334
101	82	0.999543
100	77	0.99956
398	235	0.999777
484	423	0.999499
297	278	0.999455
487	171	0.999277
493	406	0.999987
57	52	0.999286
217	185	0.999588
216	202	0.999958
90	79	0.999384
415	180	0.99992
110	104	0.999399
216	175	0.999517
199	53	0.999936
135	133	0.999809
278	260	0.999754
204	199	0.999324
411	260	0.999628
94	80	0.999975
260	215	0.999304
356	272	0.99934
126	63	0.999361
141	48	0.999924
467	434	0.999389
120	112	0.999403
66	56	0.999547
489	272	0.999559
460	291	0.999398
114	105	0.999372
500	416	0.999685
456	175	0.999983
384	189	0.999946
474	447	0.999461
141	32	0.999779
454	374	0.999783
442	227	0.999949
214	53	0.999684
142	121	0.999851
174	73	0.999688
232	146	0.999747
399	181	0.999292
406	136	0.9996
318	238	0.999923
133	114	0.999817
117	116	0.999403
484	142	0.999388
489	439	0.999967
335	253	0.99989
287	148	0.999782
443	158	0.999816
162	56	0.999564
444	374	0.999939
120	79	0.999967
275	184	0.999602
472	226	0.999645
412	303	0.999912
67	28	0.999648
306	82	0.999367
181	160	0.999994
78	64	0.999289
480	387	0.999883
243	82	0.999708
285	65	0.999618
404	331	0.999706
298	126	0.999427
478	437	0.999379
405	367	0.999959
450	384	0.999298
385	184	0.999606
240	135	0.999865
233	104	0.999886
221	127	0.999346
404	220	0.999685
234	137	0.99966
477	291	0.999379
414	211	0.999597
422	218	0.999679
138	129	0.999557
102	31	0.999951
230	209	0.999457
67	24	0.999915
216	137	0.99932
89	56	0.99976
453	289	0.999414
72	69	0.999735
475	170	0.999763
161	67	0.999893
305	160	0.999315
408	327	0.999781
350	211	0.999777
392	114	0.999318
420	285	0.999735
50	27	0.999942
445	288	0.999285
123	93	0.999863
436	291	0.999426
209	86	0.999712
310	171	0.999414
246	153	0.999337
251	149	0.999575
104	91	0.999547
182	160	0.999774
69	32	0.999255
362	186	0.999974
131	119	0.999619
314	247	0.999967
56	45	0.999583
102	41	0.99986
391	240	0.999515
84	83	0.999551
292	135	0.999288
117	97	0.999348
169	116	0.999586
232	164	0.999542
53	16	0.999616
416	248	0.999698
492	360	0.999703
124	36	0.999738
418	329	0.999515
414	301	0.999464
372	126	0.9998
402	218	0.999353
297	280	0.999608
441	243	0.999543
306	151	0.999335
500	156	0.999933
331	115	0.999438
375	205	0.999354
95	67	0.999279
89	45	0.999998
188	181	0.999685
228	161	0.999757
479	356	0.99977
474	467	0.999975
67	38	0.999497
300	218	0.999852
201	196	0.99969
199	197	0.999561
398	254	0.999964
310	127	0.999679
231	144	0.999307
176	94	0.999813
483	143	0.999854
89	85	0.999252
261	224	0.999435
410	281	0.999514
220	159	0.999395
436	307	0.99941
332	295	0.999252
144	50	0.99954
426	215	0.999859
285	224	0.99934
58	14	0.999809
369	108	0.999699
149	111	0.999307
283	106	0.999766
315	220	0.999482
127	60	0.99964
466	321	0.999553
86	55	0.999788
283	241	0.999956
473	339	0.999328
321	72	0.999331
120	69	0.999994
96	83	0.999678
76	35	0.99944
319	165	0.999262
172	127	0.999307
354	101	0.999987
124	121	0.999946
396	339	0.999915
233	161	0.99936
309	229	0.999429
216	129	0.999626
241	65	0.999439
476	271	0.999758
72	71	0.999379
300	240	0.999595
104	70	0.999809
84	25	0.999949
233	129	0.999869
495	204	0.999544
384	289	0.999975
299	212	0.999628
294	92	0.999729
222	191	0.999504
171	164	0.999645
268	77	0.999967
488	358	0.999647
212	148	0.999345
114	47	0.999267
253	89	0.999916
398	119	0.999292
312	293	0.999772
84	57	0.999841
73	34	0.999462
196	49	0.999277
360	162	0.999636
500	151	0.999757
155	105	0.999283
239	73	0.99966
249	76	0.999557
224	129	0.999766
288	162	0.999657
370	181	0.999746
278	74	0.999598
236	228	0.999707
103	49	0.999398
225	193	0.999422
296	71	0.999974
79	67	0.999595
233	61	0.999549
167	119	0.999926
397	337	0.999662
133	88	0.999998
99	48	0.99952
452	207	0.999756
446	136	0.999258
283	246	0.999972
442	186	0.999352
196	78	0.999822
187	166	0.999846
342	134	0.999745
417	220	0.999663
75	34	0.999422
62	32	0.999905
373	340	0.999483
216	54	0.99976
325	141	0.999355
186	161	0.999758
392	202	0.999562
495	273	0.999654
370	109	0.999253
106	88	0.999479
352	228	0.999326
77	58	0.999299
418	198	0.999427
126	102	0.999767
328	95	0.999871
478	394	0.999862
353	281	0.999561
301	258	0.999279
192	167	0.999576
141	113	0.999704
450	256	0.999299
329	237	0.9994
466	340	0.999481
453	170	0.999373
203	108	0.999317
359	115	0.999589
411	343	0.999763
96	45	0.999413
461	310	0.999623
208	124	0.999962
251	200	0.999486
271	74	0.999866
317	288	0.999553
351	156	0.99996
319	97	0.999568
388	201	0.999576
238	108	0.999794
311	114	0.999433
248	150	0.999906
159	61	0.999951
311	82	0.999259
241	238	0.999507
259	76	0.999411
386	234	0.999892
227	192	0.999431
242	73	0.999846
81	79	0.999781
440	303	0.999391
437	235	0.999262
500	229	0.999922
372	273	0.999995
404	199	0.999556
162	83	0.999623
240	159	0.999475
462	232	0.999949
171	110	0.999283
459	400	0.999279
312	160	0.99955
73	51	0.999334
107	57	0.999859
134	107	0.999595
64	38	0.999724
114	112	0.999821
163	136	0.999431
219	184	0.999245
417	150	0.999747
185	106	0.999487
250	181	0.999425
439	292	0.999299
376	114	0.999744
313	310	0.999468
161	157	0.999922
326	216	0.999521
400	284	0.999785
143	128	0.999895
94	24	0.999995
405	305	0.999394
324	194	0.999373
373	357	0.999392
494	416	0.999255
256	222	0.999884
122	67	0.999791
72	37	0.999371
368	114	0.999546
153	37	0.999624
248	116	0.999362
236	185	0.999543
443	262	0.999874
262	91	0.999351
78	43	0.999569
62	56	0.999939
166	161	0.999355
436	184	0.999796
358	191	0.999255
418	351	0.999572
238	200	0.999404
413	323	0.999766
92	23	0.999688
410	158	0.999957
215	60	0.999768
195	157	0.999957
297	82	0.999794
233	189	0.999388
66	54	0.999729
114	86	0.99954
81	57	0.999415
70	60	0.999874
162	122	0.999368
142	81	0.999561
287	166	0.999583
349	197	0.999837
348	255	0.999874
274	185	0.999827
232	207	0.999779
122	80	0.999546
497	187	0.999482
275	107	0.999697
417	220	0.999423
245	239	0.999753
415	261	0.999909
382	351	0.999254
394	245	0.999952
498	372	0.999642
243	118	0.999956
89	37	0.999587
107	61	0.999308
237	64	0.999311
278	193	0.999294
117	113	0.999654
307	199	0.999626
496	213	0.999552
405	122	0.999848
264	65	0.999363
367	247	0.99969
369	181	0.999371
202	182	0.999471
392	195	0.999412
213	211	0.999367
304	82	0.999591
458	288	0.999452
406	363	0.99962
311	126	0.999425
292	80	0.999886
480	209	0.999304
410	132	0.999809
354	316	0.999601
268	70	0.999304
305	112	0.999578
498	203	0.999732
67	49	0.999354
428	278	0.999764
114	108	0.999877
291	289	0.999908
193	81	0.999246
207	189	0.999343
142	139	0.999273
446	173	0.999358
366	238	0.999356
259	63	0.999913
388	138	0.999566
165	152	0.999443
183	83	0.999819
400	106	0.999918
448	260	0.999493
223	100	0.999994
478	259	0.999347
475	256	0.999854
288	80	0.999493
99	41	0.999912
395	370	0.999697
473	204	0.999422
269	247	0.999724
359	328	0.999704
259	258	0.999982
226	95	0.999539
395	127	0.999534
314	153	0.999536
388	238	0.999964
479	375	0.999572
463	406	0.999364
170	43	0.999729
138	69	0.999633
81	79	0.999428
458	160	0.999643
406	279	0.9996
237	149	0.999553
294	167	0.99964
466	367	0.999926
273	216	0.999584
136	69	0.999944
350	200	0.999769
85	31	0.999977
203	119	0.999529
150	115	0.999254
278	273	0.999336
52	46	0.999351
444	159	0.999735
175	151	0.99971
207	162	0.999548
232	54	0.999524
301	162	0.999578
108	47	0.999971
313	142	0.999929
398	117	0.999782
492	457	0.999567
208	154	0.999358
224	194	0.999425
171	145	0.999716
122	50	0.999995
201	60	0.999796
242	144	0.999605
327	200	0.999388
444	104	0.999606
247	194	0.999808
162	58	0.999278
420	158	0.999293
122	95	0.999444
61	55	0.999883
325	287	0.999341
247	120	0.999323
405	177	0.999893
258	250	0.999482
433	362	0.999653
242	144	0.999282
372	186	0.999533
112	102	0.999588
417	393	0.999337
412	286	0.999509
101	26	0.999484
370	198	0.999742
366	226	0.999487
426	241	0.999916
119	32	0.999619
224	58	0.999957
493	158	0.999678
272	141	0.99992
345	123	0.99985
205	189	0.999636
375	215	0.999757
52	48	0.999836
85	44	0.999303
499	279	0.999647
149	45	0.999344
132	58	0.999686
235	106	0.999326
451	297	0.999924
88	73	0.999462
132	124	0.999531
71	44	0.999842
389	385	0.999955
181	94	0.99935
411	204	0.9999
177	64	0.999322
294	133	0.999485
499	320	0.999274
127	96	0.999925
163	118	0.999295
372	119	0.999825
140	46	0.999881
499	377	0.999827
140	51	0.999669
167	104	0.999742
221	162	0.999645
182	96	0.999557
193	81	0.999285
381	148	0.999399
499	214	0.99928
393	257	0.99975
305	194	0.999741
432	146	0.99929
54	31	0.999971
144	114	0.999428
105	82	0.999559
99	63	0.99946
163	95	0.999429
341	336	0.999702
60	16	0.999273
194	45	0.999862
354	90	0.999742
319	166	0.999608
410	109	0.999495
71	37	0.999387
150	36	0.999841
190	67	0.999919
325	302	0.999318
207	135	0.999282
137	61	0.99929
454	341	0.999254
353	91	0.999459
89	21	0.999921
173	147	0.999902
103	82	0.999503
436	183	0.999584
387	363	0.999255
323	321	0.999794
392	265	0.999397
492	158	0.999384
111	86	0.999416
95	66	0.999791
493	354	0.99973
107	43	0.999335
365	293	0.999811
334	91	0.999365
62	24	0.999745
340	153	0.999662
122	94	0.999348
227	67	0.999713
216	203	0.999616
300	118	0.999766
187	168	0.999629
139	38	0.999706
168	99	0.999807
500	112	0.99936
103	91	0.999772
341	254	0.999303
287	133	0.999989
171	69	0.999502
146	52	0.999344
497	357	0.99933
136	66	0.999954
114	94	0.999487
181	147	0.999773
106	38	0.999841
475	123	0.999814
272	82	0.999948
286	228	0.999711
358	301	0.999609
438	248	0.999389
474	282	0.999415
285	236	0.999372
144	130	0.999402
230	169	0.999769
98	77	0.9999
208	164	0.999326
310	243	0.999275
370	149	0.999598
100	62	0.999912
378	367	0.999718
447	394	0.999304
347	191	0.999744
306	270	0.999326
405	127	0.999366
218	109	0.999657
253	212	0.999327
71	57	0.999425
383	131	0.99962
379	334	0.999944
115	41	0.99976
253	105	0.999257
310	286	0.99928
121	106	0.999428
336	158	0.999365
277	131	0.999717
328	279	0.999862
178	135	0.999365
385	95	0.999766
492	406	0.999281
126	79	0.999636
354	95	0.999273
438	291	0.999955
103	79	0.999436
445	207	0.999304
329	140	0.999405
155	120	0.999893
240	166	0.999692
333	238	0.999372
283	111	0.999834
109	97	0.999739
142	42	0.999279
260	217	0.999471
493	437	0.999269
93	84	0.99935
93	78	0.999839
276	249	0.999972
298	266	0.999356
356	118	0.999651
404	391	0.999982
176	40	0.999826
305	206	0.99994
484	373	0.999838
374	196	0.999951
400	278	0.999964
134	68	0.999337
121	92	0.99963
316	252	0.999874
90	76	0.999943
364	214	0.999393
462	451	0.999422
482	339	0.999658
196	142	0.999418
94	29	0.999308
164	123	0.999383
303	288	0.999386
354	307	0.999404
151	80	0.999587
136	118	0.999473
188	54	0.999397
288	190	0.999995
163	143	0.999871
478	148	0.999969
275	130	0.999592
318	157	0.999918
489	183	0.999363
494	235	0.999972
155	89	0.999284
406	256	0.999621
402	397	0.999414
175	86	0.99926
163	101	0.999393
242	201	0.999409
356	148	0.999932
324	262	0.99927
59	43	0.999645
312	108	0.999384
115	53	0.999648
246	197	0.999666
175	134	0.999275
304	109	0.999607
325	237	0.999842
139	51	0.999322
205	128	0.999386
116	109	0.999413
117	90	0.999595
482	274	0.999716
263	227	0.999871
342	147	0.999712
55	23	0.999587
420	319	0.999987
269	129	0.999983
311	243	0.99993
455	151	0.999729
412	255	0.999258
61	41	0.999429
383	86	0.999676
159	80	0.999887
191	100	0.999289
101	58	0.999311
451	429	0.999648
215	96	0.99976
207	93	0.999732
410	357	0.999618
103	23	0.999807
271	159	0.999365
345	178	0.999551
212	199	0.99985
491	200	0.999542
58	40	0.999988
231	156	0.999523
472	197	0.999731
403	360	0.999821
348	251	0.999694
111	46	0.999348
148	121	0.999443
73	19	0.999372
312	102	0.999415
233	79	0.999949
266	179	0.999788
208	140	0.999487
322	112	0.999665
366	279	0.999466
252	66	0.999893
498	356	0.999726
129	126	0.999773
408	174	0.999369
337	89	0.999561
485	419	0.999607
60	35	0.999972
96	51	0.999742
453	101	0.999454
245	198	0.999794
393	141	0.999984
284	219	0.99959
485	163	0.999992
236	116	0.999727
305	154	0.999545
121	80	0.999838
152	74	0.999249
252	154	0.99978
498	346	0.99985
308	108	0.999418
365	96	0.999918
84	19	0.999398
353	350	0.999642
414	133	0.999911
109	64	0.999859
306	104	0.999332
51	35	0.999779
174	62	0.999654
300	253	0.999347
133	126	0.999574
214	118	0.999884
96	71	0.999255
413	407	0.999428
284	94	0.999291
480	182	0.999688
479	210	0.999863
126	107	0.999908
409	255	0.999478
285	107	0.999816
153	104	0.999471
140	117	0.999506
446	249	0.999471
491	424	0.999895
176	117	0.999732
64	24	0.99994
483	473	0.999466
219	209	0.999586
141	114	0.999284
205	144	0.999258
230	177	0.999982
396	230	0.999441
258	245	0.999616
490	281	0.999543
367	161	0.99963
358	180	0.999973
344	295	0.99993
216	87	0.999895
337	150	0.999367
294	168	0.99975
84	28	0.999881
454	113	0.999699
487	306	0.999314
214	89	0.999851
451	195	0.999562
340	319	0.999913
406	243	0.999904
126	57	0.999896
328	242	0.999648
217	122	0.999267
200	108	0.999767
88	87	0.999769
310	90	0.999394
326	116	0.999908
464	200	0.999849
364	319	0.999877
148	38	0.999585
485	480	0.999558
500	306	0.999616
60	43	0.999626
167	72	0.999797
252	230	0.999735
433	317	0.999418
134	85	0.999692
260	156	0.999701
409	283	0.999409
377	214	0.999657
321	280	0.999419
154	78	0.999516
162	134	0.999632
133	61	0.999998
475	297	0.999457
352	80	0.99962
309	161	0.999775
418	201	0.999907
281	269	0.999828
436	113	0.999771
244	168	0.999402
332	291	0.999769
196	165	0.999581
362	138	0.999868
80	60	0.999391
168	117	0.999784
146	140	0.999831
350	121	0.999445
261	234	0.999597
81	75	0.999941
401	100	0.999699
305	254	0.999511
466	443	0.999484
426	189	0.999837
198	105	0.999395
229	113	0.999989
97	51	0.999602
479	256	0.999482
340	222	0.999626
79	47	0.999405
291	160	0.999846
225	82	0.999374
280	80	0.999505
465	334	0.999872
404	213	0.999386
406	281	0.999902
461	459	0.999925
463	438	0.999657
82	51	0.999812
184	98	0.999951
469	287	0.999734
225	100	0.999289
74	47	0.999868
421	178	0.999769
84	56	0.999265
159	153	0.999281
109	30	0.999512
282	154	0.999314
222	52	0.999823
338	283	0.999967
231	221	0.999444
52	23	0.999747
266	185	0.999358
436	115	0.999281
102	77	0.999512
244	172	0.999482
224	207	0.999877
281	106	0.999455
197	168	0.999436
196	163	0.999628
367	234	0.999522
112	69	0.999732
185	63	0.999626
387	195	0.999691
354	293	0.999763
342	192	0.999735
411	383	0.999323
249	151	0.999741
423	215	0.999903
210	187	0.999292
133	81	0.999552
222	145	0.999434
462	313	0.999341
133	116	0.999921
100	57	0.999929
442	122	0.999425
294	68	0.999846
475	134	0.999974
290	186	0.999353
294	288	0.999958
256	166	0.999489
202	183	0.999613
300	127	0.999668
436	169	0.999591
452	345	0.999657
262	213	0.999861
439	425	0.999491
490	139	0.999714
397	370	0.999367
365	355	0.99979
126	38	0.999551
499	150	0.999476
163	64	0.999822
494	205	0.999428
471	424	0.99953
315	85	0.999675
476	193	0.999712
269	74	0.999355
421	396	0.999684
201	187	0.999259
321	277	0.999741
62	60	0.999989
274	199	0.999318
329	320	0.999496
447	223	0.999502
377	243	0.999931
270	237	0.999255
470	381	0.999712
397	354	0.999986
391	233	0.999719
140	35	0.999537
79	42	0.999553
330	157	0.999865
386	368	0.999968
389	244	0.999488
238	189	0.999938
260	94	0.999527
486	462	0.999473
156	155	0.999825
72	52	0.999428
452	244	0.999387
192	173	0.999607
211	81	0.999249
63	15	0.999593
483	395	0.999561
358	241	0.999943
488	323	0.999834
111	30	0.999707
167	90	0.999506
166	135	0.999497
264	165	0.999943
256	190	0.999546
459	291	0.999832
337	110	0.999772
64	55	0.999799
154	50	0.999247
210	74	0.999286
448	357	0.999338
92	69	0.999995
69	36	0.999927
268	177	0.99984
69	18	0.999864
383	298	0.999566
228	203	0.999856
51	12	0.999633
224	116	0.999266
253	199	0.999994
443	436	0.999321
223	169	0.999721
373	266	0.999805
228	62	0.999478
185	110	0.999489
312	96	0.999766
367	334	0.999464
213	205	0.999769
446	433	0.999887
406	183	0.999626
349	126	0.999779
142	133	0.999332
227	136	0.99993
321	128	0.999882
257	172	0.999819
152	44	0.999991
75	38	0.999719
66	23	0.999892
111	103	0.999828
100	82	0.99938
110	89	0.999298
205	165	0.999311
405	341	0.999413
61	26	0.999417
430	217	0.999283
235	107	0.999552
317	223	0.999966
96	45	0.999719
478	310	0.999481
123	83	0.99986
497	229	0.999455
359	312	0.999303
353	135	0.999882
97	24	0.999428
174	131	0.999245
452	151	0.999632
314	104	0.999362
275	144	0.999822
427	316	0.999956
438	219	0.999959
333	124	0.999983
209	131	0.999961
98	74	0.999469
140	93	0.999533
259	231	0.999585
269	160	0.999561
455	170	0.999854
355	274	0.999652
63	54	0.999921
114	44	0.999518
382	206	0.999942
336	79	0.999254
498	398	0.999831
286	101	0.999312
60	28	0.999248
74	58	0.99945
194	104	0.999618
73	61	0.999738
139	108	0.999713
131	111	0.999586
457	384	0.999768
267	251	0.999288
363	359	0.999807
287	167	0.999313
462	448	0.999598
331	105	0.999812
375	208	0.999581
323	268	0.999625
150	139	0.999525
358	136	0.999503
379	106	0.999585
308	276	0.999964
356	229	0.999826
384	95	0.999272
360	337	0.999498
57	18	0.999738
400	225	0.999376
325	264	0.99993
317	220	0.999756
357	186	0.999946
82	80	0.999514
197	78	0.999437
439	295	0.999717
182	79	0.999863
63	56	0.999815
447	218	0.999301
81	26	0.999581
398	213	0.99955
236	109	0.999592
484	246	0.999398
398	369	0.999601
330	122	0.999454
301	171	0.999481
250	92	0.999709
412	157	0.999924
50	35	0.999668
396	364	0.999629
415	93	0.999653
305	180	0.999496
293	190	0.999724
270	268	0.999301
99	63	0.999592
263	148	0.999679
339	155	0.999515
54	37	0.999822
427	268	0.99951
174	41	0.999932
183	135	0.999933
342	133	0.999583
436	136	0.999459
488	231	0.999503
393	246	0.999721
313	250	0.999506
321	317	0.99928
293	148	0.99958
178	135	0.999862
459	299	0.999956
157	101	0.999889
335	91	0.999961
311	216	0.999487
466	344	0.999688
262	80	0.99932
408	306	0.999473
350	116	0.999684
128	96	0.999707
359	294	0.999819
177	129	0.999351
470	140	0.999792
405	360	0.999756
314	287	0.999701
431	205	0.999639
462	412	0.999314
108	91	0.999789
266	183	0.999548
330	82	0.999323
360	350	0.999476
454	103	0.999322
307	276	0.999828
413	346	0.999654
330	326	0.999716
206	53	0.999856
424	399	0.99937
465	315	0.999803
407	267	0.9998
422	389	0.99995
219	207	0.999453
303	211	0.999385
205	84	0.999788
236	180	0.999554
383	347	0.999394
304	237	0.999441
137	111	0.999434
176	161	0.999879
363	269	0.999403
173	65	0.99966
400	90	0.999829
269	140	0.999749
293	225	0.99992
385	237	0.999679
52	15	0.999646
56	27	0.999607
367	200	0.999255
296	211	0.99991
289	102	0.999406
436	379	0.999971
304	113	0.999355
338	137	0.999561
497	196	0.999648
96	62	0.999871
144	67	0.9994
155	142	0.999967
351	168	0.999431
279	209	0.999589
332	157	0.999885
442	441	0.999311
60	52	0.999487
157	69	0.999464
430	363	0.999836
289	192	0.999865
219	136	0.999933
408	392	0.999849
186	84	0.999908
474	414	0.999326
326	223	0.999629
143	35	0.999738
313	141	0.999355
69	66	0.9995
176	150	0.999565
265	221	0.999862
189	119	0.999624
488	206	0.999649
381	281	0.999524
80	20	0.999753
227	117	0.999595
157	49	0.999429
390	260	0.999539
327	119	0.999854
268	146	0.999926
95	55	0.999328
448	361	0.999683
86	69	0.999997
375	299	0.999741
245	107	0.999487
344	102	0.999336
453	280	0.999532
61	32	0.999255
133	84	0.999781
419	140	0.999592
464	432	0.999809
472	118	0.999282
377	162	0.999628
195	175	0.999275
91	69	0.999257
140	111	0.999934
350	309	0.999923
118	104	0.9998
331	126	0.999363
466	452	0.999514
353	107	0.999857
394	277	0.999789
464	165	0.999651
484	451	0.999471
226	193	0.999438
302	136	0.999331
376	155	0.999687
161	114	0.999372
122	37	0.999258
445	218	0.999624
259	185	0.999454
200	88	0.999833
428	115	0.999602
145	57	0.999544
383	88	0.999735
85	36	0.999562
125	50	0.999325
183	59	0.999345
485	207	0.99936
94	43	0.99937
444	344	0.999798
382	279	0.999471
240	227	0.999552
175	79	0.99953
155	92	0.999598
280	134	0.999813
385	287	0.999874
484	426	0.999279
407	332	0.999639
192	140	0.999729
206	88	0.99982
255	150	0.999996
165	87	0.999801
172	109	0.999471
183	79	0.999847
217	196	0.999492
130	65	0.999911
432	378	0.99932
400	148	0.999649
255	58	0.999902
172	40	0.9997
416	104	0.999483
493	356	0.999547
121	38	0.999727
179	134	0.999326
334	290	0.999246
195	50	0.999981
53	39	0.999303
198	126	0.999695
261	257	0.999758
340	322	0.999397
304	289	0.999524
69	32	0.999708
447	194	0.999575
108	74	0.999959
446	427	0.999433
230	228	0.999592
85	20	0.999755
162	91	0.999996
297	164	0.99984
257	63	0.999936
68	53	0.999532
385	254	0.999826
258	214	0.999986
233	80	0.999716
69	20	0.999719
141	59	0.999716
144	48	0.999604
147	33	0.999458
276	197	0.999699
252	138	0.99988
397	279	0.99985
202	108	0.999369
358	105	0.999721
186	45	0.999741
212	111	0.999599
389	187	0.999738
150	147	0.99942
428	186	0.999628
257	235	0.999416
141	80	0.999824
206	59	0.999537
50	12	0.999311
126	125	0.999385
147	97	0.999844
396	222	0.999704
165	143	0.999782
82	78	0.999423
219	95	0.999751
284	125	0.999434
319	240	0.999856
455	334	0.999744
208	203	0.99995
180	70	0.99971
468	148	0.999821
346	203	0.999379
452	304	0.999334
61	52	0.999751
138	88	0.999354
403	286	0.999585
114	82	0.999877
495	470	0.999301
318	205	0.999822
120	112	0.999689
333	198	0.999339
465	422	0.999249
418	255	0.999515
315	133	0.999679
199	169	0.99936
272	200	0.999394
100	34	0.999564
116	50	0.999521
134	124	0.999939
360	303	0.999828
486	198	0.999889
375	212	0.999376
50	27	0.999921
65	35	0.999518
462	127	0.999441
429	128	0.999449
190	161	0.999402
290	138	0.999927
492	222	0.999314
354	322	0.99937
311	137	0.999426
249	63	0.99967
380	145	0.999421
241	139	0.999763
250	123	0.999943
442	156	0.999324
86	80	0.999654
159	86	0.999653
329	171	0.999879
260	197	0.999331
485	406	0.999957
290	109	0.999372
209	160	0.999902
103	54	0.999434
350	192	0.999338
65	32	0.999568
210	137	0.999415
487	425	0.999889
252	146	0.999891
403	138	0.999402
101	79	0.999464
128	91	0.999698
226	191	0.999456
142	130	0.999459
199	66	0.999445
338	330	0.999322
428	342	0.999394
496	283	0.999615
469	194	0.999301
478	138	0.999524
63	47	0.999654
481	411	0.999645
423	409	0.999363
197	107	0.999336
499	496	0.999846
369	94	0.999554
264	181	0.999707
81	27	0.999426
66	25	0.999983
58	15	0.999603
422	135	0.999956
185	56	0.999711
455	452	0.999693
406	230	0.999328
486	307	0.999738
272	214	0.999495
452	375	0.999911
193	95	0.999331
289	235	0.999422
96	26	0.999882
178	163	0.999614
459	255	0.999635
491	306	0.99949
227	92	0.999607
310	134	0.999302
68	40	0.99989
448	202	0.999753
220	173	0.999716
307	107	0.999701
378	256	0.999882
97	49	0.999289
341	85	0.999613
127	80	0.999726
106	49	0.999622
229	89	0.999288
219	68	0.999534
453	384	0.999741
263	213	0.999856
400	302	0.999859
381	333	0.999437
106	95	0.999458
435	314	0.999896
421	411	0.999618
331	267	0.999531
474	366	0.999733
170	55	0.999323
299	213	0.999433
478	333	0.999955
170	157	0.99928
254	118	0.999769
341	92	0.999383
273	167	0.999576
409	302	0.999525
402	206	0.999479
376	162	0.999778
425	211	0.999926
155	38	0.999502
142	84	0.999571
84	42	0.999609
377	349	0.999371
417	394	0.999413
203	121	0.999249
412	243	0.999366
153	108	0.999254
171	56	0.999819
138	99	0.999733
181	90	0.999998
178	62	0.999425
90	80	0.999537
196	90	0.999551
372	302	0.999495
411	143	0.999914
326	222	0.999847
209	165	0.999335
100	43	0.999349
405	309	0.999904
415	196	0.999691
310	73	0.999628
52	44	0.99949
278	164	0.999812
381	312	0.999501
413	367	0.999651
419	98	0.999275
136	135	0.999919
79	59	0.999358
398	278	0.999946
355	215	0.999629
335	285	0.999412
283	102	0.999767
368	298	0.999308
485	252	0.999684
128	99	0.999351
440	326	0.999902
194	165	0.999574
160	37	0.999885
364	160	0.999711
487	269	0.999364
458	455	0.999822
136	99	0.999988
247	152	0.999412
105	97	0.999763
52	22	0.99983
127	76	0.999573
117	42	0.99975
351	132	0.999836
325	99	0.99945
499	129	0.999856
126	77	0.999574
174	171	0.999493
273	123	0.999459
496	374	0.999718
492	290	0.999745
307	204	0.999718
87	30	0.999338
67	16	0.999847
372	177	0.999348
213	210	0.999338
101	24	0.999761
271	216	0.99976
480	116	0.999263
346	205	0.999674
73	68	0.999359
379	117	0.999881
192	50	0.999379
278	123	0.999701
203	123	0.999668
50	19	0.999713
432	187	0.999416
129	106	0.999351
247	186	0.999574
332	315	0.999533
192	119	0.999871
111	82	0.999926
238	112	0.999831
257	193	0.999757
214	74	0.999301
344	98	0.999984
213	105	0.999419
401	274	0.999876
160	103	0.999366
229	156	0.999736
264	62	0.999758
469	422	0.999921
186	162	0.999787
441	226	0.999576
227	116	0.999581
158	128	0.999345
156	41	0.999927
398	268	0.999924
158	61	0.99978
478	228	0.999923
441	349	0.999595
357	233	0.99978
116	82	0.999485
465	192	0.999983
242	129	0.999525
401	235	0.999537
297	105	0.999825
273	252	0.999657
112	83	0.999775
101	31	0.999363
283	116	0.999561
254	63	0.999924
171	164	0.999675
357	238	0.999734
432	318	0.999874
386	207	0.999863
260	238	0.999533
364	84	0.999575
370	248	0.999534
379	365	0.999817
267	89	0.999341
294	208	0.999679
388	199	0.999699
443	116	0.999713
489	385	0.999661
215	190	0.999882
196	87	0.999361
301	78	0.999459
61	55	0.999464
427	315	0.999267
391	367	0.9994
77	19	0.99928
483	381	0.999252
274	209	0.999964
174	136	0.999664
344	165	0.999685
272	180	0.999428
452	418	0.999427
346	255	0.99954
114	42	0.999604
119	30	0.999383
167	120	0.999583
466	171	0.999258
97	45	0.999881
498	326	0.999708
500	263	0.999265
472	228	0.999664
268	145	0.999844
484	161	0.999621
395	175	0.999942
158	121	0.999307
387	227	0.999918
489	136	0.999896
272	139	0.999834
102	95	0.999847
231	117	0.999431
137	56	0.999362
478	376	0.99962
195	114	0.999813
500	315	0.999849
413	135	0.999591
188	104	0.999621
340	208	0.999512
374	327	0.999974
364	184	0.999462
309	300	0.999589
287	149	0.999264
470	282	0.999746
187	132	0.999253
59	34	0.999298
382	92	0.99955
365	224	0.999427
280	65	0.999318
395	216	0.999877
88	56	0.999435
120	115	0.999372
235	195	0.99995
325	133	0.999499
217	168	0.999309
153	91	0.999574
452	206	0.999932
104	76	0.999479
371	254	0.999637
497	335	0.999357
281	167	0.999946
403	261	0.999515
345	319	0.999593
432	405	0.999663
207	177	0.999509
59	57	0.999788
355	241	0.999995
301	122	0.999264
362	215	0.999687
229	130	0.999589
159	151	0.999731
378	177	0.999442
221	53	0.999332
303	179	0.999583
193	73	0.999896
290	66	0.999939
236	74	0.999533
488	174	0.999794
67	53	0.999504
488	294	0.9993
325	320	0.999969
55	43	0.999882
348	341	0.999866
440	400	0.999989
310	97	0.999252
404	286	0.999283
416	293	0.999953
408	178	0.999799
287	226	0.99998
263	139	0.999965
95	26	0.999391
155	79	0.999657
287	139	0.999314
353	117	0.99984
178	59	0.999963
85	19	0.99984
446	194	0.999381
232	145	0.999636
189	96	0.99957
372	165	0.999629
347	177	0.999871
163	103	0.999977
109	26	0.999649
374	358	0.999541
133	50	0.999806
334	149	0.999633
461	294	0.999338
487	354	0.999628
434	109	0.999834
339	325	0.999607
95	94	0.999937
67	47	0.999266
341	313	0.999525
271	110	0.999693
125	82	0.999428
163	93	0.999955
313	70	0.999762
144	46	0.999521
205	170	0.9998
210	88	0.999728
214	141	0.999383
393	143	0.999678
202	114	0.999523
246	245	0.999879
468	375	0.999339
220	140	0.99938
300	190	0.99982
373	269	0.999269
176	104	0.999722
489	310	0.999846
354	291	0.99949
254	174	0.999602
342	113	0.999712
208	99	0.999357
472	159	0.999581
422	246	0.999986
414	411	0.999515
131	80	0.999906
409	123	0.999308
112	103	0.999404
334	83	0.999684
396	315	0.999264
112	111	0.99962
214	70	0.999251
293	222	0.99958
214	100	0.999775
108	82	0.999616
195	164	0.999295
471	323	0.999979
241	85	0.999636
355	320	0.999518
437	243	0.999436
436	109	0.999504
55	31	0.99995
417	330	0.999418
315	220	0.999369
75	45	0.999487
329	161	0.999919
314	192	0.999688
257	180	0.99976
488	184	0.999546
70	52	0.999435
488	164	0.999428
377	188	0.999302
267	234	0.999682
493	422	0.999809
324	164	0.999447
102	46	0.999936
160	138	0.999485
159	47	0.999908
360	298	0.999971
370	335	0.999394
137	133	0.999732
52	21	0.999871
234	155	0.99949
247	175	0.999897
232	72	0.999954
210	167	0.999266
255	118	0.999683
254	121	0.999388
378	177	0.999992
69	21	0.999493
347	250	0.99993
458	216	0.999653
398	177	0.999653
364	356	0.999365
358	238	0.999874
335	199	0.999357
251	59	0.999868
288	277	0.999586
287	241	0.999843
165	70	0.999642
141	86	0.999358
66	18	0.999323
307	177	0.999382
231	88	0.999989
303	197	0.999561
141	123	0.999703
418	284	0.999896
221	203	0.999649
154	122	0.999256
382	136	0.999893
392	283	0.999701
52	15	0.999764
302	113	0.999819
413	315	0.999688
451	113	0.999646
85	40	0.999286
320	132	0.99938
197	172	0.999929
445	115	0.999636
67	45	0.999605
219	92	0.999889
191	58	0.999732
438	368	0.999367
208	73	0.999601
327	85	0.999285
292	191	0.999824
135	72	0.99953
98	30	0.999871
58	50	0.999812
259	178	0.999352
86	81	0.999301
270	197	0.999461
395	384	0.999324
447	190	0.999298
191	71	0.999655
215	204	0.999886
54	45	0.999456
182	55	0.999513
429	116	0.999908
325	231	0.999592
319	209	0.999863
201	183	0.999984
261	92	0.99941
258	147	0.999849
138	127	0.99989
471	334	0.999487
475	460	0.99992
281	248	0.999493
291	264	0.999394
459	366	0.999636
364	82	0.999354
370	309	0.999939
87	67	0.999431
477	383	0.99956
263	210	0.999633
426	331	0.999913
235	213	0.999581
487	175	0.999787
76	20	0.999767
98	50	0.999527
61	50	0.999716
257	173	0.999789
75	25	0.99956
226	150	0.999814
133	96	0.999275
411	211	0.999354
500	309	0.999963
286	139	0.999379
425	336	0.999544
467	439	0.999549
360	336	0.999896
264	173	0.999851
252	96	0.999708
367	298	0.999977
331	304	0.999407
145	41	0.999311
238	85	0.999371
92	89	0.999647
254	189	0.999277
265	94	0.999688
476	284	0.999695
370	266	0.999986
406	112	0.999298
69	42	0.999436
345	163	0.999673
55	18	0.999571
435	320	0.999621
76	43	0.999423
152	141	0.999331
139	58	0.999533
184	101	0.999624
204	155	0.999459
446	418	0.999761
420	280	0.999825
415	306	0.999676
176	52	0.999936
212	121	0.999553
328	157	0.999283
117	47	0.999394
131	81	0.999781
406	245	0.999939
208	129	0.99933
221	92	0.999611
401	323	0.999312
486	347	0.999749
64	29	0.999592
315	213	0.999462
202	96	0.999413
334	88	0.999607
455	239	0.999929
83	20	0.999831
416	214	0.999462
205	161	0.999512
220	187	0.999809
312	142	0.99975
460	236	0.999831
69	62	0.999351
77	41	0.999722
385	154	0.999523
141	42	0.999771
268	265	0.999623
405	242	0.999571
301	174	0.999341
264	259	0.999983
80	36	0.999872
188	169	0.999719
464	437	0.999776
279	186	0.999708
404	361	0.999574
92	37	0.99934
184	158	0.999995
302	122	0.99967
106	36	0.999401
91	40	0.99966
158	58	0.999796
273	82	0.999535
93	91	0.999968
115	52	0.999929
237	228	0.99976
343	151	0.999936
58	46	0.999467
300	181	0.99984
441	232	0.999897
252	85	0.999483
76	73	0.999753
281	83	0.999837
336	217	0.999468
415	160	0.999526
187	122	0.999441
179	55	0.999586
478	428	0.999832
75	39	0.999684
63	16	0.999331
107	104	0.999917
105	85	0.999344
75	53	0.999939
405	221	0.999269
168	91	0.999394
206	113	0.999475
154	94	0.999529
411	105	0.999972
197	154	0.999549
179	159	0.9994
324	253	0.999478
258	247	0.99945
407	132	0.999895
166	164	0.999647
178	91	0.999913
50	28	0.999574
115	112	0.999788
230	80	0.999868
156	131	0.999769
78	64	0.999276
475	407	0.999946
179	166	0.999559
298	206	0.999734
87	79	0.999724
279	198	0.99978
367	219	0.999926
81	78	0.999512
242	157	0.999461
126	101	0.999339
451	441	0.999929
305	212	0.999372
214	135	0.999642
168	92	0.999417
63	58	0.999468
296	173	0.999729
496	322	0.999943
456	195	0.999291
146	119	0.999292
278	268	0.99996
160	146	0.999277
379	172	0.999355
384	359	0.999765
390	196	0.999442
250	115	0.999631
158	75	0.999609
235	81	0.999466
488	403	0.999724
243	190	0.999537
473	406	0.99979
282	187	0.999744
239	209	0.999747
246	138	0.999879
212	192	0.99958
440	228	0.999569
355	104	0.999691
351	143	0.999408
204	152	0.999681
345	182	0.999456
263	167	0.999972
328	184	0.999322
146	83	0.999462
125	68	0.999548
162	115	0.99945
179	106	0.999678
379	368	0.999841
254	219	0.999982
266	90	0.999893
221	189	0.999594
158	113	0.999906
432	383	0.999472
267	169	0.999961
201	71	0.999282
369	335	0.999936
129	49	0.999758
382	146	0.9994
473	452	0.999792
163	78	0.999356
474	441	0.999858
405	291	0.999562
257	241	0.999707
170	83	0.999443
214	121	0.999417
371	160	0.999809
353	172	0.999504
457	111	0.999761
440	394	0.999406
228	64	0.999845
222	184	0.999794
74	58	0.999246
239	115	0.999729
365	219	0.999574
188	44	0.999645
195	190	0.999758
153	133	0.999683
306	199	0.999525
133	34	0.999288
145	114	0.99996
257	158	0.999998
480	311	0.999875
114	97	0.999986
366	177	0.999459
165	117	0.999809
453	248	0.999674
51	50	0.99969
466	350	0.999776
392	140	0.999459
450	429	0.999443
492	214	0.999332
300	234	0.999425
337	238	0.99982
193	65	0.999539
335	232	0.99954
50	27	0.99943
286	181	0.999794
263	96	0.999853
210	140	0.999781
116	104	0.999486
299	79	0.99945
271	113	0.999707
68	38	0.999664
139	50	0.999577
242	58	0.999478
229	216	0.999955
250	243	0.99955
67	49	0.999786
70	33	0.999326
378	118	0.999657
497	230	0.99999
417	200	0.999329
143	44	0.999413
256	162	0.999264
259	171	0.999354
104	92	0.999537
65	37	0.999861
327	237	0.999459
403	110	0.999335
445	292	0.999417
447	272	0.999483
416	274	0.999387
299	113	0.999633
500	491	0.999446
263	171	0.999386
216	135	0.999915
285	87	0.999782
95	26	0.999604
219	120	0.999365
492	325	0.99949
262	97	0.999631
489	292	0.999861
485	199	0.999465
53	14	0.999419
60	30	0.999592
166	138	0.99967
492	488	0.999821
98	64	0.999962
440	197	0.999828
216	174	0.999658
214	135	0.999415
314	143	0.999439
268	225	0.999862
322	301	0.999636
301	80	0.999686
106	62	0.999735
108	54	0.999793
263	256	0.999718
85	48	0.999454
407	215	0.999906
372	264	0.99998
376	369	0.999743
273	197	0.999307
242	195	0.999623
274	215	0.999409
97	78	0.999261
488	223	0.999649
65	20	0.999862
291	125	0.999564
376	316	0.999877
457	153	0.999572
164	54	0.999676
206	96	0.999874
349	260	0.999977
145	108	0.999621
67	24	0.999801
57	37	0.999385
218	122	0.999913
233	211	0.99981
366	200	0.999568
447	221	0.999333
414	197	0.99939
336	114	0.999891
105	42	0.999284
166	121	0.999478
50	47	0.999582
405	234	0.999617
294	77	0.999781
243	112	0.999788
405	245	0.999606
188	61	0.999736
177	54	0.999861
72	59	0.999568
64	44	0.999484
405	121	0.99995
271	220	0.999891
161	138	0.99999
375	352	0.999835
79	60	0.999328
322	218	0.999992
461	345	0.999304
351	86	0.999978
421	253	0.999564
324	93	0.999955
385	279	0.99981
81	22	0.999915
165	73	0.999767
130	100	0.99967
294	108	0.999784
265	159	0.999441
126	96	0.99941
111	81	0.999862
233	170	0.999677
331	208	0.999889
89	76	0.999522
373	219	0.99972
230	160	0.999669
124	116	0.999448
413	282	0.999446
217	121	0.999376
261	236	0.999984
327	218	0.999467
459	226	0.999283
71	44	0.999801
339	221	0.999659
197	119	0.999277
337	169	0.999839
110	77	0.999952
444	350	0.999484
217	56	0.999486
445	379	0.999334
347	220	0.999834
166	41	0.999908
355	213	0.99954
412	120	0.99945
474	114	0.999734
172	112	0.999582
214	90	0.999524
381	187	0.999309
372	88	0.999365
215	151	0.999647
460	153	0.999558
201	194	0.999294
236	74	0.99974
270	147	0.999404
170	135	0.999518
245	125	0.999496
482	254	0.999305
294	196	0.999585
268	76	0.999306
375	106	0.999927
177	78	0.99959
59	34	0.999828
447	246	0.999767
205	118	0.999312
257	117	0.999249
175	117	0.999788
438	135	0.999602
222	208	0.999475
367	230	0.999558
95	36	0.999316
410	207	0.999796
276	94	0.999351
490	349	0.999597
178	167	0.999608
387	260	0.999541
209	124	0.999692
265	181	0.999432
489	364	0.999977
290	99	0.999571
262	184	0.99973
215	185	0.999744
294	282	0.999734
303	163	0.999776
396	358	0.999793
455	236	0.999452
442	253	0.999546
297	181	0.99981
164	72	0.999598
170	160	0.999685
283	233	0.999656
269	189	0.999564
338	261	0.999396
92	74	0.999625
280	153	0.999766
326	193	0.999742
181	108	0.999848
485	339	0.999601
463	297	0.999335
56	54	0.999388
217	50	0.999508
476	374	0.999577
216	58	0.999416
210	117	0.999903
495	290	0.999503
136	70	0.999955
301	141	0.999366
238	214	0.99962
106	80	0.999522
201	115	0.999388
299	120	0.999773
475	154	0.999767
179	43	0.999285
280	103	0.999775
192	188	0.999449
108	79	0.999441
64	34	0.999261
372	90	0.999377
127	93	0.999456
319	99	0.99989
280	89	0.999995
388	256	0.999444
418	356	0.999921
163	74	0.99987
126	92	0.999691
413	335	0.999383
154	64	0.999506
453	167	0.999585
492	460	0.999698
482	227	0.999354
119	100	0.999784
301	76	0.999756
411	241	0.999379
287	253	0.999855
84	75	0.999676
60	19	0.999644
283	244	0.999745
450	430	0.999379
323	305	0.999319
422	382	0.999547
101	53	0.99927
255	145	0.999417
321	224	0.999679
173	109	0.999543
114	46	0.999354
291	92	0.99993
135	129	0.999866
453	400	0.999615
391	345	0.999831
353	110	0.999283
185	153	0.999907
121	117	0.999453
341	155	0.999323
385	285	0.999478
234	189	0.999917
415	382	0.999773
291	153	0.999493
173	44	0.999496
139	128	0.999312
386	361	0.999784
393	156	0.999354
280	212	0.999518
433	137	0.999605
142	65	0.999806
141	41	0.999342
333	248	0.999295
220	147	0.999516
356	154	0.999738
482	350	0.999522
101	45	0.999577
62	57	0.999337
350	125	0.999451
291	78	0.999682
393	107	0.999902
465	129	0.999533
225	104	0.999583
485	170	0.999791
119	44	0.999471
94	28	0.999901
63	25	0.99985
360	247	0.999601
481	363	0.999456
321	178	0.99992
325	305	0.999654
368	188	0.999955
312	234	0.999945
170	120	0.999347
479	240	0.99985
233	231	0.999772
479	156	0.999485
190	103	0.999436
377	296	0.999968
412	240	0.999536
415	214	0.999825
442	268	0.999622
439	282	0.999722
339	145	0.999601
265	211	0.999535
140	107	0.999282
220	205	0.999509
398	155	0.999596
163	111	0.999797
199	139	0.999602
467	152	0.999739
104	71	0.999602
323	316	0.999492
357	271	0.999729
443	260	0.999303
158	154	0.999298
315	183	0.999716
276	101	0.999704
477	404	0.99989
97	93	0.999936
185	73	0.999363
120	37	0.999983
110	82	0.999815
373	208	0.99998
297	180	0.99945
365	172	0.999667
178	158	0.9995
210	65	0.999623
442	337	0.999875
150	55	0.99955
52	32	0.999648
81	34	0.999954
230	185	0.99933
315	240	0.999476
207	135	0.999581
492	391	0.999258
310	85	0.999502
133	94	0.999705
54	23	0.999953
446	310	0.999319
368	352	0.999752
394	226	0.999568
378	171	0.999724
400	287	0.999656
270	239	0.999645
134	95	0.999413
98	96	0.999686
93	55	0.999876
131	80	0.999691
405	272	0.999276
200	138	0.999626
160	153	0.99928
453	114	0.99979
338	174	0.999519
52	30	0.999444
238	235	0.999921
253	246	0.999648
403	228	0.99929
362	177	0.999282
488	144	0.999329
281	137	0.999792
374	118	0.99958
321	177	0.999459
441	408	0.999552
58	25	0.999943
249	74	0.999311
257	86	0.999692
450	307	0.999899
127	76	0.999953
332	82	0.9997
228	141	0.999709
119	73	0.999996
133	73	0.999723
383	162	0.999304
479	259	0.999408
335	84	0.999995
146	113	0.999713
368	276	0.999371
183	148	0.999788
487	167	0.999839
317	104	0.999853
329	217	0.999631
222	192	0.999437
430	284	0.99941
139	88	0.999984
222	97	0.999988
366	283	0.999571
119	59	0.999841
360	249	0.999393
374	110	0.99972
413	301	0.999467
348	319	0.999284
444	300	0.999924
272	258	0.999502
270	154	0.999304
381	132	0.999292
344	111	0.999285
301	83	0.999348
136	70	0.999858
233	217	0.999423
485	212	0.999798
220	103	0.999396
414	354	0.999342
135	84	0.999778
120	51	0.999754
479	270	0.999988
303	70	0.999675
394	316	0.999654
347	90	0.999526
208	173	0.999456
273	166	0.999432
76	38	0.999763
111	88	0.999422
484	463	0.999384
223	86	0.999851
173	72	0.999272
297	200	0.999345
200	102	0.999803
424	359	0.999553
297	152	0.999629
155	50	0.99989
249	124	0.999351
105	55	0.999691
408	298	0.999434
70	38	0.999389
365	317	0.999722
490	272	0.999314
217	178	0.999506
405	297	0.999972
231	131	0.999972
341	182	0.999554
384	317	0.999858
207	50	0.999915
230	227	0.999246
347	265	0.999384
343	160	0.999877
499	437	0.999349
465	156	0.999597
349	193	0.999754
414	327	0.999473
330	211	0.999621
354	329	0.999681
190	44	0.999669
229	59	0.999602
315	126	0.999969
185	134	0.999351
358	312	0.999965
440	350	0.999277
374	89	0.999425
291	119	0.999961
439	219	0.999595
391	107	0.999403
168	42	0.999817
332	108	0.999246
411	392	0.999893
488	422	0.99975
496	403	0.999663
116	97	0.999599
407	404	0.999791
388	249	0.999846
258	73	0.999943
263	135	0.999441
192	81	0.999534
492	289	0.999566
325	184	0.999601
358	140	0.999995
165	122	0.999836
330	241	0.999581
55	51	0.999742
403	394	0.999765
221	82	0.999581
68	54	0.999307
205	149	0.999416
451	320	0.99992
222	183	0.99958
67	29	0.999401
498	318	0.999853
214	142	0.999506
211	101	0.999303
52	31	0.999601
165	98	0.999455
223	104	0.999331
451	372	0.999572
289	69	0.99959
473	158	0.999923
202	168	0.999402
495	379	0.999957
85	38	0.999589
103	47	0.999471
465	145	0.999679
348	118	0.999509
451	190	0.999971
208	202	0.999787
213	65	0.999603
189	97	0.999915
59	18	0.999529
173	156	0.999976
85	24	0.99966
70	62	0.999645
252	106	0.99949
74	48	0.999836
134	66	0.999817
155	97	0.999983
106	83	0.999255
432	275	0.999929
222	63	0.99938
227	218	0.999639
270	154	0.999578
121	110	0.999956
275	209	0.999888
71	45	0.999735
235	115	0.999441
106	36	0.999402
145	139	0.999732
122	57	0.999681
178	149	0.999624
165	92	0.999926
98	51	0.999418
380	212	0.999281
372	328	0.999732
50	17	0.999762
487	378	0.999647
67	50	0.999866
93	89	0.999366
86	50	0.999776
93	38	0.999334
284	258	0.999511
87	23	0.999893
146	120	0.99936
482	381	0.999583
173	158	0.999633
407	242	0.999412
342	248	0.999405
345	301	0.999483
422	100	0.999435
93	46	0.999558
204	61	0.999541
119	46	0.999479
105	53	0.999738
77	45	0.999635
273	201	0.999315
86	77	0.999785
485	183	0.999433
91	61	0.999341
435	318	0.999482
181	176	0.999302
266	124	0.999653
98	24	0.999516
286	204	0.999991
226	188	0.999292
107	72	0.999388
385	194	0.99954
175	57	0.99978
336	308	0.999256
387	315	0.999489
151	73	0.999663
192	122	0.999822
226	109	0.999664
476	277	0.999433
493	149	0.999566
136	72	0.999411
467	459	0.999298
107	42	0.999945
445	136	0.999417
60	50	0.999924
487	235	0.999248
485	165	0.999399
304	182	0.99995
440	220	0.9997
135	108	0.999799
122	105	0.999296
305	115	0.999434
225	152	0.999295
341	86	0.999667
214	84	0.99936
116	45	0.999342
238	120	0.999704
392	385	0.999447
107	72	0.999968
69	61	0.99998
81	51	0.99976
174	120	0.999297
136	77	0.999291
264	172	0.999273
66	61	0.999469
211	57	0.999337
398	258	0.999484
156	86	0.999983
96	61	0.999466
191	176	0.999464
359	201	0.999779
149	74	0.999334
163	54	0.999987
472	434	0.999903
288	214	0.999697
293	209	0.999671
55	26	0.999456
349	283	0.999465
299	132	0.99973
454	299	0.999298
145	97	0.999398
252	102	0.999703
437	139	0.999372
161	145	0.999464
286	248	0.9994
480	108	0.999798
416	363	0.999388
244	188	0.999832
375	270	0.999645
107	80	0.999892
199	151	0.999517
72	18	0.9993
289	137	0.999258
110	88	0.999594
77	51	0.999609
341	317	0.999702
127	81	0.999425
92	61	0.999259
68	31	0.999738
491	462	0.999782
460	445	0.999652
393	306	0.999862
77	67	0.999598
141	124	0.99939
377	192	0.999974
51	42	0.999741
128	59	0.999633
292	178	0.999565
83	34	0.999633
386	313	0.999639
187	114	0.999723
54	47	0.999871
236	235	0.999983
466	310	0.999831
305	226	0.99925
111	42	0.999902
388	299	0.999504
367	332	0.999859
482	371	0.999296
224	95	0.999379
370	273	0.999648
379	120	0.999314
155	67	0.999874
187	46	0.9998
90	30	0.999921
338	149	0.99957
326	142	0.999759
113	66	0.999565
117	96	0.999993
492	341	0.999844
172	87	0.999773
395	243	0.999768
303	281	0.999574
425	358	0.999786
398	112	0.999425
457	162	0.999314
451	295	0.99962
338	182	0.999899
257	202	0.999295
330	103	0.999622
70	53	0.999487
305	70	0.999545
401	329	0.999789
495	307	0.999802
71	37	0.999708
51	23	0.999435
415	102	0.999593
370	125	0.999549
257	151	0.999483
199	121	0.999557
247	132	0.999434
165	151	0.99999
57	49	0.999633
312	307	0.99957
170	62	0.999768
384	349	0.999763
392	263	0.99993
198	150	0.999591
196	90	0.999974
426	256	0.999877
320	219	0.9993
446	310	0.999252
256	81	0.999818
324	150	0.999818
287	90	0.99976
247	179	0.999929
99	41	0.999657
260	79	0.99966
127	107	0.999872
413	130	0.999509
301	291	0.999602
250	241	0.999546
287	189	0.999746
500	287	0.999959
329	313	0.999525
475	106	0.999354
223	195	0.999755
217	86	0.999494
255	254	0.999862
81	21	0.999281
208	107	0.999736
53	16	0.99958
482	337	0.999468
142	58	0.999527
395	372	0.999636
139	97	0.999471
302	125	0.999358
132	81	0.999866
297	160	0.999893
293	211	0.999472
464	263	0.999419
55	20	0.999292
484	307	0.999841
104	48	0.999323
113	59	0.999652
86	53	0.999654
141	127	0.999657
157	72	0.999291
199	150	0.999753
111	35	0.999507
202	79	0.999357
476	347	0.999874
489	395	0.999434
64	41	0.999644
146	99	0.999467
293	250	0.999673
378	329	0.999678
328	82	0.999678
163	119	0.99941
335	182	0.999527
226	122	0.999617
182	129	0.999701
244	240	0.999462
253	233	0.999372
394	337	0.999441
254	124	0.999623
289	158	0.999922
334	267	0.999871
334	232	0.99977
403	194	0.999976
63	45	0.999444
96	91	0.999895
82	40	0.99971
286	239	0.999602
77	24	0.999744
454	154	0.999564
315	110	0.999475
386	364	0.999682
69	58	0.999958
366	177	0.999484
223	195	0.999982
277	182	0.999422
93	74	0.999563
274	230	0.999471
408	355	0.999432
350	287	0.999447
356	297	0.999953
67	59	0.999914
140	68	0.99974
413	275	0.999988
164	161	0.999709
333	196	0.999924
400	107	0.999549
124	99	0.999536
268	199	0.999341
367	166	0.999865
470	294	0.9997
440	402	0.99989
148	91	0.999526
154	42	0.999416
470	263	0.999412
127	121	0.999857
247	56	0.999934
153	113	0.999366
465	268	0.999815
50	17	0.99941
178	102	0.999438
289	222	0.999746
389	298	0.999947
281	261	0.999565
84	21	0.999834
69	25	0.999804
154	119	0.999319
162	121	0.999458
386	382	0.999945
207	117	0.999565
392	253	0.99994
198	53	0.999458
453	366	0.999864
186	58	0.999692
239	162	0.99988
254	164	0.999391
241	236	0.999741
460	264	0.999991
195	146	0.999962
181	156	0.99942
85	27	0.999752
301	251	0.99967
259	92	0.999568
192	162	0.999923
315	177	0.999711
64	45	0.999687
211	75	0.999881
226	58	0.999806
344	97	0.999939
392	342	0.999788
491	243	0.999831
234	54	0.999412
485	354	0.999837
119	55	0.999676
104	89	0.999725
158	37	0.999444
256	166	0.99973
175	142	0.999627
77	49	0.99993
134	126	0.999606
364	164	0.999752
148	104	0.999605
59	45	0.999859
416	260	0.999325
104	90	0.999405
385	318	0.99971
305	268	0.99945
130	104	0.999328
359	281	0.99977
67	31	0.999958
447	204	0.999587
464	410	0.999682
419	259	0.999567
350	345	0.999698
453	242	0.999668
182	165	0.999553
392	142	0.999996
462	353	0.999292
334	112	0.999766
243	233	0.99928
456	247	0.999521
185	62	0.999769
416	395	0.999272
59	20	0.999712
107	95	0.999611
271	61	0.999895
269	68	0.999518
416	296	0.999288
387	221	0.999986
82	65	0.999324
115	84	0.999492
79	27	0.999995
224	102	0.99984
211	119	0.999437
224	207	0.999911
403	163	0.999437
267	234	0.999726
442	211	0.999651
468	119	0.999493
280	249	0.999634
160	111	0.999879
135	73	0.999595
96	50	0.999795
404	216	0.999303
317	98	0.999576
340	275	0.999376
97	53	0.999611
65	61	0.999887
332	100	0.999532
322	259	0.99944
196	54	0.999908
199	47	0.999749
460	348	0.999907
121	56	0.999637
496	297	0.999859
110	85	0.999272
350	229	0.999668
434	162	0.999803
431	263	0.999452
316	144	0.999772
195	138	0.999949
183	43	0.999873
239	117	0.999712
293	247	0.999499
181	178	0.999515
287	85	0.999259
324	321	0.999797
131	49	0.999968
112	32	0.999801
66	29	0.999427
91	54	0.999428
347	241	0.999913
381	367	0.999765
185	171	0.999929
144	122	0.999638
188	154	0.999543
202	177	0.999815
357	348	0.999781
333	286	0.999803
111	29	0.999918
179	73	0.999245
139	132	0.99952
488	385	0.999694
471	118	0.999792
436	374	0.999271
91	75	0.999778
396	198	0.999732
177	45	0.999673
287	72	0.999258
405	244	0.999391
286	232	0.999883
108	59	0.999976
456	390	0.999583
138	133	0.999255
499	130	0.999332
316	294	0.999332
111	25	0.999266
108	71	0.999694
470	468	0.999928
442	140	0.999495
319	85	0.999564
350	230	0.999266
127	107	0.999676
122	72	0.99985
234	97	0.999624
312	179	0.999654
64	28	0.999626
452	312	0.999867
319	180	0.999443
438	416	0.999305
269	200	0.999292
479	190	0.999277
51	28	0.999252
220	189	0.999423
424	265	0.999681
209	178	0.999339
130	69	0.999984
180	98	0.99988
373	223	0.999918
154	55	0.999928
406	107	0.999974
500	386	0.999435
81	44	0.999341
69	45	0.999946
78	37	0.999648
433	150	0.999505
145	52	0.99933
416	146	0.99988
187	131	0.999802
133	58	0.999246
263	159	0.999813
329	280	0.999707
59	32	0.999599
174	89	0.999943
445	259	0.999623
477	265	0.999583
407	231	0.999686
216	151	0.999673
281	280	0.999884
253	238	0.9993
456	195	0.999798
280	120	0.999276
291	276	0.999264
231	120	0.999772
