5500
298	107	0.999322
234	161	0.999599
266	229	0.999735
337	247	0.999679
441	67	0.999576
392	312	0.999357
239	181	0.999563
96	30	0.999354
190	159	0.999609
450	406	0.999355
105	34	0.999741
182	179	0.999772
426	398	0.999981
400	371	0.999583
377	136	0.999389
156	35	0.99943
426	109	0.999521
210	167	0.999814
143	46	0.999735
461	79	0.999915
322	243	0.999697
437	94	0.999354
64	21	0.999787
51	26	0.999498
179	76	0.999717
255	116	0.999842
198	41	0.999555
400	126	0.999766
206	196	0.999403
148	48	0.999849
472	437	0.999347
390	207	0.999727
296	245	0.999346
475	265	0.999537
235	91	0.999569
129	51	0.999826
184	137	0.999654
420	299	0.999968
274	99	0.999405
229	169	0.999805
391	111	0.999582
474	239	0.999658
345	199	0.999741
104	100	0.999599
171	109	0.999609
449	312	0.999706
302	267	0.999525
82	64	0.999425
364	292	0.999735
66	17	0.999538
294	210	0.999718
460	439	0.999449
96	46	0.999882
426	418	0.99975
457	225	0.999461
159	55	0.999569
106	101	0.999417
448	126	0.999634
190	176	0.999879
128	105	0.999749
74	15	0.999817
296	135	0.999822
171	76	0.999942
167	91	0.999749
56	25	0.999352
430	184	0.999891
57	30	0.999913
244	136	0.999897
440	159	0.999756
244	241	0.999909
480	127	0.999716
180	114	0.999908
489	380	0.999894
146	23	0.999908
484	473	0.999577
290	201	0.999324
498	149	0.999648
442	417	0.999333
344	216	0.999733
333	142	0.999784
421	103	0.999448
156	74	0.999865
116	34	0.999985
245	53	0.999528
168	93	0.999314
294	71	0.999977
142	24	0.999844
119	91	0.999458
391	324	0.999676
151	108	0.999336
114	42	0.99984
412	117	0.999461
481	479	0.999397
93	83	0.999429
200	92	0.999356
86	31	0.999908
206	152	0.999302
218	45	0.999332
400	302	0.999516
116	33	0.999428
212	186	0.999889
157	131	0.999699
140	53	0.999457
89	87	0.999997
84	21	0.999359
57	38	0.999349
496	488	0.999675
225	103	0.999981
95	17	0.999445
200	102	0.999537
444	425	0.999459
333	142	0.999616
93	92	0.999543
418	204	0.999565
392	282	0.99979
280	198	0.999408
223	198	0.999934
323	170	0.999904
282	51	0.999856
138	95	0.999316
98	35	0.9993
228	100	0.999616
333	277	0.999406
444	277	0.999577
91	82	0.999658
236	76	0.99945
417	177	0.999352
226	33	0.999542
400	394	0.99962
62	13	0.999634
409	312	0.9993
143	36	0.999359
273	45	0.999556
97	73	0.999299
180	117	0.999941
468	231	0.999625
132	126	0.999588
284	225	0.999387
318	315	0.999883
461	168	0.999889
204	94	0.999371
377	61	0.99976
412	393	0.999875
356	86	0.999382
110	16	0.999712
446	185	0.999902
309	294	0.999692
335	135	0.999995
294	134	0.999312
253	207	0.999385
51	26	0.999515
367	290	0.999619
66	11	0.99977
144	40	0.999741
430	171	0.999916
332	81	0.999445
208	47	0.99935
160	138	0.999511
105	104	0.999508
400	173	0.999661
432	164	0.999565
278	89	0.999301
125	34	0.999894
401	67	0.9997
123	22	0.999813
95	58	0.999566
500	365	0.999497
216	163	0.999406
473	408	0.999493
213	108	0.999757
138	21	0.99957
151	45	0.999368
499	447	0.999934
468	418	0.999361
81	41	0.999361
486	207	0.999397
353	112	0.999726
124	65	0.999792
163	74	0.999702
62	50	0.999954
116	54	0.99975
308	236	0.99934
89	13	0.999681
476	76	0.999306
288	171	0.999965
336	48	0.999512
165	38	0.999392
108	31	0.999904
118	52	0.999799
381	94	0.999413
72	37	0.99943
344	90	0.999428
274	109	0.999936
300	251	0.999689
340	139	0.999608
118	95	0.999751
306	78	0.999944
113	22	0.999359
441	227	0.999958
305	297	0.999699
127	89	0.999309
425	77	0.99992
131	32	0.999786
442	97	0.999632
77	16	0.999623
140	86	0.99962
345	253	0.99992
108	19	0.99972
224	170	0.99969
478	465	0.999535
437	181	0.999949
163	30	0.999375
432	127	0.999991
372	269	0.999483
254	121	0.999605
269	131	0.999827
385	115	0.999451
90	36	0.999684
396	227	0.999713
274	52	0.999736
470	217	0.999787
348	100	0.999831
369	135	0.999528
243	181	0.999385
204	81	0.999858
288	134	0.999305
434	216	0.999762
412	379	0.999987
71	58	0.999582
138	60	0.999409
78	27	0.999409
102	22	0.999411
126	94	0.999327
168	89	0.999541
251	124	0.999537
357	240	0.999751
57	20	0.999651
227	181	0.99979
434	362	0.999351
489	212	0.999817
50	26	0.999802
292	198	0.99981
329	312	0.999829
473	121	0.999355
75	51	0.999556
88	31	0.999725
263	82	0.999623
56	37	0.999985
262	147	0.999481
467	223	0.999643
500	396	0.999879
124	106	0.999806
232	55	0.999354
409	151	0.999814
431	329	0.999648
210	59	0.999818
267	107	0.999354
330	87	0.999438
476	398	0.999655
440	251	0.999471
277	57	0.999553
79	38	0.999535
223	93	0.999775
142	81	0.999708
394	278	0.999987
450	219	0.99952
115	108	0.999353
304	258	0.999408
209	160	0.999498
463	225	0.999927
477	362	0.999418
366	189	0.999309
187	36	0.999915
156	59	0.999959
243	91	0.999446
70	18	0.999917
411	316	0.999529
411	325	0.99957
282	82	0.99967
225	183	0.999347
500	475	0.999661
365	101	0.999544
78	61	0.999418
173	96	0.99952
150	92	0.999925
330	112	0.999423
427	246	0.999827
397	164	0.999485
487	93	0.999657
337	196	0.999487
352	147	0.999787
259	211	0.999487
312	305	0.999998
187	115	0.999852
357	246	0.999575
318	117	0.999735
115	83	0.999317
82	67	0.999898
477	134	0.999637
98	96	0.999944
181	109	0.999373
68	64	0.999423
155	145	0.999938
344	316	0.999434
81	59	0.999385
303	145	0.999636
122	113	0.999752
246	50	0.999858
54	9	0.999416
72	68	0.999551
281	111	0.999999
223	122	0.999308
449	165	0.999892
237	102	0.999964
379	169	0.999594
274	180	0.999513
411	114	0.99943
483	327	0.999371
336	183	0.999504
413	346	0.999999
90	30	0.999877
202	112	0.999433
240	80	0.999927
333	64	0.999687
299	271	0.999382
477	285	0.999851
314	208	0.999986
381	121	0.999745
350	294	0.999487
183	53	0.999964
188	174	0.999956
303	82	0.999653
98	92	0.999382
415	150	0.999899
477	68	0.999724
164	100	0.999685
138	123	0.999696
219	152	0.999436
372	166	0.999466
68	26	0.999297
188	119	0.999373
111	50	0.999944
60	13	0.999585
374	330	0.99944
241	124	0.999394
228	36	0.999503
408	94	0.999547
179	47	0.99938
52	26	0.999623
122	117	0.999668
325	163	0.999378
194	48	0.999325
191	123	0.999812
438	201	0.999783
453	250	0.99963
233	128	0.999735
465	218	0.999598
281	256	0.999914
52	13	0.999344
336	225	0.999448
482	87	0.999363
182	59	0.999683
151	93	0.999577
493	455	0.999478
213	61	0.999951
129	92	0.999763
328	232	0.999911
448	153	0.99991
223	195	0.99996
169	127	0.999542
347	244	0.999323
317	272	0.999614
444	213	0.999987
247	75	0.999778
491	126	0.999504
284	117	0.999964
192	136	0.999506
273	264	0.999999
169	52	0.999477
273	58	0.999311
480	154	0.999579
288	202	0.999301
272	266	0.999306
284	95	0.99952
70	41	0.999808
227	221	0.999352
257	183	0.999858
131	106	0.999766
253	57	0.999338
73	47	0.999467
90	75	0.999635
100	50	0.999456
396	150	0.999384
487	307	0.999525
429	277	0.99939
455	419	0.999474
390	243	0.999445
147	96	0.99995
337	103	0.999894
126	86	0.999436
309	169	0.999468
356	241	0.999798
483	111	0.999733
234	168	0.999536
446	264	0.999343
351	141	0.999989
465	295	0.999899
351	296	0.99955
153	34	0.999896
479	244	0.999465
238	56	0.999846
298	122	0.999597
470	394	0.999582
70	32	0.999602
251	153	0.999578
188	115	0.999699
344	142	0.999482
93	80	0.999447
235	130	0.999925
157	86	0.999918
440	231	0.999811
154	96	0.99943
422	191	0.999596
234	67	0.99985
379	298	0.999446
447	353	0.999789
178	94	0.999686
466	103	0.999912
419	391	0.999465
74	46	0.999305
99	23	0.999935
145	88	0.999421
52	40	0.999368
165	146	0.999906
313	124	0.999611
464	194	0.999776
264	138	0.999969
411	239	0.999563
265	95	0.999877
68	34	0.99934
422	218	0.999544
197	140	0.99932
242	221	0.999535
476	343	0.999496
469	191	0.99992
151	105	0.999677
379	277	0.999822
195	116	0.999315
444	186	0.999635
284	263	0.999346
256	159	0.999518
327	92	0.999487
99	76	0.999304
314	261	0.999708
467	325	0.999984
283	124	0.999354
342	259	0.99976
396	287	0.999506
294	94	0.9993
217	114	0.999792
453	281	0.99962
452	354	0.999477
413	133	0.999329
210	48	0.999794
429	119	0.999876
188	118	0.99995
496	274	0.999391
485	172	0.999649
478	180	0.999718
62	22	0.9999
365	116	0.999647
160	66	0.999941
391	98	0.999996
181	61	0.999654
455	444	0.999958
259	200	0.999311
337	309	0.999828
242	184	0.999882
293	59	0.999747
122	88	0.999763
127	51	0.999998
370	230	0.999608
286	91	0.99942
433	211	0.999964
260	170	0.999829
159	128	0.999449
449	245	0.999537
347	143	0.999482
311	136	0.999727
296	254	0.999704
106	69	0.999716
276	101	0.999801
127	35	0.999705
174	123	0.999397
495	281	0.999341
208	175	0.999591
141	74	0.999658
265	133	0.999992
238	157	0.99938
370	108	0.999554
335	333	0.99962
378	224	0.999768
228	124	0.999392
299	139	0.999595
132	82	0.999418
375	331	0.999956
315	116	0.99978
500	406	0.999799
287	246	0.999951
128	127	0.999868
68	32	0.999996
288	51	0.999856
217	164	0.999415
484	256	0.999751
239	83	0.999359
399	335	0.99971
461	106	0.999443
78	30	0.999929
331	94	0.999646
402	344	0.999936
50	10	0.999994
364	360	0.999966
301	91	0.999377
358	256	0.99992
298	280	0.999813
468	159	0.999801
107	59	0.999896
190	65	0.999402
245	106	0.999378
228	201	0.999509
130	113	0.99997
374	82	0.999464
244	192	0.999939
230	98	0.999646
452	75	0.999888
424	222	0.999646
232	168	0.999923
463	250	0.999904
387	336	0.999776
122	43	0.999695
103	44	0.999764
69	50	0.999621
464	327	0.999316
487	371	0.999819
193	136	0.999962
449	165	0.999622
319	172	0.999466
237	207	0.999378
329	200	0.999645
273	163	0.999958
341	84	0.999877
451	107	0.999979
144	51	0.999532
272	158	0.999537
182	95	0.999699
481	394	0.999558
387	137	0.999466
472	246	0.999459
284	173	0.999782
182	133	0.999665
328	184	0.999495
162	78	0.999525
60	26	0.999548
163	121	0.999416
470	354	0.999545
424	337	0.999972
151	121	0.999785
93	63	0.999934
60	16	0.999525
268	118	0.999525
463	205	0.999813
73	12	0.999726
454	174	0.999805
80	27	0.99981
106	31	0.99987
461	352	0.999311
341	265	0.999321
285	166	0.999604
379	281	0.999432
365	217	0.999629
379	219	0.999752
467	382	0.999857
471	242	0.999312
81	42	0.999972
351	277	0.999466
169	50	0.999608
372	230	0.999585
298	191	0.999818
286	201	0.999815
114	59	0.999732
317	289	0.999524
280	156	0.999858
62	13	0.999641
274	62	0.999399
75	49	0.999542
182	90	0.999955
73	14	0.999544
328	88	0.999302
80	43	0.999539
341	222	0.999717
237	175	0.999607
302	181	0.999365
399	333	0.99984
482	81	0.999454
192	44	0.999858
183	54	0.99956
228	203	0.999328
227	171	0.99957
358	172	0.999983
392	311	0.999639
76	47	0.999748
471	270	0.999591
130	129	0.999873
415	229	0.999815
222	114	0.999302
196	47	0.999376
423	109	0.999625
154	97	0.999675
295	121	0.999617
185	44	0.999355
463	387	0.999757
80	28	0.999302
465	388	0.999685
116	109	0.999978
153	125	0.999834
77	19	0.999591
396	223	0.999725
488	246	0.999931
286	74	0.999795
365	147	0.999535
180	126	0.999326
162	26	0.99951
441	329	0.999723
420	246	0.999332
291	71	0.999802
130	45	0.999404
421	76	0.999565
141	23	0.999872
63	33	0.999353
474	157	0.999815
206	111	0.999499
303	274	0.99977
199	144	0.999427
212	88	0.999518
499	452	0.999303
397	326	0.999759
375	289	0.999817
424	410	0.999466
494	173	0.999625
137	71	0.999429
420	166	0.999597
238	155	0.999592
462	360	0.999989
194	153	0.999835
303	138	0.999499
273	258	0.999452
381	107	0.999364
276	110	0.999758
96	61	0.999839
456	88	0.999531
438	360	0.999947
255	145	0.999934
439	224	0.999409
186	156	0.999299
148	90	0.999633
250	112	0.999943
379	160	0.999311
384	272	0.999511
311	124	0.999489
407	392	0.99956
465	228	0.999556
254	90	0.999948
349	72	0.999979
123	81	0.999392
116	114	0.999981
267	193	0.999531
354	175	0.999632
339	117	0.999536
126	52	0.999426
260	64	0.999813
458	137	0.999735
300	49	0.999679
283	89	0.999787
63	27	0.999904
146	138	0.999368
197	190	0.999722
149	100	0.999661
466	205	0.999681
252	108	0.999619
356	239	0.999706
487	357	0.999665
459	112	0.999498
189	126	0.999768
109	80	0.999685
185	42	0.99971
83	27	0.999378
121	62	0.999342
159	45	0.999311
474	265	0.999528
260	213	0.999762
382	288	0.999465
455	369	0.999422
208	161	0.999378
94	77	0.999419
423	71	0.999817
375	166	0.999657
258	108	0.999541
236	97	0.99946
81	42	0.999922
339	236	0.999446
373	327	0.999314
58	25	0.999339
433	403	0.99983
80	13	0.999309
447	226	0.999853
222	174	0.99997
166	34	0.999715
184	108	0.999443
488	94	0.999854
334	246	0.99993
453	396	0.999553
223	103	0.999956
66	35	0.999868
462	150	0.999773
398	302	0.999801
295	283	0.999791
274	184	0.999468
95	15	0.999489
449	404	0.999603
255	200	0.99958
242	104	0.999511
221	37	0.999478
182	83	0.999877
354	331	0.999861
121	53	0.999758
307	253	0.999601
428	308	0.999732
333	69	0.999996
211	156	0.99984
134	83	0.999473
482	188	0.999962
61	11	0.999486
286	180	0.999956
481	322	0.999881
88	34	0.999524
68	41	0.99947
192	155	0.999494
250	53	0.99933
433	79	0.999692
87	35	0.999398
458	220	0.999358
141	66	0.999922
419	387	0.999533
220	209	0.999436
337	161	0.999597
494	194	0.999677
204	51	0.999784
368	324	0.999735
493	279	0.999953
169	30	0.999508
158	125	0.999394
159	64	0.999654
413	267	0.999322
309	255	0.999487
255	44	0.99943
121	32	0.999715
159	123	0.999849
456	248	0.999768
63	50	0.999727
288	73	0.999396
236	45	0.999842
394	144	0.999857
120	21	0.999714
265	155	0.999954
251	51	0.999334
431	136	0.999585
301	131	0.99996
195	187	0.999777
70	18	0.999658
265	133	0.999931
278	125	0.999318
365	250	0.999676
206	116	0.999601
417	143	0.999875
306	257	0.999783
207	30	0.999461
333	77	0.999637
191	188	0.999404
97	57	0.999945
158	46	0.999915
113	37	0.999526
263	113	0.999814
135	63	0.999404
387	67	0.999854
369	252	0.999799
388	251	0.999549
471	381	0.999338
395	110	0.99947
160	40	0.999887
316	137	0.999715
52	33	0.999763
470	281	0.999822
96	53	0.999801
144	36	0.999646
495	465	0.999355
409	317	0.999354
466	325	0.999939
487	274	0.999533
450	304	0.999859
183	112	0.999547
230	147	0.999739
85	63	0.999473
330	110	0.99954
155	25	0.999655
82	36	0.999437
208	72	0.999763
436	275	0.999675
175	52	0.999526
111	47	0.999604
254	223	0.999725
100	91	0.999406
200	175	0.999846
294	262	0.99933
456	336	0.999482
300	118	0.999302
128	83	0.999597
482	423	0.999654
449	418	0.999825
116	67	0.999868
386	275	0.999492
236	41	0.999563
302	269	0.999332
85	20	0.999561
367	267	0.999298
131	31	0.999775
491	324	0.999317
217	135	0.999863
74	32	0.999961
139	132	0.999539
156	57	0.999437
298	99	0.999602
209	88	0.999306
70	65	0.999716
232	211	0.999499
252	81	0.999463
306	162	0.999734
360	181	0.999666
355	235	0.999654
485	88	0.999765
134	112	0.999873
63	35	0.999397
455	366	0.99972
159	40	0.999893
71	29	0.99971
484	483	0.99961
140	39	0.999603
410	181	0.999877
156	119	0.999416
426	117	0.999414
470	250	0.999705
208	107	0.999893
130	65	0.999844
216	106	0.999976
469	174	0.999824
328	321	0.999376
477	130	0.999846
498	187	0.999854
335	79	0.999872
318	85	0.999643
485	221	0.999748
138	21	0.999754
75	28	0.999574
156	98	0.99988
448	382	0.999386
360	222	0.999975
72	29	0.999585
131	79	0.999454
440	222	0.999516
145	55	0.999749
387	160	0.999454
470	181	0.999445
444	83	0.99943
83	27	0.999473
389	287	0.999319
101	90	0.999371
356	147	0.999466
234	109	0.999915
142	67	0.999957
419	407	0.999761
403	348	0.999906
126	68	0.999726
157	52	0.999604
55	44	0.999658
171	55	0.999484
174	30	0.999834
397	203	0.999366
164	115	0.999763
457	146	0.99933
309	220	0.99964
486	384	0.999573
273	82	0.999932
74	29	0.999385
392	114	0.999982
179	138	0.999486
466	124	0.999326
271	246	0.999308
267	237	0.999618
204	129	0.999322
357	124	0.999858
172	33	0.999917
134	79	0.999593
474	235	0.999497
458	100	0.999822
266	112	0.999952
385	344	0.999615
88	50	0.999666
385	325	0.999392
201	109	0.999393
399	256	0.999452
228	162	0.999384
186	152	0.999316
173	148	0.999534
429	222	0.999423
85	72	0.999349
324	221	0.999851
249	67	0.999682
52	18	0.999758
216	99	0.999923
157	155	0.999423
439	154	0.999873
496	80	0.99967
150	136	0.999544
192	40	0.999556
489	293	0.999902
367	169	0.999841
123	85	0.999932
499	341	0.999379
384	325	0.999756
463	270	0.999732
310	218	0.999485
465	178	0.99934
381	332	0.999515
204	188	0.999304
171	155	0.999313
205	141	0.999922
208	69	0.999657
374	220	0.999879
100	73	0.99952
421	124	0.999513
361	80	0.999868
339	105	0.999374
414	144	0.999428
263	119	0.999592
329	136	0.999664
127	30	0.99951
398	165	0.999804
344	286	0.999753
156	118	0.999956
105	33	0.999433
329	253	0.999576
445	121	0.999535
486	145	0.999606
81	71	0.999977
250	89	0.999449
114	18	0.999524
326	71	0.999812
230	42	0.99956
229	173	0.999667
474	376	0.999676
184	86	0.999969
81	26	0.99988
71	65	0.999982
208	101	0.999427
279	201	0.999316
390	219	0.999858
259	199	0.999688
414	340	0.999853
451	213	0.999944
147	102	0.999457
167	118	0.999732
164	143	0.99949
209	188	0.99963
301	299	0.999843
135	56	0.999846
349	85	0.999461
418	369	0.999316
427	120	0.999939
267	240	0.999385
68	41	0.999318
390	137	0.999427
314	61	0.999554
306	277	0.999563
419	241	0.999857
426	233	0.999689
277	45	0.99958
322	139	0.99987
190	136	0.99958
487	333	0.999566
374	112	0.999457
310	148	0.99945
158	153	0.999477
106	88	0.999668
456	255	0.999542
153	126	0.999481
365	97	0.999847
149	124	0.999348
442	350	0.999911
261	154	0.999451
390	252	0.999958
101	63	0.999762
337	63	0.999608
58	47	0.999534
420	312	0.999685
404	92	0.99944
337	98	0.999378
186	103	0.999361
81	18	0.999301
110	77	0.999708
100	70	0.999814
226	54	0.999421
245	142	0.999663
363	317	0.999977
374	319	0.999742
478	418	0.999865
306	283	0.999335
415	413	0.999859
66	34	0.999499
161	97	0.99972
315	196	0.999568
398	325	0.999633
126	100	0.999607
454	173	0.999682
195	66	0.99968
417	348	0.99984
414	366	0.99984
238	192	0.99947
221	181	0.999812
74	73	0.999863
65	60	0.999771
429	207	0.999634
292	192	0.99951
385	131	0.99962
207	84	0.999761
66	52	0.999449
202	103	0.999784
228	93	0.999633
432	79	0.999876
112	30	0.999923
153	50	0.999943
141	74	0.999873
344	196	0.999541
104	31	0.999333
341	107	0.999726
205	136	0.999639
224	99	0.999666
432	124	0.999709
361	107	0.999727
368	299	0.999722
129	124	0.999644
232	156	0.99959
173	134	0.999326
342	227	0.999797
134	129	0.999619
197	101	0.99972
407	62	0.999925
407	186	0.99972
157	150	0.999541
299	160	0.999634
410	333	0.999557
62	19	0.999421
471	465	0.999951
493	108	0.999877
184	43	0.999806
472	287	0.999749
142	86	0.999459
425	342	0.999854
149	38	0.99998
98	23	0.999712
358	166	0.999663
260	147	0.999576
67	58	0.999416
133	122	0.999824
309	170	0.999451
112	46	0.999628
55	48	0.999399
282	279	0.999653
486	447	0.99933
185	37	0.999954
156	53	0.999961
401	66	0.999535
495	374	0.999579
492	71	0.999458
342	312	0.99962
199	129	0.999985
247	243	0.999777
241	118	0.999857
341	332	0.99962
140	132	0.999482
103	86	0.999582
317	245	0.999611
477	255	0.99972
158	156	0.999304
252	190	0.999432
355	177	0.999659
432	68	0.999909
87	79	0.99952
234	232	0.999885
108	80	0.999682
325	241	0.999755
130	82	0.999811
126	76	0.999624
286	278	0.999628
178	168	0.999581
337	74	0.999887
322	183	0.999891
379	123	0.999629
297	93	0.999426
291	153	0.999484
148	65	0.99944
458	113	0.999799
52	50	0.999334
219	86	0.999879
240	137	0.99936
147	88	0.999881
276	184	0.999319
485	108	0.999625
371	278	0.999377
361	181	0.999698
182	168	0.999799
187	115	0.999703
51	26	0.999955
231	54	0.999517
256	163	0.999933
273	62	0.999651
299	236	0.999715
387	216	0.999336
122	40	0.999929
341	181	0.999575
467	424	0.999639
400	348	0.999486
311	102	0.999812
191	122	0.999641
470	290	0.999642
192	55	0.99948
227	66	0.999397
451	449	0.999473
408	245	0.999926
116	17	0.999974
448	326	0.999407
391	389	0.999536
289	277	0.999927
323	204	0.999823
50	21	0.999663
119	45	0.999305
487	217	0.999932
205	70	0.999612
347	219	0.99999
360	340	0.999316
259	42	0.999908
442	362	0.999676
470	107	0.999515
488	213	0.999724
251	98	0.999944
405	235	0.999827
345	129	0.999785
168	131	0.99996
155	47	0.999863
466	452	0.999984
337	275	0.999585
123	94	0.999985
197	52	0.999371
478	465	0.999404
342	159	0.999891
336	327	0.999992
50	37	0.999958
232	89	0.999738
451	258	0.999603
130	112	0.999635
271	243	0.999332
51	25	0.999685
267	238	0.999918
384	182	0.999506
355	236	0.999597
368	329	0.999339
64	38	0.999416
359	293	0.999603
235	197	0.999958
168	74	0.999573
466	137	0.99977
55	21	0.999552
92	56	0.999969
128	86	0.999505
345	218	0.999984
431	205	0.999441
453	435	0.999733
263	78	0.999343
300	138	0.999668
97	56	0.999704
339	125	0.999825
186	88	0.999715
272	238	0.999392
344	318	0.999675
182	174	0.999768
423	367	0.99935
355	257	0.999745
159	153	0.999568
242	213	0.999823
289	281	0.999437
125	69	0.999702
410	149	0.999958
185	161	0.999359
487	215	0.999737
365	294	0.999568
199	139	0.999522
341	63	0.999403
301	241	0.999413
404	291	0.999306
138	29	0.999869
211	84	0.999358
324	171	0.999566
471	333	0.999958
467	68	0.999846
191	112	0.999715
481	298	0.999317
113	90	0.999786
194	110	0.999466
280	228	0.999548
224	110	0.999471
416	372	0.999375
395	376	0.999986
232	222	0.999568
54	40	0.999856
341	182	0.999426
453	106	0.999968
179	75	0.999694
286	68	0.999907
357	340	0.999735
403	394	0.999998
355	291	0.999333
351	275	0.999631
461	451	0.99997
293	282	0.999908
269	78	0.999889
476	121	0.999962
289	83	0.999314
371	316	0.999917
448	175	0.99967
479	86	0.999811
251	245	0.999435
343	79	0.999955
411	269	0.999973
370	149	0.999711
144	131	0.999804
432	427	0.999627
151	115	0.999446
86	22	0.999499
442	87	0.999343
171	68	0.999531
404	351	0.999656
71	18	0.999736
444	189	0.999692
68	63	0.999572
370	184	0.999656
139	135	0.999499
192	53	0.999706
143	113	0.999503
201	59	0.999667
409	128	0.999533
423	343	0.999974
105	23	0.999396
496	159	0.999409
317	203	0.999794
155	124	0.999571
500	145	0.999996
323	174	0.999796
279	181	0.99993
126	43	0.999897
114	37	0.999818
123	32	0.999689
95	39	0.999352
381	162	0.999321
350	333	0.999741
282	273	0.999947
313	143	0.999423
296	241	0.999544
328	67	0.999879
226	91	0.999623
144	139	0.99963
464	236	0.999703
381	145	0.999435
91	39	0.999299
457	175	0.99938
461	268	0.999406
144	102	0.999501
342	149	0.999608
265	75	0.999466
396	347	0.999445
53	51	0.999897
331	305	0.999763
369	156	0.999524
141	75	0.999867
179	91	0.999669
153	148	0.999914
424	171	0.999989
458	321	0.999503
449	143	0.999718
255	67	0.999418
397	129	0.999573
276	43	0.999512
334	98	0.999528
467	113	0.999673
158	73	0.999526
348	301	0.999701
442	170	0.999839
61	9	0.999839
334	63	0.999304
377	244	0.999697
317	190	0.999353
61	34	0.999416
492	79	0.999653
137	116	0.999758
443	440	0.999885
394	322	0.999764
120	23	0.999863
367	90	0.999746
384	119	0.999318
418	208	0.999647
175	74	0.999444
297	292	0.999912
86	47	0.99997
422	174	0.999946
275	192	0.999647
437	135	0.99957
53	52	0.999994
272	210	0.999604
104	72	0.999475
141	22	0.999623
444	243	0.999541
69	50	0.999768
358	173	0.999991
196	87	0.999913
192	176	0.999413
173	131	0.999981
86	13	0.999542
216	68	0.999469
175	95	0.999887
416	70	0.999776
72	67	0.999806
418	222	0.999323
262	127	0.999888
123	91	0.999989
430	376	0.999359
492	361	0.999335
477	356	0.999747
338	185	0.999604
380	158	0.999936
51	10	0.999912
316	117	0.999588
220	155	0.999577
188	74	0.999952
386	306	0.999728
424	353	0.999889
84	51	0.999917
280	216	0.99997
219	183	0.999489
113	30	0.999466
398	281	0.999564
248	54	0.999496
150	61	0.999873
159	120	0.999582
428	408	0.99965
499	385	0.999415
163	86	0.999478
190	159	0.999922
499	175	0.999456
142	87	0.999397
71	22	0.999388
222	220	0.999544
319	99	0.999422
330	328	0.999853
166	54	0.999965
445	242	0.999327
227	98	0.999823
97	82	0.999689
204	128	0.999761
150	148	0.999861
300	205	0.999637
205	94	0.999389
499	475	0.999311
443	405	0.999993
86	55	0.999321
298	102	0.99979
468	146	0.999682
274	207	0.999595
401	325	0.999573
241	146	0.999569
137	46	0.99959
491	465	0.999552
212	47	0.999719
467	154	0.999685
177	91	0.999366
147	56	0.999607
434	113	0.999486
472	427	0.999709
279	197	0.999741
317	238	0.99938
172	167	0.999561
327	319	0.99964
397	313	0.999829
92	36	0.999746
269	117	0.999354
317	145	0.999758
323	203	0.99942
108	39	0.999475
448	213	0.99935
437	300	0.999623
393	186	0.999885
468	369	0.999344
60	52	0.999581
239	145	0.999761
487	380	0.999314
141	109	0.999856
451	173	0.999384
231	173	0.999914
188	112	0.99989
88	22	0.999844
249	167	0.999321
179	89	0.999706
338	335	0.999466
131	96	0.999774
473	220	0.999844
135	111	0.999774
322	82	0.999437
441	71	0.99962
440	166	0.999691
350	288	0.999956
96	30	0.999372
190	162	0.999586
449	285	0.999305
225	170	0.999987
384	133	0.999636
169	131	0.999618
352	216	0.999651
412	100	0.999335
174	27	0.999375
495	404	0.999552
364	256	0.999851
87	51	0.999568
152	85	0.99992
133	91	0.99972
178	40	0.999851
401	146	0.999591
273	122	0.999739
172	154	0.999991
396	74	0.99937
461	381	0.999943
112	33	0.999435
199	55	0.99966
80	70	0.999723
347	322	0.999737
356	320	0.999462
355	105	0.999758
385	214	0.999305
180	139	0.999722
166	25	0.999368
470	418	0.999659
414	154	0.999646
108	57	0.999363
263	247	0.999434
169	94	0.999408
218	89	0.999874
443	364	0.999805
173	144	0.999685
346	213	0.999411
283	89	0.999559
63	37	0.999363
148	142	0.999546
454	248	0.999594
352	318	0.999735
295	57	0.999592
276	46	0.99957
370	306	0.999725
101	51	0.999515
249	211	0.999624
351	195	0.999919
106	25	0.99947
194	52	0.999594
116	20	0.999933
497	400	0.999737
365	168	0.999437
228	218	0.999812
150	100	0.999937
414	161	0.99968
122	84	0.99988
209	113	0.999827
281	168	0.999673
241	162	0.999782
266	177	0.999447
488	187	0.99932
500	283	0.999682
211	203	0.999377
464	452	0.999945
431	250	0.99947
180	53	0.999466
271	52	0.999494
490	357	0.999453
127	76	0.999959
52	28	0.999822
444	117	0.999301
414	162	0.999752
377	292	0.999651
242	178	0.999368
203	201	0.999606
243	74	0.999834
497	189	0.999302
67	48	0.999451
142	94	0.999316
309	177	0.999967
365	139	0.999683
450	269	0.999906
497	214	0.99999
83	78	0.999799
259	122	0.999328
465	69	0.999352
179	138	0.999497
203	36	0.999952
488	366	0.999369
55	53	0.999757
380	113	0.999682
333	308	0.999432
499	434	0.999314
287	137	0.999463
146	110	0.999615
286	232	0.999326
132	92	0.999451
157	34	0.999443
470	254	0.999406
206	150	0.999616
52	23	0.99948
415	94	0.999592
144	38	0.9999
353	81	0.999693
401	370	0.99938
97	55	0.999951
244	163	0.999572
124	88	0.999831
466	140	0.999813
437	411	0.99969
193	53	0.999855
79	24	0.999459
474	242	0.99974
76	61	0.999896
233	187	0.999932
391	204	0.999866
190	65	0.999889
130	89	0.999817
301	146	0.999593
456	260	0.999443
190	90	0.999718
232	213	0.999798
323	51	0.999568
93	48	0.999911
68	32	0.999607
476	121	0.999902
492	201	0.999618
361	134	0.999742
378	299	0.999561
109	67	0.999673
313	167	0.999595
383	325	0.999389
185	179	0.999333
76	16	0.999398
350	139	0.999993
58	38	0.999302
119	74	0.999475
145	133	0.999621
202	163	0.999825
160	155	0.999954
346	233	0.999873
262	46	0.999641
378	214	0.999698
65	61	0.999951
205	54	0.999859
473	194	0.999437
279	63	0.99985
227	155	0.999316
320	192	0.999344
115	91	0.999623
130	23	0.999638
500	229	0.999866
402	137	0.99959
305	185	0.999994
466	292	0.99968
89	56	0.999606
324	255	0.99938
413	305	0.999709
296	207	0.999859
403	92	0.999719
401	156	0.999889
316	292	0.999965
447	427	0.999735
394	197	0.999947
372	148	0.999304
166	64	0.999374
418	190	0.999399
186	150	0.999946
479	156	0.999952
166	66	0.999324
237	105	0.999499
487	411	0.999444
70	37	0.999568
233	231	0.99938
171	129	0.999893
354	153	0.999715
238	97	0.999618
415	325	0.999399
298	131	0.999733
255	253	0.999541
141	86	0.999694
382	222	0.999643
159	147	0.999542
320	73	0.999701
108	38	0.999743
221	188	0.999714
412	121	0.999694
173	53	0.999432
183	63	0.999357
219	125	0.999568
190	110	0.999904
56	46	0.999429
441	132	0.9993
205	151	0.999481
166	124	0.999739
475	407	0.999444
351	242	0.999601
341	101	0.999348
376	344	0.999629
306	204	0.999768
385	306	0.999984
449	330	0.999949
151	65	0.999418
98	53	0.999396
367	257	0.999957
477	385	0.999312
144	72	0.999808
409	235	0.999817
71	30	0.999827
231	68	0.999737
120	81	0.999819
345	148	0.999601
227	37	0.999299
311	88	0.999561
278	143	0.999412
246	242	0.999633
234	229	0.999619
178	139	0.999845
147	139	0.999979
464	91	0.999575
422	115	0.999592
136	100	0.999582
469	398	0.999314
327	132	0.999696
251	188	0.999613
100	49	0.999718
293	268	0.999667
471	88	0.999621
469	283	0.999442
289	276	0.999495
449	157	0.999692
451	240	0.999651
113	81	0.99987
294	42	0.999415
406	84	0.999751
181	124	0.999587
298	121	0.999462
468	429	0.999697
484	100	0.999801
295	176	0.999538
391	286	0.99996
173	82	0.999888
299	174	0.999534
459	416	0.999896
141	36	0.999533
365	282	0.999803
405	115	0.999825
471	389	0.999644
445	188	0.99967
497	254	0.999623
369	324	0.999854
446	151	0.999495
330	253	0.999451
316	102	0.999981
316	142	0.999406
177	78	0.999899
234	74	0.999971
285	163	0.999516
210	185	0.999583
319	291	0.999995
61	29	0.999642
490	233	0.999361
490	115	0.999554
175	59	0.999789
168	58	0.999855
280	228	0.999855
302	285	0.999657
264	123	0.999475
164	116	0.999302
336	222	0.999784
243	185	0.999716
453	397	0.999671
208	96	0.999742
241	76	0.999812
468	337	0.999767
243	193	0.99952
237	54	0.999826
284	179	0.99953
179	167	0.999799
75	11	0.999856
227	131	0.999329
401	278	0.999906
474	229	0.999999
50	25	0.999908
58	20	0.999402
90	78	0.999304
418	172	0.999686
435	80	0.999762
281	178	0.999566
179	96	0.999323
83	60	0.999965
470	300	0.999581
254	53	0.99983
426	382	0.999402
362	192	0.999783
426	355	0.999845
268	132	0.999722
77	63	0.99932
390	355	0.999743
86	28	0.999739
442	364	0.999592
294	196	0.999528
228	59	0.999587
435	387	0.999973
454	260	0.99997
393	105	0.99992
212	153	0.999825
345	204	0.999527
80	64	0.999891
137	114	0.999907
193	52	0.999705
308	124	0.999669
247	83	0.999751
331	276	0.999999
189	133	0.999812
444	190	0.999319
67	40	0.999423
311	243	0.999475
286	258	0.999547
229	43	0.999749
309	269	0.999487
281	100	0.999627
333	244	0.999506
101	80	0.999351
86	85	0.999696
264	74	0.999944
57	32	0.999696
439	436	0.99938
252	143	0.999946
270	147	0.99944
210	149	0.999686
323	75	0.99967
169	42	0.999752
56	45	0.999824
315	174	0.999448
381	172	0.999953
361	145	0.999478
397	164	0.999794
226	110	0.999539
158	90	0.999905
183	145	0.999823
213	210	0.99984
114	43	0.999978
475	143	0.999966
406	282	0.999447
481	409	0.999661
325	67	0.999382
279	234	0.999402
389	313	0.999489
416	118	0.999642
159	23	0.999613
277	196	0.999833
70	23	0.999368
83	35	0.999578
96	69	0.99992
234	215	0.999425
279	181	0.999975
114	45	0.999991
470	190	0.999734
441	170	0.999666
230	38	0.999713
228	161	0.999445
226	120	0.999958
267	55	0.999634
321	257	0.999521
171	88	0.999944
302	172	0.999875
267	135	0.999614
470	397	0.999843
382	315	0.999573
180	164	0.999559
401	305	0.999405
115	72	0.999659
234	44	0.999485
422	224	0.999551
428	196	0.999642
216	148	0.999661
496	81	0.999958
479	85	0.999934
173	83	0.99997
324	149	0.999929
111	25	0.999475
154	52	0.999595
270	199	0.999905
279	255	0.999618
307	166	0.999864
363	221	0.999395
136	104	0.99938
434	236	0.999477
261	123	0.999428
210	62	0.999931
390	131	0.999949
70	51	0.999939
458	164	0.99946
82	74	0.999863
238	64	0.999369
325	295	0.999549
269	128	0.999736
345	174	0.999319
249	106	0.999749
442	336	0.999807
317	235	0.99962
158	81	0.999549
448	390	0.999884
143	28	0.999551
59	26	0.999417
497	109	0.999597
89	21	0.999996
370	293	0.99973
93	68	0.999455
411	275	0.999575
197	109	0.999478
364	355	0.999577
225	219	0.999406
108	16	0.999425
344	56	0.999939
159	106	0.999526
476	146	0.99978
117	46	0.999378
352	333	0.999425
314	201	0.999877
461	240	0.999528
402	136	0.999883
167	51	0.999665
307	300	0.999922
388	79	0.999899
413	135	0.999601
463	145	0.999569
311	77	0.999479
364	177	0.99983
257	103	0.999522
498	448	0.999403
199	156	0.999903
159	59	0.999368
204	184	0.999784
345	174	0.99934
330	175	0.999532
282	186	0.999628
121	58	0.999607
282	123	0.999711
406	295	0.999963
400	180	0.999611
112	72	0.999394
458	453	0.999856
286	120	0.999981
439	66	0.99979
451	193	0.999566
441	114	0.999376
484	419	0.999842
164	112	0.999983
413	72	0.999769
280	139	0.999601
458	258	0.999666
172	119	0.999385
376	232	0.999849
188	59	0.999536
149	87	0.999337
420	63	0.999821
420	77	0.99962
405	377	0.99954
445	188	0.999373
348	63	0.999659
169	45	0.999906
473	379	0.999589
354	187	0.99932
153	89	0.999456
145	98	0.999584
376	285	0.999447
249	170	0.99952
301	212	0.999718
315	77	0.999323
193	86	0.999895
400	364	0.999918
292	136	0.999808
178	76	0.999755
298	227	0.999563
122	59	0.999459
191	150	0.999431
399	190	0.999856
60	27	0.9995
212	43	0.999487
388	375	0.999997
410	74	0.999454
390	263	0.999992
365	87	0.999636
271	265	0.999746
338	265	0.999369
164	82	0.999513
349	226	0.999702
54	47	0.999995
477	135	0.999371
245	72	0.999768
207	105	0.999343
115	70	0.999728
485	275	0.999846
400	305	0.999428
374	292	0.999368
224	151	0.99944
72	37	0.999779
411	383	0.999482
58	25	0.999998
385	262	0.99955
425	162	0.999565
445	299	0.999411
62	12	0.999775
218	82	0.999877
209	103	0.999661
170	104	0.999556
163	89	0.999418
68	39	0.999993
390	334	0.999966
396	306	0.999654
320	52	0.999797
294	152	0.999967
87	55	0.999509
140	136	0.999631
194	72	0.999688
367	224	0.999899
247	164	0.999297
79	26	0.999631
232	214	0.999428
494	466	0.999574
381	138	0.999827
183	111	0.999609
414	126	0.999942
483	316	0.999757
206	83	0.999859
413	93	0.99932
372	321	0.99955
428	113	0.999685
490	438	0.999498
205	106	0.999972
340	139	0.999711
160	29	0.999508
174	66	0.999489
242	204	0.999393
136	78	0.999693
188	168	0.999977
257	240	0.999577
98	45	0.999672
211	75	0.999531
78	73	0.999973
136	82	0.999564
476	110	0.999688
289	167	0.99963
113	36	0.999604
441	64	0.999964
176	43	0.999316
453	79	0.999897
460	425	0.999613
311	258	0.999649
100	38	0.999446
436	130	0.999756
169	79	0.999582
480	350	0.999309
444	143	0.999359
354	220	0.999539
284	271	0.999474
395	305	0.999618
70	20	0.99939
488	155	0.999751
452	432	0.999549
217	201	0.999736
236	103	0.999887
479	288	0.999593
258	71	0.999361
233	95	0.999783
194	167	0.999542
76	36	0.999494
491	266	0.999815
474	307	0.999723
141	44	0.999535
187	66	0.999699
270	195	0.999515
430	295	0.999459
316	189	0.999735
379	120	0.999659
350	112	0.999463
266	215	0.99943
309	301	0.999491
387	236	0.999831
101	19	0.999468
232	231	0.999338
405	397	0.999608
395	200	0.999437
416	105	0.99953
308	140	0.999793
379	202	0.999929
114	65	0.999989
408	188	0.999499
161	155	0.999815
431	67	0.99951
168	109	0.999331
496	411	0.99985
113	23	0.999453
186	33	0.999367
121	115	0.99944
225	140	0.999594
433	171	0.999548
480	144	0.999359
432	393	0.999404
369	344	0.999925
401	234	0.999915
306	122	0.999708
479	292	0.999551
465	393	0.999889
229	211	0.999337
421	326	0.999375
137	63	0.999494
454	94	0.999432
137	114	0.999863
326	124	0.999959
55	21	0.999794
362	130	0.999372
472	446	0.999711
172	78	0.999476
455	389	0.999937
443	316	0.999879
131	42	0.999453
141	77	0.999831
398	340	0.999891
106	82	0.999927
371	164	0.999723
376	296	0.999403
335	327	0.999873
494	292	0.999606
167	157	0.999671
319	92	0.999498
403	316	0.999687
189	136	0.999758
310	261	0.999904
379	343	0.999363
252	65	0.999478
110	62	0.999891
492	491	0.999296
457	440	0.999699
262	64	0.99931
208	183	0.999665
446	286	0.999342
356	353	0.999792
271	113	0.999417
332	94	0.999464
236	55	0.999381
100	34	0.999651
471	261	0.999319
328	290	0.999475
375	290	0.999366
211	163	0.999387
196	100	0.999482
273	214	0.999424
256	94	0.999502
93	49	0.999349
486	345	0.999917
66	28	0.99992
149	44	0.999999
392	87	0.999696
324	157	0.999925
489	226	0.999487
128	80	0.999428
435	175	0.99958
213	143	0.999977
104	34	0.999566
454	138	0.999566
283	249	0.999881
215	32	0.999571
274	143	0.9996
482	306	0.999698
485	459	0.999299
231	77	0.999843
273	56	0.999824
199	173	0.999652
69	60	0.999337
405	322	0.9993
452	144	0.999328
175	160	0.999358
265	78	0.99996
190	34	0.999451
362	186	0.999594
187	77	0.99968
265	236	0.999662
125	106	0.999763
490	455	0.999894
321	189	0.999567
156	50	0.999737
209	118	0.999347
367	350	0.999479
246	73	0.999364
371	319	0.999834
246	62	0.999434
358	297	0.999325
440	369	0.999913
463	247	0.999484
179	99	0.999387
77	67	0.999539
439	130	0.999325
198	53	0.999982
460	300	0.999643
51	10	0.99933
115	84	0.999825
429	88	0.99949
494	247	0.999871
229	48	0.999625
460	423	0.999899
386	254	0.999335
297	220	0.999704
303	257	0.999715
498	158	0.999871
179	64	0.999601
118	80	0.999514
149	44	0.99997
252	213	0.999668
192	39	0.99946
118	111	0.999766
458	335	0.999771
444	396	0.999675
193	161	0.999433
466	129	0.999326
382	226	0.999675
329	293	0.999575
213	66	0.999387
146	136	0.999977
193	183	0.999761
235	39	0.999469
480	448	0.999609
404	64	0.999463
290	160	0.999439
290	112	0.999327
71	63	0.999512
404	256	0.999803
481	106	0.999612
449	380	0.999528
277	251	0.999901
382	123	0.999394
145	59	0.999637
135	65	0.999373
100	78	0.999326
439	387	0.999348
189	86	0.999856
435	63	0.999639
473	371	0.999701
227	162	0.999632
184	63	0.999634
392	253	0.999559
328	161	0.99953
97	34	0.999568
115	54	0.999528
208	85	0.999989
70	39	0.999937
387	161	0.99997
65	43	0.999589
295	106	0.999836
464	314	0.999354
207	203	0.999306
85	50	0.999849
238	80	0.999304
442	417	0.999925
247	142	0.999406
95	39	0.999812
142	27	0.99939
229	95	0.99977
166	33	0.999781
161	81	0.999673
403	172	0.999732
409	236	0.999487
313	49	0.999681
152	128	0.999451
139	73	0.999868
101	37	0.999404
350	186	0.999789
130	114	0.999444
192	100	0.999951
179	51	0.999441
307	279	0.99967
311	200	0.999663
77	32	0.999566
81	52	0.999488
366	202	0.999865
130	37	0.99991
282	129	0.999336
74	61	0.999726
79	19	0.999516
441	300	0.999704
219	56	0.999409
178	170	0.999839
145	62	0.999987
202	104	0.999557
63	25	0.99977
348	339	0.999418
340	223	0.99963
286	170	0.999971
84	44	0.999987
119	67	0.999395
387	276	0.999611
454	401	0.99958
353	97	0.999316
168	131	0.999988
132	89	0.999724
300	85	0.999689
126	97	0.999829
339	280	0.999349
340	320	0.999533
120	97	0.999303
224	222	0.999873
384	205	0.999844
179	141	0.999567
385	232	0.999449
258	210	0.999832
301	183	0.999576
94	24	0.999632
275	241	0.999779
227	37	0.999663
427	306	0.999309
129	102	0.999718
360	92	0.999865
453	222	0.999464
297	116	0.999638
55	18	0.999472
235	68	0.99962
377	231	0.999452
77	36	0.999879
204	181	0.999671
83	57	0.999504
226	36	0.999797
166	47	0.999927
298	296	0.999398
457	284	0.999901
234	81	0.999815
447	384	0.999489
177	36	0.999656
401	328	0.99957
285	278	0.999457
225	87	0.999617
213	133	0.999551
73	33	0.999506
463	103	0.999453
407	220	0.999768
451	244	0.999413
145	119	0.99943
373	370	0.999634
113	85	0.999602
134	131	0.999356
288	199	0.99943
151	43	0.999873
424	312	0.999856
102	16	0.999383
380	341	0.999616
226	57	0.99965
133	69	0.999684
165	26	0.99951
111	41	0.999571
406	219	0.999779
497	295	0.999512
241	91	0.999348
448	182	0.99973
447	355	0.999867
304	64	0.999364
425	167	0.999891
411	246	0.999603
410	205	0.999459
190	157	0.999399
268	98	0.999889
202	144	0.999442
294	253	0.999679
352	301	0.999691
319	239	0.999846
99	22	0.999599
380	253	0.999428
132	64	0.999421
257	238	0.999417
480	344	0.999585
273	190	0.999798
459	450	0.999416
368	218	0.999437
75	56	0.999466
89	67	0.999927
269	232	0.999623
497	72	0.999314
374	239	0.999342
284	241	0.999436
136	66	0.999632
294	198	0.999313
66	22	0.999727
102	51	0.999373
248	162	0.999426
472	419	0.99974
482	344	0.999808
342	295	0.999866
107	97	0.999727
482	206	0.99988
55	27	0.999814
397	153	0.999711
415	187	0.99981
205	103	0.999347
148	147	0.999912
417	171	0.99985
346	75	0.999584
238	135	0.999461
444	264	0.999636
324	51	0.999332
345	64	0.999384
399	78	0.999489
361	338	0.999956
306	43	0.999473
106	50	0.999305
417	76	0.999753
260	177	0.999872
108	76	0.999587
319	120	0.99938
358	220	0.99941
263	77	0.999672
262	132	0.999887
356	266	0.999897
242	50	0.999906
306	234	0.999801
88	78	0.99952
293	72	0.999864
62	18	0.999931
52	38	0.99964
330	209	0.999794
342	167	0.999915
489	316	0.999768
72	55	0.999863
296	175	0.999544
435	82	0.999342
131	109	0.999706
322	301	0.999409
128	84	0.999337
170	65	0.999337
451	438	0.999915
209	103	0.999406
233	151	0.999629
311	290	0.99936
246	65	0.99987
247	190	0.999751
268	184	0.99943
471	339	0.999371
157	28	0.999598
142	128	0.999542
410	317	0.999511
152	96	0.999923
351	260	0.999804
150	22	0.999432
94	21	0.999956
222	69	0.99935
430	354	0.999444
319	147	0.999751
306	229	0.999537
268	256	0.999861
397	123	0.999968
444	304	0.999844
234	135	0.999573
147	124	0.999913
101	19	0.99993
332	293	0.999942
199	196	0.999487
155	137	0.99986
275	126	0.999708
136	40	0.999896
413	238	0.999527
492	329	0.999707
71	32	0.999851
226	112	0.99967
201	135	0.999471
108	103	0.999813
494	220	0.99972
467	459	0.999904
391	114	0.999615
280	47	0.999653
389	57	0.99993
324	112	0.99939
364	289	0.999588
327	257	0.999667
89	43	0.99952
86	70	0.999651
90	69	0.999493
420	126	0.999342
304	225	0.999654
399	122	0.999789
139	43	0.999399
448	339	0.99982
82	24	0.999794
352	203	0.999439
451	393	0.999424
73	39	0.999451
302	89	0.999748
141	108	0.999505
419	349	0.999485
379	326	0.999747
210	79	0.999681
357	282	0.99964
238	210	0.999945
498	415	0.999319
107	68	0.999439
158	70	0.999705
182	141	0.999823
465	411	0.999427
481	295	0.999927
482	384	0.999818
386	265	0.999727
251	152	0.999667
368	313	0.999772
190	63	0.999652
238	149	0.999925
81	77	0.999604
230	113	0.999814
221	133	0.999297
404	318	0.999944
499	134	0.999432
153	146	0.999311
72	37	0.999314
498	471	0.999563
96	93	0.999813
193	30	0.999634
268	48	0.999604
481	408	0.999933
351	339	0.999324
129	87	0.999719
109	102	0.999672
414	85	0.999444
448	440	0.99953
496	99	0.999982
249	182	0.999499
474	253	0.999954
127	54	0.999516
328	178	0.999514
101	51	0.999421
349	224	0.999911
180	29	0.999665
280	146	0.999414
246	139	0.999838
380	75	0.999918
183	151	0.999632
448	414	0.999424
271	211	0.999973
425	195	0.99987
329	56	0.999887
254	180	0.99948
55	14	0.999317
220	54	0.999859
389	144	0.999997
281	87	0.999808
326	61	0.999625
433	397	0.99996
466	74	0.999956
285	172	0.999982
423	408	0.999756
283	110	0.999542
438	243	0.999433
367	201	0.999454
85	69	0.999674
267	255	0.999729
59	45	0.999306
154	121	0.999669
348	229	0.999608
257	234	0.999382
92	83	0.999975
336	197	0.999604
154	116	0.999759
333	187	0.999661
100	30	0.999969
261	255	0.999425
436	370	0.99935
178	55	0.99943
173	53	0.999687
108	79	0.999532
476	114	0.999364
138	95	0.999837
305	117	0.999885
229	219	0.999818
179	155	0.999918
275	220	0.999461
139	103	0.999535
375	230	0.999362
277	219	0.999821
56	41	0.999669
324	155	0.999737
277	131	0.999963
162	105	0.999477
107	58	0.99944
259	42	0.999523
336	112	0.999402
422	230	0.999836
475	165	0.999965
357	331	0.999906
68	13	0.99971
447	219	0.999695
97	30	0.999734
388	235	0.999605
156	85	0.999715
216	181	0.999707
97	94	0.999372
305	251	0.999592
341	113	0.999925
247	99	0.999411
490	421	0.999904
263	236	0.999749
261	167	0.999718
458	119	0.999637
445	349	0.999478
328	311	0.999443
87	58	0.99934
333	162	0.999525
396	388	0.99945
108	53	0.999742
391	388	0.999958
336	295	0.9996
220	121	0.999748
306	75	0.999425
54	45	0.999677
354	230	0.999315
350	211	0.999905
381	119	0.999784
455	357	0.999669
423	72	0.999617
447	205	0.999516
73	14	0.999906
70	45	0.999901
130	68	0.999756
454	189	0.999639
496	292	0.999731
276	194	0.999515
241	84	0.99943
329	92	0.999394
283	42	0.999822
365	164	0.999943
258	146	0.999949
98	51	0.999983
398	100	0.999944
260	164	0.999873
84	33	0.999903
399	157	0.999455
417	72	0.999732
68	28	0.999799
326	209	0.999796
295	101	0.999376
282	229	0.999946
291	261	0.999699
472	350	0.999733
52	23	0.999761
492	230	0.999973
488	253	0.999398
206	61	0.999355
454	405	0.999956
95	79	0.999402
109	91	0.999575
186	116	0.999534
88	35	0.999514
477	116	0.999865
389	295	0.999728
190	102	0.999732
253	206	0.999858
318	298	0.999361
264	71	0.999597
115	20	0.999333
225	73	0.999532
108	100	0.999775
299	279	0.999646
373	352	0.999956
185	90	0.999954
128	32	0.999399
91	17	0.999735
164	29	0.999682
242	193	0.999832
287	260	0.999774
402	344	0.999394
468	326	0.999854
271	212	0.999523
147	134	0.999431
228	133	0.999392
401	147	0.999856
178	134	0.99988
186	69	0.999736
92	26	0.999685
225	175	0.999583
235	82	0.999425
276	230	0.999459
52	26	0.999375
406	225	0.999301
383	116	0.999804
207	126	0.999476
487	348	0.999567
365	109	0.999887
351	323	0.999632
134	37	0.999377
189	78	0.999345
203	173	0.999383
380	212	0.999699
352	313	0.99992
83	12	0.999509
364	79	0.999429
102	33	0.999857
451	410	0.999549
358	353	0.999657
497	361	0.99952
84	20	0.999562
77	63	0.999521
103	25	0.999563
423	319	0.999758
409	339	0.999554
324	195	0.999715
310	171	0.999599
262	57	0.999438
150	59	0.999458
103	98	0.99934
446	295	0.99976
345	70	0.999378
219	136	0.999368
397	282	0.999801
335	117	0.999397
190	183	0.999942
164	96	0.999718
393	144	0.999954
463	129	0.999815
419	349	0.999625
117	53	0.999475
265	78	0.999434
196	35	0.999644
342	85	0.999352
181	138	0.999991
488	97	0.999609
91	26	0.999731
197	34	0.999489
488	93	0.999976
362	352	0.999896
310	138	0.99954
361	186	0.999383
234	95	0.999375
427	342	0.999673
390	381	0.999761
135	21	0.999342
286	105	0.999485
433	377	0.999975
445	128	0.999414
139	116	0.999404
379	102	0.999566
68	20	0.99938
150	133	0.999511
369	65	0.999796
448	289	0.999478
497	466	0.999641
311	86	0.999927
243	79	0.999744
445	422	0.999858
493	246	0.999742
175	28	0.999869
243	171	0.999727
234	48	0.999713
156	134	0.999816
155	97	0.999401
315	219	0.999995
298	147	0.999444
116	29	0.999426
353	307	0.999444
300	148	0.999464
196	185	0.999876
248	42	0.999563
201	106	0.999898
424	265	0.999883
304	193	0.999868
206	123	0.999966
89	24	0.99967
265	107	0.999627
259	61	0.999679
500	182	0.999813
389	216	0.999461
439	290	0.99961
377	159	0.999822
428	359	0.999416
225	189	0.999444
228	162	0.999895
84	12	0.999342
138	102	0.999942
174	92	0.999516
63	30	0.999755
107	83	0.999806
102	59	0.999915
217	126	0.999865
266	253	0.999646
154	113	0.999573
105	84	0.99993
440	93	0.999523
298	104	0.999406
167	158	0.999313
486	452	0.999325
364	154	0.999485
209	170	0.999703
93	17	0.999867
172	132	0.99953
301	233	0.999653
335	237	0.99938
255	128	0.999913
77	22	0.999442
332	299	0.99937
307	274	0.999585
328	287	0.99962
308	63	0.999666
306	47	0.999595
289	246	0.999384
420	254	0.99984
149	45	0.999629
219	91	0.99999
180	114	0.999575
149	76	0.999397
250	229	0.999413
368	324	0.999478
59	11	0.999389
105	64	0.999789
277	156	0.999827
479	452	0.999535
116	108	0.999643
366	134	0.999349
358	274	0.999342
406	404	0.999543
444	307	0.999336
254	172	0.999328
451	120	0.999782
485	89	0.99988
424	60	0.999637
260	112	0.99968
236	53	0.999394
410	128	0.999644
256	110	0.999371
134	47	0.999652
289	73	0.999416
118	49	0.999977
78	34	0.999942
436	70	0.999718
298	255	0.999889
410	349	0.999497
122	72	0.999775
251	186	0.99983
55	37	0.99987
283	116	0.999842
148	81	0.999843
339	263	0.999527
103	97	0.999352
275	51	0.999903
125	30	0.999426
96	90	0.999466
62	57	0.999584
305	157	0.999395
308	187	0.999499
430	354	0.999359
356	123	0.999392
340	284	0.999859
83	78	0.999679
333	291	0.999297
74	52	0.999321
300	120	0.999385
285	251	0.999689
214	81	0.999421
121	90	0.999845
366	96	0.999431
329	48	0.999506
229	109	0.999299
213	62	0.99958
385	93	0.999963
351	162	0.999334
97	27	0.999793
259	157	0.999654
317	229	0.999849
340	80	0.999699
242	171	0.999617
367	57	0.999696
398	88	0.999791
255	172	0.999444
205	31	0.999563
327	203	0.99963
353	342	0.999557
401	399	0.999337
382	108	0.999418
448	318	0.99969
449	107	0.999629
139	74	0.99957
436	121	0.999479
386	79	0.999823
488	277	0.999413
473	192	0.999379
271	41	0.999865
165	131	0.999685
415	232	0.999839
403	86	0.999508
175	158	0.999855
91	16	0.999983
223	86	0.999499
408	153	0.999701
174	79	0.999782
294	106	0.999752
216	214	0.999529
491	242	0.999704
265	197	0.999755
136	133	0.999729
50	20	0.999619
56	40	0.99977
128	111	0.999318
295	251	0.999651
473	451	0.999589
442	250	0.999306
500	240	0.999801
412	180	0.999989
199	137	0.999709
298	122	0.999384
135	100	0.999856
170	36	0.99978
455	248	0.999824
224	155	0.999794
452	106	0.999352
289	274	0.999946
388	158	0.999367
226	210	0.999606
186	43	0.999667
405	141	0.999551
498	141	0.999887
137	70	0.999406
90	62	0.999377
470	399	0.999587
402	163	0.999392
400	280	0.999404
75	23	0.999772
450	444	0.999799
487	427	0.999732
92	50	0.999554
105	45	0.9999
387	57	0.999418
361	176	0.99936
138	41	0.999811
432	184	0.999954
231	226	0.999366
356	304	0.999372
352	241	0.999822
265	137	0.999628
214	135	0.999338
219	189	0.999739
170	59	0.999811
401	369	0.999809
151	131	0.999668
461	253	0.999954
86	74	0.999777
82	70	0.999687
210	102	0.999862
218	131	0.99941
402	57	0.999697
66	35	0.999347
144	46	0.999808
222	63	0.999453
121	21	0.999535
302	135	0.999901
496	466	0.999305
299	167	0.999982
338	238	0.999354
104	56	0.99988
483	106	0.999518
169	84	0.99946
51	15	0.999768
236	178	0.999922
299	104	0.999483
245	133	0.999916
88	86	0.999438
257	102	0.999789
124	123	0.999874
222	69	0.999766
252	122	0.999585
391	200	0.999883
219	132	0.999695
439	257	0.999971
180	68	0.999383
136	119	0.999828
350	198	0.999632
311	61	0.999948
197	113	0.999971
155	42	0.999708
364	282	0.999323
347	77	0.999727
237	52	0.999378
239	207	0.999505
384	303	0.999704
221	43	0.999621
490	375	0.999476
167	57	0.999661
172	87	0.999973
77	72	0.999392
179	97	0.999531
430	71	0.9998
448	341	0.999805
140	80	0.999831
212	79	0.999499
367	110	0.999739
238	112	0.999788
336	275	0.999501
348	64	0.99958
412	246	0.999572
68	28	0.999737
108	30	0.999554
252	46	0.999992
432	419	0.999307
201	196	0.999347
287	225	0.999919
204	202	0.999464
486	122	0.999572
259	253	0.99955
361	216	0.999577
340	147	0.999316
286	219	0.99942
267	118	0.999608
293	230	0.999937
140	115	0.999713
75	49	0.999558
400	62	0.999522
159	139	0.9997
133	25	0.999409
115	83	0.999693
393	166	0.999818
319	99	0.999754
499	163	0.99962
402	168	0.999902
174	28	0.999442
103	18	0.999805
321	147	0.999696
224	149	0.999937
453	415	0.999764
418	372	0.999473
387	298	0.999732
231	83	0.999511
151	84	0.999493
438	176	0.999795
415	278	0.999781
390	369	0.999961
193	36	0.999547
363	327	0.999788
374	301	0.99994
493	159	0.999744
470	87	0.999708
391	71	0.999845
135	116	0.999692
314	271	0.999849
384	194	0.999863
195	134	0.999559
117	38	0.999636
349	335	0.999825
173	36	0.999516
67	62	0.999573
321	81	0.999705
268	80	0.999469
351	259	0.999597
292	232	0.999882
344	171	0.999577
172	25	0.999811
75	73	0.999754
224	67	0.999804
271	120	0.999615
237	36	0.999521
93	38	0.999788
475	163	0.99945
134	41	0.99994
487	199	0.999636
283	101	0.99939
344	261	0.999723
288	114	0.999738
328	182	0.999577
234	119	0.999773
406	226	0.999688
497	481	0.99939
287	126	0.99951
77	19	0.999506
122	31	0.999799
80	37	0.999748
322	46	0.999411
174	166	0.999308
74	19	0.999832
230	49	0.999583
123	44	0.999548
186	50	0.999637
454	103	0.999299
253	148	0.999942
286	244	0.999488
176	112	0.999578
320	226	0.999582
444	161	0.999829
149	68	0.999842
122	60	0.999649
475	401	0.999461
136	71	0.999661
341	259	0.999447
406	242	0.999475
252	120	0.999728
180	142	0.999563
204	52	0.999381
362	169	0.999524
150	61	0.999696
54	30	0.999358
340	101	0.999532
286	139	0.999876
165	164	0.999576
350	202	0.999857
173	32	0.999722
338	112	0.999464
143	64	0.999549
460	256	0.999662
147	111	0.999344
371	199	0.999974
104	28	0.999651
89	64	0.999992
496	296	0.999571
172	42	0.999908
362	152	0.999821
325	296	0.999519
290	279	0.999611
435	316	0.999803
261	219	0.999582
428	237	0.999957
144	33	0.999632
403	273	0.999673
61	44	0.999804
203	178	0.999946
96	59	0.999541
78	65	0.999724
225	204	0.999758
196	60	0.999608
188	54	0.999692
214	52	0.999607
362	173	0.99983
371	334	0.999773
241	59	0.999369
306	77	0.999649
240	209	0.999423
303	126	0.999913
79	51	0.999502
189	153	0.99969
91	78	0.999297
211	159	0.999679
491	371	0.999818
62	14	0.999938
479	378	0.999902
334	103	0.999299
213	68	0.999401
195	110	0.999506
319	217	0.999538
205	30	0.99942
403	256	0.999949
273	182	0.999984
293	157	0.999902
225	223	0.999745
153	128	0.999511
280	127	0.999538
453	169	0.999787
334	116	0.999422
62	37	0.999428
396	363	0.999908
220	159	0.999478
214	139	0.999421
327	254	0.999729
353	303	0.99967
452	142	0.999298
389	119	0.999832
487	118	0.999582
361	54	0.999958
421	194	0.999731
249	132	0.999444
63	10	0.999799
75	25	0.999896
290	133	0.999856
315	172	0.999666
497	121	0.999976
489	165	0.999387
154	39	0.999913
70	32	0.999768
212	207	0.99986
152	45	0.999735
138	98	0.999753
420	173	0.999415
402	95	0.999917
496	235	0.999721
299	281	0.999299
183	112	0.999834
256	48	0.999307
228	72	0.999868
311	113	0.999565
129	87	0.999818
190	31	0.999539
367	261	0.99933
118	48	0.999823
87	31	0.999693
472	357	0.999626
295	145	0.999706
156	135	0.999685
492	302	0.999542
265	85	0.999438
350	93	0.999682
114	65	0.999473
348	182	0.999403
282	231	0.99947
429	425	0.999827
194	66	0.999752
380	78	0.999877
282	279	0.999624
376	88	0.999363
191	114	0.999778
314	97	0.999659
412	280	0.999441
199	94	0.999428
310	283	0.999528
420	91	0.999754
186	123	0.999603
498	256	0.999896
63	23	0.999885
411	96	0.999844
303	230	0.999749
298	66	0.999437
446	194	0.999764
116	44	0.999948
208	57	0.999452
357	211	0.999717
182	75	0.999407
483	303	0.999949
128	103	0.999612
211	49	0.999761
227	53	0.999323
329	261	0.999529
84	46	0.999656
444	352	0.999545
80	29	0.999448
199	190	0.999677
370	288	0.999482
96	34	0.999624
199	84	0.99978
404	403	0.999575
419	142	0.99962
283	282	0.999569
388	279	0.999882
279	50	0.999534
400	227	0.999511
297	237	0.999435
463	81	0.999698
205	86	0.999347
285	133	0.999804
270	179	0.999385
427	286	0.999682
150	143	0.999784
227	85	0.999904
329	168	0.999478
121	83	0.999582
296	249	0.999727
472	345	0.999622
65	46	0.999446
402	323	0.999863
130	87	0.999744
87	84	0.999842
233	105	0.999849
474	246	0.99998
401	213	0.999366
200	151	0.999316
128	43	0.999535
317	73	0.999866
196	79	0.999418
367	348	0.999601
434	388	0.999923
418	240	0.99983
225	183	0.999779
298	272	0.999758
250	122	0.999387
129	47	0.999613
111	84	0.999631
244	102	0.999987
378	84	0.999558
193	145	0.999437
429	357	0.999671
65	12	0.999347
381	246	0.999366
92	56	0.999956
236	189	0.999707
126	59	0.999917
417	254	0.99944
484	154	0.999686
422	307	0.999872
171	108	0.999566
347	125	0.99997
75	30	0.999623
142	26	0.999828
296	255	0.999888
240	167	0.999868
344	144	0.999418
485	168	0.999321
52	33	0.999516
258	150	0.999741
91	83	0.999989
98	22	0.999856
485	83	0.999992
181	82	0.999601
188	164	0.999939
238	48	0.999795
464	141	0.999765
486	460	0.999409
426	247	0.999404
109	48	0.999829
362	103	0.999521
360	328	0.999854
218	204	0.999345
141	60	0.999347
66	33	0.999893
406	93	0.999707
428	395	0.999937
463	227	0.99941
438	273	0.999856
224	83	0.999351
452	434	0.999303
456	166	0.999827
227	158	0.999448
207	72	0.999798
144	57	0.999498
159	65	0.999804
74	71	0.999372
74	58	0.999646
364	346	0.999708
57	39	0.999378
206	86	0.999507
278	133	0.999798
341	304	0.999587
154	36	0.999822
422	190	0.999742
390	87	0.999476
428	306	0.99997
334	282	0.999447
196	41	0.999708
393	352	0.999808
472	142	0.999379
360	277	0.999399
314	241	0.999544
193	60	0.999759
338	206	0.999582
168	39	0.999919
80	24	0.999787
471	258	0.999744
61	12	0.999768
215	92	0.999884
359	232	0.999917
117	52	0.999416
175	108	0.999449
444	253	0.999894
127	38	0.999353
125	35	0.999538
77	74	0.99989
105	81	0.999501
326	59	0.999299
194	133	0.999711
310	301	0.999472
245	214	0.99985
413	357	0.999353
239	109	0.999765
78	34	0.999664
328	252	0.999895
332	81	0.99957
133	67	0.999808
116	81	0.999744
226	225	0.999831
275	72	0.999543
240	120	0.99953
162	42	0.999644
102	21	0.999623
410	345	0.999521
399	168	0.999392
494	437	0.999534
80	64	0.999815
385	289	0.999801
245	191	0.999731
331	123	0.999572
185	127	0.999698
274	88	0.999995
273	195	0.999896
222	50	0.999725
285	205	0.999635
227	43	0.999562
275	145	0.999769
480	403	0.999718
404	160	0.99948
414	272	0.999749
73	69	0.999637
288	147	0.999458
304	61	0.999906
63	55	0.999857
246	82	0.999737
395	241	0.999921
105	47	0.999465
209	79	0.999685
210	152	0.999577
201	73	0.99988
241	169	0.999635
255	93	0.999558
224	110	0.999361
372	361	0.9997
307	296	0.999936
121	92	0.999858
288	177	0.999698
319	99	0.999501
147	76	0.999893
58	49	0.999935
459	265	0.999973
142	59	0.999812
281	71	0.9995
154	93	0.999468
211	47	0.999844
221	109	0.999958
200	167	0.999951
276	256	0.999903
115	55	0.999859
449	188	0.999788
51	13	0.999735
473	81	0.999663
241	140	0.999786
317	270	0.999835
231	107	0.999725
65	28	0.999765
148	69	0.999809
399	187	0.999745
134	93	0.999887
188	167	0.999571
231	210	0.999661
283	282	0.999363
98	36	0.999635
247	55	0.999777
287	162	0.999946
496	212	0.999861
385	276	0.999451
139	131	0.999297
119	114	0.999534
444	141	0.999391
202	38	0.999996
50	32	0.999577
450	74	0.999818
342	233	0.999597
452	222	0.999863
274	118	0.999862
177	133	0.999878
275	66	0.999839
441	327	0.999989
245	146	0.999328
151	23	0.999867
325	192	0.999574
482	356	0.999951
93	64	0.999956
494	85	0.999958
431	88	0.999402
397	389	0.999632
294	141	0.999822
269	50	0.999506
108	74	0.999668
400	232	0.99998
398	334	0.999921
185	66	0.999776
456	334	0.999504
121	92	0.99996
117	73	0.999436
192	60	0.999879
332	138	0.999355
306	108	0.999344
99	69	0.999358
263	58	0.999466
390	216	0.999432
343	327	0.99953
334	194	0.999918
59	22	0.99962
500	301	0.999601
200	139	0.999539
160	126	0.999304
447	220	0.999435
482	82	0.99967
388	200	0.999868
326	101	0.999368
186	185	0.999886
437	268	0.99988
166	115	0.999513
435	344	0.99963
381	134	0.999994
243	227	0.999907
344	190	0.999915
128	21	0.999922
320	214	0.999389
397	239	0.999912
270	214	0.999995
167	63	0.999864
189	97	0.99959
91	21	0.999539
498	455	0.999815
339	158	0.99943
347	102	0.999445
141	97	0.999827
216	105	0.999823
347	230	0.999464
400	148	0.999402
139	49	0.99962
136	82	0.999854
414	364	0.999902
214	153	0.999319
323	99	0.999484
414	234	0.99946
244	135	0.999456
176	114	0.999574
454	388	0.99997
455	295	0.999454
363	245	0.999704
364	261	0.999449
408	197	0.999925
81	17	0.99993
444	374	0.999509
369	306	0.999928
317	156	0.999502
365	239	0.999992
159	57	0.999352
159	32	0.999718
54	38	0.999727
499	77	0.999874
401	393	0.999596
250	76	0.99992
424	345	0.99934
495	456	0.999479
465	108	0.999766
61	25	0.999436
77	55	0.999636
493	293	0.999697
60	39	0.999642
139	40	0.999966
166	44	0.999328
170	119	0.99997
53	12	0.999865
423	239	0.999404
106	41	0.999377
124	116	0.999954
71	43	0.99959
435	221	0.999402
282	246	0.999628
176	155	0.999906
472	364	0.999856
363	182	0.999401
122	32	0.999692
448	357	0.999865
284	76	0.999385
355	179	0.999356
360	210	0.999827
79	39	0.999566
79	33	0.999779
162	53	0.999556
419	156	0.999962
82	12	0.999652
112	108	0.999965
97	71	0.999885
452	366	0.999479
75	60	0.999381
411	110	0.999858
445	389	0.999711
78	61	0.999832
61	30	0.999425
384	332	0.999829
249	145	0.999805
301	95	0.999523
150	53	0.999683
497	211	0.999992
103	59	0.99977
233	90	0.9997
400	342	0.999832
98	65	0.999623
246	230	0.999985
403	106	0.999442
366	103	0.999617
293	66	0.999586
487	82	0.999663
364	86	0.999459
415	206	0.999963
94	77	0.999857
99	40	0.999873
52	15	0.999436
332	129	0.999694
66	64	0.999821
457	113	0.999676
64	62	0.999701
437	385	0.999303
101	28	0.999703
70	63	0.999333
196	93	0.999628
81	52	0.999362
229	137	0.999901
245	217	0.999947
382	192	0.999748
368	350	0.999877
250	61	0.999637
206	54	0.999418
335	84	0.999993
416	278	0.999762
216	177	0.999462
240	63	0.99976
68	59	0.999768
66	33	0.999967
58	28	0.999561
368	330	0.999491
306	239	0.999309
466	412	0.999733
498	193	0.999877
65	25	0.999499
401	286	0.999569
336	133	0.999495
410	332	0.999418
378	249	0.999668
267	129	0.99934
212	207	0.999968
311	178	0.999992
212	46	0.999911
261	184	0.999868
132	123	0.99979
291	64	0.99932
92	66	0.999909
298	180	0.999487
62	56	0.999858
67	38	0.999963
357	171	0.999682
64	39	0.999656
362	240	0.99997
120	97	0.999595
401	348	0.999414
338	279	0.99956
309	258	0.999801
394	221	0.999962
448	420	0.999319
219	192	0.999602
88	87	0.999939
288	140	0.999775
455	140	0.999942
119	53	0.999755
143	85	0.999579
418	389	0.999542
294	273	0.999454
60	28	0.999792
447	164	0.999735
76	33	0.999659
253	161	0.999442
266	53	0.999331
143	73	0.99963
471	420	0.999804
82	52	0.999911
291	145	0.99947
120	23	0.999489
349	273	0.999568
410	376	0.9997
67	66	0.999913
475	99	0.99943
185	58	0.999622
303	89	0.999477
88	86	0.999989
356	354	0.999891
451	309	0.999609
107	90	0.99987
236	162	0.99952
479	244	0.999752
223	180	0.999318
452	103	0.999381
438	252	0.999558
419	250	0.999885
233	33	0.999783
153	136	0.999945
280	93	0.999531
314	89	0.999901
297	50	0.999877
258	244	0.999361
334	165	0.999658
246	213	0.999503
200	33	0.99949
443	237	0.999853
70	54	0.99992
284	139	0.99949
77	69	0.999875
254	172	0.999362
236	153	0.999777
464	409	0.999469
89	70	0.999451
420	159	0.999583
447	425	0.999813
179	126	0.999511
391	312	0.999809
128	124	0.999476
59	44	0.999594
90	14	0.999577
213	174	0.999561
453	134	0.999964
276	216	0.999354
316	81	0.999705
498	418	0.999874
314	53	0.999576
230	153	0.999444
414	402	0.99993
423	215	0.999813
199	148	0.999856
279	243	0.999908
282	48	0.999818
243	86	0.999422
404	332	0.999997
240	205	0.999571
302	286	0.999321
158	61	0.999673
460	196	0.999808
149	144	0.999453
372	295	0.999532
71	23	0.999995
306	183	0.999618
135	132	0.999532
448	240	0.999575
217	97	0.999418
496	369	0.999306
124	113	0.999977
339	202	0.999496
88	85	0.999588
484	278	0.999368
187	126	0.999961
497	212	0.999443
233	123	0.999827
343	185	0.999656
53	30	0.999985
385	128	0.99993
118	62	0.999632
304	110	0.999538
411	301	0.999675
390	326	0.999356
423	334	0.99959
72	70	0.999443
383	138	0.999729
348	159	0.99933
368	184	0.999316
490	116	0.999836
483	68	0.999402
353	200	0.999715
443	436	0.999444
377	183	0.999949
89	83	0.999625
50	16	0.999962
150	34	0.999772
441	99	0.999368
357	282	0.999691
408	145	0.999832
325	220	0.999672
119	49	0.999615
50	13	0.999716
81	19	0.99943
413	399	0.99988
334	294	0.999429
184	116	0.999303
421	99	0.999372
404	304	0.999939
272	253	0.999349
414	242	0.999417
352	246	0.999397
433	407	0.999666
103	88	0.999396
197	41	0.999797
337	254	0.999721
153	82	0.999673
51	47	0.999868
371	265	0.999372
272	216	0.999744
69	55	0.999623
106	19	0.999639
151	36	0.999332
343	243	0.999695
327	125	0.999509
331	96	0.999389
477	82	0.99936
359	328	0.999697
129	51	0.999532
310	218	0.999553
311	57	0.999311
52	12	0.999984
158	37	0.999938
328	220	0.999675
451	112	0.999701
359	332	0.99942
431	326	0.999678
194	56	0.999985
402	164	0.999374
483	265	0.999608
176	147	0.99949
356	150	0.999788
114	19	0.999447
216	84	0.999533
499	184	0.999535
132	61	0.999801
155	125	0.999766
233	149	0.999608
200	188	0.999973
107	60	0.999618
478	393	0.999816
196	31	0.999553
370	114	0.999592
343	77	0.999798
419	226	0.999796
343	207	0.999678
362	306	0.999359
305	135	0.999613
170	83	0.999906
185	120	0.99972
402	384	0.999773
136	34	0.999866
450	355	0.999837
121	23	0.999444
151	82	0.99973
430	97	0.999348
443	67	0.999554
107	72	0.99999
224	45	0.999375
173	143	0.999804
221	183	0.999728
465	103	0.999792
350	190	0.999441
219	149	0.999494
371	287	0.999347
166	123	0.999518
154	112	0.999877
371	181	0.999747
484	472	0.999832
223	78	0.999709
366	176	0.999823
160	86	0.999993
131	76	0.999874
83	63	0.999462
332	140	0.99998
155	95	0.999588
178	60	0.999813
384	342	0.999498
450	347	0.999873
71	51	0.999644
394	282	0.999314
150	138	0.99945
315	101	0.999649
335	122	0.999927
367	93	0.999462
301	265	0.999407
322	202	0.999849
343	231	0.999951
277	276	0.999762
170	169	0.99948
121	30	0.999577
116	55	0.999887
151	59	0.999735
279	251	0.999378
74	33	0.999949
95	23	0.999329
437	146	0.999582
251	62	0.999692
91	26	0.999624
455	186	0.999725
295	188	0.999308
256	87	0.999996
372	272	0.999369
93	40	0.999502
354	317	0.999868
327	166	0.999556
423	325	0.999776
318	216	0.999509
169	32	0.999616
135	120	0.999628
387	146	0.999774
467	238	0.999782
357	271	0.999777
177	100	0.99958
330	94	0.999794
180	155	0.999303
292	83	0.999442
445	300	0.999623
275	92	0.999806
160	100	0.999832
368	244	0.999677
102	41	0.999996
406	369	0.999499
421	325	0.999773
492	485	0.999299
216	39	0.999811
391	246	0.999898
256	126	0.999447
447	331	0.999932
65	48	0.99998
422	66	0.999848
260	185	0.999787
426	270	0.999654
355	214	0.999914
111	101	0.999442
481	430	0.999401
88	33	0.999796
142	72	0.999777
371	64	0.999796
114	32	0.99977
246	61	0.999907
182	136	0.99967
188	161	0.999678
377	261	0.999916
169	133	0.999788
430	286	0.999503
138	73	0.999988
98	46	0.999624
101	56	0.999463
122	46	0.999784
214	183	0.999538
339	89	0.999303
269	120	0.999901
236	124	0.999876
387	300	0.99963
430	327	0.999956
368	305	0.999468
488	485	0.999537
131	126	0.999694
67	22	0.999704
108	73	0.99936
117	97	0.999584
455	161	0.99963
66	41	0.99953
113	59	0.999574
230	157	0.999675
437	396	0.999563
199	154	0.999564
366	85	0.99966
454	85	0.999345
180	118	0.99959
462	82	0.999357
498	492	0.999389
143	45	0.999706
385	297	0.99992
126	19	0.999445
266	185	0.999833
420	224	0.999444
203	153	0.999765
84	77	0.999299
349	285	0.999502
374	369	0.99988
433	101	0.999495
178	96	0.999545
335	71	0.999523
238	207	0.999531
499	194	0.999961
364	137	0.99972
233	47	0.999509
92	45	0.999448
100	84	0.999777
295	202	0.999689
52	32	0.99967
217	91	0.999903
396	244	0.999934
397	158	0.99972
163	79	0.999507
278	168	0.999318
158	58	0.999986
421	82	0.99972
132	103	0.999827
482	371	0.999447
369	176	0.999838
52	48	0.999387
186	126	0.999443
235	120	0.999411
148	105	0.99944
419	308	0.999655
100	86	0.999695
410	295	0.999996
323	121	0.99993
372	58	0.999528
222	174	0.999949
255	37	0.99958
370	174	0.999509
203	114	0.99959
110	45	0.999632
399	284	0.999824
59	18	0.999956
492	287	0.999956
246	241	0.999663
298	186	0.999923
179	164	0.99997
466	230	0.999763
373	137	0.999927
144	46	0.999732
134	94	0.999896
398	330	0.999593
134	63	0.999313
93	78	0.999519
283	119	0.999782
347	221	0.999714
340	171	0.999906
74	58	0.999594
291	230	0.999311
284	109	0.999337
356	342	0.999376
390	152	0.999629
453	396	0.999745
423	278	0.999375
396	172	0.999842
463	67	0.999639
199	127	0.999583
497	97	0.999472
349	333	0.999765
486	69	0.999472
340	147	0.99933
65	19	0.999987
494	222	0.999451
300	264	0.999524
131	126	0.999405
285	147	0.999337
446	71	0.999968
480	76	0.99981
447	248	0.999532
350	271	0.999657
301	160	0.99969
170	28	0.999867
108	88	0.999798
464	236	0.999623
164	48	0.999674
477	431	0.999461
293	226	0.999594
225	104	0.999954
243	145	0.999371
279	89	0.999704
219	110	0.999537
154	132	0.999698
280	166	0.999742
130	71	0.999601
444	406	0.999466
381	373	0.999894
299	123	0.999535
245	149	0.999296
182	163	0.999818
124	23	0.99963
195	129	0.999444
211	137	0.999715
237	155	0.999903
140	122	0.999999
471	396	0.999389
494	186	0.999592
146	91	0.999303
326	261	0.999832
186	98	0.999501
437	258	0.999582
344	258	0.999843
190	140	0.999509
350	223	0.999986
238	217	0.999476
256	59	0.999459
333	195	0.999701
184	51	0.999873
69	24	0.999452
141	50	0.999551
206	42	0.999498
146	78	0.999304
457	307	0.999894
289	67	0.999646
74	69	0.999686
469	322	0.999631
169	109	0.999724
200	164	0.999547
412	395	0.999529
250	159	0.99949
399	235	0.99938
492	451	0.999359
467	98	0.999356
178	168	0.999825
494	342	0.999556
89	72	0.999873
203	113	0.99956
93	79	0.999368
499	449	0.999631
343	241	0.999543
138	113	0.999675
213	97	0.999616
170	77	0.999419
241	49	0.999786
72	41	0.999387
462	355	0.999451
118	60	0.999799
141	105	0.999975
207	121	0.999686
374	196	0.999758
457	359	0.999836
140	115	0.999941
354	346	0.999929
170	98	0.999382
130	54	0.99941
462	161	0.999907
467	303	0.99989
235	129	0.999558
420	372	0.999597
100	83	0.999488
471	321	0.99992
56	12	0.99961
88	66	0.999762
214	100	0.999807
462	443	0.999811
405	248	0.999826
191	172	0.999825
72	44	0.999777
422	310	0.999882
250	233	0.999976
308	277	0.999374
386	318	0.999627
237	73	0.999411
170	69	0.999708
226	154	0.999497
69	59	0.999638
307	232	0.999679
448	328	0.999842
254	104	0.999811
158	29	0.99943
280	237	0.999533
483	123	0.999482
59	20	0.999921
295	75	0.999919
229	214	0.999625
352	176	0.999762
417	339	0.999406
157	95	0.999616
345	75	0.999935
150	99	0.999389
468	407	0.999563
448	145	0.999771
288	57	0.999508
238	199	0.999985
473	238	0.999577
163	103	0.99948
74	34	0.999528
323	174	0.999376
354	299	0.999877
409	335	0.999819
449	351	0.999735
375	119	0.999827
132	129	0.999855
103	59	0.999422
52	15	0.999726
238	80	0.999354
251	127	0.999796
422	218	0.999968
106	98	0.999919
411	152	0.999387
275	214	0.999532
250	243	0.999756
136	113	0.999444
411	388	0.999328
86	68	0.999576
76	23	0.999882
368	114	0.99966
231	189	0.999318
254	102	0.99939
64	23	0.99954
323	124	0.999349
357	206	0.999865
304	222	0.999534
376	188	0.999829
433	402	0.999385
87	83	0.999569
389	164	0.999756
276	239	0.999922
477	214	0.999378
404	361	0.999799
121	74	0.999928
144	133	0.999911
208	113	0.999322
486	462	0.99967
443	221	0.99943
405	198	0.999844
79	67	0.999848
147	56	0.999349
82	31	0.999696
350	123	0.999366
271	70	0.999485
353	180	0.999404
212	206	0.999387
114	24	0.999743
498	332	0.999664
273	183	0.999905
255	95	0.999848
459	109	0.999922
336	306	0.999442
479	89	0.999853
274	57	0.999356
436	166	0.999727
115	94	0.999904
353	56	0.999468
457	302	0.999489
194	177	0.999804
226	144	0.999681
231	70	0.99972
331	182	0.999366
460	326	0.99993
323	105	0.999545
135	96	0.999494
268	72	0.999906
189	154	0.999725
101	31	0.999525
288	104	0.999323
269	146	0.999505
100	98	0.999556
493	298	0.999951
249	245	0.999742
309	259	0.999913
50	29	0.999385
487	207	0.999402
68	28	0.999361
329	204	0.999739
82	12	0.99977
53	30	0.999528
446	246	0.999985
301	251	0.999714
108	72	0.99934
434	345	0.999372
295	268	0.999658
136	57	0.999402
164	55	0.999958
386	180	0.999865
224	58	0.999454
461	295	0.999781
122	18	0.999318
57	23	0.999399
311	208	0.999513
71	25	0.999842
79	31	0.999406
281	61	0.999468
98	42	0.999344
309	126	0.999804
483	433	0.999332
373	159	0.999577
197	132	0.999825
57	9	0.999734
121	53	0.999437
323	172	0.999457
290	148	0.999804
178	76	0.999345
478	373	0.999818
60	18	0.999757
414	277	0.999865
289	204	0.999445
72	24	0.999846
99	59	0.999454
475	428	0.999682
122	28	0.999685
98	26	0.999869
97	72	0.999873
446	280	0.999593
188	104	0.999613
191	115	0.999643
438	138	0.999359
87	45	0.999742
118	30	0.999738
186	90	0.999819
432	184	0.999467
289	121	0.999919
324	223	0.999927
109	67	0.999549
196	87	0.999578
125	108	0.999492
215	83	0.999415
157	33	0.999756
232	79	0.999385
354	226	0.999611
52	41	0.999381
62	28	0.999996
421	140	0.999888
146	80	0.999658
71	46	0.999423
144	88	0.99965
158	79	0.999309
220	43	0.999347
262	51	0.999775
85	67	0.99957
53	30	0.99958
188	88	0.999297
325	153	0.999355
293	186	0.999564
221	203	0.999485
386	119	0.999516
97	85	0.999993
117	37	0.999954
181	102	0.999968
55	54	0.999975
433	385	0.999437
333	83	0.999645
153	149	0.999613
422	378	0.999713
459	214	0.999964
127	108	0.999792
215	134	0.999558
140	129	0.999965
326	141	0.999992
294	52	0.99943
400	244	0.999435
475	302	0.99986
230	143	0.999547
331	163	0.99933
213	192	0.999768
471	346	0.999957
452	400	0.99958
233	212	0.999528
195	150	0.999885
58	34	0.999695
170	88	0.999296
361	117	0.99943
77	74	0.999367
107	34	0.999591
127	100	0.999815
128	108	0.999458
476	439	0.999589
259	193	0.999792
51	44	0.999568
346	157	0.999932
379	271	0.999432
481	349	0.999892
276	150	0.999443
186	76	0.999325
416	381	0.999965
390	202	0.999744
184	173	0.999561
92	47	0.999534
397	217	0.999387
277	81	0.999988
302	290	0.999599
320	51	0.9994
340	165	0.999461
140	124	0.999409
301	70	0.999575
190	118	0.999563
347	295	0.999637
68	23	0.999387
133	92	0.999718
255	245	0.999318
66	46	0.999485
338	276	0.99962
313	170	0.99967
431	167	0.999706
130	40	0.999948
219	188	0.999306
71	17	0.999654
267	153	0.999666
196	66	0.999804
313	112	0.999794
486	371	0.999514
86	74	0.999667
444	410	0.999592
207	72	0.999666
498	415	0.999448
260	185	0.999973
292	86	0.999804
162	100	0.999792
266	182	0.999993
442	298	0.999512
71	28	0.999768
63	22	0.999448
422	117	0.999705
370	116	0.999994
156	82	0.999789
486	361	0.999683
383	263	0.999749
430	412	0.999579
169	110	0.999651
150	115	0.999827
324	202	0.999705
101	84	0.999521
464	262	0.999371
452	271	0.999378
83	81	0.999896
138	128	0.99943
364	98	0.999303
455	179	0.999957
205	40	0.999314
155	133	0.999521
136	92	0.999687
276	202	0.99987
130	28	0.999931
165	124	0.999711
193	82	0.999408
496	90	0.999689
249	189	0.999789
479	346	0.999925
102	45	0.999904
174	90	0.999967
196	47	0.999478
129	110	0.999741
60	42	0.999585
288	65	0.999948
305	119	0.999343
461	256	0.99934
160	135	0.999974
150	110	0.999501
288	217	0.999806
338	190	0.999307
203	173	0.999825
484	338	0.999478
364	214	0.999554
215	204	0.99963
111	89	0.999364
226	125	0.999744
131	64	0.999395
280	87	0.999721
319	297	0.999804
242	186	0.999698
170	138	0.999873
326	99	0.99934
92	63	0.999552
374	244	0.999349
235	168	0.999744
140	101	0.999637
68	30	0.999834
327	68	0.999899
413	364	0.999947
124	25	0.999611
72	46	0.999783
262	247	0.999309
137	117	0.99968
145	37	0.999468
52	24	0.999359
153	105	0.999337
120	25	0.999577
96	92	0.999575
330	286	0.999587
172	120	0.999544
116	46	0.999316
411	266	0.99992
373	309	0.99962
360	333	0.999954
83	26	0.999658
73	72	0.999348
349	324	0.999402
106	28	0.999946
329	251	0.999867
443	315	0.999617
274	81	0.999386
150	25	0.999767
219	106	0.999708
275	255	0.99964
412	322	0.999597
356	233	0.999811
473	263	0.999486
360	199	0.999831
51	11	0.999658
333	134	0.999312
273	84	0.999391
442	236	0.999394
424	411	0.999373
150	70	0.999604
452	369	0.999551
226	37	0.999349
252	64	0.999982
186	75	0.999689
256	55	0.999794
141	32	0.999732
155	145	0.999801
56	11	0.999708
235	194	0.999836
97	68	0.999533
265	244	0.999327
493	167	0.999575
136	44	0.999881
222	134	0.999578
391	146	0.999482
269	141	0.999492
91	28	0.999818
238	186	0.99975
471	234	0.999452
94	40	0.999725
209	112	0.999666
68	29	0.999654
223	165	0.999345
251	235	0.999727
55	50	0.999554
400	322	0.999949
141	49	0.999737
495	171	0.999824
456	107	0.999602
480	146	0.999855
330	295	0.999934
244	105	0.999383
428	138	0.999744
84	44	0.999913
261	111	0.999927
239	130	0.999428
182	115	0.999737
82	27	0.999666
60	56	0.99952
118	90	0.999858
327	179	0.999389
206	111	0.999689
278	151	0.999827
475	273	0.999528
268	199	0.999473
104	42	0.99932
397	310	0.999785
433	274	0.99939
182	111	0.999563
449	243	0.999309
250	109	0.999578
236	120	0.999941
404	387	0.999798
236	74	0.999906
433	93	0.999909
68	33	0.999536
86	37	0.999459
155	74	0.999771
343	81	0.999385
104	89	0.999772
160	120	0.999558
223	162	0.999575
243	219	0.999871
348	71	0.999626
341	224	0.999751
164	118	0.999349
277	117	0.999967
230	133	0.999586
237	62	0.999732
400	332	0.999701
480	175	0.999311
399	332	0.99962
461	338	0.999697
168	61	0.999923
337	279	0.999454
194	91	0.999388
416	373	0.999769
57	39	0.999932
157	89	0.999577
57	50	0.999765
487	481	0.999766
126	42	0.999358
384	360	0.999879
251	107	0.999635
170	150	0.999371
450	360	0.999666
240	181	0.999859
208	55	0.999911
431	140	0.99935
360	260	0.99971
142	128	0.999384
234	125	0.999733
124	103	0.999412
371	301	0.999949
167	65	0.999337
112	47	0.999746
355	174	0.999794
373	166	0.999356
409	364	0.999442
131	61	0.999487
402	191	0.999753
321	70	0.999706
474	291	0.999782
482	254	0.999386
372	208	0.999801
300	58	0.999604
483	451	0.999821
117	50	0.999622
254	133	0.999854
291	117	0.999407
384	161	0.999949
141	55	0.999887
334	199	0.999652
381	232	0.99968
120	36	0.999317
367	290	0.999688
318	172	0.999981
207	159	0.999687
325	70	0.999792
61	26	0.999328
418	168	0.999373
456	93	0.999543
458	300	0.999597
64	35	0.999527
350	149	0.999939
405	167	0.99931
494	366	0.999554
439	290	0.999932
279	135	0.999916
61	56	0.999761
178	152	0.999381
437	261	0.999737
231	178	0.999351
55	45	0.999316
93	14	0.999844
423	147	0.999408
495	371	0.99942
284	212	0.999718
107	66	0.99937
324	89	0.999433
294	241	0.999931
283	129	0.999575
397	230	0.999446
141	40	0.999656
365	100	0.99947
392	62	0.999856
285	197	0.999359
325	282	0.999606
183	49	0.999323
330	199	0.99935
288	54	0.999854
145	36	0.999738
500	436	0.999804
467	461	0.999734
216	76	0.99936
208	184	0.999523
456	431	0.999693
318	113	0.999868
301	68	0.999387
169	25	0.999697
83	17	0.999463
204	116	0.999358
358	183	0.999915
267	203	0.999332
343	293	0.999432
206	167	0.999451
399	278	0.999466
196	158	0.999363
263	155	0.999687
67	57	0.999313
202	74	0.999758
386	219	0.999808
302	300	0.999335
109	77	0.999666
102	83	0.999426
429	342	0.999447
412	88	0.999756
166	95	0.999739
243	104	0.999456
207	47	0.999749
365	52	0.999822
166	146	0.999545
485	201	0.999502
475	355	0.999348
165	28	0.999621
473	201	0.999972
389	220	0.99962
299	64	0.999942
87	61	0.999711
342	270	0.99967
189	111	0.999426
245	225	0.999725
221	165	0.999463
464	254	0.999404
180	89	0.999702
231	174	0.999446
205	83	0.999847
66	64	0.999918
416	61	0.999507
371	344	0.999535
230	191	0.999901
63	14	0.999919
54	47	0.999915
61	35	0.999456
418	73	0.999818
410	232	0.999962
440	302	0.999909
349	250	0.999524
346	329	0.999335
100	56	0.999846
477	127	0.999409
86	85	0.99957
292	219	0.999477
165	157	0.999749
134	56	0.99977
150	69	0.999608
54	39	0.999947
401	150	0.999873
261	254	0.999925
197	187	0.999638
444	345	0.999806
173	171	0.99934
165	73	0.999547
410	266	0.999394
486	228	0.999953
397	232	0.999739
123	48	0.999771
195	77	0.999556
149	24	0.999805
364	246	0.999338
486	112	0.99944
371	333	0.999563
207	83	0.999418
216	185	0.999362
252	92	0.999754
148	104	0.999837
53	28	0.999696
482	164	0.999688
349	180	0.999594
329	118	0.999417
460	273	0.999461
495	436	0.999832
284	74	0.999547
238	65	0.999389
459	380	0.999785
146	140	0.999492
265	83	0.999554
275	175	0.999587
157	152	0.999567
137	46	0.999404
219	42	0.999485
142	55	0.999958
254	40	0.999965
489	82	0.999746
52	8	0.999977
258	217	0.999839
62	48	0.999924
449	196	0.999755
321	256	0.999657
272	69	0.999568
467	117	0.999602
286	122	0.999902
352	54	0.999649
384	290	0.999568
460	351	0.9998
118	108	0.999494
115	102	0.999599
388	303	0.99952
395	229	0.99971
236	37	0.999378
148	96	0.999591
189	146	0.999692
486	340	0.99957
79	22	0.999674
142	78	0.999815
187	176	0.999375
132	48	0.999561
494	490	0.999481
179	101	0.999317
58	35	0.999306
253	169	0.999606
142	119	0.999799
453	139	0.99935
432	367	0.99997
350	196	0.999385
373	352	0.999378
339	244	0.999437
79	55	0.999561
277	211	0.999809
57	16	0.999468
445	114	0.999504
291	183	0.999517
271	68	0.999937
330	147	0.999592
239	92	0.999956
95	51	0.999449
490	128	0.999459
323	280	0.999531
477	462	0.999744
349	176	0.999839
493	259	0.9993
455	297	0.999399
91	18	0.999703
280	249	0.999792
251	126	0.99963
329	67	0.999604
244	173	0.9997
91	46	0.999493
328	164	0.999508
368	100	0.999582
459	75	0.999825
293	194	0.999645
320	314	0.999506
400	213	0.999525
365	226	0.999316
169	159	0.999433
201	118	0.999811
254	61	0.999575
445	72	0.999475
429	309	0.999994
313	199	0.999342
446	328	0.999942
226	72	0.999545
314	79	0.999922
398	154	0.999331
119	42	0.999889
234	198	0.999655
334	204	0.999306
377	268	0.999743
74	43	0.999498
312	263	0.999352
104	71	0.999699
256	248	0.999934
172	68	0.999386
185	147	0.999667
308	174	0.999694
310	206	0.999796
427	405	0.999686
279	139	0.999595
77	24	0.999965
143	26	0.999969
419	281	0.999535
182	172	0.999858
83	69	0.999451
340	310	0.999856
184	79	0.999672
57	27	0.999854
114	44	0.999579
375	353	0.999425
234	200	0.999996
321	301	0.999615
289	122	0.999532
398	111	0.999848
238	225	0.999514
350	144	0.999646
470	421	0.999513
375	174	0.999971
427	64	0.999898
432	109	0.999906
437	372	0.999325
442	280	0.999518
68	60	0.999952
174	84	0.999676
127	19	0.999942
131	69	0.999909
360	315	0.999379
362	226	0.999791
325	124	0.999742
209	194	0.999416
187	69	0.999393
422	267	0.999891
415	334	0.999373
395	111	0.999851
219	200	0.999834
263	55	0.999323
71	62	0.999382
403	236	0.999867
195	179	0.999506
370	196	0.99987
172	35	0.999646
468	441	0.999301
322	195	0.999892
135	114	0.999667
222	66	0.999325
143	137	0.999849
485	188	0.999882
196	122	0.999859
288	100	0.999308
421	229	0.999548
291	136	0.999477
251	196	0.999399
478	145	0.999873
203	106	0.999402
216	45	0.999563
349	54	0.999898
332	57	0.9997
62	54	0.999399
289	207	0.999682
99	19	0.999936
102	65	0.999585
363	89	0.99939
499	367	0.999838
255	146	0.99932
326	305	0.999504
358	315	0.999726
486	297	0.999649
386	370	0.999615
420	300	0.999811
485	267	0.999461
395	82	0.999646
186	82	0.999449
120	116	0.999654
375	202	0.999833
194	179	0.999673
225	224	0.99932
198	185	0.99994
153	148	0.999392
250	116	0.999601
404	127	0.999461
453	287	0.999651
255	230	0.999977
421	412	0.999551
271	41	0.999934
333	69	0.999797
91	52	0.999976
203	172	0.999552
162	44	0.999554
284	59	0.999697
459	210	0.999881
310	250	0.999982
361	229	0.999857
65	30	0.999451
442	135	0.999566
394	200	0.999664
224	165	0.999892
489	154	0.999698
387	210	0.99967
109	41	0.999767
265	50	0.999647
347	203	0.999735
164	85	0.999853
325	127	0.999656
169	147	0.99942
202	30	0.999733
135	26	0.999827
398	285	0.999866
288	240	0.999639
191	155	0.999392
145	119	0.999982
204	34	0.999663
283	104	0.999829
74	45	0.999363
403	192	0.99953
406	91	0.999325
225	112	0.999848
492	427	0.99967
449	112	0.999677
155	81	0.999811
139	23	0.999434
373	88	0.999347
122	66	0.999304
136	87	0.999398
163	109	0.999493
323	276	0.999926
368	167	0.999564
263	137	0.999749
166	102	0.999426
308	62	0.99972
484	246	0.999449
153	25	0.999307
446	357	0.999666
111	47	0.999761
284	265	0.999841
53	14	0.999504
303	291	0.999475
61	48	0.999968
103	38	0.9998
298	113	0.999859
497	346	0.999744
77	15	0.999887
464	380	0.999297
87	85	0.999873
293	123	0.999692
145	77	0.999842
70	36	0.99947
287	282	0.99951
284	176	0.999827
159	126	0.999547
438	174	0.999607
141	41	0.999556
354	180	0.999942
414	347	0.999428
356	91	0.999375
398	68	0.999448
311	101	0.999655
103	65	0.999894
243	210	0.999344
358	158	0.999429
91	39	0.999623
450	246	0.999814
317	80	0.999323
364	195	0.999836
69	24	0.999492
168	29	0.999378
266	94	0.999672
499	313	0.999434
337	206	0.999604
207	34	0.999587
458	151	0.999458
216	99	0.999385
235	116	0.999648
129	28	0.999891
56	36	0.999651
314	264	0.99954
109	50	0.999542
294	269	0.999325
472	182	0.999686
428	285	0.999887
128	44	0.99957
203	45	0.999402
283	105	0.999422
441	368	0.999304
485	118	0.999305
161	146	0.999883
443	415	0.999414
432	249	0.999585
315	197	0.999371
114	77	0.999595
104	36	0.999896
321	103	0.99939
324	94	0.999421
358	317	0.999738
449	291	0.999416
437	133	0.99956
150	109	0.999456
107	87	0.9997
277	240	0.999487
276	246	0.999993
269	112	0.999497
430	148	0.999825
406	70	0.999955
494	420	0.999751
223	183	0.999658
57	43	0.99988
61	45	0.999506
294	95	0.999528
126	75	0.999766
455	111	0.999344
466	118	0.999396
408	226	0.999468
352	278	0.999311
184	113	0.99938
370	299	0.999525
389	268	0.999554
279	116	0.999766
62	47	0.999682
72	63	0.999871
294	126	0.999818
73	16	0.999306
399	307	0.999927
407	186	0.999544
145	38	0.999454
396	285	0.999505
332	89	0.999641
473	219	0.999381
200	176	0.999456
193	143	0.999416
402	234	0.99938
142	108	0.999577
118	92	0.999302
108	91	0.999905
243	63	0.999472
350	320	0.999652
366	359	0.99974
456	237	0.99937
75	35	0.999912
306	79	0.999371
458	208	0.999621
154	86	0.999823
487	88	0.999658
354	121	0.999615
142	66	0.999937
239	108	0.999785
245	115	0.999471
224	114	0.999694
279	63	0.999371
291	121	0.999707
381	80	0.999599
145	96	0.999742
191	92	0.999602
229	190	0.999547
472	105	0.999725
330	212	0.999911
435	223	0.999633
299	201	0.999687
90	38	0.999981
229	135	0.999723
310	273	0.999968
469	296	0.999896
218	31	0.999511
500	242	0.99987
133	63	0.999802
67	13	0.999312
87	43	0.999402
407	283	0.999502
176	69	0.999707
57	54	0.999542
424	320	0.999644
89	39	0.999727
225	97	0.999763
496	367	0.999724
258	76	0.999327
79	77	0.99992
68	36	0.999601
406	97	0.999496
292	279	0.999594
344	342	0.999877
138	101	0.999591
54	47	0.999426
187	32	0.999613
209	58	0.999964
272	117	0.99969
127	46	0.99977
87	47	0.999759
133	110	0.999394
374	253	0.999558
152	135	0.999491
429	270	0.999511
125	110	0.999774
366	59	0.999379
190	180	0.999504
169	25	0.999685
289	148	0.999395
330	296	0.999454
394	97	0.999327
252	240	0.999631
419	100	0.999399
109	70	0.999606
404	143	0.999488
60	41	0.999305
459	101	0.999687
187	122	0.99942
310	220	0.999481
344	85	0.999634
285	190	0.999315
68	57	0.999413
124	62	0.999944
101	67	0.999814
500	137	0.999725
217	162	0.999966
185	148	0.999708
390	108	0.999668
434	349	0.999882
251	246	0.999687
166	143	0.999661
193	58	0.999757
206	137	0.999851
72	28	0.999995
267	146	0.999473
475	203	0.999847
447	123	0.999481
68	65	0.9999
56	8	0.999652
54	16	0.999685
65	62	0.999707
194	62	0.999832
228	121	0.999552
227	107	0.999818
227	88	0.999791
330	218	0.999342
422	110	0.999547
347	337	0.999633
385	138	0.999785
181	75	0.999942
206	87	0.999416
392	136	0.999723
378	195	0.999413
327	170	0.999838
450	121	0.99943
167	66	0.999406
180	47	0.999412
448	184	0.999878
492	92	0.999452
208	122	0.999661
269	128	0.999554
287	67	0.999877
339	224	0.999314
402	207	0.999582
497	163	0.999992
297	109	0.999352
408	81	0.999398
247	74	0.999782
167	35	0.999893
114	24	0.999423
320	245	0.999704
163	160	0.999861
346	195	0.99979
150	61	0.999651
282	206	0.999637
98	16	0.99941
91	25	0.999387
208	75	0.999526
228	172	0.999488
58	55	0.999963
249	172	0.999474
474	395	0.999754
318	313	0.999361
89	41	0.99967
266	236	0.999309
325	73	0.999298
442	63	0.999297
285	66	0.999876
167	64	0.999662
332	73	0.99998
273	158	0.999461
367	147	0.999487
435	361	0.999913
467	233	0.999718
372	293	0.999965
192	77	0.999663
359	124	0.999342
230	101	0.999379
228	71	0.999889
115	94	0.999731
429	370	0.99975
81	12	0.999489
251	187	0.999558
464	174	0.999625
360	297	0.999309
193	86	0.999549
155	90	0.999447
435	236	0.999973
56	54	0.999855
386	86	0.99938
271	52	0.999326
460	119	0.999306
182	61	0.999471
213	134	0.999636
469	401	0.999715
464	310	0.999746
211	147	0.99952
391	214	0.999348
287	100	0.999624
188	184	0.999531
424	120	0.999695
190	156	0.999944
126	69	0.999478
448	175	0.999435
101	42	0.999772
323	72	0.999909
155	68	0.999895
67	39	0.999666
283	207	0.999771
479	361	0.999473
381	359	0.999551
64	57	0.99983
337	88	0.999887
91	79	0.999537
399	112	0.999421
228	51	0.999455
362	261	0.999729
352	215	0.999487
219	178	0.999489
328	71	0.999582
355	271	0.999506
419	124	0.999481
84	21	0.999437
264	111	0.999915
467	250	0.999469
214	132	0.999717
416	312	0.999521
392	385	0.99967
282	254	0.999571
126	22	0.99992
208	118	0.999863
164	140	0.999896
498	207	0.999824
469	345	0.999349
111	95	0.999711
301	253	0.999656
222	215	0.999467
177	79	0.999993
180	72	0.999725
365	135	0.999765
163	152	0.999946
443	103	0.999707
494	169	0.999945
431	149	0.999614
249	99	0.99977
362	360	0.999979
316	237	0.999683
228	122	0.999468
142	112	0.999494
81	36	0.999788
265	152	0.99969
139	31	0.999554
364	309	0.999447
439	117	0.999685
189	107	0.999331
53	24	0.999563
88	71	0.999727
188	136	0.999302
388	261	0.999532
234	162	0.999844
452	391	0.999768
473	160	0.999884
57	55	0.999486
461	429	0.99962
327	325	0.999379
488	259	0.99992
264	169	0.999689
209	146	0.999497
195	97	0.999686
67	61	0.999907
53	51	0.999474
167	123	0.999428
423	233	0.999414
337	224	0.999454
409	90	0.999394
307	132	0.999456
197	90	0.999385
156	59	0.999808
243	56	0.99966
188	159	0.999696
494	451	0.999712
446	116	0.999482
329	91	0.999475
51	15	0.999356
216	83	0.999679
179	62	0.99936
448	257	0.999876
376	113	0.999563
259	76	0.999989
257	39	0.999938
232	223	0.999581
328	292	0.999523
237	140	0.999563
387	285	0.99959
182	148	0.999615
211	82	0.999988
313	120	0.999899
169	155	0.999713
380	312	0.999577
482	296	0.999497
81	37	0.999916
161	32	0.999699
464	406	0.999337
389	72	0.999417
416	192	0.999974
460	337	0.999361
83	12	0.999765
61	34	0.999634
154	103	0.999695
233	115	0.999571
301	97	0.999562
129	68	0.999551
272	85	0.999711
334	306	0.99994
65	35	0.999731
120	50	0.99972
290	154	0.99976
333	294	0.999649
336	109	0.999794
245	94	0.999624
473	468	0.999853
355	342	0.999996
494	118	0.999422
355	153	0.999675
122	50	0.999745
59	34	0.99968
125	49	0.999637
471	107	0.999882
492	164	0.99939
191	114	0.999447
177	84	0.999326
481	454	0.999765
469	444	0.999782
328	165	0.999981
367	90	0.999612
470	173	0.999631
349	339	0.999585
387	64	0.999715
91	54	0.999661
396	108	0.999504
340	66	0.999594
437	134	0.999648
441	274	0.999849
144	59	0.999842
63	17	0.999603
458	297	0.999704
62	20	0.999855
146	93	0.999335
462	337	0.999692
433	139	0.99996
386	149	0.999668
151	35	0.999633
249	91	0.999773
317	66	0.999412
374	303	0.999651
258	247	0.999744
216	131	0.999513
119	23	0.999629
492	460	0.999444
428	90	0.999533
297	249	0.99939
324	259	0.999606
158	50	0.99955
172	60	0.999419
362	217	0.999592
287	206	0.999616
483	277	0.999768
398	393	0.9998
84	76	0.999342
314	71	0.999633
199	84	0.999445
232	86	0.999661
280	121	0.999593
98	67	0.999981
203	197	0.99938
85	15	0.999598
298	209	0.999696
484	266	0.999634
91	32	0.999816
435	200	0.999783
426	349	0.999706
497	127	0.999765
78	68	0.999841
385	123	0.999739
440	126	0.999485
483	398	0.999936
380	67	0.999344
116	72	0.999388
254	86	0.999868
207	178	0.999743
269	254	0.999468
82	49	0.999942
456	97	0.999602
281	222	0.999347
103	85	0.999587
260	162	0.999412
88	62	0.999777
329	75	0.999385
341	319	0.999697
163	73	0.999954
297	284	0.999413
132	46	0.999956
138	22	0.999421
362	124	0.999923
341	79	0.999313
79	44	0.999765
451	175	0.999786
179	52	0.999538
399	270	0.999331
95	76	0.999787
219	89	0.999877
389	332	0.99948
50	16	0.999791
151	41	0.999551
251	188	0.999748
437	148	0.999761
199	63	0.999325
355	298	0.999499
223	71	0.999569
466	285	0.999789
144	77	0.999311
211	58	0.99968
238	82	0.999498
394	95	0.99959
359	280	0.999526
181	29	0.999871
475	148	0.999526
500	368	0.999452
178	54	0.999711
105	65	0.999995
442	221	0.999991
138	117	0.999674
144	117	0.99988
143	30	0.999675
335	164	0.999616
249	69	0.99959
143	91	0.999993
84	13	0.999967
342	302	0.99953
92	34	0.999754
230	107	0.999537
94	93	0.999361
494	70	0.99967
140	75	0.999793
297	89	0.999576
360	160	0.999347
305	196	0.999651
382	352	0.999768
393	207	0.999984
120	118	0.999822
53	30	0.999545
179	134	0.999429
100	72	0.999463
77	60	0.999787
69	22	0.999797
389	128	0.999624
391	389	0.999685
224	39	0.999733
223	201	0.999509
389	84	0.999968
390	165	0.999704
225	202	0.999471
88	53	0.999916
348	261	0.999883
185	137	0.999988
416	341	0.99986
130	63	0.99953
420	164	0.999732
267	127	0.999857
93	84	0.999505
497	237	0.99968
292	268	0.999377
321	315	0.999972
400	360	0.999675
446	291	0.999339
485	192	0.999401
469	251	0.999808
370	61	0.999877
416	158	0.999647
287	280	0.999916
83	39	0.999632
480	382	0.999549
349	67	0.999606
469	421	0.999386
182	32	0.999355
421	388	0.999795
450	240	0.999415
351	69	0.999528
468	158	0.999615
444	311	0.999979
301	182	0.999356
391	277	0.999431
338	286	0.999866
213	203	0.999304
444	230	0.999556
429	177	0.999393
168	26	0.999848
108	86	0.999306
197	95	0.999484
485	202	0.999517
166	117	0.999553
201	33	0.999687
183	176	0.999562
390	96	0.999761
278	207	0.999534
386	70	0.999833
426	364	0.999465
119	98	0.999696
291	283	0.999612
385	205	0.999887
456	410	0.999487
284	162	0.999854
386	253	0.999668
466	154	0.999921
476	102	0.999913
56	23	0.999474
407	334	0.999713
347	194	0.999425
324	214	0.999499
197	54	0.999353
480	311	0.999927
353	162	0.999642
228	176	0.999804
176	84	0.999384
352	337	0.999301
263	218	0.999792
333	215	0.999317
252	181	0.999382
264	194	0.999713
202	78	0.999692
117	59	0.999951
155	138	0.999562
419	131	0.999682
127	28	0.99975
282	184	0.999996
356	297	0.999371
172	101	0.999668
373	168	0.999861
429	320	0.999965
425	100	0.999435
495	117	0.999441
269	186	0.999848
300	250	0.999749
478	311	0.999689
316	234	0.999531
240	79	0.999982
241	214	0.999892
437	379	0.999639
252	89	0.999501
305	263	0.999749
229	46	0.999894
76	12	0.999455
330	87	0.999725
144	72	0.999397
477	96	0.999314
117	60	0.999585
260	92	0.999699
214	87	0.99937
366	143	0.999859
121	22	0.999495
423	226	0.999385
190	143	0.999383
229	228	0.999456
192	85	0.999653
278	93	0.999879
392	74	0.99993
88	56	0.99957
115	76	0.999595
476	179	0.99973
143	141	0.99978
279	119	0.999918
232	166	0.999582
482	303	0.999349
101	18	0.999378
157	74	0.999742
205	154	0.999982
396	244	0.999727
262	150	0.999883
306	258	0.999425
497	267	0.999739
434	279	0.99987
104	96	0.999644
413	201	0.999831
79	23	0.999582
429	320	0.999917
