1000
188	123	0.993572
188	130	0.995068
188	144	0.995949
188	129	0.99407
188	82	0.996972
188	168	0.998059
188	78	0.994662
188	151	0.992793
188	179	0.998418
188	17	0.992583
188	103	0.999021
188	170	0.998763
188	162	0.993634
188	58	0.997245
188	131	0.992202
188	82	0.995855
188	163	0.998692
188	147	0.999201
188	31	0.995114
188	50	0.998348
188	53	0.993081
188	92	0.999929
188	89	0.998254
188	112	0.998191
188	127	0.998536
188	139	0.996355
188	12	0.993408
188	68	0.992498
188	164	0.999671
188	70	0.998794
188	103	0.998911
188	36	0.99773
188	139	0.999107
188	69	0.994195
188	56	0.993003
188	136	0.998692
188	127	0.999561
188	62	0.997793
188	84	0.99598
188	158	0.995855
188	105	0.997457
188	152	0.993852
188	97	0.996769
188	8	0.999749
188	34	0.999459
188	47	0.994904
188	139	0.993961
188	108	0.994016
188	51	0.996636
188	56	0.999131
188	126	0.997152
188	116	0.994226
188	96	0.999146
188	114	0.992412
188	160	0.995723
188	46	0.996902
188	59	0.995575
188	90	0.996449
188	131	0.999483
188	50	0.995762
188	96	0.994327
188	145	0.998583
188	118	0.9973
188	98	0.993455
188	136	0.999311
188	6	0.992404
188	100	0.993572
188	57	0.994771
188	20	0.998066
188	6	0.997621
188	12	0.999318
188	171	0.994312
188	128	0.995107
188	86	0.995762
188	115	0.995738
188	168	0.997824
188	36	0.997832
188	53	0.999154
188	125	0.997605
188	152	0.996691
188	63	0.993105
188	154	0.993681
188	102	0.996433
188	151	0.995824
188	63	0.995473
188	132	0.994304
188	156	0.9946
188	92	0.993673
188	28	0.998254
188	76	0.993128
188	163	0.998661
188	43	0.998278
188	113	0.995988
188	89	0.997769
188	35	0.99888
188	172	0.995738
188	152	0.997675
188	84	0.992311
188	27	0.997128
188	181	0.999326
188	124	0.999929
188	90	0.99446
188	87	0.99877
188	110	0.993237
188	143	0.996816
188	78	0.992521
188	60	0.998309
188	127	0.995918
188	132	0.995177
188	131	0.998059
188	131	0.999131
188	140	0.995575
188	149	0.998817
188	137	0.992202
188	68	0.998027
188	108	0.998059
188	181	0.997378
188	181	0.99687
188	114	0.999859
188	57	0.993852
188	53	0.998786
188	78	0.993105
188	53	0.993572
188	15	0.996753
188	110	0.995637
188	172	0.999514
188	6	0.993354
188	9	0.993844
188	16	0.998708
188	117	0.992949
188	108	0.99559
188	157	0.996246
188	133	0.995715
188	117	0.998371
188	31	0.998285
188	126	0.996738
188	145	0.998473
188	53	0.999663
188	29	0.999726
188	101	0.992848
188	122	0.993938
188	157	0.992957
188	32	0.996589
188	90	0.995941
188	28	0.992887
188	17	0.992848
188	104	0.998223
188	150	0.997511
188	165	0.998669
188	76	0.994195
188	8	0.996074
188	78	0.994919
188	45	0.99577
188	52	0.994748
188	17	0.998035
188	141	0.99506
188	96	0.992404
188	90	0.996933
188	163	0.99623
188	185	0.993252
188	43	0.995442
188	32	0.995013
188	133	0.995426
188	121	0.994444
188	154	0.995309
188	15	0.993533
188	97	0.994125
188	71	0.998113
188	83	0.994444
188	183	0.999749
188	177	0.995957
188	93	0.994935
188	13	0.99964
188	75	0.997316
188	179	0.993899
188	105	0.995926
188	117	0.996168
188	132	0.992723
188	155	0.996542
188	131	0.994109
188	187	0.998145
188	132	0.999491
188	144	0.992498
188	94	0.996082
188	111	0.996261
188	114	0.998755
188	184	0.998583
188	58	0.995036
188	126	0.996605
188	107	0.998661
188	57	0.997488
188	149	0.99393
188	60	0.995387
188	113	0.997621
188	93	0.999788
188	105	0.993416
188	37	0.998763
188	185	0.996941
188	135	0.998285
188	102	0.994374
188	176	0.995247
188	125	0.996652
188	80	0.996183
188	12	0.998059
188	93	0.996027
188	128	0.997754
188	105	0.994327
188	97	0.998215
188	187	0.995458
188	97	0.994506
188	18	0.995707
188	68	0.992887
188	74	0.996566
188	162	0.992832
188	82	0.992576
188	72	0.997519
188	84	0.993829
188	74	0.995645
188	16	0.992474
188	28	0.994327
188	129	0.9952
188	62	0.995785
188	186	0.996238
188	81	0.9952
188	121	0.994358
188	136	0.992747
188	163	0.992895
188	100	0.994397
188	67	0.998457
188	165	0.997566
188	166	0.996886
188	85	0.995965
188	69	0.993891
188	53	0.993081
188	185	0.998489
188	83	0.996808
188	145	0.998246
188	67	0.995965
188	70	0.996496
188	103	0.994452
188	55	0.993938
188	96	0.999287
188	28	0.998833
188	79	0.995809
188	79	0.999342
188	130	0.993105
188	10	0.999326
188	26	0.995247
188	64	0.992334
188	47	0.993642
188	182	0.994865
188	173	0.998411
188	49	0.994202
188	164	0.998653
188	147	0.99989
188	113	0.995185
188	180	0.997566
188	20	0.995091
188	94	0.998943
188	29	0.996667
188	35	0.998802
188	26	0.996004
188	33	0.994943
188	129	0.993642
188	45	0.994358
188	97	0.99291
188	63	0.99924
188	82	0.994795
188	170	0.999068
188	157	0.993688
188	16	0.994374
188	110	0.999326
188	88	0.996964
188	72	0.998997
188	129	0.999569
188	39	0.995411
188	149	0.994569
188	170	0.994654
188	64	0.996129
188	58	0.996706
188	70	0.998512
188	15	0.995614
188	65	0.997566
188	60	0.997566
188	53	0.999154
188	61	0.999225
188	172	0.996878
188	37	0.993797
188	127	0.99827
188	173	0.999961
188	134	0.996988
188	99	0.993346
188	82	0.993035
188	11	0.998763
188	41	0.999796
188	178	0.997965
188	95	0.994491
188	95	0.994693
188	70	0.99641
188	48	0.992529
188	39	0.999397
188	32	0.994125
188	99	0.999569
188	187	0.995052
188	12	0.995738
188	6	0.998661
188	155	0.993354
188	118	0.997597
188	114	0.999389
188	48	0.998786
188	110	0.999757
188	141	0.995013
188	45	0.997918
188	93	0.994452
188	86	0.992669
188	134	0.996277
188	161	0.996394
188	158	0.995068
188	156	0.992249
188	21	0.995848
188	107	0.995021
188	33	0.99877
188	86	0.995692
188	9	0.992754
188	68	0.997699
188	60	0.992397
188	46	0.99641
188	145	0.993735
188	13	0.995996
188	144	0.999138
188	172	0.998309
188	162	0.995582
188	137	0.995302
188	95	0.994444
188	52	0.994615
188	6	0.995551
188	15	0.994202
188	142	0.994849
188	105	0.994896
188	48	0.996699
188	56	0.997269
188	34	0.996738
188	51	0.999663
188	64	0.99942
188	65	0.99598
188	180	0.994086
188	172	0.994779
188	29	0.992428
188	181	0.996293
188	46	0.994351
188	79	0.996597
188	186	0.992467
188	172	0.995497
188	23	0.996488
188	58	0.996769
188	86	0.998254
188	55	0.99755
188	164	0.998622
188	86	0.999914
188	38	0.992373
188	97	0.997316
188	149	0.998199
188	5	0.998786
188	116	0.994428
188	180	0.998645
188	17	0.998465
188	119	0.994132
188	73	0.994538
188	168	0.999295
188	108	0.99446
188	114	0.997816
188	141	0.996941
188	48	0.995824
188	159	0.997855
188	160	0.997394
188	119	0.999326
188	115	0.994039
188	75	0.996581
188	126	0.995231
188	92	0.995192
188	61	0.994023
188	52	0.997128
188	158	0.994374
188	77	0.993751
188	88	0.996168
188	56	0.994935
188	111	0.995169
188	20	0.999264
188	21	0.994288
188	73	0.993797
188	132	0.99971
188	134	0.99527
188	125	0.999749
188	112	0.996261
188	53	0.997199
188	23	0.994397
188	59	0.992195
188	52	0.99666
188	37	0.995224
188	144	0.992646
188	121	0.993556
188	160	0.99527
188	149	0.995777
188	81	0.994764
188	174	0.995239
188	47	0.994631
188	162	0.997652
188	67	0.998051
188	120	0.993268
188	177	0.998387
188	155	0.998622
188	19	0.997558
188	27	0.994654
188	148	0.997605
188	162	0.995653
188	126	0.996105
188	20	0.992288
188	107	0.99228
188	42	0.997261
188	20	0.996355
188	184	0.997074
188	165	0.998082
188	74	0.99816
188	9	0.992506
188	56	0.997519
188	15	0.993463
188	84	0.993346
188	15	0.995614
188	154	0.999687
188	166	0.999867
188	54	0.999546
188	162	0.99755
188	99	0.995707
188	123	0.998872
188	148	0.997746
188	59	0.995809
188	38	0.994413
188	137	0.995278
188	65	0.995013
188	92	0.999334
188	55	0.995403
188	72	0.998481
188	14	0.994195
188	61	0.996636
188	127	0.99648
188	148	0.998348
188	22	0.99766
188	21	0.999499
188	103	0.995465
188	46	0.999099
188	166	0.993393
188	162	0.997464
188	43	0.995692
188	171	0.998731
188	117	0.993494
188	32	0.998184
188	71	0.999115
188	173	0.993229
188	28	0.992887
188	178	0.997378
188	47	0.994
188	155	0.998129
188	140	0.993829
188	102	0.999185
188	176	0.994514
188	47	0.995863
188	46	0.999436
188	25	0.998622
188	185	0.992334
188	64	0.997472
188	137	0.993447
188	77	0.999882
188	99	0.996261
188	73	0.996644
188	59	0.997035
188	111	0.994678
188	31	0.994881
188	171	0.994086
188	30	0.994335
188	11	0.996792
188	16	0.999318
188	47	0.997269
188	119	0.996378
188	176	0.996831
188	117	0.999162
188	154	0.99827
188	98	0.994725
188	25	0.994117
188	55	0.999131
188	76	0.99598
188	25	0.998817
188	164	0.992373
188	158	0.993494
188	56	0.998825
188	49	0.99673
188	157	0.999867
188	181	0.992249
188	121	0.995442
188	162	0.995668
188	101	0.996566
188	141	0.99598
188	41	0.999052
188	91	0.997066
188	45	0.994444
188	4	0.998747
188	158	0.994997
188	6	0.995801
188	112	0.998872
188	102	0.992381
188	82	0.998755
188	72	0.995005
188	164	0.997894
188	166	0.992848
188	25	0.993058
188	118	0.994639
188	163	0.99228
188	41	0.995871
188	64	0.994366
188	63	0.999326
188	76	0.997269
188	95	0.997808
188	64	0.992428
188	158	0.995684
188	62	0.993035
188	65	0.99221
188	97	0.993011
188	20	0.993969
188	124	0.998238
188	124	0.994335
188	142	0.992653
188	66	0.993182
188	118	0.997011
188	8	0.995348
188	121	0.998817
188	46	0.999021
188	168	0.999506
188	70	0.992264
188	13	0.997175
188	35	0.997269
188	80	0.99407
188	58	0.992249
188	162	0.995341
188	19	0.998434
188	29	0.993214
188	9	0.995231
188	21	0.997394
188	176	0.995216
188	174	0.997238
188	180	0.99566
188	7	0.996261
188	19	0.992871
188	178	0.993634
188	109	0.999099
188	182	0.999929
188	65	0.998943
188	130	0.996847
188	81	0.992498
188	118	0.994849
188	33	0.993416
188	178	0.996441
188	179	0.995949
188	143	0.994444
188	58	0.99467
188	85	0.99989
188	15	0.9968
188	46	0.992544
188	86	0.994849
188	179	0.995731
188	29	0.998786
188	39	0.992576
188	109	0.992373
188	68	0.999702
188	55	0.994592
188	159	0.993252
188	28	0.996019
188	24	0.997472
188	45	0.996472
188	161	0.99221
188	166	0.994966
188	145	0.997926
188	180	0.998497
188	134	0.997441
188	33	0.994273
188	98	0.999522
188	144	0.993642
188	162	0.996878
188	144	0.998012
188	123	0.997378
188	65	0.998544
188	152	0.992646
188	40	0.994654
188	166	0.996886
188	33	0.993393
188	44	0.995231
188	24	0.995333
188	51	0.995902
188	6	0.999428
188	82	0.996894
188	93	0.997449
188	182	0.999068
188	150	0.993829
188	94	0.99326
188	172	0.998043
188	98	0.999248
188	13	0.996777
188	156	0.998059
188	58	0.996386
188	66	0.993229
188	91	0.994389
188	144	0.993206
188	105	0.995902
188	18	0.993035
188	77	0.994818
188	145	0.997503
188	97	0.99347
188	125	0.996113
188	56	0.99741
188	19	0.996019
188	129	0.998411
188	67	0.998129
188	68	0.998911
188	151	0.998043
188	147	0.996168
188	56	0.995723
188	111	0.993914
188	178	0.993945
188	53	0.994109
188	164	0.994538
188	32	0.995731
188	159	0.994717
188	62	0.993136
188	97	0.997035
188	153	0.993393
188	182	0.99453
188	47	0.993727
188	67	0.998544
188	75	0.994475
188	7	0.999029
188	161	0.998473
188	86	0.999867
188	7	0.996019
188	67	0.998927
188	159	0.999679
188	146	0.993229
188	38	0.994117
188	145	0.997347
188	22	0.997957
188	96	0.995512
188	93	0.996511
188	112	0.998716
188	20	0.995614
188	43	0.992303
188	29	0.997113
188	100	0.998943
188	18	0.998872
188	50	0.995996
188	68	0.9934
188	166	0.993681
188	47	0.999107
188	172	0.993361
188	130	0.992552
188	17	0.998559
188	155	0.999522
188	179	0.998457
188	10	0.995543
188	97	0.994491
188	151	0.998614
188	178	0.997824
188	76	0.999781
188	83	0.999749
188	64	0.994935
188	74	0.998692
188	112	0.995224
188	103	0.999107
188	153	0.993969
188	111	0.993338
188	59	0.9968
188	100	0.996863
188	125	0.993144
188	80	0.992832
188	131	0.996831
188	86	0.997816
188	154	0.997621
188	92	0.994506
188	122	0.999984
188	87	0.993042
188	137	0.999076
188	30	0.994428
188	55	0.992544
188	43	0.997417
188	44	0.994288
188	117	0.994553
188	75	0.99467
188	63	0.994241
188	122	0.997746
188	156	0.993105
188	125	0.995699
188	100	0.993214
188	4	0.996722
188	186	0.994366
188	67	0.995458
188	128	0.997722
188	67	0.993042
188	91	0.995777
188	88	0.997222
188	125	0.999272
188	93	0.996191
188	65	0.996277
188	157	0.999491
188	118	0.995738
188	12	0.997089
188	105	0.998481
188	60	0.998551
188	89	0.994132
188	65	0.999718
188	63	0.992887
188	177	0.996449
188	108	0.992257
188	72	0.993019
188	116	0.996129
188	20	0.997988
188	71	0.99942
188	151	0.993175
188	172	0.994148
188	7	0.99545
188	113	0.99221
188	41	0.999115
188	49	0.992856
188	13	0.994842
188	119	0.994795
188	170	0.999044
188	162	0.999107
188	98	0.995941
188	95	0.999107
188	96	0.994171
188	12	0.995855
188	181	0.995231
188	107	0.997597
188	25	0.998528
188	7	0.996636
188	94	0.993214
188	146	0.99924
188	144	0.994795
188	122	0.996667
188	51	0.995395
188	94	0.999311
188	71	0.998059
188	150	0.998379
188	126	0.996706
188	25	0.996535
188	137	0.998356
188	162	0.996254
188	127	0.999922
188	136	0.993844
188	35	0.992568
188	38	0.997816
188	53	0.998387
188	51	0.99312
188	92	0.992646
188	113	0.992591
188	88	0.99924
188	27	0.99291
188	23	0.994997
188	16	0.997699
188	136	0.995411
188	52	0.99566
188	94	0.9996
188	57	0.996043
188	97	0.994756
188	63	0.999021
188	53	0.996613
188	40	0.993572
188	152	0.993377
188	37	0.997402
188	28	0.9934
188	26	0.999945
188	36	0.995231
188	100	0.996433
188	87	0.993914
188	144	0.995255
188	24	0.994732
188	155	0.999154
188	105	0.993829
188	131	0.99655
188	76	0.998246
188	93	0.998645
188	140	0.992521
188	43	0.999115
188	158	0.994818
188	172	0.999365
188	79	0.995957
188	5	0.994538
188	149	0.994062
188	127	0.9996
188	33	0.999671
188	34	0.995052
188	92	0.992871
188	59	0.994467
188	29	0.999781
188	139	0.99773
188	75	0.992241
188	131	0.9934
188	28	0.998465
188	87	0.99312
188	122	0.999029
188	15	0.994335
188	14	0.997285
188	106	0.995871
188	62	0.994927
188	56	0.999389
188	65	0.993836
188	69	0.996121
188	123	0.993634
188	74	0.99666
188	159	0.993315
188	138	0.999788
188	69	0.998966
188	37	0.996839
188	30	0.995005
188	130	0.992568
188	4	0.99953
188	135	0.994569
188	86	0.996293
188	147	0.999397
188	107	0.998223
188	30	0.993237
188	127	0.997933
188	13	0.997652
188	118	0.998278
188	90	0.999381
188	167	0.995809
188	10	0.992614
188	103	0.993206
188	83	0.993276
188	51	0.993416
188	181	0.994795
188	148	0.999538
188	179	0.996058
188	32	0.99228
188	83	0.999702
188	22	0.999569
188	31	0.994904
188	89	0.994615
188	75	0.994592
188	81	0.992296
188	87	0.998059
188	173	0.998637
188	16	0.997488
188	181	0.996316
188	109	0.996144
188	132	0.99723
188	52	0.994195
188	159	0.999875
188	151	0.998012
188	107	0.993416
188	54	0.997386
188	125	0.998935
188	25	0.995598
188	96	0.992443
188	68	0.997042
188	31	0.997496
188	59	0.994031
188	38	0.994623
188	44	0.995185
188	77	0.995208
188	84	0.993977
188	168	0.994873
188	135	0.99559
188	15	0.999499
188	16	0.998262
188	83	0.998951
188	49	0.993906
188	70	0.992933
188	70	0.999428
188	79	0.993852
188	26	0.997808
188	84	0.99312
188	150	0.996402
188	117	0.999632
188	30	0.992684
188	102	0.995855
188	20	0.996207
188	152	0.997183
188	11	0.992498
188	164	0.995816
188	46	0.996542
188	78	0.996394
188	19	0.996175
188	86	0.997371
188	155	0.993042
188	119	0.995309
188	110	0.996535
188	145	0.9996
188	19	0.992404
188	124	0.992389
188	143	0.999326
188	156	0.997206
188	166	0.995138
188	124	0.997402
188	38	0.999444
188	113	0.992272
188	58	0.996238
188	44	0.992195
188	79	0.994771
188	135	0.992241
188	85	0.998215
188	116	0.993354
188	148	0.997636
188	111	0.992933
188	187	0.99852
188	8	0.995138
188	71	0.995645
188	99	0.99964
188	126	0.996995
188	126	0.99298
188	150	0.998403
188	168	0.993011
188	35	0.995512
188	70	0.996191
188	137	0.996597
188	80	0.994444
188	172	0.99228
188	90	0.994257
188	134	0.994047
188	116	0.998301
188	105	0.996644
188	62	0.993681
188	173	0.992311
188	81	0.995052
188	37	0.994202
188	163	0.994935
188	62	0.993229
188	54	0.998191
188	152	0.994678
188	52	0.993198
188	18	0.999436
188	157	0.998019
188	35	0.996285
188	19	0.993439
188	105	0.99591
188	23	0.99942
188	103	0.992848
188	40	0.997691
188	48	0.998943
188	5	0.998473
188	122	0.998966
188	161	0.996254
188	5	0.999961
188	23	0.996058
188	170	0.997097
188	91	0.993424
188	164	0.999193
188	143	0.994795
188	123	0.992754
188	129	0.992832
188	93	0.995083
188	115	0.9952
188	87	0.999929
188	157	0.999546
188	128	0.996402
188	157	0.999436
188	154	0.994132
188	147	0.997597
188	135	0.998677
188	123	0.994522
188	157	0.999107
188	90	0.993369
188	55	0.99852
188	68	0.996972
188	78	0.995668
188	164	0.996285
188	77	0.999718
188	73	0.998716
188	104	0.997566
188	177	0.992218
188	18	0.993953
188	143	0.998747
188	46	0.993961
188	29	0.99559
188	137	0.993058
188	170	0.992513
188	181	0.998309
188	153	0.99899
188	11	0.99354
188	26	0.995934
188	132	0.998739
188	131	0.99481
188	116	0.993369
188	167	0.996168
188	128	0.996941
188	102	0.992428
188	140	0.997652
188	110	0.999295
188	97	0.993984
188	130	0.998849
188	82	0.998677
188	90	0.994881
188	145	0.993027
188	161	0.994577
188	124	0.996706
