1500
291	283	0.999523
291	113	0.998625
291	104	0.99833
291	142	0.997662
291	231	0.999168
291	49	0.999168
291	79	0.999271
291	118	0.997292
291	31	0.997784
291	127	0.997831
291	122	0.997133
291	203	0.998774
291	73	0.997047
291	288	0.997255
291	241	0.998301
291	287	0.997341
291	244	0.998185
291	226	0.998191
291	281	0.996928
291	102	0.997222
291	74	0.997004
291	201	0.997087
291	206	0.998542
291	259	0.998698
291	180	0.99884
291	207	0.999367
291	117	0.996948
291	190	0.998695
291	288	0.997778
291	251	0.997841
291	171	0.998258
291	211	0.997067
291	40	0.998536
291	136	0.998205
291	221	0.997702
291	87	0.998155
291	287	0.999175
291	150	0.997014
291	257	0.996849
291	219	0.999291
291	191	0.999036
291	247	0.998539
291	133	0.997695
291	186	0.998542
291	222	0.996756
291	194	0.998059
291	103	0.997007
291	232	0.996938
291	48	0.997503
291	221	0.999814
291	196	0.999493
291	40	0.999993
291	94	0.999072
291	31	0.997682
291	185	0.996855
291	257	0.999407
291	187	0.998618
291	87	0.99888
291	277	0.999741
291	276	0.996964
291	172	0.999592
291	63	0.997434
291	48	0.998483
291	33	0.999228
291	125	0.998916
291	169	0.998625
291	143	0.999244
291	82	0.997596
291	171	0.998158
291	138	0.99709
291	199	0.999297
291	268	0.996786
291	50	0.997457
291	83	0.99791
291	194	0.999957
291	279	0.997355
291	91	0.998009
291	72	0.997606
291	101	0.999596
291	230	0.999509
291	264	0.996799
291	261	0.999672
291	83	0.997255
291	60	0.998844
291	136	0.997255
291	138	0.999085
291	181	0.999503
291	148	0.998003
291	195	0.996763
291	130	0.99672
291	117	0.997093
291	131	0.999417
291	195	0.99891
291	51	0.999344
291	257	0.999423
291	33	0.998321
291	134	0.998354
291	280	0.999331
291	135	0.997199
291	246	0.996958
291	246	0.9979
291	127	0.999768
291	61	0.998122
291	104	0.998105
291	49	0.999142
291	216	0.99892
291	128	0.997725
291	274	0.996756
291	290	0.997434
291	97	0.996859
291	276	0.99938
291	225	0.996713
291	236	0.998655
291	214	0.999625
291	128	0.996994
291	289	0.999765
291	245	0.998989
291	203	0.997963
291	66	0.998357
291	72	0.99795
291	46	0.996852
291	236	0.999884
291	111	0.998936
291	208	0.996829
291	176	0.999291
291	85	0.997543
291	269	0.999506
291	213	0.997437
291	28	0.998274
291	100	0.997384
291	277	0.997794
291	26	0.999993
291	145	0.99708
291	78	0.996955
291	40	0.999211
291	52	0.997497
291	229	0.999066
291	280	0.999509
291	213	0.99753
291	208	0.996898
291	234	0.997083
291	100	0.999854
291	282	0.999669
291	289	0.996978
291	197	0.996885
291	287	0.997874
291	143	0.997497
291	48	0.997536
291	132	0.999483
291	220	0.997341
291	154	0.999503
291	36	0.998132
291	31	0.998304
291	241	0.996862
291	212	0.998794
291	97	0.999884
291	269	0.999506
291	152	0.997272
291	48	0.996779
291	80	0.999539
291	66	0.998201
291	205	0.998016
291	215	0.999937
291	218	0.997212
291	236	0.99675
291	204	0.997037
291	290	0.997646
291	284	0.998195
291	232	0.999967
291	222	0.996829
291	56	0.997887
291	160	0.997232
291	267	0.998966
291	111	0.997966
291	192	0.997229
291	55	0.999655
291	131	0.998248
291	268	0.999791
291	36	0.9971
291	221	0.999639
291	220	0.999712
291	285	0.999261
291	231	0.998675
291	84	0.999867
291	89	0.998221
291	189	0.999649
291	189	0.997847
291	63	0.996974
291	127	0.99944
291	248	0.999102
291	72	0.998549
291	101	0.997434
291	153	0.997996
291	165	0.997603
291	54	0.999924
291	236	0.997665
291	265	0.998973
291	205	0.999993
291	149	0.99882
291	153	0.998784
291	187	0.997302
291	238	0.999973
291	150	0.999321
291	89	0.996842
291	115	0.99833
291	186	0.999907
291	206	0.996961
291	26	0.999615
291	156	0.998718
291	199	0.996951
291	187	0.998536
291	117	0.998211
291	82	0.999536
291	111	0.99946
291	42	0.999039
291	89	0.997249
291	251	0.996958
291	271	0.999987
291	157	0.999987
291	180	0.997255
291	47	0.999294
291	272	0.999238
291	223	0.997193
291	157	0.998897
291	249	0.99799
291	259	0.999013
291	192	0.997933
291	195	0.998301
291	113	0.997338
291	190	0.998897
291	252	0.998579
291	150	0.997546
291	119	0.996723
291	35	0.999669
291	234	0.996746
291	209	0.999248
291	171	0.997821
291	89	0.999062
291	81	0.999569
291	258	0.999715
291	210	0.999347
291	69	0.997685
291	263	0.998718
291	53	0.999828
291	236	0.998751
291	243	0.999894
291	207	0.997394
291	153	0.998632
291	253	0.999211
291	28	0.998807
291	197	0.998089
291	246	0.998662
291	205	0.998893
291	191	0.999377
291	241	0.998417
291	276	0.997718
291	247	0.996849
291	58	0.99896
291	227	0.999546
291	91	0.998321
291	27	0.999331
291	138	0.998784
291	107	0.998797
291	243	0.999284
291	136	0.999238
291	80	0.997837
291	170	0.998417
291	248	0.99946
291	137	0.998132
291	86	0.999675
291	37	0.999417
291	153	0.999042
291	267	0.996859
291	114	0.999606
291	273	0.997834
291	273	0.99746
291	119	0.998731
291	68	0.999549
291	246	0.997761
291	223	0.999079
291	118	0.998026
291	214	0.997871
291	96	0.996908
291	94	0.997983
291	228	0.999327
291	258	0.999503
291	34	0.998019
291	71	0.998125
291	104	0.999052
291	164	0.999934
291	140	0.999844
291	135	0.997957
291	87	0.999523
291	262	0.999142
291	132	0.999934
291	127	0.997543
291	208	0.999417
291	87	0.998986
291	153	0.998264
291	132	0.998506
291	116	0.998698
291	120	0.999745
291	30	0.999702
291	239	0.999228
291	43	0.999808
291	29	0.996964
291	173	0.997368
291	135	0.99795
291	222	0.998056
291	111	0.997854
291	239	0.999225
291	219	0.997808
291	171	0.997398
291	83	0.997044
291	245	0.998628
291	108	0.99789
291	212	0.996693
291	121	0.996839
291	174	0.998383
291	245	0.999814
291	33	0.997117
291	56	0.999195
291	286	0.997308
291	253	0.997176
291	92	0.998618
291	252	0.998228
291	207	0.998155
291	284	0.996902
291	41	0.99836
291	101	0.999278
291	274	0.997828
291	111	0.999788
291	167	0.999828
291	236	0.999393
291	216	0.999884
291	52	0.998714
291	270	0.997775
291	104	0.999864
291	60	0.998397
291	173	0.99796
291	105	0.997821
291	147	0.997725
291	213	0.998029
291	239	0.997004
291	30	0.999562
291	32	0.998642
291	164	0.997302
291	83	0.997927
291	104	0.998102
291	62	0.999625
291	289	0.997176
291	280	0.999529
291	95	0.997378
291	288	0.998645
291	26	0.999516
291	271	0.999423
291	139	0.999662
291	219	0.998155
291	270	0.998102
291	284	0.998043
291	289	0.998373
291	135	0.99887
291	48	0.997871
291	247	0.996746
291	81	0.997811
291	245	0.998877
291	252	0.999609
291	165	0.999586
291	228	0.999205
291	112	0.999718
291	141	0.999831
291	208	0.998658
291	165	0.997133
291	112	0.998804
291	97	0.998993
291	86	0.999861
291	64	0.996961
291	160	0.998519
291	112	0.997414
291	185	0.998089
291	260	0.997166
291	81	0.998695
291	216	0.997923
291	284	0.999632
291	182	0.999493
291	157	0.998089
291	167	0.998278
291	175	0.99896
291	265	0.999894
291	85	0.999407
291	209	0.999735
291	84	0.998003
291	262	0.997351
291	68	0.996822
291	102	0.997497
291	236	0.998956
291	260	0.999185
291	269	0.999403
291	202	0.997047
291	259	0.997937
291	245	0.997857
291	25	0.998158
291	207	0.997249
291	132	0.998718
291	87	0.999804
291	53	0.997444
291	211	0.998615
291	148	0.998072
291	177	0.997864
291	168	0.998777
291	70	0.998304
291	160	0.998973
291	172	0.999367
291	170	0.99996
291	141	0.998552
291	180	0.997616
291	229	0.998618
291	209	0.998622
291	289	0.998758
291	149	0.997083
291	100	0.997953
291	137	0.998863
291	240	0.997011
291	176	0.99672
291	130	0.997507
291	210	0.996727
291	261	0.997193
291	281	0.997983
291	83	0.997259
291	48	0.999278
291	188	0.999649
291	261	0.997894
291	44	0.999874
291	225	0.998801
291	272	0.997675
291	42	0.997374
291	155	0.998383
291	130	0.997966
291	45	0.99788
291	186	0.997493
291	118	0.99792
291	224	0.999317
291	246	0.999248
291	222	0.997861
291	129	0.997097
291	163	0.999927
291	207	0.997864
291	258	0.999685
291	63	0.998324
291	69	0.997563
291	95	0.998734
291	99	0.99708
291	162	0.998509
291	40	0.998907
291	175	0.998542
291	221	0.999937
291	259	0.999075
291	130	0.997844
291	115	0.999102
291	289	0.999725
291	279	0.999072
291	64	0.997639
291	268	0.998916
291	279	0.99751
291	154	0.99791
291	140	0.997308
291	30	0.997368
291	101	0.996875
291	121	0.997536
291	131	0.999377
291	77	0.999867
291	255	0.99748
291	96	0.997093
291	38	0.998976
291	74	0.999205
291	45	0.998135
291	53	0.998784
291	78	0.99889
291	115	0.999417
291	215	0.999241
291	218	0.999364
291	189	0.996743
291	236	0.997662
291	225	0.99789
291	65	0.996736
291	56	0.999785
291	289	0.999433
291	227	0.998569
291	125	0.999466
291	225	0.998589
291	96	0.998612
291	263	0.998426
291	127	0.998969
291	238	0.999602
291	152	0.997798
291	167	0.999367
291	28	0.998122
291	99	0.998516
291	214	0.999788
291	147	0.999374
291	117	0.997563
291	231	0.99713
291	252	0.999824
291	84	0.997229
291	277	0.997973
291	26	0.997738
291	82	0.998787
291	191	0.999433
291	91	0.99715
291	281	0.998357
291	50	0.999715
291	124	0.997748
291	80	0.998403
291	175	0.99946
291	203	0.997371
291	152	0.998016
291	280	0.997649
291	253	0.996836
291	231	0.997695
291	66	0.999062
291	88	0.998469
291	133	0.997818
291	152	0.998701
291	230	0.99883
291	37	0.996809
291	241	0.998701
291	286	0.997626
291	181	0.997689
291	78	0.999211
291	46	0.998622
291	26	0.999728
291	76	0.999427
291	265	0.998443
291	183	0.997107
291	95	0.999794
291	270	0.998916
291	122	0.997232
291	99	0.998393
291	116	0.998529
291	72	0.998698
291	189	0.998122
291	108	0.998665
291	143	0.998556
291	165	0.999692
291	133	0.998403
291	56	0.996908
291	179	0.998946
291	260	0.998718
291	272	0.996803
291	206	0.997173
291	260	0.997384
291	188	0.997735
291	196	0.999476
291	174	0.998609
291	71	0.997404
291	78	0.999089
291	269	0.998244
291	264	0.999476
291	277	0.997966
291	131	0.997424
291	150	0.998526
291	124	0.999463
291	252	0.999228
291	42	0.997894
291	135	0.999874
291	243	0.997216
291	133	0.997239
291	48	0.998556
291	108	0.998907
291	175	0.998082
291	194	0.999652
291	278	0.999092
291	77	0.998244
291	268	0.997603
291	287	0.997818
291	247	0.997057
291	74	0.998036
291	47	0.999997
291	248	0.996707
291	244	0.997199
291	231	0.996958
291	119	0.998168
291	77	0.998499
291	142	0.998139
291	272	0.999722
291	164	0.996733
291	29	0.999261
291	207	0.999861
291	120	0.996806
291	116	0.998953
291	275	0.998453
291	146	0.998565
291	125	0.998274
291	223	0.999785
291	220	0.996799
291	32	0.997679
291	261	0.998777
291	193	0.997364
291	162	0.999599
291	43	0.996816
291	155	0.997662
291	85	0.997732
291	274	0.998417
291	144	0.998804
291	154	0.998334
291	113	0.997437
291	125	0.99706
291	175	0.998546
291	235	0.998364
291	121	0.997973
291	85	0.997325
291	144	0.998251
291	203	0.99992
291	150	0.999102
291	119	0.99715
291	287	0.997249
291	250	0.997556
291	186	0.998989
291	236	0.997335
291	160	0.998609
291	255	0.997021
291	83	0.999122
291	155	0.999897
291	261	0.996786
291	117	0.997778
291	270	0.999456
291	137	0.997348
291	188	0.998208
291	249	0.998811
291	109	0.997288
291	91	0.99837
291	121	0.998787
291	96	0.997219
291	253	0.997973
291	238	0.996776
291	127	0.997262
291	57	0.999304
291	138	0.997034
291	107	0.998655
291	57	0.998678
291	109	0.999705
291	119	0.999135
291	210	0.998956
291	152	0.999808
291	141	0.999099
291	116	0.996981
291	222	0.998198
291	256	0.998622
291	35	0.999092
291	50	0.997943
291	51	0.99945
291	248	0.997824
291	149	0.998364
291	42	0.998337
291	96	0.997493
291	171	0.99883
291	29	0.998857
291	155	0.998337
291	168	0.996852
291	89	0.99995
291	121	0.998873
291	173	0.998572
291	188	0.999993
291	58	0.997831
291	128	0.999175
291	195	0.998701
291	280	0.998145
291	56	0.998781
291	83	0.997242
291	63	0.999635
291	282	0.997464
291	50	0.999228
291	123	0.997007
291	63	0.997712
291	180	0.996862
291	274	0.999738
291	26	0.996845
291	98	0.998238
291	216	0.997996
291	281	0.999228
291	282	0.99752
291	250	0.999234
291	142	0.997854
291	236	0.997748
291	136	0.999758
291	181	0.999112
291	82	0.99788
291	211	0.999722
291	31	0.998807
291	261	0.999433
291	172	0.997431
291	160	0.999006
291	59	0.997249
291	55	0.998324
291	185	0.99947
291	260	0.998122
291	248	0.998817
291	144	0.99705
291	154	0.997665
291	233	0.998767
291	99	0.997328
291	237	0.997874
291	216	0.996763
291	124	0.999377
291	247	0.99999
291	222	0.99888
291	78	0.998446
291	239	0.999559
291	92	0.998125
291	110	0.998969
291	114	0.997887
291	225	0.998552
291	90	0.99992
291	192	0.997708
291	239	0.997546
291	93	0.99888
291	247	0.99714
291	261	0.998036
291	254	0.99712
291	274	0.99945
291	133	0.998373
291	144	0.998178
291	264	0.999529
291	83	0.997937
291	46	0.998373
291	240	0.998728
291	224	0.998807
291	88	0.999225
291	202	0.997027
291	117	0.998602
291	196	0.998466
291	156	0.998781
291	111	0.999609
291	156	0.999569
291	103	0.998585
291	242	0.99947
291	285	0.999659
291	151	0.99993
291	134	0.999317
291	254	0.99714
291	188	0.999337
291	36	0.998258
291	50	0.997755
291	37	0.997732
291	43	0.9994
291	71	0.998082
291	163	0.997355
291	170	0.999046
291	171	0.997417
291	249	0.997599
291	144	0.998612
291	92	0.997034
291	35	0.999463
291	251	0.997074
291	71	0.998205
291	177	0.998946
291	277	0.997295
291	117	0.997563
291	82	0.997844
291	283	0.99834
291	28	0.998387
291	213	0.996991
291	130	0.998463
291	215	0.998754
291	110	0.998436
291	236	0.997708
291	25	0.997824
291	131	0.999509
291	137	0.996832
291	247	0.996958
291	240	0.99675
291	63	0.998327
291	122	0.997027
291	195	0.99754
291	49	0.999198
291	257	0.998522
291	259	0.997689
291	191	0.99946
291	137	0.998513
291	219	0.998791
291	55	0.997054
291	179	0.997074
291	131	0.997143
291	224	0.999003
291	236	0.998
291	189	0.997292
291	177	0.996915
291	234	0.998814
291	55	0.997242
291	106	0.999715
291	159	0.998582
291	66	0.998671
291	176	0.997765
291	58	0.997136
291	108	0.997738
291	112	0.999052
291	191	0.996941
291	50	0.996898
291	158	0.997044
291	61	0.997262
291	195	0.997758
291	161	0.999291
291	274	0.998188
291	151	0.998678
291	219	0.998102
291	270	0.99882
291	284	0.99756
291	94	0.998827
291	32	0.99672
291	184	0.998903
291	103	0.997834
291	199	0.99837
291	113	0.998059
291	174	0.999158
291	51	0.998645
291	171	0.999042
291	115	0.998393
291	200	0.998774
291	184	0.998056
291	289	0.999824
291	152	0.998966
291	182	0.999844
291	76	0.999619
291	261	0.998264
291	199	0.998304
291	165	0.998407
291	118	0.999973
291	25	0.997262
291	227	0.998625
291	140	0.998989
291	168	0.999914
291	222	0.999337
291	226	0.99747
291	164	0.997206
291	41	0.99842
291	222	0.99791
291	93	0.998519
291	118	0.999029
291	100	0.998711
291	212	0.99714
291	29	0.998201
291	132	0.99834
291	262	0.998993
291	177	0.999559
291	195	0.998287
291	194	0.998724
291	92	0.998744
291	191	0.999891
291	160	0.998446
291	44	0.997017
291	219	0.997017
291	108	0.999112
291	107	0.999612
291	121	0.997312
291	223	0.997593
291	208	0.997126
291	109	0.998344
291	163	0.997566
291	251	0.998556
291	285	0.999645
291	140	0.998681
291	206	0.998943
291	246	0.999549
291	130	0.999138
291	228	0.997692
291	229	0.997966
291	109	0.997497
291	223	0.997341
291	170	0.998807
291	142	0.999486
291	224	0.996872
291	68	0.999115
291	77	0.998638
291	102	0.996855
291	152	0.997242
291	281	0.998946
291	31	0.997275
291	57	0.999036
291	181	0.999725
291	53	0.998602
291	211	0.999162
291	276	0.999059
291	137	0.99846
291	124	0.99945
291	94	0.998622
291	31	0.999049
291	205	0.998132
291	89	0.997394
291	134	0.997021
291	231	0.998201
291	67	0.998979
291	180	0.998728
291	94	0.999543
291	190	0.998201
291	114	0.99673
291	190	0.997031
291	206	0.997659
291	62	0.99998
291	214	0.999818
291	140	0.999066
291	227	0.997269
291	36	0.999148
291	217	0.99994
291	273	0.998761
291	119	0.99753
291	171	0.99999
291	184	0.997983
291	79	0.999066
291	214	0.999997
291	127	0.998658
291	157	0.997004
291	113	0.998334
291	199	0.999526
291	83	0.998231
291	73	0.998294
291	243	0.997847
291	199	0.997441
291	212	0.999884
291	178	0.997837
291	72	0.998049
291	62	0.997824
291	245	0.99757
291	93	0.999119
291	170	0.998105
291	198	0.999649
291	142	0.998797
291	78	0.998834
291	261	0.998817
291	258	0.998827
291	48	0.997404
291	270	0.998334
291	136	0.997897
291	57	0.996964
291	64	0.996786
291	278	0.99991
291	166	0.999456
291	82	0.997857
291	92	0.998221
291	60	0.998254
291	264	0.998337
291	188	0.999344
291	46	0.998605
291	114	0.996796
291	48	0.999347
291	278	0.996789
291	237	0.999745
291	210	0.998701
291	201	0.998503
291	128	0.997791
291	53	0.997761
291	287	0.999284
291	203	0.999917
291	61	0.997242
291	161	0.999579
291	76	0.999801
291	36	0.998685
291	91	0.999824
291	161	0.999987
291	62	0.998685
291	39	0.998923
291	32	0.99843
291	196	0.997798
291	181	0.997642
291	222	0.999722
291	204	0.996885
291	162	0.997536
291	199	0.999954
291	285	0.999529
291	258	0.999456
291	280	0.999509
291	64	0.999688
291	176	0.999178
291	80	0.999771
291	96	0.996803
291	38	0.996951
291	254	0.999049
291	126	0.999466
291	287	0.997209
291	178	0.99712
291	266	0.999142
291	263	0.999652
291	36	0.998635
291	32	0.997649
291	197	0.998003
291	204	0.998284
291	264	0.999751
291	133	0.997867
291	254	0.999152
291	54	0.998029
291	57	0.998102
291	207	0.998665
291	35	0.999172
291	272	0.997937
291	71	0.999271
291	226	0.997341
291	145	0.996839
291	138	0.997834
291	139	0.997077
291	146	0.996776
291	273	0.999225
291	108	0.998804
291	85	0.997712
291	197	0.997054
291	247	0.997877
291	279	0.998423
291	135	0.997021
291	53	0.999642
291	40	0.999728
291	225	0.999403
291	54	0.996991
291	204	0.998529
291	185	0.998112
291	191	0.999655
291	56	0.999162
291	154	0.998956
291	239	0.997368
291	253	0.997735
291	278	0.999423
291	191	0.998109
291	253	0.998622
291	235	0.997351
291	124	0.997652
291	66	0.998466
291	138	0.997808
291	123	0.998403
291	283	0.999142
291	274	0.997027
291	93	0.997712
291	79	0.997259
291	32	0.999907
291	179	0.997407
291	187	0.997933
291	44	0.998989
291	201	0.999181
291	164	0.998182
291	212	0.998559
291	138	0.998373
291	212	0.997265
291	215	0.998079
291	64	0.999629
291	231	0.998721
291	267	0.997331
291	227	0.998999
291	136	0.998274
291	157	0.998602
291	41	0.997679
291	101	0.997857
291	202	0.99895
291	195	0.998135
291	44	0.998043
291	192	0.997546
291	289	0.997986
291	135	0.997312
291	219	0.998767
291	274	0.997467
291	157	0.996773
291	150	0.998023
291	67	0.998062
291	85	0.998463
291	145	0.997679
291	30	0.997732
291	282	0.999211
291	153	0.998284
291	118	0.998685
291	239	0.997371
291	40	0.997368
291	97	0.999536
291	269	0.998225
291	71	0.997308
291	235	0.99937
291	260	0.999085
291	96	0.99746
291	177	0.998003
291	269	0.997427
291	198	0.997464
291	63	0.999639
291	277	0.998387
291	118	0.997335
291	102	0.999556
291	107	0.998513
291	123	0.997655
291	278	0.998546
291	138	0.999357
291	251	0.998251
291	269	0.999347
291	176	0.999562
291	220	0.999851
291	26	0.999188
291	47	0.997328
291	242	0.997493
291	62	0.998983
291	155	0.99942
291	159	0.998082
291	117	0.999013
291	87	0.999596
291	33	0.998506
291	194	0.997282
291	287	0.996998
291	77	0.998986
291	55	0.999496
291	175	0.997464
291	127	0.999393
291	138	0.998009
291	154	0.999964
291	34	0.998321
291	142	0.997665
291	98	0.999261
291	282	0.997619
291	165	0.998307
291	252	0.998741
291	219	0.998185
291	54	0.998724
291	147	0.99944
291	158	0.998903
291	111	0.997011
291	252	0.996865
291	271	0.997738
291	162	0.999082
291	109	0.996829
291	61	0.998999
291	72	0.998877
291	213	0.997166
291	138	0.998373
291	31	0.998019
291	285	0.997361
291	135	0.999725
291	106	0.998509
291	243	0.999016
291	133	0.996727
291	253	0.99715
291	122	0.999377
291	141	0.998152
291	245	0.9975
291	102	0.998059
291	171	0.997014
291	81	0.997021
291	32	0.998688
291	282	0.997593
291	69	0.999413
291	160	0.998602
291	234	0.997632
291	285	0.999128
291	106	0.998003
291	262	0.997166
291	136	0.998476
291	38	0.998
291	79	0.99999
291	196	0.998503
291	166	0.999891
291	124	0.997275
291	198	0.996783
291	109	0.997923
291	156	0.997692
291	122	0.998532
291	64	0.999102
291	265	0.996991
291	25	0.999572
291	282	0.996816
291	112	0.997467
291	147	0.998373
291	193	0.996852
291	32	0.997589
291	289	0.996763
291	251	0.999384
291	28	0.997341
291	247	0.997136
291	241	0.997609
291	51	0.999244
291	39	0.998023
291	219	0.997983
291	165	0.99943
291	172	0.998731
291	240	0.996862
291	32	0.998761
291	120	0.999954
291	60	0.999543
291	168	0.998817
291	107	0.998837
291	200	0.997292
291	199	0.998287
291	181	0.999453
291	164	0.997431
291	264	0.998489
291	111	0.998188
291	87	0.998953
291	246	0.999254
291	35	0.998125
291	174	0.997305
291	107	0.997232
291	178	0.998642
291	98	0.999592
291	28	0.999294
291	262	0.999324
291	65	0.998635
291	68	0.997715
291	150	0.99996
291	264	0.997993
291	287	0.999698
291	193	0.99938
291	179	0.996971
291	41	0.998572
291	159	0.998877
291	162	0.998029
291	252	0.999085
291	191	0.99839
291	43	0.999387
291	241	0.998754
291	73	0.997741
291	80	0.999453
291	264	0.999519
291	99	0.996786
291	203	0.997576
291	35	0.997818
291	222	0.997034
291	102	0.997622
291	90	0.99706
291	195	0.997097
291	149	0.999516
291	218	0.999818
291	109	0.998152
291	44	0.998373
291	98	0.999128
291	193	0.997318
291	111	0.996941
291	115	0.996816
291	162	0.996822
291	39	0.998698
291	69	0.999937
291	249	0.998039
291	137	0.997421
291	107	0.998148
291	227	0.997262
291	252	0.999075
291	143	0.998549
291	249	0.999768
291	31	0.997285
291	39	0.998377
291	28	0.998304
291	120	0.998129
291	118	0.996955
291	94	0.999205
291	64	0.998969
291	211	0.999582
291	71	0.999327
291	72	0.997004
291	120	0.998079
291	65	0.99709
291	118	0.99833
291	120	0.999145
291	136	0.997646
291	247	0.997639
291	186	0.998006
291	274	0.997447
291	269	0.997722
291	255	0.996842
291	188	0.999973
291	219	0.998979
291	190	0.997593
291	279	0.999688
291	279	0.998241
291	181	0.999135
291	195	0.996779
291	230	0.997798
291	112	0.998618
291	192	0.998059
291	188	0.997097
291	184	0.998569
291	134	0.997943
291	179	0.999652
291	196	0.997341
291	27	0.998221
291	35	0.99794
291	192	0.999105
291	96	0.997368
291	267	0.997857
291	26	0.998983
291	99	0.997722
291	46	0.997708
291	243	0.997503
291	64	0.997517
291	123	0.998741
291	199	0.997632
291	130	0.997599
291	282	0.997907
291	221	0.999175
291	243	0.997305
291	119	0.999052
291	132	0.997655
291	60	0.998009
291	135	0.99747
291	75	0.997894
291	209	0.997665
291	49	0.99883
291	107	0.998446
291	242	0.999059
291	118	0.999831
291	287	0.998059
291	57	0.996789
291	283	0.998195
291	241	0.999914
291	214	0.999152
291	193	0.99991
291	129	0.996753
291	33	0.998026
291	262	0.996865
291	200	0.998718
291	189	0.999831
291	196	0.996855
291	107	0.997282
291	243	0.999927
291	252	0.997394
291	272	0.997321
291	165	0.997527
291	129	0.998522
291	201	0.996902
291	49	0.997417
291	182	0.996809
291	266	0.99894
291	100	0.996991
291	133	0.998152
291	247	0.996898
291	177	0.997702
291	35	0.998125
291	82	0.997444
291	213	0.999708
291	95	0.99844
291	249	0.997388
291	83	0.997394
291	285	0.997784
291	101	0.999218
291	89	0.999079
291	256	0.999615
291	154	0.996812
291	137	0.996988
291	67	0.998519
291	224	0.999278
291	249	0.999228
291	202	0.998552
291	247	0.999579
291	282	0.998857
291	288	0.999964
291	227	0.99674
291	120	0.998758
291	154	0.998923
291	279	0.999669
291	132	0.998423
291	134	0.998039
291	80	0.997659
291	171	0.998135
291	169	0.99894
291	130	0.996793
291	182	0.998983
291	138	0.999533
291	48	0.998043
291	287	0.998162
291	40	0.999735
291	65	0.998811
291	246	0.997384
291	96	0.99834
291	108	0.998241
291	111	0.99789
291	218	0.999152
291	271	0.99999
291	198	0.996717
291	160	0.99993
291	159	0.999437
291	77	0.99991
291	210	0.998936
291	189	0.997391
291	30	0.997305
291	86	0.998628
291	242	0.997712
291	266	0.997761
291	280	0.999278
291	243	0.997758
291	260	0.996912
291	260	0.999075
291	153	0.997378
291	212	0.999337
291	65	0.998516
291	179	0.999675
291	213	0.997612
291	173	0.997546
291	79	0.997027
291	263	0.998241
291	146	0.99788
291	83	0.99949
291	134	0.998976
291	141	0.999983
291	43	0.999884
291	85	0.996872
291	159	0.999662
291	75	0.997199
291	124	0.999218
291	266	0.996888
291	91	0.999115
291	96	0.997632
291	33	0.997024
291	101	0.996882
291	214	0.999625
291	37	0.999718
291	152	0.997136
291	254	0.997143
291	125	0.999761
291	197	0.998589
291	280	0.998268
291	240	0.997212
291	183	0.999427
291	216	0.998003
291	257	0.997636
291	78	0.997209
291	31	0.997457
291	65	0.997159
291	135	0.996836
291	278	0.997814
291	205	0.996812
291	155	0.999006
291	91	0.999089
291	255	0.999801
291	41	0.997305
291	198	0.999718
291	159	0.998857
291	86	0.999509
291	165	0.999632
291	97	0.997784
291	26	0.997933
291	93	0.998738
291	262	0.99994
291	144	0.998162
291	146	0.999785
291	286	0.997884
291	107	0.997606
291	141	0.999745
291	267	0.997914
291	35	0.999238
291	286	0.999957
291	237	0.997957
291	282	0.997996
291	263	0.99889
291	71	0.998536
291	210	0.998188
291	166	0.998248
291	38	0.999778
291	242	0.998188
291	141	0.997064
291	35	0.999917
291	279	0.998513
291	194	0.997328
291	244	0.99672
291	126	0.999158
291	84	0.999374
291	274	0.997659
291	97	0.997431
291	172	0.99675
291	96	0.997014
291	79	0.998612
291	211	0.998125
291	123	0.99745
291	204	0.997626
291	41	0.996978
291	219	0.996849
291	101	0.999231
291	215	0.997285
291	245	0.99895
291	191	0.997434
291	243	0.999685
291	178	0.997722
291	98	0.998801
291	48	0.99712
291	217	0.997543
291	283	0.997361
291	203	0.99936
291	280	0.99942
291	289	0.999138
291	215	0.998519
291	63	0.999357
291	207	0.99712
291	262	0.999016
291	170	0.997831
291	278	0.998685
291	192	0.998645
291	170	0.999533
291	223	0.997622
291	237	0.99882
291	138	0.998033
291	277	0.998208
291	174	0.999112
291	128	0.998897
291	178	0.99883
291	241	0.999059
291	122	0.99793
291	187	0.997262
291	148	0.998565
291	239	0.999722
291	154	0.999059
291	290	0.998708
291	202	0.997474
291	277	0.999997
291	162	0.996816
291	246	0.998304
