1500
178	172	0.996846
178	107	0.996738
178	73	0.999274
178	137	0.996565
178	125	0.999225
178	137	0.99892
178	37	0.998751
178	40	0.999368
178	145	0.996422
178	123	0.996479
178	30	0.998939
178	177	0.99637
178	48	0.998465
178	95	0.999259
178	104	0.997316
178	25	0.999763
178	45	0.997383
178	129	0.999131
178	138	0.998041
178	46	0.998003
178	41	0.996475
178	85	0.996726
178	86	0.997012
178	136	0.998593
178	123	0.997184
178	158	0.999451
178	48	0.997376
178	73	0.998044
178	96	0.996944
178	140	0.998837
178	74	0.998819
178	73	0.996415
178	32	0.997364
178	143	0.998458
178	146	0.998198
178	132	0.999793
178	63	0.99848
178	98	0.998706
178	170	0.998946
178	39	0.996565
178	42	0.999748
178	102	0.997552
178	24	0.99839
178	121	0.997353
178	156	0.997383
178	45	0.998416
178	158	0.999379
178	44	0.996794
178	34	0.99756
178	55	0.996846
178	167	0.998973
178	152	0.999763
178	49	0.999285
178	142	0.99658
178	176	0.998758
178	169	0.998619
178	45	0.998326
178	56	0.996314
178	141	0.996606
178	108	0.999394
178	65	0.999718
178	58	0.999473
178	153	0.99786
178	79	0.999657
178	48	0.998258
178	105	0.999247
178	28	0.996528
178	127	0.998913
178	81	0.999451
178	38	0.999733
178	163	0.999586
178	27	0.998977
178	109	0.998642
178	140	0.996287
178	157	0.999669
178	142	0.997218
178	151	0.99857
178	101	0.999522
178	19	0.999138
178	67	0.996524
178	99	0.999466
178	89	0.999104
178	100	0.999187
178	139	0.998134
178	38	0.997905
178	128	0.999778
178	70	0.999729
178	31	0.997932
178	109	0.999823
178	80	0.996914
178	112	0.998894
178	171	0.998221
178	136	0.999108
178	131	0.996636
178	142	0.996355
178	124	0.999503
178	28	0.998514
178	167	0.99673
178	112	0.996937
178	104	0.998785
178	109	0.997
178	74	0.996291
178	16	0.998589
178	66	0.996317
178	90	0.997935
178	146	0.99991
178	127	0.997117
178	15	0.999996
178	105	0.997042
178	32	0.998785
178	125	0.997447
178	12	0.999059
178	88	0.997515
178	93	0.998413
178	54	0.997211
178	15	0.998119
178	34	0.99637
178	105	0.99688
178	78	0.997552
178	69	0.998052
178	36	0.997894
178	77	0.998334
178	12	0.997522
178	106	0.999165
178	102	0.999097
178	24	0.999202
178	51	0.997383
178	82	0.996467
178	113	0.997706
178	174	0.998525
178	150	0.997406
178	127	0.9967
178	105	0.996524
178	15	0.998593
178	152	0.998153
178	72	0.997526
178	91	0.997139
178	139	0.999093
178	157	0.998695
178	111	0.998612
178	99	0.997323
178	161	0.999492
178	24	0.99643
178	131	0.998104
178	22	0.996854
178	69	0.998337
178	130	0.999289
178	129	0.999172
178	103	0.997045
178	142	0.99649
178	104	0.999669
178	90	0.99997
178	52	0.998101
178	113	0.998413
178	69	0.996471
178	126	0.997826
178	109	0.996858
178	175	0.997992
178	60	0.999767
178	163	0.996475
178	105	0.997038
178	30	0.997548
178	31	0.997165
178	177	0.998274
178	35	0.999883
178	129	0.998503
178	20	0.99971
178	143	0.998315
178	17	0.99625
178	69	0.999955
178	176	0.99965
178	143	0.998578
178	145	0.996824
178	68	0.997417
178	27	0.998319
178	67	0.998943
178	84	0.996974
178	108	0.999541
178	57	0.998717
178	120	0.996565
178	40	0.998574
178	83	0.99643
178	111	0.999387
178	61	0.998367
178	137	0.996576
178	37	0.998894
178	89	0.996929
178	108	0.997973
178	65	0.998522
178	166	0.998627
178	140	0.999014
178	82	0.998883
178	37	0.998555
178	22	0.997267
178	148	0.998161
178	85	0.997049
178	89	0.998364
178	76	0.998364
178	43	0.999078
178	163	0.99756
178	121	0.99839
178	123	0.999251
178	22	0.99994
178	82	0.9983
178	128	0.997845
178	14	0.99854
178	60	0.998578
178	30	0.999135
178	53	0.999868
178	112	0.997571
178	44	0.999767
178	141	0.997267
178	110	0.999025
178	174	0.996693
178	66	0.998875
178	110	0.996479
178	23	0.999639
178	88	0.996317
178	166	0.999567
178	12	0.997804
178	112	0.999292
178	67	0.998507
178	126	0.999025
178	28	0.998841
178	49	0.997083
178	160	0.999834
178	91	0.998649
178	141	0.997917
178	108	0.999812
178	159	0.99703
178	59	0.997721
178	127	0.998161
178	163	0.996708
178	85	0.996831
178	152	0.996374
178	76	0.997222
178	80	0.998315
178	155	0.997492
178	170	0.999262
178	73	0.998623
178	164	0.999962
178	124	0.99661
178	96	0.999353
178	73	0.997721
178	86	0.997804
178	110	0.998458
178	22	0.998127
178	39	0.999669
178	118	0.998322
178	57	0.997229
178	23	0.998371
178	23	0.998634
178	93	0.997259
178	102	0.997263
178	118	0.998322
178	59	0.998499
178	144	0.998555
178	113	0.99691
178	170	0.997988
178	147	0.996944
178	164	0.999714
178	146	0.997838
178	117	0.997364
178	80	0.998931
178	19	0.999887
178	26	0.997319
178	80	0.997406
178	163	0.997042
178	31	0.996801
178	30	0.998469
178	112	0.998435
178	99	0.998815
178	119	0.997436
178	160	0.998097
178	124	0.998315
178	50	0.998627
178	79	0.996959
178	34	0.998867
178	45	0.998992
178	66	0.999108
178	110	0.99895
178	58	0.998059
178	83	0.9993
178	45	0.99703
178	64	0.99959
178	83	0.999037
178	127	0.997376
178	109	0.99871
178	20	0.996317
178	176	0.99709
178	45	0.99971
178	167	0.998037
178	23	0.997699
178	126	0.998627
178	85	0.996404
178	35	0.999409
178	35	0.996854
178	100	0.998608
178	31	0.999176
178	46	0.999654
178	24	0.998695
178	89	0.997274
178	22	0.997992
178	174	0.996651
178	22	0.997984
178	138	0.996483
178	51	0.998296
178	106	0.998086
178	93	0.997214
178	39	0.997669
178	101	0.999315
178	28	0.998721
178	21	0.999379
178	131	0.999345
178	151	0.99915
178	130	0.99783
178	88	0.997477
178	84	0.997898
178	117	0.997717
178	121	0.999014
178	27	0.998653
178	127	0.998469
178	77	0.996546
178	61	0.998634
178	154	0.998683
178	105	0.99703
178	92	0.997575
178	148	0.997706
178	26	0.997064
178	167	0.999597
178	59	0.997165
178	58	0.998634
178	171	0.996997
178	94	0.997586
178	98	0.998443
178	54	0.998067
178	76	0.997744
178	174	0.997973
178	30	0.996554
178	43	0.999277
178	134	0.996509
178	167	0.998649
178	130	0.997518
178	21	0.997417
178	175	0.997094
178	40	0.998048
178	120	0.996644
178	59	0.998134
178	33	0.998289
178	95	0.99889
178	166	0.99898
178	39	0.998371
178	66	0.998379
178	120	0.997729
178	94	0.998883
178	104	0.998676
178	29	0.999274
178	134	0.999812
178	79	0.998119
178	145	0.996351
178	116	0.998837
178	13	0.999206
178	110	0.999676
178	32	0.998638
178	73	0.998999
178	15	0.999247
178	158	0.997913
178	136	0.997192
178	79	0.998409
178	134	0.997477
178	59	0.997793
178	152	0.997466
178	13	0.998529
178	120	0.996685
178	71	0.998112
178	77	0.998206
178	171	0.999955
178	156	0.99918
178	59	0.998037
178	99	0.999944
178	156	0.997304
178	34	0.999706
178	149	0.997327
178	170	0.996498
178	25	0.999526
178	11	0.997875
178	174	0.996982
178	164	0.99765
178	168	0.996603
178	11	0.996558
178	162	0.996539
178	100	0.998345
178	15	0.996685
178	120	0.999473
178	48	0.99709
178	80	0.99652
178	124	0.99939
178	142	0.999428
178	94	0.99962
178	87	0.998206
178	22	0.997947
178	97	0.998375
178	172	0.99898
178	11	0.998706
178	76	0.996434
178	99	0.999338
178	93	0.996989
178	12	0.997417
178	33	0.99921
178	174	0.998837
178	50	0.999375
178	71	0.997563
178	130	0.997274
178	16	0.99676
178	136	0.99815
178	170	0.999996
178	131	0.9993
178	157	0.996704
178	159	0.999804
178	102	0.99768
178	105	0.996843
178	16	0.999123
178	94	0.997631
178	123	0.996824
178	168	0.998198
178	87	0.996655
178	94	0.996768
178	52	0.99921
178	80	0.996726
178	110	0.998867
178	50	0.998492
178	47	0.997402
178	84	0.999214
178	122	0.997763
178	143	0.997184
178	18	0.997406
178	36	0.997436
178	170	0.999737
178	66	0.998142
178	69	0.998706
178	121	0.996914
178	16	0.997575
178	68	0.997252
178	61	0.997188
178	159	0.999477
178	142	0.996768
178	36	0.996329
178	41	0.999067
178	64	0.998698
178	51	0.998785
178	117	0.99694
178	44	0.998243
178	110	0.998792
178	144	0.997612
178	81	0.999394
178	127	0.999044
178	144	0.999304
178	53	0.997676
178	162	0.997943
178	52	0.999582
178	146	0.999541
178	45	0.999018
178	106	0.999947
178	146	0.998507
178	81	0.999477
178	24	0.996584
178	139	0.999571
178	25	0.99655
178	77	0.997372
178	157	0.99942
178	118	0.996467
178	62	0.999981
178	73	0.999654
178	79	0.997128
178	75	0.996813
178	40	0.999691
178	11	0.996505
178	146	0.998819
178	87	0.99637
178	39	0.997594
178	55	0.996768
178	85	0.996711
178	36	0.997687
178	146	0.996411
178	144	0.997898
178	35	0.998871
178	119	0.997267
178	91	0.99991
178	85	0.998232
178	92	0.99836
178	170	0.998537
178	102	0.997973
178	134	0.998537
178	90	0.997781
178	136	0.997139
178	87	0.998548
178	160	0.999432
178	128	0.999729
178	168	0.997826
178	131	0.99759
178	37	0.999578
178	119	0.997357
178	136	0.997947
178	88	0.99789
178	115	0.999413
178	120	0.99877
178	173	0.998251
178	40	0.998657
178	137	0.996974
178	60	0.997601
178	152	0.996389
178	176	0.99697
178	28	0.999676
178	107	0.999691
178	127	0.998127
178	70	0.997627
178	90	0.99942
178	163	0.99939
178	98	0.999281
178	74	0.998341
178	146	0.999921
178	72	0.997808
178	140	0.997616
178	161	0.997105
178	157	0.997214
178	109	0.996865
178	88	0.998653
178	103	0.99786
178	149	0.99994
178	12	0.99655
178	37	0.998127
178	31	0.999774
178	96	0.996486
178	91	0.998834
178	25	0.999545
178	113	0.99682
178	34	0.999402
178	40	0.998849
178	86	0.999725
178	107	0.99774
178	156	0.999097
178	158	0.999676
178	111	0.996933
178	132	0.997984
178	140	0.997124
178	168	0.997939
178	18	0.997064
178	55	0.999552
178	37	0.997838
178	51	0.997481
178	60	0.998567
178	69	0.999135
178	167	0.998405
178	173	0.996411
178	74	0.99886
178	153	0.996588
178	59	0.99747
178	63	0.998555
178	43	0.997774
178	168	0.997154
178	89	0.996385
178	22	0.998326
178	129	0.998044
178	127	0.999627
178	24	0.998146
178	111	0.997635
178	94	0.998243
178	115	0.997357
178	107	0.997995
178	28	0.997218
178	84	0.997684
178	175	0.999052
178	155	0.99637
178	38	0.999883
178	76	0.998251
178	170	0.996666
178	56	0.997402
178	147	0.999849
178	70	0.996828
178	142	0.999131
178	43	0.996531
178	154	0.999959
178	111	0.997331
178	102	0.996441
178	95	0.998394
178	20	0.996734
178	38	0.99646
178	164	0.999413
178	53	0.997286
178	106	0.997714
178	12	0.998713
178	32	0.998071
178	16	0.999462
178	103	0.998322
178	23	0.996509
178	162	0.998826
178	17	0.998958
178	174	0.99652
178	46	0.996899
178	114	0.999108
178	101	0.999481
178	19	0.998837
178	76	0.998232
178	160	0.999379
178	12	0.999018
178	134	0.997815
178	27	0.997639
178	102	0.998698
178	21	0.997196
178	45	0.998319
178	127	0.997286
178	157	0.998461
178	159	0.999744
178	80	0.999752
178	11	0.998416
178	139	0.999356
178	139	0.997973
178	161	0.997928
178	41	0.997252
178	16	0.996633
178	174	0.996899
178	74	0.998946
178	39	0.999936
178	164	0.997612
178	93	0.99771
178	27	0.996719
178	156	0.996708
178	106	0.999018
178	42	0.998007
178	111	0.999229
178	58	0.996531
178	12	0.996925
178	72	0.99777
178	112	0.998702
178	43	0.998375
178	85	0.99965
178	110	0.996708
178	84	0.99768
178	34	0.999816
178	106	0.999827
178	38	0.997744
178	89	0.998443
178	61	0.998168
178	129	0.996726
178	159	0.999752
178	144	0.99991
178	46	0.996513
178	80	0.997744
178	53	0.998157
178	89	0.997319
178	93	0.997094
178	34	0.996325
178	161	0.996242
178	74	0.996344
178	62	0.996955
178	38	0.998518
178	118	0.997466
178	148	0.999119
178	86	0.996366
178	128	0.99801
178	104	0.999206
178	92	0.997323
178	141	0.998262
178	164	0.997207
178	51	0.999552
178	144	0.998672
178	81	0.99962
178	177	0.999071
178	49	0.999526
178	138	0.997244
178	109	0.997962
178	38	0.999341
178	78	0.998086
178	58	0.998202
178	36	0.998078
178	167	0.999146
178	158	0.998277
178	57	0.997338
178	109	0.998634
178	116	0.99792
178	173	0.999609
178	21	0.996426
178	48	0.999853
178	76	0.999311
178	87	0.999097
178	166	0.996528
178	96	0.996299
178	154	0.996269
178	55	0.999514
178	25	0.998706
178	167	0.998796
178	109	0.996306
178	65	0.99915
178	144	0.997045
178	35	0.998213
178	16	0.99824
178	110	0.997417
178	121	0.996967
178	148	0.999537
178	25	0.99712
178	30	0.997699
178	91	0.999176
178	96	0.997173
178	124	0.996257
178	39	0.997796
178	38	0.99658
178	32	0.99777
178	75	0.997289
178	23	0.999165
178	41	0.999123
178	59	0.997962
178	106	0.999669
178	103	0.996865
178	165	0.996584
178	105	0.996876
178	135	0.998033
178	78	0.997196
178	96	0.997717
178	104	0.996891
178	122	0.998176
178	60	0.999153
178	104	0.9998
178	77	0.999375
178	151	0.998585
178	35	0.998522
178	117	0.996396
178	76	0.997376
178	48	0.999466
178	107	0.996674
178	160	0.999187
178	77	0.999251
178	131	0.998623
178	170	0.996944
178	50	0.997751
178	113	0.999206
178	113	0.998413
178	110	0.997364
178	47	0.999244
178	150	0.998307
178	138	0.99706
178	170	0.997485
178	136	0.996355
178	33	0.997087
178	50	0.997714
178	26	0.999078
178	86	0.996584
178	84	0.998277
178	51	0.998582
178	45	0.996284
178	177	0.997545
178	81	0.997624
178	54	0.999729
178	120	0.998217
178	85	0.998383
178	46	0.998612
178	58	0.996501
178	135	0.998289
178	108	0.999563
178	12	0.996411
178	32	0.999627
178	11	0.999913
178	67	0.998356
178	28	0.997436
178	124	0.999827
178	152	0.997556
178	27	0.997898
178	63	0.998037
178	127	0.998488
178	117	0.99643
178	91	0.998653
178	105	0.997969
178	69	0.999906
178	93	0.998007
178	175	0.998931
178	125	0.996272
178	105	0.998973
178	65	0.999567
178	97	0.997132
178	167	0.99821
178	70	0.996906
178	70	0.999846
178	134	0.997706
178	13	0.999676
178	43	0.997211
178	125	0.998811
178	56	0.996963
178	77	0.997015
178	76	0.997
178	62	0.99977
178	48	0.996989
178	68	0.99962
178	42	0.997383
178	78	0.999488
178	87	0.999353
178	165	0.998258
178	152	0.999074
178	63	0.997192
178	136	0.996914
178	167	0.99676
178	43	0.997406
178	116	0.997364
178	167	0.998631
178	78	0.999827
178	64	0.99628
178	139	0.998375
178	141	0.997274
178	131	0.996944
178	58	0.997233
178	95	0.999048
178	39	0.998683
178	113	0.9978
178	102	0.99661
178	61	0.998371
178	157	0.996824
178	30	0.996869
178	156	0.999533
178	107	0.997323
178	22	0.998176
178	31	0.999112
178	36	0.998777
178	106	0.999353
178	137	0.996347
178	89	0.996726
178	162	0.997665
178	88	0.998631
178	62	0.998157
178	175	0.998548
178	116	0.999334
178	146	0.999172
178	96	0.999631
178	103	0.99771
178	157	0.999311
178	74	0.998018
178	18	0.99625
178	63	0.996516
178	45	0.999842
178	21	0.998033
178	149	0.99827
178	36	0.996914
178	58	0.998465
178	63	0.996681
178	141	0.996903
178	145	0.997729
178	127	0.997571
178	164	0.996944
178	55	0.997387
178	33	0.998698
178	104	0.999657
178	15	0.996261
178	166	0.996374
178	111	0.996452
178	69	0.996344
178	150	0.996374
178	116	0.996276
178	149	0.998394
178	130	0.997034
178	60	0.999398
178	21	0.998706
178	51	0.997451
178	132	0.998198
178	88	0.996719
178	67	0.999326
178	63	0.998627
178	77	0.998345
178	132	0.998251
178	132	0.998394
178	142	0.99939
178	25	0.997406
178	143	0.997233
178	11	0.999868
178	162	0.998567
178	152	0.997139
178	19	0.996543
178	114	0.99688
178	13	0.996569
178	78	0.997522
178	176	0.997075
178	121	0.999116
178	45	0.99971
178	132	0.997308
178	175	0.996295
178	143	0.997541
178	76	0.999808
178	146	0.996644
178	167	0.998668
178	104	0.99637
178	32	0.997301
178	177	0.996437
178	169	0.997098
178	117	0.999229
178	40	0.999044
178	45	0.999439
178	90	0.997203
178	114	0.996242
178	131	0.997518
178	88	0.996467
178	63	0.996332
178	90	0.99661
178	76	0.996531
178	53	0.999695
178	40	0.996944
178	44	0.997169
178	90	0.998837
178	32	0.99821
178	131	0.999868
178	30	0.998623
178	24	0.999902
178	84	0.998352
178	28	0.997496
178	130	0.998266
178	15	0.997379
178	40	0.99842
178	43	0.997962
178	168	0.996569
178	173	0.997304
178	125	0.998071
178	176	0.99827
178	108	0.997312
178	150	0.996317
178	42	0.997845
178	153	0.99688
178	17	0.996441
178	171	0.996524
178	88	0.997496
178	81	0.99877
178	73	0.999326
178	166	0.998916
178	132	0.997748
178	25	0.99628
178	131	0.996794
178	88	0.997841
178	151	0.997342
178	26	0.997323
178	79	0.997744
178	52	0.998495
178	60	0.9998
178	77	0.99759
178	158	0.999507
178	34	0.997834
178	84	0.999409
178	66	0.997515
178	115	0.99994
178	120	0.999545
178	46	0.998815
178	121	0.99655
178	42	0.99895
178	72	0.998228
178	85	0.996501
178	81	0.99833
178	102	0.996794
178	117	0.997203
178	19	0.998326
178	106	0.996663
178	136	0.9978
178	11	0.997162
178	161	0.998198
178	96	0.997079
178	69	0.998905
178	60	0.999537
178	165	0.997203
178	31	0.998089
178	133	0.996347
178	62	0.996944
178	146	0.997316
178	126	0.999044
178	57	0.997338
178	92	0.999514
178	11	0.998593
178	130	0.999435
178	155	0.997721
178	116	0.999334
178	82	0.996929
178	23	0.997057
178	139	0.999684
178	70	0.996269
178	77	0.997278
178	141	0.999793
178	19	0.997323
178	98	0.998281
178	152	0.996726
178	45	0.996685
178	31	0.997049
178	41	0.998138
178	32	0.996648
178	62	0.999251
178	39	0.999627
178	153	0.998883
178	53	0.996663
178	94	0.997609
178	62	0.999131
178	84	0.999514
178	147	0.999834
178	103	0.996621
178	130	0.99953
178	35	0.99921
178	77	0.999898
178	90	0.997188
178	130	0.998428
178	172	0.999372
178	52	0.996543
178	92	0.997432
178	33	0.998044
178	116	0.999902
178	111	0.996265
178	68	0.996929
178	95	0.997676
178	96	0.998962
178	119	0.99851
178	116	0.99741
178	65	0.996366
178	102	0.99768
178	123	0.99756
178	26	0.996276
178	101	0.999989
178	130	0.999944
178	139	0.998097
178	65	0.996876
178	53	0.996974
178	145	0.999898
178	41	0.998469
178	85	0.997868
178	19	0.996933
178	117	0.997909
178	88	0.996377
178	170	0.997447
178	92	0.996948
178	119	0.997301
178	72	0.996959
178	112	0.996254
178	116	0.997199
178	147	0.997398
178	158	0.998221
178	29	0.997556
178	83	0.998574
178	121	0.999567
178	26	0.999206
178	49	0.997398
178	157	0.998781
178	131	0.998962
178	147	0.998988
178	37	0.998845
178	54	0.996422
178	116	0.998041
178	108	0.999341
178	52	0.998183
178	42	0.997259
178	49	0.997282
178	48	0.999774
178	69	0.996925
178	46	0.998086
178	80	0.997075
178	39	0.997466
178	33	0.996805
178	91	0.997233
178	30	0.998992
178	168	0.998465
178	153	0.998469
178	50	0.998608
178	134	0.997601
178	59	0.998514
178	166	0.999274
178	65	0.997402
178	159	0.998213
178	26	0.998108
178	22	0.997263
178	14	0.999992
178	112	0.99673
178	14	0.997992
178	159	0.998928
178	117	0.99968
178	146	0.997113
178	24	0.998187
178	164	0.997695
178	95	0.99848
178	142	0.998755
178	117	0.99953
178	150	0.997304
178	33	0.996456
178	106	0.999545
178	85	0.997796
178	102	0.999819
178	50	0.999977
178	122	0.997725
178	172	0.997661
178	96	0.997586
178	60	0.999616
178	154	0.999601
178	78	0.996955
178	30	0.998262
178	95	0.997511
178	11	0.996419
178	40	0.997898
178	65	0.998698
178	138	0.998375
178	88	0.998495
178	135	0.996539
178	34	0.999552
178	115	0.999876
178	148	0.997507
178	27	0.998755
178	79	0.996997
178	11	0.997162
178	113	0.997883
178	157	0.997605
178	50	0.997402
178	42	0.999225
178	134	0.997804
178	73	0.997909
178	163	0.998928
178	104	0.996764
178	29	0.997763
178	53	0.99971
178	45	0.998905
178	74	0.99643
178	116	0.999206
178	140	0.996824
178	140	0.997687
178	134	0.997665
178	76	0.997954
178	143	0.9978
178	12	0.996355
178	67	0.996445
178	33	0.998116
178	112	0.998879
178	26	0.999375
178	41	0.999466
178	53	0.999372
178	160	0.996464
178	167	0.999763
178	147	0.99974
178	73	0.997098
178	22	0.99634
178	102	0.999985
178	96	0.997665
178	43	0.996513
178	55	0.99827
178	152	0.998488
178	116	0.99942
178	115	0.997537
178	86	0.999819
178	26	0.998766
178	50	0.996389
178	98	0.997898
178	89	0.998322
178	25	0.997537
178	94	0.996287
178	53	0.996291
178	149	0.999925
178	140	0.998894
178	142	0.99786
178	177	0.996719
178	79	0.997845
178	144	0.996407
178	47	0.996396
178	171	0.998503
178	95	0.998879
178	111	0.997612
178	95	0.997624
178	112	0.99959
178	97	0.998777
178	134	0.998913
178	31	0.999353
178	61	0.997646
178	116	0.998146
178	133	0.99673
178	75	0.999229
178	29	0.9975
178	112	0.996801
178	113	0.997977
178	75	0.998631
178	131	0.996861
178	156	0.999748
178	165	0.996509
178	177	0.996591
178	37	0.99815
178	35	0.998074
178	116	0.996922
178	123	0.998834
178	119	0.99988
178	74	0.998454
178	60	0.996336
178	92	0.998525
178	137	0.998691
178	68	0.999469
178	162	0.999187
178	156	0.996873
178	114	0.999816
178	17	0.99854
178	144	0.996753
178	168	0.998138
178	97	0.997999
178	127	0.999624
178	151	0.997702
178	75	0.997853
178	118	0.99679
178	104	0.997079
178	108	0.99685
178	101	0.996854
178	161	0.999616
178	38	0.99842
178	169	0.996385
178	73	0.999767
178	20	0.996884
178	29	0.998311
178	87	0.998213
178	74	0.998883
178	131	0.997526
178	88	0.998281
178	103	0.9998
178	116	0.998552
178	172	0.997451
178	95	0.996734
178	42	0.99664
178	71	0.997774
178	26	0.997241
178	140	0.999097
178	13	0.999932
178	101	0.999402
178	15	0.998687
178	176	0.998281
178	50	0.998913
178	86	0.999616
178	13	0.997395
178	59	0.999511
178	104	0.9998
178	158	0.998721
178	27	0.997826
178	116	0.99921
178	142	0.998112
178	71	0.999744
178	57	0.998785
178	17	0.998834
178	18	0.997533
178	81	0.996501
178	72	0.997796
178	46	0.999752
178	109	0.998435
178	80	0.998886
178	139	0.998018
178	150	0.997402
178	128	0.998071
178	165	0.997969
178	85	0.998315
178	157	0.999315
178	128	0.998161
178	74	0.99968
178	45	0.998409
178	125	0.998296
178	158	0.996681
178	53	0.997973
178	107	0.998946
178	154	0.998225
178	126	0.997684
178	21	0.99646
178	153	0.997612
178	113	0.998104
178	130	0.999428
178	46	0.99904
178	28	0.999229
178	37	0.99904
178	41	0.997526
178	56	0.996891
178	128	0.997214
178	35	0.999379
178	130	0.999959
178	92	0.997962
178	173	0.996625
178	155	0.999229
178	111	0.996546
178	150	0.997368
178	117	0.996344
178	39	0.998789
178	97	0.99839
178	47	0.998364
178	138	0.99848
178	146	0.999511
178	129	0.999274
178	99	0.999955
178	40	0.999451
178	40	0.997935
178	67	0.997804
178	159	0.999507
178	176	0.997702
178	158	0.997894
178	104	0.999161
178	170	0.998258
178	27	0.998424
178	97	0.999932
178	16	0.999556
178	79	0.99915
178	33	0.996674
178	132	0.999752
178	138	0.998627
178	139	0.997714
178	52	0.997808
178	148	0.998405
178	118	0.997282
178	118	0.999545
178	66	0.999387
178	127	0.998931
178	79	0.996314
178	126	0.997616
178	84	0.997702
178	24	0.996306
178	106	0.998867
178	161	0.997218
178	86	0.999936
178	97	0.997676
178	83	0.997229
178	151	0.999477
178	55	0.997462
178	54	0.996284
178	37	0.996366
178	104	0.996531
178	159	0.998555
178	118	0.999018
178	37	0.999846
178	162	0.998454
178	28	0.997808
178	134	0.997969
178	51	0.999037
178	88	0.997012
178	81	0.997706
178	105	0.996483
178	112	0.997732
178	109	0.998003
178	117	0.99965
178	64	0.997729
178	59	0.998646
178	149	0.999733
178	62	0.99968
178	151	0.996794
178	43	0.997661
178	176	0.996723
178	49	0.998879
178	65	0.998743
178	99	0.99971
178	94	0.998529
178	20	0.996993
178	11	0.998379
178	108	0.997286
178	72	0.998928
178	155	0.999093
178	34	0.996483
178	138	0.997293
178	107	0.996452
178	143	0.9978
178	157	0.999112
178	63	0.999883
178	128	0.99801
178	89	0.99795
178	13	0.997522
178	107	0.999928
178	24	0.999432
178	100	0.999037
178	112	0.997466
178	101	0.997725
178	92	0.998785
178	61	0.999537
178	103	0.998101
178	86	0.99795
178	113	0.999944
178	64	0.998518
178	140	0.99974
178	55	0.99956
178	158	0.99854
178	93	0.998965
178	91	0.997763
178	142	0.999601
178	151	0.999635
178	91	0.999052
178	14	0.999112
178	22	0.996569
178	158	0.99997
178	58	0.998563
178	62	0.996513
178	56	0.999725
178	37	0.998093
178	84	0.999782
178	133	0.996798
178	119	0.997947
178	119	0.997117
178	113	0.997751
178	114	0.998488
178	60	0.999804
178	134	0.997579
178	62	0.99667
178	87	0.999326
178	33	0.99768
178	144	0.997421
178	119	0.996576
178	86	0.999202
178	81	0.997241
178	57	0.99824
178	83	0.996332
178	37	0.998563
178	158	0.999492
178	88	0.998886
178	135	0.996543
178	28	0.999398
178	14	0.996719
178	64	0.997117
178	119	0.997027
178	87	0.996404
178	62	0.996588
178	112	0.998138
178	55	0.996666
178	144	0.997826
178	156	0.99637
178	122	0.996899
178	15	0.999627
178	40	0.999112
178	129	0.998304
178	176	0.999131
178	154	0.999029
178	165	0.996272
178	110	0.99688
178	100	0.999187
178	48	0.997252
178	81	0.999364
178	21	0.99658
178	81	0.998183
178	176	0.999146
178	136	0.998461
178	75	0.999135
178	114	0.999116
178	40	0.998352
178	132	0.999563
178	136	0.996467
178	50	0.998668
178	90	0.999341
178	172	0.998514
178	137	0.999714
178	124	0.999454
178	48	0.997473
178	126	0.997958
178	59	0.997977
178	68	0.996918
178	136	0.99777
178	41	0.999285
178	124	0.999477
178	155	0.997353
178	161	0.999044
178	149	0.997387
178	122	0.996595
178	58	0.999311
178	58	0.998349
178	92	0.998552
178	79	0.997162
178	101	0.998999
178	158	0.996678
178	89	0.999605
178	65	0.999022
178	120	0.999462
178	117	0.999477
178	56	0.997947
178	82	0.998093
178	168	0.998142
178	120	0.997263
178	97	0.99625
178	128	0.997233
178	173	0.999131
178	128	0.998108
178	175	0.99842
178	165	0.998067
178	50	0.99901
178	162	0.996257
178	16	0.998048
178	42	0.99901
178	125	0.999526
178	120	0.999864
178	12	0.997823
178	117	0.996483
178	166	0.996558
178	49	0.997364
178	62	0.998695
178	177	0.997214
178	158	0.996663
178	102	0.996595
178	93	0.998225
178	72	0.999932
178	13	0.999996
178	143	0.998461
178	47	0.998988
178	157	0.997147
178	126	0.997135
178	96	0.997162
178	99	0.997447
178	46	0.998003
178	75	0.997282
178	117	0.996565
178	63	0.999161
178	112	0.997338
178	29	0.99936
178	54	0.998435
178	45	0.996276
178	138	0.998988
178	150	0.997684
178	74	0.997804
178	50	0.998112
