2500
129	46	0.999685
129	87	0.99912
129	108	0.998663
129	20	0.99871
129	86	0.999075
129	48	0.998217
129	119	0.998772
129	98	0.99919
129	88	0.99895
129	59	0.998238
129	76	0.998472
129	128	0.99919
129	74	0.998914
129	90	0.998862
129	21	0.999769
129	96	0.998451
129	96	0.999464
129	21	0.999023
129	89	0.998543
129	24	0.998285
129	104	0.998455
129	73	0.99937
129	66	0.999569
129	73	0.999672
129	107	0.999075
129	20	0.999977
129	125	0.999083
129	94	0.998832
129	114	0.998995
129	85	0.998676
129	42	0.999647
129	65	0.998648
129	100	0.999871
129	27	0.998686
129	86	0.999542
129	111	0.998864
129	67	0.998425
129	48	0.998168
129	42	0.999992
129	41	0.99969
129	93	0.999068
129	93	0.998148
129	64	0.999205
129	65	0.99919
129	69	0.998762
129	27	0.998322
129	99	0.998412
129	125	0.998624
129	50	0.999901
129	86	0.999261
129	69	0.999409
129	104	0.999651
129	122	0.998809
129	78	0.998253
129	95	0.999844
129	48	0.999533
129	28	0.998547
129	113	0.998358
129	48	0.999807
129	14	0.999034
129	33	0.999494
129	85	0.999677
129	15	0.999642
129	127	0.998523
129	64	0.999904
129	17	0.998543
129	22	0.999991
129	30	0.999045
129	86	0.998182
129	94	0.998972
129	78	0.99877
129	13	0.99909
129	110	0.998746
129	21	0.999304
129	111	0.999539
129	71	0.998732
129	35	0.998408
129	14	0.9997
129	26	0.998937
129	92	0.998749
129	112	0.999283
129	115	0.9996
129	69	0.999287
129	19	0.999679
129	22	0.999795
129	66	0.999668
129	123	0.998607
129	64	0.999293
129	47	0.999938
129	100	0.998434
129	46	0.998852
129	100	0.99859
129	128	0.999912
129	76	0.99964
129	14	0.998346
129	97	0.999265
129	112	0.998785
129	65	0.99817
129	48	0.999767
129	75	0.999681
129	117	0.999473
129	113	0.998155
129	81	0.999405
129	107	0.99915
129	73	0.999546
129	75	0.9991
129	127	0.999846
129	12	0.999477
129	108	0.999887
129	31	0.999085
129	90	0.999287
129	121	0.99829
129	35	0.9994
129	49	0.999595
129	31	0.99922
129	80	0.999066
129	27	0.998599
129	59	0.99915
129	20	0.999321
129	118	0.999188
129	80	0.999677
129	103	0.998944
129	103	0.998277
129	100	0.998961
129	31	0.99933
129	49	0.998455
129	89	0.999178
129	34	0.99888
129	17	0.999407
129	92	0.999479
129	107	0.998832
129	16	0.999083
129	82	0.999572
129	66	0.999098
129	55	0.998547
129	95	0.999679
129	18	0.998418
129	102	0.998324
129	120	0.998882
129	79	0.999675
129	98	0.998375
129	79	0.998665
129	25	0.999409
129	26	0.998663
129	111	0.998157
129	97	0.998549
129	62	0.999726
129	50	0.998768
129	78	0.999567
129	63	0.999025
129	51	0.998183
129	124	0.998185
129	60	0.999297
129	77	0.999621
129	12	0.999901
129	52	0.999402
129	40	0.998843
129	96	0.999042
129	88	0.998485
129	119	0.998716
129	39	0.998356
129	90	0.999102
129	14	0.999565
129	27	0.999544
129	110	0.999827
129	115	0.999148
129	35	0.999844
129	112	0.998375
129	122	0.998283
129	57	0.998142
129	22	0.999578
129	65	0.999955
129	92	0.998611
129	59	0.999342
129	69	0.998251
129	19	0.999193
129	21	0.998999
129	22	0.998464
129	59	0.999029
129	71	0.999801
129	120	0.998526
129	59	0.999184
129	52	0.999514
129	55	0.99928
129	91	0.998352
129	42	0.999287
129	108	0.999683
129	75	0.99894
129	21	0.999593
129	34	0.999899
129	63	0.999964
129	35	0.998644
129	50	0.999807
129	94	0.998717
129	77	0.999985
129	51	0.998622
129	25	0.999674
129	96	0.998579
129	99	0.999597
129	75	0.99943
129	119	0.999079
129	63	0.99912
129	36	0.998489
129	44	0.998693
129	46	0.998605
129	28	0.999094
129	54	0.998176
129	74	0.998257
129	85	0.999383
129	87	0.999124
129	43	0.99877
129	77	0.999173
129	42	0.999085
129	18	0.999143
129	86	0.999604
129	106	0.999124
129	55	0.999961
129	100	0.999197
129	20	0.998294
129	95	0.998702
129	110	0.998787
129	95	0.998197
129	67	0.999265
129	83	0.999021
129	106	0.99859
129	29	0.999827
129	43	0.998491
129	62	0.99879
129	116	0.998669
129	99	0.998871
129	33	0.999991
129	53	0.998206
129	98	0.999653
129	84	0.998468
129	127	0.999113
129	121	0.999576
129	126	0.999689
129	107	0.999477
129	75	0.998146
129	51	0.999332
129	49	0.998972
129	91	0.998434
129	107	0.999587
129	126	0.998693
129	88	0.999962
129	81	0.998969
129	19	0.999675
129	64	0.998521
129	118	0.999477
129	43	0.99946
129	105	0.999992
129	62	0.998607
129	90	0.999379
129	21	0.999188
129	46	0.998198
129	20	0.999784
129	93	0.999081
129	117	0.99952
129	64	0.999038
129	68	0.998916
129	36	0.998982
129	111	0.999827
129	60	0.998464
129	126	0.998663
129	71	0.99907
129	34	0.998545
129	122	0.999998
129	75	0.998253
129	113	0.999773
129	59	0.998448
129	77	0.998449
129	29	0.998397
129	97	0.999784
129	56	0.999203
129	75	0.999869
129	18	0.99835
129	28	0.99933
129	60	0.998787
129	118	0.999156
129	12	0.999722
129	119	0.998879
129	120	0.999929
129	115	0.999916
129	13	0.999171
129	126	0.999602
129	40	0.999762
129	108	0.999216
129	53	0.998961
129	85	0.998639
129	95	0.999019
129	73	0.99904
129	80	0.99931
129	55	0.999152
129	30	0.99832
129	30	0.999677
129	14	0.998326
129	112	0.999381
129	85	0.998384
129	57	0.99976
129	100	0.998781
129	113	0.998997
129	48	0.998564
129	26	0.999552
129	51	0.999184
129	28	0.999704
129	121	0.999593
129	101	0.99991
129	119	0.999966
129	69	0.998877
129	109	0.999432
129	104	0.999268
129	115	0.99847
129	57	0.998292
129	63	0.99927
129	14	0.998376
129	108	0.999494
129	40	0.998331
129	107	0.998957
129	112	0.998976
129	87	0.998191
129	76	0.999469
129	50	0.998382
129	127	0.999854
129	94	0.999501
129	44	0.999034
129	104	0.999567
129	25	0.998378
129	66	0.998781
129	61	0.999689
129	115	0.998543
129	13	0.999237
129	91	0.999143
129	94	0.99958
129	78	0.999193
129	51	0.998687
129	19	0.99945
129	120	0.998835
129	118	0.998642
129	89	0.999134
129	33	0.999612
129	126	0.998391
129	59	0.99814
129	31	0.9997
129	51	0.99907
129	88	0.998678
129	83	0.999878
129	55	0.999599
129	105	0.998635
129	114	0.999878
129	110	0.999045
129	31	0.999201
129	65	0.999261
129	81	0.998313
129	88	0.998144
129	124	0.998942
129	88	0.999914
129	99	0.999349
129	29	0.99997
129	105	0.999692
129	38	0.998894
129	114	0.998755
129	37	0.99874
129	94	0.998789
129	92	0.998247
129	106	0.999929
129	107	0.998835
129	18	0.99924
129	72	0.998618
129	94	0.999739
129	58	0.998558
129	26	0.999255
129	33	0.99943
129	106	0.999863
129	67	0.998197
129	119	0.998478
129	88	0.998972
129	66	0.99818
129	63	0.998403
129	18	0.998399
129	19	0.998884
129	28	0.999814
129	31	0.998373
129	30	0.999447
129	125	0.998346
129	26	0.998361
129	61	0.998877
129	22	0.999115
129	27	0.99886
129	12	0.998375
129	104	0.999212
129	71	0.999974
129	78	0.999531
129	112	0.998315
129	38	0.999623
129	85	0.999859
129	98	0.999572
129	13	0.998925
129	107	0.998702
129	99	0.999876
129	99	0.999983
129	97	0.999981
129	54	0.998227
129	122	0.999629
129	22	0.99991
129	22	0.999077
129	43	0.999632
129	100	0.999848
129	125	0.99915
129	128	0.999019
129	112	0.998884
129	115	0.999434
129	122	0.998433
129	31	0.999362
129	103	0.998234
129	91	0.999735
129	72	0.998463
129	68	0.998292
129	50	0.999771
129	102	0.999235
129	17	0.999966
129	14	0.998478
129	62	0.998517
129	87	0.998751
129	53	0.998783
129	67	0.998298
129	74	0.998569
129	13	0.999593
129	118	0.998375
129	19	0.998843
129	69	0.999104
129	35	0.998892
129	113	0.998746
129	23	0.998599
129	47	0.99832
129	109	0.99915
129	63	0.998573
129	88	0.999587
129	20	0.999216
129	60	0.998476
129	67	0.998978
129	125	0.998305
129	92	0.999055
129	15	0.999788
129	18	0.999021
129	85	0.99922
129	57	0.998449
129	57	0.998227
129	45	0.999017
129	14	0.999917
129	84	0.998629
129	74	0.998642
129	80	0.999029
129	27	0.998268
129	91	0.99907
129	44	0.998686
129	128	0.998566
129	38	0.998182
129	83	0.999111
129	77	0.999006
129	18	0.998524
129	48	0.998622
129	71	0.999839
129	82	0.998922
129	104	0.998446
129	115	0.998161
129	63	0.99833
129	104	0.999692
129	116	0.999983
129	80	0.998478
129	22	0.998912
129	115	0.998513
129	62	0.999981
129	15	0.998564
129	88	0.998221
129	93	0.99934
129	60	0.99916
129	74	0.999044
129	33	0.99921
129	97	0.999047
129	27	0.999218
129	93	0.998176
129	98	0.999814
129	23	0.998764
129	95	0.999096
129	47	0.999216
129	48	0.998509
129	109	0.998895
129	61	0.998549
129	52	0.999934
129	98	0.998575
129	22	0.999403
129	106	0.999889
129	80	0.998481
129	80	0.998633
129	54	0.999826
129	31	0.998603
129	105	0.998337
129	99	0.998564
129	60	0.998873
129	83	0.998864
129	48	0.999627
129	53	0.998333
129	93	0.999134
129	100	0.999524
129	13	0.998504
129	118	0.99898
129	90	0.999177
129	127	0.998599
129	52	0.999212
129	32	0.998865
129	105	0.99988
129	16	0.998382
129	33	0.999475
129	85	0.998206
129	29	0.999409
129	126	0.999248
129	66	0.99838
129	12	0.998843
129	48	0.999231
129	103	0.999919
129	90	0.999094
129	34	0.998305
129	47	0.998358
129	30	0.999289
129	67	0.999779
129	23	0.999297
129	127	0.999222
129	55	0.999726
129	35	0.999246
129	56	0.999552
129	27	0.99954
129	101	0.998373
129	41	0.999522
129	116	0.998864
129	67	0.998144
129	127	0.998137
129	54	0.998954
129	87	0.999522
129	61	0.999621
129	33	0.998581
129	62	0.998641
129	15	0.999259
129	31	0.999488
129	62	0.999698
129	15	0.999574
129	18	0.998217
129	115	0.99891
129	104	0.998955
129	48	0.999083
129	77	0.99818
129	88	0.998819
129	116	0.99918
129	30	0.998895
129	13	0.998689
129	126	0.998277
129	53	0.999934
129	56	0.999006
129	70	0.998854
129	21	0.999634
129	66	0.999685
129	57	0.999597
129	114	0.998236
129	114	0.999477
129	120	0.998425
129	61	0.999848
129	24	0.999092
129	107	0.99937
129	72	0.998285
129	90	0.998427
129	68	0.999497
129	65	0.998607
129	89	0.998519
129	72	0.999662
129	120	0.999771
129	103	0.998271
129	79	0.999338
129	36	0.998834
129	16	0.999527
129	41	0.998183
129	82	0.999081
129	36	0.998783
129	52	0.998811
129	88	0.99951
129	118	0.999597
129	92	0.999533
129	83	0.998854
129	53	0.998995
129	32	0.998553
129	50	0.999059
129	123	0.999447
129	49	0.999929
129	22	0.99943
129	126	0.999449
129	15	0.999178
129	50	0.998894
129	64	0.998198
129	53	0.999794
129	88	0.998629
129	45	0.998875
129	72	0.999591
129	56	0.999694
129	55	0.998268
129	66	0.999871
129	44	0.999278
129	34	0.998854
129	50	0.998283
129	40	0.998939
129	35	0.998976
129	121	0.99979
129	37	0.999042
129	19	0.999237
129	62	0.998223
129	12	0.999143
129	24	0.998577
129	127	0.999432
129	90	0.99963
129	25	0.999304
129	13	0.998588
129	81	0.999486
129	126	0.999147
129	40	0.998502
129	25	0.999214
129	48	0.99814
129	50	0.999265
129	75	0.998453
129	84	0.998982
129	115	0.999499
129	40	0.998264
129	14	0.999587
129	26	0.999188
129	16	0.998487
129	54	0.999827
129	123	0.998212
129	98	0.998612
129	66	0.99826
129	45	0.999645
129	65	0.999297
129	26	0.998213
129	47	0.998245
129	125	0.999977
129	48	0.999786
129	38	0.999141
129	54	0.998569
129	65	0.999653
129	74	0.998423
129	13	0.998292
129	68	0.998894
129	43	0.998493
129	35	0.999764
129	116	0.998468
129	50	0.99823
129	14	0.999177
129	27	0.999863
129	93	0.998489
129	112	0.999358
129	107	0.99973
129	46	0.998528
129	105	0.999936
129	124	0.998455
129	30	0.999398
129	128	0.998208
129	100	0.998927
129	88	0.999381
129	61	0.999591
129	19	0.999353
129	92	0.999479
129	104	0.999966
129	27	0.99994
129	52	0.998159
129	112	0.999308
129	107	0.999728
129	19	0.998665
129	59	0.998365
129	70	0.999343
129	94	0.998687
129	17	0.998438
129	49	0.99982
129	13	0.998689
129	79	0.998153
129	23	0.998622
129	122	0.998586
129	125	0.999865
129	117	0.99978
129	88	0.998867
129	62	0.998569
129	77	0.9991
129	26	0.999621
129	71	0.999205
129	84	0.99912
129	126	0.998547
129	55	0.99912
129	79	0.999345
129	126	0.999916
129	55	0.998869
129	125	0.998929
129	78	0.99919
129	31	0.999349
129	27	0.998519
129	18	0.998419
129	21	0.999044
129	70	0.998476
129	45	0.99814
129	24	0.999595
129	68	0.999857
129	65	0.998453
129	24	0.999252
129	113	0.999597
129	31	0.998942
129	128	0.999475
129	79	0.998575
129	61	0.99835
129	80	0.998543
129	63	0.998597
129	109	0.999353
129	34	0.99943
129	69	0.999403
129	91	0.998406
129	69	0.998867
129	106	0.998805
129	44	0.99927
129	44	0.998935
129	95	0.999974
129	82	0.99972
129	83	0.998232
129	121	0.999295
129	99	0.998133
129	114	0.999158
129	62	0.998969
129	45	0.998431
129	63	0.999895
129	69	0.999655
129	123	0.998539
129	94	0.999702
129	54	0.999312
129	97	0.999233
129	84	0.999163
129	77	0.999291
129	41	0.999704
129	96	0.999252
129	103	0.99982
129	82	0.999865
129	76	0.99876
129	105	0.999308
129	13	0.998421
129	20	0.998873
129	110	0.998316
129	69	0.998695
129	82	0.999522
129	59	0.999372
129	83	0.998348
129	18	0.998792
129	106	0.998292
129	123	0.998927
129	72	0.998433
129	104	0.999298
129	56	0.999104
129	80	0.999645
129	42	0.998753
129	95	0.998521
129	107	0.999921
129	113	0.999696
129	45	0.999267
129	122	0.999246
129	27	0.998749
129	38	0.998912
129	75	0.998221
129	20	0.999306
129	83	0.99841
129	103	0.999992
129	126	0.999719
129	84	0.999876
129	127	0.999962
129	106	0.999548
129	115	0.999484
129	44	0.998292
129	118	0.998811
129	111	0.999824
129	123	0.999248
129	39	0.999704
129	47	0.999135
129	21	0.998802
129	107	0.998271
129	18	0.998328
129	71	0.998699
129	21	0.999154
129	101	0.998152
129	61	0.99931
129	127	0.998534
129	66	0.998335
129	13	0.998286
129	122	0.998397
129	54	0.999197
129	45	0.998976
129	78	0.99824
129	23	0.998641
129	43	0.99821
129	39	0.999469
129	88	0.999437
129	16	0.99966
129	96	0.999342
129	74	0.999306
129	71	0.999507
129	88	0.99918
129	41	0.998331
129	84	0.998639
129	91	0.998731
129	52	0.998496
129	35	0.99949
129	14	0.999589
129	13	0.999775
129	91	0.99853
129	48	0.998597
129	92	0.998865
129	75	0.998588
129	123	0.998843
129	68	0.9982
129	78	0.998414
129	19	0.998491
129	62	0.999107
129	38	0.999762
129	85	0.999287
129	123	0.998215
129	126	0.998922
129	73	0.999066
129	90	0.999449
129	32	0.998892
129	47	0.999398
129	103	0.999839
129	118	0.99934
129	37	0.998183
129	58	0.99827
129	128	0.999522
129	95	0.998976
129	94	0.998809
129	94	0.99856
129	90	0.999325
129	109	0.999743
129	27	0.999409
129	49	0.99856
129	121	0.998834
129	73	0.998895
129	41	0.999411
129	101	0.999398
129	13	0.999492
129	100	0.999044
129	56	0.998601
129	76	0.999207
129	112	0.999822
129	96	0.99882
129	73	0.999794
129	51	0.999113
129	73	0.998918
129	49	0.999807
129	116	0.999685
129	82	0.999814
129	123	0.999908
129	60	0.99818
129	102	0.999726
129	36	0.998639
129	32	0.999308
129	107	0.998227
129	70	0.999349
129	99	0.998785
129	126	0.999591
129	60	0.998815
129	58	0.99839
129	54	0.999325
129	119	0.999287
129	99	0.999119
129	49	0.9983
129	32	0.99903
129	102	0.999257
129	40	0.999308
129	107	0.999409
129	113	0.999119
129	70	0.998832
129	59	0.999405
129	124	0.999685
129	106	0.999559
129	80	0.998206
129	23	0.998219
129	25	0.999829
129	85	0.999979
129	85	0.999169
129	82	0.998663
129	24	0.999516
129	117	0.9982
129	44	0.999079
129	70	0.999435
129	76	0.99847
129	45	0.999664
129	63	0.999563
129	113	0.999503
129	42	0.999657
129	96	0.99937
129	121	0.998903
129	70	0.999203
129	55	0.998464
129	52	0.998596
129	91	0.998513
129	35	0.999812
129	41	0.999055
129	21	0.999272
129	96	0.999981
129	72	0.999143
129	97	0.999141
129	42	0.998725
129	68	0.999447
129	123	0.998869
129	95	0.998204
129	49	0.998768
129	100	0.999289
129	20	0.998929
129	19	0.998249
129	56	0.998217
129	106	0.99895
129	83	0.999533
129	116	0.999904
129	57	0.999704
129	96	0.998942
129	69	0.998182
129	36	0.998373
129	80	0.999443
129	126	0.998481
129	104	0.999396
129	74	0.998427
129	21	0.998959
129	84	0.998672
129	104	0.998176
129	97	0.999124
129	55	0.999944
129	113	0.998346
129	101	0.999417
129	63	0.999698
129	16	0.998225
129	125	0.998826
129	43	0.999482
129	17	0.998783
129	39	0.999499
129	85	0.998597
129	66	0.998418
129	32	0.998225
129	61	0.998597
129	24	0.999632
129	35	0.998536
129	100	0.99949
129	91	0.999186
129	43	0.998195
129	106	0.999522
129	32	0.999066
129	57	0.999332
129	76	0.999882
129	74	0.998547
129	52	0.999711
129	100	0.998227
129	70	0.999347
129	117	0.999482
129	111	0.998642
129	74	0.999818
129	33	0.999244
129	55	0.999017
129	105	0.999321
129	86	0.999533
129	59	0.999074
129	70	0.998292
129	66	0.999295
129	103	0.998406
129	63	0.998369
129	62	0.999627
129	25	0.999835
129	38	0.998641
129	30	0.999602
129	15	0.999014
129	25	0.998144
129	86	0.998871
129	39	0.999313
129	70	0.99955
129	71	0.998738
129	22	0.998285
129	96	0.999452
129	16	0.998924
129	32	0.998627
129	87	0.999614
129	123	0.998296
129	125	0.99838
129	39	0.998774
129	99	0.998564
129	39	0.999096
129	17	0.999175
129	75	0.998963
129	96	0.999246
129	23	0.99868
129	39	0.999623
129	78	0.999608
129	20	0.999874
129	70	0.999439
129	115	0.998449
129	41	0.99982
129	40	0.998839
129	63	0.998324
129	122	0.998547
129	128	0.998433
129	77	0.998976
129	43	0.99943
129	46	0.998641
129	89	0.998161
129	58	0.998879
129	118	0.999916
129	57	0.998545
129	91	0.99913
129	120	0.99868
129	58	0.999542
129	95	0.998526
129	126	0.998867
129	115	0.998197
129	123	0.998429
129	60	0.999614
129	101	0.999726
129	83	0.998494
129	40	0.999158
129	86	0.998659
129	120	0.998508
129	98	0.998294
129	52	0.998463
129	51	0.998423
129	77	0.998787
129	91	0.998539
129	101	0.999105
129	27	0.998335
129	90	0.999377
129	15	0.998611
129	50	0.998523
129	128	0.998148
129	127	0.999439
129	42	0.998152
129	33	0.9988
129	108	0.998397
129	16	0.99915
129	33	0.999983
129	82	0.998697
129	50	0.998373
129	46	0.999874
129	107	0.999278
129	105	0.999878
129	17	0.998223
129	69	0.999846
129	65	0.998129
129	22	0.998361
129	67	0.999629
129	80	0.999235
129	72	0.998815
129	50	0.998271
129	68	0.99913
129	88	0.999447
129	27	0.998155
129	72	0.999216
129	121	0.998242
129	40	0.998886
129	76	0.999034
129	95	0.999077
129	38	0.999814
129	89	0.998401
129	58	0.999814
129	60	0.999126
129	80	0.999291
129	51	0.999308
129	124	0.999186
129	30	0.998245
129	99	0.999764
129	24	0.998738
129	29	0.99955
129	19	0.99859
129	108	0.999824
129	26	0.999976
129	98	0.998704
129	125	0.998508
129	124	0.999737
129	20	0.998339
129	125	0.998367
129	112	0.998569
129	38	0.998148
129	77	0.998937
129	86	0.999595
129	117	0.999231
129	47	0.998508
129	102	0.999576
129	13	0.998382
129	74	0.99897
129	74	0.999182
129	53	0.999597
129	107	0.999205
129	87	0.999687
129	43	0.999212
129	116	0.998273
129	57	0.999974
129	17	0.999413
129	19	0.998406
129	58	0.999912
129	57	0.999822
129	51	0.999265
129	19	0.998792
129	15	0.999
129	118	0.99946
129	35	0.998871
129	46	0.998854
129	54	0.999212
129	15	0.998937
129	124	0.999672
129	29	0.999008
129	93	0.999349
129	71	0.998624
129	36	0.999437
129	38	0.998195
129	72	0.999229
129	65	0.999968
129	71	0.998813
129	128	0.999402
129	56	0.999323
129	30	0.998725
129	61	0.998566
129	86	0.998967
129	89	0.998609
129	108	0.998268
129	72	0.999092
129	34	0.998242
129	50	0.998772
129	109	0.998794
129	23	0.999593
129	94	0.99942
129	107	0.998657
129	120	0.998485
129	52	0.998436
129	37	0.998157
129	82	0.998554
129	67	0.999525
129	27	0.99909
129	97	0.99877
129	45	0.999128
129	46	0.998315
129	80	0.999291
129	77	0.998779
129	71	0.99898
129	107	0.999083
129	63	0.998614
129	53	0.998288
129	94	0.998744
129	102	0.998125
129	76	0.998227
129	75	0.999083
129	67	0.998948
129	72	0.999966
129	121	0.999548
129	90	0.998487
129	56	0.998944
129	30	0.998538
129	116	0.998657
129	62	0.998907
129	40	0.99916
129	64	0.999178
129	76	0.998605
129	111	0.998819
129	116	0.99818
129	69	0.998286
129	73	0.999681
129	19	0.999147
129	20	0.999634
129	96	0.998397
129	92	0.99942
129	59	0.999765
129	17	0.998879
129	62	0.998663
129	36	0.999201
129	105	0.999464
129	89	0.99818
129	43	0.998423
129	110	0.998976
129	57	0.998633
129	33	0.998459
129	90	0.998764
129	103	0.999434
129	79	0.999435
129	107	0.998984
129	80	0.999799
129	20	0.998974
129	97	0.999548
129	48	0.999914
129	128	0.998732
129	34	0.999908
129	14	0.999773
129	16	0.99824
129	23	0.999522
129	87	0.998755
129	43	0.998474
129	96	0.999109
129	73	0.998629
129	54	0.999053
129	78	0.998738
129	71	0.999017
129	21	0.999265
129	46	0.999953
129	75	0.9996
129	96	0.999343
129	59	0.99833
129	95	0.999805
129	90	0.998408
129	62	0.999623
129	14	0.999145
129	17	0.998594
129	126	0.999535
129	42	0.99919
129	105	0.999137
129	13	0.999694
129	30	0.999147
129	28	0.998566
129	50	0.999255
129	76	0.999274
129	95	0.998723
129	75	0.999692
129	68	0.999096
129	48	0.999683
129	35	0.998275
129	107	0.999074
129	34	0.99833
129	110	0.999237
129	125	0.999559
129	113	0.998534
129	30	0.998768
129	90	0.999554
129	59	0.999509
129	103	0.998397
129	102	0.999942
129	88	0.999494
129	32	0.998566
129	100	0.999312
129	61	0.998584
129	108	0.998494
129	64	0.998281
129	103	0.998182
129	85	0.998361
129	50	0.999724
129	90	0.999679
129	60	0.999719
129	18	0.999779
129	20	0.999319
129	108	0.999758
129	63	0.998373
129	87	0.999104
129	99	0.998667
129	74	0.998657
129	115	0.999959
129	75	0.998502
129	63	0.998937
129	112	0.99994
129	104	0.998901
129	25	0.999126
129	35	0.998995
129	82	0.998161
129	117	0.998918
129	114	0.998352
129	87	0.998408
129	122	0.998227
129	26	0.9991
129	23	0.998974
129	78	0.998925
129	53	0.999666
129	77	0.998723
129	30	0.998163
129	105	0.999325
129	123	0.998671
129	89	0.999794
129	124	0.999929
129	43	0.999981
129	29	0.998978
129	35	0.999074
129	26	0.99871
129	119	0.99836
129	42	0.999023
129	87	0.998969
129	115	0.999659
129	86	0.998895
129	90	0.998807
129	127	0.998822
129	24	0.998152
129	42	0.99921
129	64	0.998391
129	60	0.999852
129	83	0.998967
129	27	0.999698
129	123	0.998461
129	58	0.998646
129	58	0.999492
129	45	0.998592
129	15	0.998837
129	71	0.998279
129	114	0.999477
129	120	0.998271
129	55	0.998189
129	117	0.999548
129	26	0.999512
129	68	0.99978
129	104	0.998131
129	27	0.998987
129	114	0.9983
129	43	0.998331
129	18	0.998318
129	16	0.998485
129	95	0.998285
129	113	0.998352
129	112	0.999645
129	66	0.999919
129	92	0.998813
129	53	0.999702
129	62	0.999642
129	70	0.99874
129	56	0.999396
129	18	0.998538
129	41	0.999132
129	126	0.998567
129	128	0.998202
129	113	0.999233
129	37	0.999201
129	54	0.9994
129	27	0.998832
129	25	0.999484
129	102	0.99904
129	78	0.9991
129	15	0.999077
129	76	0.998976
129	115	0.999362
129	45	0.999295
129	109	0.999017
129	54	0.998792
129	88	0.998641
129	54	0.999901
129	30	0.999317
129	21	0.999859
129	97	0.998423
129	33	0.998487
129	45	0.998616
129	34	0.998925
129	70	0.999702
129	61	0.999833
129	36	0.999818
129	49	0.99963
129	48	0.9997
129	114	0.999981
129	110	0.99836
129	74	0.998927
129	100	0.998762
129	107	0.999925
129	107	0.999902
129	57	0.999704
129	124	0.998774
129	102	0.999094
129	50	0.999482
129	65	0.998697
129	128	0.999775
129	64	0.998472
129	21	0.999143
129	120	0.999119
129	45	0.999745
129	68	0.99982
129	23	0.9994
129	60	0.998165
129	60	0.998358
129	51	0.999557
129	63	0.999662
129	109	0.999932
129	93	0.998524
129	82	0.999961
129	55	0.999876
129	29	0.998805
129	20	0.998775
129	44	0.998307
129	60	0.999068
129	78	0.998957
129	87	0.999964
129	67	0.998352
129	26	0.999188
129	124	0.999343
129	79	0.998991
129	102	0.99916
129	59	0.998421
129	69	0.9997
129	33	0.998927
129	109	0.999657
129	79	0.999315
129	12	0.999799
129	31	0.999585
129	100	0.999139
129	77	0.998633
129	40	0.998307
129	118	0.998905
129	124	0.999479
129	74	0.99924
129	69	0.999679
129	56	0.999713
129	128	0.999683
129	100	0.998189
129	17	0.998277
129	105	0.999899
129	102	0.999771
129	120	0.999274
129	44	0.999617
129	19	0.999925
129	86	0.99877
129	58	0.998449
129	128	0.999689
129	97	0.999175
129	127	0.999315
129	123	0.999312
129	48	0.99937
129	127	0.999435
129	72	0.998892
129	104	0.998504
129	57	0.998914
129	47	0.999092
129	126	0.998729
129	61	0.999268
129	102	0.998206
129	124	0.998378
129	19	0.999085
129	124	0.998702
129	74	0.998487
129	41	0.99891
129	26	0.999484
129	85	0.999074
129	100	0.998894
129	102	0.999619
129	12	0.999238
129	14	0.999555
129	84	0.999385
129	82	0.999615
129	125	0.999248
129	52	0.999156
129	33	0.998924
129	76	0.999833
129	119	0.998642
129	120	0.999237
129	96	0.998946
129	33	0.998461
129	85	0.998667
129	128	0.998515
129	98	0.998704
129	19	0.99912
129	22	0.999051
129	25	0.999636
129	101	0.998616
129	126	0.999152
129	53	0.99877
129	120	0.999304
129	93	0.998367
129	117	0.999034
129	91	0.998787
129	47	0.999769
129	57	0.99904
129	75	0.998358
129	59	0.99997
129	31	0.999865
129	118	0.998903
129	105	0.998781
129	56	0.999675
129	70	0.99832
129	53	0.999765
129	122	0.999115
129	44	0.999293
129	61	0.998749
129	128	0.999685
129	93	0.998153
129	76	0.999383
129	76	0.998517
129	106	0.998914
129	95	0.998193
129	84	0.999336
129	122	0.999214
129	14	0.999705
129	22	0.998365
129	113	0.999882
129	34	0.999036
129	34	0.998135
129	21	0.998819
129	42	0.998251
129	93	0.998152
129	52	0.998609
129	15	0.999102
129	71	0.998152
129	78	0.999602
129	86	0.998168
129	58	0.999801
129	64	0.999102
129	109	0.99927
129	117	0.998616
129	101	0.999328
129	25	0.999675
129	65	0.998204
129	117	0.99895
129	107	0.999683
129	69	0.999297
129	109	0.999188
129	95	0.999077
129	37	0.999578
129	71	0.999135
129	113	0.999092
129	115	0.998562
129	15	0.998963
129	29	0.999516
129	50	0.998581
129	63	0.998294
129	24	0.999876
129	107	0.99817
129	13	0.998509
129	42	0.999576
129	56	0.999323
129	57	0.998414
129	63	0.998701
129	116	0.998174
129	124	0.999025
129	65	0.999715
129	24	0.999255
129	105	0.998648
129	20	0.999709
129	89	0.999848
129	117	0.999428
129	78	0.998153
129	41	0.998631
129	50	0.999724
129	105	0.999552
129	44	0.998699
129	69	0.99826
129	72	0.999338
129	18	0.998985
129	110	0.999683
129	124	0.998984
129	125	0.998335
129	45	0.998794
129	75	0.999025
129	86	0.998877
129	37	0.999102
129	114	0.998476
129	31	0.999379
129	94	0.998333
129	64	0.99933
129	99	0.999869
129	80	0.998553
129	102	0.998616
129	51	0.99958
129	30	0.999938
129	96	0.999441
129	83	0.999178
129	103	0.999722
129	48	0.998693
129	59	0.999833
129	55	0.999649
129	37	0.999193
129	115	0.998352
129	28	0.998924
129	83	0.998877
129	61	0.999966
129	98	0.999897
129	61	0.999366
129	96	0.998268
129	95	0.998929
129	71	0.999059
129	47	0.99817
129	22	0.998508
129	12	0.999169
129	82	0.999535
129	62	0.999109
129	12	0.999893
129	124	0.999045
129	45	0.999377
129	74	0.999445
129	113	0.998918
129	83	0.998545
129	120	0.99874
129	69	0.998331
129	16	0.998612
129	123	0.999366
129	41	0.999025
129	86	0.999998
129	93	0.999235
129	97	0.999992
129	100	0.999647
129	65	0.998798
129	26	0.998228
129	33	0.999201
129	106	0.998894
129	76	0.999788
129	96	0.998766
129	120	0.999985
129	36	0.998905
129	103	0.998369
129	42	0.99936
129	18	0.999732
129	109	0.999432
129	67	0.998163
129	111	0.99963
129	63	0.999328
129	97	0.99892
129	123	0.998485
129	97	0.998571
129	106	0.99939
129	39	0.998504
129	78	0.998697
129	81	0.999201
129	37	0.99904
129	128	0.998129
129	53	0.999773
129	21	0.99886
129	58	0.998644
129	98	0.99903
129	51	0.998363
129	19	0.99982
129	74	0.998695
129	85	0.99966
129	79	0.998419
129	12	0.998401
129	46	0.999029
129	117	0.998819
129	67	0.999287
129	122	0.999403
129	122	0.998257
129	116	0.998832
129	59	0.9993
129	108	0.998434
129	24	0.999102
129	95	0.999464
129	18	0.998736
129	56	0.998217
129	87	0.9988
129	19	0.998558
129	20	0.999227
129	73	0.999805
129	111	0.998944
129	73	0.999038
129	13	0.999027
129	73	0.99879
129	29	0.99827
129	77	0.999604
129	126	0.998637
129	127	0.999381
129	75	0.999375
129	106	0.998129
129	36	0.99814
129	29	0.999342
129	117	0.999614
129	35	0.99839
129	118	0.998637
129	15	0.999023
129	35	0.99976
129	24	0.998912
129	90	0.998479
129	93	0.998954
129	103	0.999724
129	107	0.99853
129	102	0.998131
129	79	0.999615
129	22	0.999246
129	124	0.999143
129	28	0.998322
129	57	0.998671
129	23	0.998502
129	88	0.998725
129	117	0.9991
129	128	0.998376
129	32	0.999165
129	104	0.999696
129	109	0.998526
129	110	0.999756
129	96	0.999293
129	83	0.999297
129	31	0.998346
129	81	0.999961
129	92	0.998493
129	123	0.999619
129	57	0.998918
129	59	0.99827
129	91	0.999542
129	86	0.999074
129	64	0.999119
129	125	0.999961
129	39	0.999434
129	91	0.999627
129	64	0.999253
129	43	0.999246
129	82	0.999996
129	56	0.999617
129	54	0.999554
129	17	0.998684
129	86	0.999045
129	43	0.999096
129	41	0.998631
129	25	0.999711
129	48	0.999201
129	32	0.998961
129	105	0.999889
129	114	0.998419
129	17	0.999666
129	35	0.99969
129	37	0.998539
129	78	0.999332
129	60	0.99925
129	67	0.999415
129	12	0.99901
129	94	0.999856
129	67	0.998232
129	104	0.999932
129	83	0.998656
129	110	0.998393
129	44	0.998946
129	126	0.999193
129	51	0.999134
129	124	0.998131
129	64	0.998912
129	24	0.999102
129	50	0.999019
129	57	0.999407
129	66	0.998738
129	47	0.999255
129	34	0.998303
129	125	0.999595
129	98	0.999139
129	119	0.999089
129	98	0.99885
129	77	0.999645
129	22	0.999458
129	39	0.999998
129	48	0.999089
129	123	0.999612
129	33	0.998485
129	115	0.999426
129	117	0.998779
129	108	0.99985
129	77	0.999672
129	111	0.998536
129	108	0.999917
129	20	0.998221
129	120	0.999584
129	107	0.999405
129	121	0.999826
129	42	0.999756
129	59	0.999297
129	97	0.999503
129	25	0.999145
129	26	0.998395
129	31	0.998939
129	94	0.998663
129	88	0.998324
129	33	0.999107
129	79	0.999533
129	107	0.999443
129	120	0.998989
129	58	0.99925
129	60	0.998691
129	71	0.999996
129	93	0.998556
129	43	0.998526
129	59	0.999235
129	107	0.998464
129	106	0.999244
129	27	0.999375
129	115	0.999364
129	29	0.998296
129	86	0.999599
129	46	0.998489
129	31	0.999479
129	69	0.998365
129	122	0.999499
129	33	0.999827
129	99	0.999645
129	78	0.999916
129	70	0.999087
129	72	0.998723
129	78	0.998817
129	70	0.999044
129	67	0.999833
129	93	0.998905
129	50	0.998373
129	54	0.99871
129	30	0.998624
129	22	0.99972
129	101	0.998929
129	125	0.999248
129	31	0.999439
129	73	0.999756
129	111	0.99951
129	83	0.998809
129	47	0.998472
129	39	0.999328
129	54	0.999306
129	25	0.999704
129	27	0.998852
129	74	0.998453
129	87	0.999565
129	47	0.999319
129	51	0.999991
129	62	0.998704
129	25	0.999484
129	73	0.999143
129	18	0.999225
129	18	0.998316
129	35	0.998375
129	95	0.999413
129	77	0.999792
129	22	0.999345
129	115	0.998894
129	55	0.999857
129	121	0.999403
129	113	0.998884
129	37	0.998656
129	124	0.99821
129	105	0.999278
129	99	0.99951
129	90	0.998609
129	63	0.998195
129	51	0.999976
129	99	0.998976
129	39	0.999188
129	99	0.998982
129	17	0.998163
129	83	0.998633
129	71	0.999167
129	87	0.999334
129	48	0.999186
129	63	0.999747
129	107	0.999105
129	62	0.99892
129	88	0.998948
129	39	0.998978
129	63	0.999398
129	23	0.998225
129	40	0.999383
129	21	0.999126
129	87	0.999167
129	95	0.999385
129	12	0.999049
129	65	0.999368
129	16	0.998427
129	17	0.998641
129	120	0.998401
129	127	0.999634
129	72	0.999432
129	35	0.999585
129	38	0.999998
129	35	0.999653
129	103	0.999424
129	102	0.999694
129	13	0.998474
129	17	0.999803
129	118	0.998736
129	111	0.999068
129	112	0.998434
129	121	0.998416
129	15	0.999647
129	56	0.9994
129	33	0.999253
129	17	0.999649
129	70	0.999195
129	101	0.999064
129	44	0.99814
129	99	0.998644
129	95	0.998172
129	128	0.999503
129	121	0.998657
129	122	0.998401
129	78	0.998301
129	53	0.9985
129	30	0.99982
129	39	0.998963
129	51	0.99915
129	48	0.999188
129	122	0.999645
129	15	0.999287
129	29	0.998167
129	43	0.999666
129	85	0.999582
129	120	0.9996
129	46	0.998369
129	81	0.999719
129	66	0.998264
129	30	0.999274
129	19	0.999113
129	71	0.998187
129	30	0.999132
129	94	0.999886
129	28	0.999518
129	98	0.999302
129	125	0.999497
129	124	0.998125
129	48	0.999036
129	72	0.998485
129	79	0.999811
129	12	0.999811
129	21	0.999208
129	48	0.998502
129	55	0.999238
129	57	0.998672
129	98	0.998815
129	110	0.998343
129	53	0.999334
129	67	0.999193
129	89	0.999518
129	64	0.998841
129	16	0.99927
129	76	0.998234
129	28	0.999657
129	21	0.998219
129	90	0.998738
129	106	0.99907
129	33	0.999044
129	21	0.999029
129	66	0.99839
129	80	0.998665
129	31	0.998751
129	51	0.998403
129	29	0.998464
129	94	0.998262
129	97	0.999518
129	106	0.999134
129	37	0.998429
129	65	0.999739
129	52	0.998524
129	97	0.999524
129	66	0.999437
129	20	0.999649
129	88	0.998689
129	47	0.998639
129	43	0.999089
129	68	0.999267
129	38	0.99939
129	112	0.99916
129	73	0.999899
129	125	0.998296
129	62	0.999983
129	103	0.998358
129	52	0.998899
129	71	0.999719
129	97	0.998567
129	32	0.999323
129	50	0.999066
129	35	0.998346
129	127	0.998251
129	17	0.998869
129	19	0.999555
129	19	0.998322
129	91	0.999777
129	126	0.99976
129	63	0.998852
129	127	0.999745
129	27	0.999625
129	127	0.999557
129	66	0.998388
129	85	0.999597
129	12	0.998562
129	98	0.999287
129	15	0.998253
129	41	0.998448
129	45	0.999666
129	23	0.999051
129	107	0.998982
129	71	0.999055
129	32	0.998783
129	21	0.99924
129	25	0.998931
129	49	0.998446
129	57	0.999137
129	55	0.99815
129	30	0.998918
129	72	0.998558
129	78	0.999812
129	106	0.998155
129	58	0.999162
129	24	0.999014
129	48	0.999465
129	122	0.998311
129	50	0.999878
129	121	0.999587
129	44	0.999197
129	80	0.999578
129	76	0.999799
129	94	0.999833
129	34	0.998725
129	32	0.999029
129	102	0.99815
129	65	0.999839
129	125	0.999313
129	19	0.998916
129	88	0.998873
129	102	0.999645
129	27	0.998489
129	45	0.999842
129	122	0.998367
129	113	0.999925
129	90	0.998204
129	18	0.999829
129	68	0.999934
129	55	0.999366
129	91	0.99882
129	45	0.999173
129	105	0.998131
129	96	0.998545
129	101	0.998288
129	85	0.99907
129	97	0.999904
129	97	0.998253
129	18	0.999801
129	120	0.999767
129	79	0.999527
129	75	0.99815
129	113	0.999358
129	34	0.998496
129	83	0.998515
129	123	0.998534
129	84	0.998834
129	78	0.998498
129	118	0.998406
129	119	0.999312
129	73	0.998168
129	43	0.999407
129	46	0.999015
129	104	0.999454
129	68	0.999079
129	71	0.999462
129	38	0.998633
129	79	0.998133
129	64	0.998957
129	28	0.999906
129	81	0.998697
129	105	0.999349
129	79	0.998326
129	93	0.998352
129	24	0.999334
129	118	0.998706
129	61	0.99945
129	105	0.998747
129	71	0.999681
129	100	0.998328
129	106	0.999134
129	46	0.999079
129	124	0.998371
129	116	0.99972
129	44	0.998886
129	119	0.998744
129	99	0.999222
129	86	0.998856
129	26	0.999867
129	64	0.999475
129	34	0.998453
129	67	0.999276
129	12	0.998215
129	65	0.999059
129	29	0.998802
129	56	0.999233
129	110	0.998701
129	64	0.998468
129	50	0.999396
129	103	0.999735
129	71	0.99961
129	68	0.999019
129	50	0.999358
129	97	0.998346
129	93	0.999516
129	96	0.999443
129	13	0.998785
129	121	0.998925
129	67	0.999709
129	78	0.999047
129	102	0.998942
129	97	0.998639
129	116	0.999426
129	45	0.99915
129	51	0.998845
129	48	0.999323
129	24	0.999674
129	80	0.998573
129	122	0.999201
129	36	0.99907
129	108	0.999713
129	24	0.999002
129	47	0.999839
129	59	0.998875
129	40	0.99946
129	56	0.999585
129	36	0.999839
129	26	0.998852
129	118	0.998564
129	111	0.998174
129	85	0.998822
129	34	0.998644
129	60	0.998328
129	80	0.998397
129	81	0.998899
129	80	0.999584
129	112	0.998656
129	21	0.999552
129	91	0.998182
129	68	0.998954
129	41	0.999075
129	109	0.999177
129	31	0.999392
129	73	0.998361
129	25	0.999008
129	92	0.999006
129	95	0.998167
129	36	0.998549
129	117	0.9996
129	123	0.998607
129	61	0.999968
129	103	0.998622
129	116	0.998858
129	96	0.999312
129	78	0.998234
129	30	0.998509
129	58	0.998575
129	36	0.998845
129	89	0.998483
129	98	0.998641
129	85	0.998155
129	92	0.998879
129	126	0.999105
129	28	0.998457
129	38	0.999974
129	93	0.99856
129	68	0.99859
129	123	0.998867
129	80	0.999927
129	30	0.998131
129	34	0.99877
129	100	0.999471
129	96	0.99906
129	127	0.998738
129	51	0.998575
129	104	0.998569
129	71	0.998865
129	121	0.999839
129	73	0.99958
129	119	0.998509
129	80	0.9994
129	123	0.999852
129	68	0.998283
129	128	0.998466
129	88	0.999595
129	18	0.998553
129	37	0.999841
129	98	0.999837
129	40	0.99892
129	72	0.999156
129	60	0.998313
129	25	0.998582
129	80	0.998242
129	124	0.99826
129	98	0.999503
129	65	0.998418
129	75	0.999203
129	21	0.999259
129	21	0.99916
129	78	0.999878
129	102	0.998144
129	34	0.999569
129	47	0.999347
129	126	0.999979
129	62	0.998247
129	119	0.998695
129	82	0.999077
129	74	0.999289
129	43	0.998873
129	49	0.998155
129	55	0.999887
129	21	0.999572
129	94	0.998828
129	120	0.998955
129	31	0.998652
129	73	0.998697
129	100	0.999002
129	81	0.99892
129	113	0.99979
129	21	0.999477
129	43	0.999904
129	24	0.999647
129	86	0.999135
129	42	0.99928
129	39	0.999081
129	95	0.99991
129	21	0.998436
129	120	0.9988
129	82	0.999886
129	125	0.998421
129	19	0.998746
129	125	0.998148
129	55	0.99928
129	81	0.998294
129	66	0.999615
129	71	0.999548
129	84	0.999878
129	47	0.999208
129	86	0.999445
129	35	0.998285
129	92	0.999171
129	52	0.999074
129	82	0.999782
129	43	0.999147
129	70	0.99951
129	44	0.998285
129	47	0.998605
129	101	0.999238
129	77	0.99991
129	34	0.999002
129	108	0.999891
129	119	0.998875
129	62	0.998601
129	57	0.998494
129	18	0.998404
129	45	0.998865
129	101	0.998777
129	125	0.999591
129	37	0.998687
129	103	0.999839
129	14	0.999057
129	77	0.999167
129	32	0.999629
129	112	0.999458
129	35	0.999938
129	55	0.999569
129	56	0.998985
129	114	0.998937
129	16	0.998144
129	46	0.998202
129	54	0.998676
129	22	0.998967
129	82	0.998346
129	44	0.998974
129	33	0.999852
129	52	0.999906
129	91	0.999059
129	35	0.998716
129	97	0.998395
129	79	0.999976
129	84	0.998386
129	20	0.998927
129	117	0.998463
129	47	0.999539
129	80	0.998219
129	89	0.998318
129	34	0.99978
129	86	0.999283
129	57	0.998455
129	62	0.998311
129	82	0.998386
129	87	0.999111
129	66	0.999458
129	14	0.99903
129	112	0.998547
129	23	0.999902
129	30	0.999902
129	54	0.998974
129	82	0.998862
129	35	0.999167
129	86	0.998727
129	41	0.998999
129	89	0.999619
129	32	0.999544
129	37	0.998618
129	108	0.999874
129	77	0.998989
129	46	0.99891
129	61	0.999647
129	106	0.998562
129	77	0.998886
129	55	0.999617
129	69	0.998273
129	112	0.999934
129	107	0.999265
129	29	0.998596
129	95	0.99985
129	24	0.999235
129	107	0.999912
129	96	0.999764
129	80	0.999574
129	90	0.99818
129	100	0.999938
129	49	0.999869
129	33	0.998442
129	86	0.998612
129	110	0.999833
129	100	0.999158
129	106	0.999312
129	26	0.999702
129	50	0.999199
129	112	0.99936
129	81	0.999734
129	55	0.999126
129	44	0.999674
129	109	0.999696
129	60	0.999297
129	80	0.998775
129	29	0.998157
129	40	0.999388
129	63	0.99991
129	80	0.999856
129	91	0.99871
129	72	0.999749
129	60	0.99927
129	100	0.998985
129	71	0.998345
129	49	0.999777
129	74	0.999792
129	94	0.998695
129	76	0.99876
129	112	0.99985
129	105	0.999242
129	35	0.998695
129	38	0.998699
129	25	0.998586
129	57	0.998479
129	71	0.998358
129	81	0.998641
129	66	0.998358
129	59	0.998957
129	22	0.998258
129	62	0.999919
129	44	0.998247
129	103	0.998862
129	101	0.999105
129	57	0.998281
129	114	0.998438
129	85	0.998922
129	90	0.999484
129	101	0.999293
129	103	0.999608
129	33	0.99877
129	25	0.999494
129	106	0.999777
129	89	0.998536
129	28	0.99973
129	19	0.998354
129	21	0.999951
129	88	0.999321
129	24	0.999479
129	44	0.998528
129	52	0.998556
129	62	0.999083
129	118	0.998251
129	121	0.999302
129	81	0.998303
129	25	0.999207
129	96	0.999473
129	67	0.999019
129	34	0.999246
129	80	0.999261
129	22	0.998539
129	118	0.99889
129	37	0.99874
129	49	0.999559
129	126	0.999263
129	24	0.998931
129	110	0.998721
129	24	0.998937
129	33	0.999936
129	115	0.998271
129	15	0.998464
129	56	0.999417
129	45	0.998431
129	84	0.998785
129	103	0.998755
129	33	0.998648
129	40	0.998266
129	34	0.998699
129	14	0.99985
129	113	0.998901
129	48	0.999704
129	81	0.999064
129	65	0.999696
129	98	0.999156
129	54	0.999343
129	19	0.999117
129	91	0.999777
129	97	0.999544
129	29	0.998277
129	103	0.99832
129	74	0.998819
129	12	0.999182
129	118	0.999942
129	106	0.998489
129	110	0.99913
129	50	0.999424
129	15	0.99874
129	99	0.998339
129	93	0.998286
129	43	0.998942
129	128	0.99874
129	19	0.999852
129	67	0.998202
129	65	0.999375
129	63	0.999811
129	70	0.999539
129	28	0.998567
129	33	0.998954
129	100	0.999175
129	55	0.999795
129	57	0.998277
129	56	0.999931
129	54	0.998734
129	35	0.99814
129	109	0.998545
129	107	0.998828
129	89	0.99904
129	15	0.99982
129	19	0.998594
129	55	0.999546
129	120	0.998954
129	60	0.999143
129	65	0.999677
129	97	0.998997
129	110	0.999313
129	34	0.999199
129	44	0.999484
129	36	0.998997
129	126	0.998626
129	56	0.998817
129	32	0.999203
129	106	0.999916
129	71	0.999507
129	53	0.998852
129	103	0.998361
129	42	0.999244
129	64	0.99824
129	87	0.998457
129	43	0.998727
129	38	0.999488
129	34	0.999469
129	60	0.999231
129	104	0.999025
129	74	0.999994
129	89	0.999373
129	122	0.999462
129	38	0.999649
129	100	0.998423
129	77	0.998528
129	108	0.998352
129	41	0.998701
129	80	0.999201
129	13	0.999582
129	120	0.99988
129	121	0.999728
129	30	0.998641
129	42	0.999253
129	39	0.999653
129	54	0.998588
129	109	0.998832
129	118	0.998927
129	76	0.998897
129	16	0.998957
129	112	0.999826
129	88	0.998805
129	117	0.999775
129	119	0.999831
129	91	0.99883
129	32	0.998215
129	39	0.998249
129	28	0.999606
129	109	0.999867
129	27	0.998333
129	46	0.998352
129	101	0.99985
129	120	0.998545
129	106	0.999962
129	94	0.999711
129	43	0.999769
129	95	0.999075
129	76	0.99886
129	28	0.998689
129	25	0.999653
129	30	0.998933
129	64	0.999904
129	68	0.99815
129	121	0.998446
129	47	0.998333
129	121	0.998309
129	92	0.9988
129	26	0.998358
129	101	0.999199
129	109	0.999779
129	32	0.99826
129	79	0.998689
129	93	0.998605
129	116	0.998459
129	34	0.999644
129	68	0.999816
129	80	0.999512
129	125	0.999154
129	104	0.99891
129	21	0.998871
129	51	0.999857
129	19	0.999111
129	70	0.999242
129	39	0.999745
129	81	0.998618
129	101	0.99931
129	83	0.998937
129	41	0.999803
