2500
203	130	0.999278
203	201	0.998866
203	175	0.999837
203	117	0.999095
203	179	0.998291
203	36	0.998941
203	180	0.999923
203	72	0.998855
203	31	0.998143
203	198	0.998497
203	68	0.999404
203	44	0.997645
203	185	0.998969
203	112	0.997185
203	179	0.997597
203	106	0.999307
203	20	0.999928
203	69	0.998103
203	157	0.997797
203	173	0.999628
203	12	0.999553
203	89	0.998509
203	82	0.997594
203	54	0.998186
203	73	0.997463
203	196	0.998932
203	160	0.999153
203	166	0.99953
203	16	0.99937
203	137	0.998926
203	76	0.998932
203	40	0.997451
203	200	0.998749
203	174	0.998231
203	52	0.998752
203	108	0.998815
203	100	0.999298
203	113	0.997265
203	21	0.997537
203	140	0.998815
203	49	0.999029
203	80	0.998978
203	185	0.998043
203	75	0.997171
203	114	0.999147
203	192	0.998569
203	90	0.999396
203	124	0.997643
203	146	0.998629
203	150	0.999213
203	52	0.999121
203	117	0.998732
203	17	0.998131
203	52	0.999153
203	89	0.999625
203	37	0.997637
203	94	0.999777
203	78	0.999983
203	30	0.998646
203	107	0.998366
203	62	0.997377
203	148	0.9987
203	42	0.999842
203	20	0.99917
203	99	0.999619
203	38	0.997857
203	73	0.999324
203	59	0.998961
203	60	0.99939
203	17	0.998792
203	142	0.9977
203	35	0.997888
203	142	0.998981
203	92	0.997651
203	52	0.998426
203	172	0.997417
203	89	0.999487
203	104	0.999596
203	110	0.997191
203	127	0.998557
203	19	0.998964
203	70	0.99752
203	85	0.998586
203	132	0.998374
203	134	0.999195
203	171	0.997654
203	86	0.999897
203	31	0.997765
203	200	0.998944
203	167	0.999745
203	183	0.998735
203	167	0.998466
203	110	0.997585
203	154	0.998257
203	71	0.997194
203	139	0.999321
203	84	0.99756
203	187	0.999868
203	160	0.998163
203	72	0.998967
203	35	0.998815
203	121	0.997168
203	100	0.997271
203	129	0.999811
203	64	0.997634
203	84	0.997408
203	196	0.998809
203	21	0.999081
203	114	0.997745
203	30	0.99812
203	55	0.998623
203	6	0.99864
203	61	0.998878
203	140	0.998392
203	104	0.997537
203	73	0.997308
203	31	0.99738
203	87	0.998695
203	179	0.997928
203	72	0.99939
203	158	0.998334
203	49	0.998892
203	83	0.9976
203	36	0.999885
203	199	0.998037
203	53	0.998111
203	88	0.998169
203	93	0.998978
203	193	0.998046
203	172	0.999035
203	11	0.997628
203	43	0.999545
203	7	0.99907
203	22	0.998669
203	181	0.997725
203	160	0.998515
203	99	0.998311
203	111	0.999439
203	121	0.999505
203	78	0.997763
203	42	0.997926
203	133	0.997517
203	52	0.998783
203	45	0.999553
203	83	0.999215
203	125	0.99828
203	101	0.99724
203	128	0.998866
203	135	0.999831
203	175	0.998663
203	171	0.99945
203	98	0.999565
203	192	0.997423
203	59	0.998921
203	31	0.999923
203	129	0.997663
203	184	0.998766
203	173	0.999061
203	89	0.998909
203	54	0.997545
203	6	0.997214
203	161	0.997188
203	97	0.998008
203	124	0.997191
203	56	0.997297
203	17	0.999528
203	7	0.997417
203	7	0.999556
203	135	0.997711
203	106	0.99794
203	91	0.998389
203	146	0.99718
203	30	0.998303
203	80	0.999622
203	33	0.997717
203	143	0.999619
203	16	0.999811
203	191	0.998257
203	128	0.998231
203	32	0.999948
203	189	0.998483
203	6	0.999316
203	125	0.998843
203	111	0.999118
203	179	0.999436
203	150	0.998106
203	113	0.999012
203	123	0.997943
203	155	0.999863
203	172	0.998048
203	78	0.998981
203	65	0.999101
203	72	0.998297
203	96	0.998394
203	69	0.999688
203	88	0.99992
203	146	0.999519
203	185	0.99937
203	192	0.997465
203	162	0.998557
203	135	0.999433
203	55	0.998752
203	159	0.998889
203	167	0.999568
203	182	0.99872
203	82	0.999485
203	27	0.999256
203	120	0.997923
203	103	0.997874
203	199	0.997151
203	185	0.999648
203	137	0.999144
203	137	0.999141
203	202	0.998632
203	81	0.999241
203	32	0.999422
203	22	0.998535
203	188	0.999101
203	43	0.998972
203	12	0.997843
203	191	0.997271
203	97	0.998746
203	198	0.997431
203	152	0.997757
203	175	0.998414
203	68	0.997514
203	193	0.998349
203	155	0.998406
203	73	0.999779
203	48	0.99846
203	141	0.998915
203	7	0.998881
203	18	0.998474
203	147	0.999782
203	56	0.998946
203	19	0.999215
203	73	0.999897
203	175	0.998417
203	137	0.999324
203	66	0.997951
203	196	0.99726
203	111	0.998852
203	36	0.997177
203	42	0.999092
203	116	0.99738
203	158	0.998563
203	174	0.997871
203	149	0.999433
203	75	0.998452
203	20	0.999545
203	177	0.997223
203	147	0.999651
203	11	0.998563
203	57	0.999204
203	183	0.997391
203	130	0.999548
203	106	0.99852
203	200	0.999384
203	155	0.997248
203	41	0.997886
203	197	0.99838
203	24	0.998683
203	169	0.999459
203	60	0.999067
203	156	0.997454
203	15	0.998183
203	196	0.999528
203	106	0.999416
203	92	0.999422
203	185	0.998806
203	105	0.999304
203	142	0.997768
203	42	0.997608
203	179	0.99748
203	199	0.99832
203	58	0.999897
203	8	0.999513
203	79	0.999261
203	66	0.998206
203	108	0.997508
203	15	0.998786
203	26	0.998386
203	125	0.998394
203	154	0.998649
203	89	0.998143
203	17	0.997348
203	96	0.998243
203	180	0.997203
203	106	0.997943
203	121	0.99907
203	160	0.998495
203	118	0.99794
203	161	0.997171
203	64	0.999465
203	183	0.997608
203	158	0.997265
203	133	0.999968
203	6	0.998926
203	27	0.999685
203	73	0.999854
203	174	0.999281
203	128	0.997377
203	100	0.998034
203	83	0.998283
203	15	0.99726
203	74	0.998952
203	189	0.997348
203	42	0.998589
203	78	0.998466
203	185	0.998689
203	188	0.998389
203	91	0.998363
203	145	0.998028
203	7	0.999719
203	56	0.998609
203	47	0.999078
203	185	0.998786
203	9	0.999201
203	22	0.997688
203	14	0.998981
203	158	0.999081
203	180	0.998535
203	11	0.997534
203	57	0.99943
203	186	0.999198
203	173	0.997194
203	79	0.999393
203	148	0.999453
203	100	0.998649
203	55	0.999671
203	72	0.998331
203	166	0.997634
203	50	0.998134
203	155	0.99994
203	104	0.998638
203	171	0.999685
203	128	0.999542
203	151	0.999393
203	202	0.999802
203	85	0.998191
203	181	0.997926
203	97	0.997891
203	30	0.998635
203	7	0.999487
203	143	0.9973
203	75	0.997994
203	167	0.999642
203	181	0.998912
203	101	0.997274
203	132	0.997608
203	140	0.997477
203	23	0.998924
203	195	0.999785
203	137	0.998858
203	151	0.998291
203	134	0.998849
203	83	0.997325
203	179	0.999926
203	36	0.999633
203	66	0.998884
203	117	0.999376
203	183	0.997986
203	97	0.998417
203	149	0.999651
203	125	0.997497
203	71	0.997377
203	51	0.997157
203	115	0.998563
203	177	0.998904
203	139	0.998223
203	178	0.999665
203	167	0.999857
203	85	0.998543
203	21	0.998758
203	35	0.998869
203	44	0.999696
203	8	0.997517
203	188	0.99998
203	189	0.998469
203	161	0.999536
203	166	0.998477
203	166	0.998889
203	90	0.997154
203	81	0.998086
203	184	0.999505
203	113	0.997217
203	59	0.99959
203	197	0.999304
203	201	0.999565
203	182	0.999808
203	90	0.997348
203	53	0.998454
203	190	0.997231
203	74	0.99907
203	201	0.998652
203	112	0.999908
203	92	0.997443
203	170	0.99868
203	16	0.999739
203	146	0.999396
203	161	0.997717
203	171	0.998183
203	184	0.997991
203	40	0.997423
203	88	0.999631
203	106	0.997691
203	49	0.999957
203	19	0.997974
203	45	0.998543
203	137	0.998815
203	51	0.999052
203	157	0.999917
203	177	0.997805
203	17	0.999737
203	19	0.999052
203	48	0.998517
203	134	0.998557
203	136	0.997594
203	85	0.998924
203	114	0.99754
203	10	0.997751
203	67	0.998832
203	140	0.99828
203	135	0.998597
203	159	0.999745
203	167	0.997991
203	158	0.997771
203	41	0.999582
203	79	0.999828
203	162	0.997966
203	148	0.999027
203	167	0.999774
203	26	0.999244
203	36	0.998434
203	115	0.997565
203	102	0.999734
203	106	0.997577
203	116	0.998543
203	130	0.998334
203	126	0.998629
203	58	0.997357
203	17	0.998766
203	148	0.998592
203	164	0.998749
203	68	0.998057
203	193	0.998177
203	33	0.999711
203	192	0.997748
203	6	0.997511
203	124	0.998231
203	190	0.99994
203	140	0.999221
203	45	0.999419
203	173	0.99804
203	200	0.999539
203	29	0.999588
203	134	0.999539
203	46	0.998429
203	8	0.9974
203	61	0.998729
203	173	0.999573
203	14	0.998981
203	85	0.999989
203	65	0.997631
203	163	0.998063
203	116	0.99913
203	33	0.997363
203	41	0.999064
203	145	0.99786
203	146	0.998758
203	153	0.998675
203	6	0.997637
203	83	0.998454
203	138	0.997811
203	59	0.999287
203	56	0.997414
203	176	0.997906
203	25	0.998532
203	125	0.997671
203	184	0.99842
203	131	0.998317
203	79	0.99868
203	23	0.998366
203	86	0.998778
203	134	0.998251
203	40	0.998583
203	179	0.997391
203	102	0.999834
203	50	0.999024
203	199	0.999553
203	93	0.999424
203	201	0.999493
203	64	0.998692
203	137	0.998074
203	96	0.997271
203	55	0.997328
203	142	0.998932
203	52	0.999058
203	98	0.997248
203	183	0.998374
203	90	0.997177
203	165	0.998635
203	182	0.997205
203	137	0.999565
203	59	0.998703
203	114	0.998655
203	72	0.999811
203	55	0.999204
203	118	0.999656
203	27	0.999135
203	151	0.999476
203	21	0.998781
203	133	0.998492
203	163	0.997497
203	142	0.9984
203	51	0.997528
203	94	0.997891
203	187	0.999599
203	83	0.999777
203	59	0.997345
203	82	0.998512
203	174	0.999522
203	136	0.997305
203	35	0.997857
203	153	0.999994
203	193	0.998866
203	160	0.9985
203	92	0.998609
203	107	0.999877
203	34	0.99949
203	121	0.998786
203	16	0.998154
203	160	0.998266
203	141	0.999436
203	158	0.999911
203	105	0.999883
203	177	0.999562
203	160	0.999264
203	118	0.997828
203	34	0.998869
203	44	0.998526
203	121	0.999261
203	199	0.997508
203	123	0.998011
203	172	0.998555
203	95	0.999341
203	18	0.999653
203	190	0.999854
203	89	0.999439
203	89	0.99772
203	147	0.997445
203	197	0.998709
203	180	0.998329
203	97	0.997525
203	99	0.997374
203	185	0.999178
203	88	0.999181
203	122	0.99776
203	17	0.997197
203	61	0.999536
203	195	0.998646
203	72	0.998924
203	92	0.998211
203	151	0.999702
203	68	0.99937
203	168	0.998858
203	40	0.997545
203	80	0.997414
203	108	0.999774
203	124	0.99784
203	70	0.999482
203	168	0.997963
203	193	0.999244
203	135	0.999542
203	130	0.999926
203	183	0.99796
203	49	0.998572
203	132	0.997988
203	8	0.997863
203	143	0.999344
203	195	0.999027
203	42	0.997263
203	18	0.997946
203	110	0.998638
203	156	0.999141
203	183	0.999983
203	199	0.99943
203	101	0.999195
203	39	0.998323
203	6	0.998955
203	80	0.997728
203	82	0.997268
203	182	0.998394
203	88	0.997188
203	69	0.999198
203	53	0.999908
203	150	0.997423
203	69	0.999055
203	51	0.99992
203	163	0.997857
203	44	0.998864
203	51	0.997605
203	29	0.999041
203	39	0.998904
203	128	0.997474
203	120	0.998769
203	21	0.999155
203	130	0.999768
203	39	0.997243
203	46	0.9975
203	28	0.9982
203	72	0.998474
203	139	0.997503
203	179	0.997463
203	21	0.998389
203	41	0.999361
203	80	0.999676
203	86	0.997808
203	152	0.997363
203	64	0.997988
203	60	0.999061
203	108	0.999104
203	175	0.999943
203	24	0.999038
203	131	0.99744
203	7	0.998231
203	144	0.997848
203	95	0.998183
203	66	0.999656
203	192	0.999218
203	96	0.99909
203	34	0.998872
203	61	0.997611
203	105	0.998008
203	137	0.997485
203	57	0.999957
203	170	0.997411
203	62	0.999814
203	23	0.998231
203	68	0.99738
203	117	0.999648
203	173	0.997245
203	17	0.997391
203	22	0.999181
203	166	0.997994
203	29	0.99756
203	183	0.998526
203	151	0.998918
203	18	0.99941
203	61	0.999725
203	39	0.998309
203	114	0.999682
203	144	0.997834
203	188	0.999963
203	195	0.998835
203	132	0.998289
203	68	0.999313
203	138	0.999084
203	31	0.997897
203	39	0.999373
203	23	0.999502
203	117	0.999422
203	93	0.998549
203	107	0.999528
203	36	0.997551
203	19	0.998206
203	84	0.997391
203	152	0.999115
203	129	0.997808
203	90	0.997417
203	109	0.998549
203	150	0.997491
203	16	0.998269
203	191	0.998088
203	103	0.997325
203	155	0.999682
203	147	0.997494
203	43	0.999628
203	131	0.999001
203	123	0.999213
203	77	0.997823
203	41	0.998709
203	83	0.997574
203	165	0.997488
203	166	0.997891
203	98	0.999198
203	150	0.997265
203	18	0.999602
203	96	0.99992
203	66	0.999224
203	161	0.998126
203	88	0.998194
203	65	0.9984
203	23	0.99738
203	160	0.99909
203	145	0.997877
203	42	0.999293
203	54	0.999304
203	188	0.997963
203	153	0.998048
203	159	0.997608
203	177	0.998011
203	37	0.998383
203	52	0.999218
203	51	0.997808
203	94	0.998206
203	140	0.997788
203	77	0.997923
203	103	0.998028
203	184	0.99846
203	94	0.998254
203	95	0.999479
203	36	0.998878
203	193	0.999004
203	188	0.998106
203	72	0.999842
203	138	0.999187
203	15	0.9983
203	150	0.998466
203	8	0.999078
203	197	0.997234
203	80	0.999256
203	191	0.999865
203	164	0.999774
203	78	0.999705
203	116	0.998466
203	54	0.999301
203	12	0.999708
203	137	0.99842
203	119	0.997308
203	23	0.999817
203	172	0.997963
203	30	0.997683
203	199	0.999696
203	108	0.998251
203	82	0.999264
203	162	0.998211
203	175	0.99919
203	78	0.999671
203	167	0.999007
203	41	0.998652
203	84	0.997708
203	104	0.999911
203	33	0.99866
203	106	0.997491
203	98	0.998217
203	55	0.998146
203	61	0.998852
203	194	0.998123
203	62	0.997151
203	13	0.998489
203	139	0.997465
203	62	0.997668
203	193	0.999822
203	127	0.998046
203	111	0.998864
203	168	0.998869
203	124	0.999705
203	114	0.999562
203	71	0.998595
203	68	0.998337
203	129	0.998895
203	18	0.998191
203	73	0.997305
203	86	0.998028
203	199	0.997263
203	66	0.997368
203	158	0.99822
203	133	0.99724
203	54	0.999419
203	38	0.998177
203	27	0.99998
203	40	0.997643
203	106	0.997483
203	194	0.997648
203	149	0.998097
203	95	0.99746
203	30	0.99933
203	175	0.998878
203	133	0.998297
203	6	0.999986
203	181	0.998629
203	17	0.998952
203	189	0.999771
203	51	0.997868
203	186	0.997683
203	33	0.997677
203	15	0.998675
203	188	0.99925
203	117	0.999207
203	30	0.9978
203	154	0.998967
203	48	0.997525
203	73	0.998617
203	177	0.998692
203	184	0.99951
203	36	0.997751
203	49	0.999722
203	31	0.999424
203	121	0.997623
203	183	0.99949
203	154	0.998
203	171	0.99746
203	56	0.997223
203	150	0.999785
203	119	0.997211
203	201	0.999668
203	108	0.998549
203	138	0.997637
203	146	0.999616
203	106	0.999373
203	169	0.999281
203	201	0.999871
203	97	0.999765
203	167	0.998752
203	168	0.997543
203	115	0.99917
203	106	0.999459
203	186	0.998715
203	110	0.999402
203	56	0.997745
203	79	0.99726
203	49	0.997651
203	182	0.999556
203	37	0.99923
203	150	0.997197
203	92	0.998366
203	167	0.998003
203	13	0.997203
203	75	0.998729
203	11	0.999393
203	166	0.9975
203	72	0.99738
203	64	0.99911
203	188	0.999759
203	28	0.998961
203	138	0.999977
203	151	0.999828
203	118	0.998289
203	33	0.998924
203	193	0.998452
203	41	0.997428
203	147	0.997774
203	23	0.99718
203	146	0.998572
203	97	0.997848
203	69	0.997688
203	130	0.999067
203	42	0.998921
203	78	0.997823
203	168	0.997657
203	161	0.997265
203	137	0.999662
203	106	0.997337
203	56	0.999104
203	173	0.999424
203	63	0.999688
203	143	0.999528
203	75	0.999917
203	191	0.99996
203	144	0.998589
203	172	0.999831
203	109	0.999339
203	120	0.999147
203	151	0.997357
203	176	0.998151
203	80	0.998709
203	27	0.999381
203	157	0.997271
203	177	0.999983
203	113	0.998655
203	194	0.999273
203	97	0.999341
203	53	0.998409
203	127	0.997483
203	36	0.999905
203	142	0.997957
203	73	0.999728
203	57	0.999092
203	58	0.999951
203	60	0.998106
203	117	0.998452
203	18	0.998532
203	199	0.997817
203	108	0.999974
203	110	0.998068
203	121	0.998729
203	78	0.997245
203	188	0.998071
203	177	0.999236
203	49	0.997966
203	177	0.998858
203	125	0.998171
203	195	0.998612
203	126	0.999462
203	89	0.99768
203	175	0.999121
203	188	0.997483
203	65	0.999038
203	23	0.999728
203	54	0.998457
203	176	0.999762
203	137	0.997823
203	91	0.998583
203	7	0.998961
203	184	0.998938
203	201	0.999029
203	182	0.99806
203	151	0.998526
203	88	0.999035
203	134	0.999399
203	154	0.997968
203	26	0.997591
203	95	0.999651
203	41	0.99992
203	130	0.999422
203	125	0.999676
203	149	0.998852
203	146	0.998826
203	91	0.999983
203	95	0.99919
203	54	0.99955
203	22	0.997503
203	150	0.998829
203	40	0.997723
203	23	0.998878
203	83	0.997565
203	54	0.997617
203	144	0.998523
203	66	0.998469
203	44	0.998786
203	139	0.998981
203	46	0.999035
203	40	0.998037
203	54	0.997717
203	101	0.997645
203	47	0.997957
203	101	0.998864
203	161	0.997828
203	163	0.998071
203	54	0.999522
203	130	0.998615
203	193	0.997986
203	113	0.999622
203	109	0.99984
203	7	0.999264
203	35	0.999542
203	128	0.999596
203	130	0.998166
203	134	0.997374
203	74	0.999416
203	69	0.999868
203	181	0.998346
203	174	0.998363
203	30	0.99872
203	142	0.999118
203	95	0.999456
203	52	0.999444
203	199	0.999928
203	193	0.997894
203	22	0.999891
203	149	0.998823
203	111	0.999078
203	169	0.999596
203	144	0.997274
203	38	0.997883
203	154	0.999628
203	181	0.997334
203	188	0.999301
203	106	0.999127
203	27	0.997391
203	123	0.999788
203	30	0.997385
203	197	0.998732
203	195	0.998809
203	183	0.999287
203	76	0.99919
203	152	0.999739
203	115	0.999573
203	144	0.998746
203	179	0.999782
203	186	0.999399
203	10	0.998589
203	67	0.999808
203	121	0.999092
203	54	0.997534
203	93	0.999135
203	46	0.999708
203	55	0.998743
203	144	0.999565
203	199	0.997143
203	16	0.999287
203	40	0.997734
203	92	0.998483
203	143	0.999184
203	19	0.998864
203	131	0.99917
203	6	0.999762
203	97	0.997854
203	188	0.998675
203	28	0.997877
203	171	0.999708
203	79	0.998397
203	10	0.9979
203	92	0.999582
203	128	0.999433
203	118	0.999888
203	44	0.99864
203	91	0.997923
203	178	0.999625
203	26	0.998389
203	91	0.998615
203	83	0.999393
203	196	0.999688
203	130	0.999356
203	10	0.999676
203	21	0.999797
203	189	0.999908
203	98	0.998806
203	22	0.99828
203	47	0.999699
203	70	0.999731
203	68	0.997657
203	97	0.99722
203	62	0.997397
203	188	0.99955
203	140	0.999522
203	147	0.997197
203	9	0.9999
203	77	0.997274
203	60	0.997991
203	142	0.998649
203	195	0.9977
203	51	0.997154
203	48	0.997385
203	29	0.99935
203	105	0.999742
203	66	0.997637
203	177	0.999897
203	161	0.999731
203	104	0.99925
203	171	0.999241
203	110	0.999734
203	64	0.998349
203	112	0.999742
203	138	0.997474
203	62	0.997871
203	151	0.99858
203	14	0.99872
203	133	0.999138
203	72	0.998692
203	171	0.997457
203	44	0.998781
203	24	0.999084
203	104	0.998569
203	141	0.999336
203	33	0.998486
203	171	0.997425
203	33	0.998214
203	29	0.998643
203	70	0.99955
203	72	0.998735
203	137	0.997645
203	153	0.998477
203	199	0.997257
203	163	0.997845
203	109	0.999078
203	48	0.998157
203	195	0.997734
203	30	0.997485
203	124	0.99852
203	82	0.998944
203	67	0.998426
203	142	0.998329
203	195	0.99822
203	6	0.997705
203	110	0.999115
203	107	0.998389
203	22	0.998866
203	8	0.99834
203	162	0.99854
203	19	0.999628
203	73	0.998735
203	20	0.998054
203	33	0.997157
203	199	0.997857
203	22	0.997285
203	192	0.999722
203	115	0.999948
203	91	0.998821
203	7	0.998472
203	181	0.998023
203	122	0.997374
203	106	0.99917
203	6	0.999954
203	137	0.999596
203	149	0.997545
203	87	0.998191
203	97	0.999221
203	122	0.999719
203	19	0.999067
203	195	0.99907
203	59	0.998517
203	11	0.998088
203	190	0.99798
203	105	0.997974
203	27	0.997991
203	164	0.998189
203	133	0.998077
203	80	0.998781
203	116	0.998123
203	73	0.997514
203	91	0.999989
203	135	0.997831
203	80	0.997788
203	108	0.997554
203	68	0.999333
203	16	0.997783
203	152	0.99931
203	57	0.999579
203	123	0.999997
203	180	0.997723
203	151	0.9999
203	102	0.999115
203	201	0.997583
203	78	0.99836
203	145	0.999035
203	76	0.998855
203	85	0.997368
203	41	0.998864
203	36	0.99816
203	186	0.9984
203	98	0.99986
203	73	0.999633
203	85	0.999181
203	65	0.99945
203	152	0.99949
203	19	0.999241
203	114	0.997845
203	62	0.998967
203	84	0.998074
203	120	0.998812
203	107	0.998057
203	70	0.999716
203	183	0.999081
203	178	0.999021
203	130	0.998277
203	166	0.998011
203	75	0.999181
203	21	0.999476
203	120	0.999175
203	142	0.997185
203	45	0.99766
203	151	0.999024
203	100	0.998108
203	75	0.998818
203	19	0.999568
203	91	0.998775
203	105	0.998595
203	169	0.998123
203	94	0.999024
203	149	0.999072
203	19	0.998474
203	15	0.997808
203	17	0.998211
203	12	0.997348
203	202	0.997748
203	35	0.999307
203	139	0.99915
203	83	0.998046
203	103	0.997245
203	91	0.998635
203	52	0.997185
203	174	0.997888
203	165	0.998766
203	146	0.999983
203	175	0.999496
203	121	0.998586
203	182	0.999923
203	92	0.998595
203	14	0.998978
203	145	0.998211
203	18	0.997317
203	131	0.999004
203	102	0.999616
203	192	0.998106
203	194	0.998603
203	133	0.998277
203	139	0.99758
203	183	0.998174
203	82	0.999837
203	124	0.999968
203	82	0.998174
203	95	0.997163
203	113	0.999545
203	101	0.997797
203	65	0.997971
203	8	0.998972
203	24	0.997425
203	98	0.999619
203	119	0.998646
203	132	0.998649
203	174	0.999542
203	178	0.997668
203	191	0.997271
203	38	0.999384
203	111	0.999462
203	117	0.998729
203	62	0.999768
203	68	0.998189
203	10	0.997554
203	141	0.998964
203	88	0.998203
203	80	0.9973
203	106	0.997343
203	178	0.997931
203	99	0.999665
203	61	0.998314
203	34	0.998869
203	36	0.998823
203	131	0.998452
203	95	0.999138
203	152	0.998795
203	49	0.997217
203	174	0.998918
203	52	0.997343
203	182	0.998163
203	26	0.998878
203	180	0.998803
203	90	0.997648
203	139	0.99834
203	150	0.999356
203	36	0.998474
203	182	0.997394
203	38	0.997774
203	150	0.998151
203	133	0.998795
203	173	0.997857
203	13	0.998497
203	101	0.997334
203	133	0.999779
203	38	0.999674
203	44	0.999153
203	74	0.998892
203	167	0.99927
203	158	0.999321
203	148	0.997165
203	34	0.99796
203	188	0.99814
203	194	0.9982
203	108	0.998149
203	23	0.999822
203	126	0.997388
203	144	0.997926
203	13	0.999224
203	24	0.9984
203	95	0.999616
203	120	0.997717
203	147	0.999296
203	175	0.999264
203	29	0.999187
203	114	0.997471
203	58	0.999462
203	30	0.99768
203	120	0.998257
203	139	0.999453
203	106	0.997343
203	28	0.997946
203	166	0.997685
203	87	0.999038
203	148	0.998149
203	145	0.999576
203	57	0.998483
203	102	0.999854
203	53	0.998492
203	29	0.998429
203	155	0.999739
203	27	0.99814
203	37	0.997468
203	19	0.997688
203	6	0.999757
203	169	0.997863
203	50	0.997157
203	68	0.999081
203	38	0.99768
203	72	0.999751
203	154	0.9975
203	48	0.998074
203	48	0.998043
203	141	0.998763
203	23	0.997394
203	136	0.997757
203	104	0.99774
203	44	0.998972
203	124	0.999946
203	40	0.998083
203	92	0.998658
203	177	0.999765
203	34	0.997497
203	126	0.999602
203	66	0.997834
203	192	0.997463
203	156	0.99802
203	137	0.998658
203	93	0.998323
203	93	0.997214
203	113	0.997803
203	89	0.998658
203	156	0.997394
203	96	0.99862
203	62	0.997645
203	189	0.999213
203	45	0.99921
203	59	0.998417
203	147	0.997743
203	65	0.999029
203	107	0.999442
203	84	0.999261
203	14	0.997283
203	93	0.998909
203	106	0.999473
203	37	0.997148
203	103	0.997751
203	14	0.999553
203	46	0.99947
203	36	0.99822
203	175	0.997888
203	177	0.997205
203	67	0.998183
203	38	0.998626
203	61	0.997674
203	116	0.999087
203	83	0.999622
203	147	0.997508
203	182	0.99814
203	119	0.99935
203	70	0.999158
203	191	0.997611
203	147	0.99824
203	46	0.99746
203	131	0.999224
203	118	0.998183
203	194	0.998595
203	92	0.999579
203	115	0.998984
203	63	0.998474
203	161	0.99738
203	119	0.997754
203	55	0.999124
203	159	0.998915
203	70	0.999175
203	99	0.998317
203	201	0.997743
203	198	0.999029
203	68	0.999301
203	118	0.99718
203	30	0.999367
203	71	0.999908
203	198	0.99842
203	20	0.998271
203	160	0.999424
203	44	0.997525
203	171	0.997523
203	133	0.997385
203	114	0.999599
203	201	0.997145
203	42	0.999596
203	128	0.999596
203	146	0.9982
203	165	0.999777
203	68	0.998254
203	34	0.999874
203	54	0.99842
203	132	0.999347
203	47	0.99814
203	16	0.998889
203	67	0.999885
203	107	0.999021
203	176	0.997174
203	52	0.997585
203	168	0.998492
203	47	0.997245
203	122	0.997946
203	197	0.998349
203	194	0.997545
203	181	0.999636
203	112	0.997363
203	13	0.999605
203	24	0.997165
203	189	0.999653
203	103	0.999868
203	21	0.99796
203	166	0.997528
203	28	0.999851
203	146	0.998946
203	187	0.997948
203	8	0.999041
203	90	0.997903
203	34	0.9987
203	181	0.997926
203	80	0.9986
203	154	0.998068
203	158	0.998017
203	33	0.998523
203	145	0.999316
203	64	0.99808
203	64	0.998291
203	79	0.998932
203	42	0.997225
203	61	0.997528
203	64	0.998011
203	17	0.998984
203	105	0.998992
203	158	0.999782
203	23	0.999779
203	122	0.998858
203	59	0.9984
203	134	0.99746
203	78	0.998967
203	142	0.998955
203	107	0.999124
203	30	0.999433
203	30	0.998174
203	192	0.99927
203	42	0.999513
203	62	0.99844
203	195	0.998163
203	88	0.998846
203	7	0.998686
203	8	0.997588
203	149	0.998752
203	123	0.997397
203	111	0.998543
203	134	0.997554
203	99	0.998186
203	102	0.997545
203	111	0.999407
203	69	0.998981
203	119	0.99716
203	75	0.997397
203	107	0.998906
203	79	0.999393
203	189	0.998669
203	195	0.9981
203	142	0.999173
203	75	0.999851
203	60	0.99794
203	42	0.998106
203	7	0.999596
203	168	0.998477
203	53	0.999926
203	9	0.997203
203	134	0.998503
203	81	0.99832
203	82	0.998457
203	71	0.997145
203	140	0.99722
203	110	0.999387
203	15	0.997465
203	37	0.997714
203	6	0.999599
203	112	0.99826
203	137	0.999092
203	171	0.998203
203	126	0.9979
203	33	0.99917
203	75	0.998852
203	107	0.998769
203	75	0.998929
203	20	0.998457
203	42	0.999754
203	26	0.998203
203	198	0.999794
203	155	0.997645
203	95	0.999817
203	93	0.99732
203	28	0.999456
203	45	0.999934
203	125	0.999568
203	49	0.998864
203	88	0.99864
203	104	0.997537
203	82	0.999181
203	154	0.999694
203	82	0.998626
203	176	0.998088
203	100	0.999602
203	169	0.998449
203	80	0.99806
203	122	0.998003
203	132	0.99766
203	91	0.997488
203	195	0.997971
203	49	0.997383
203	43	0.998243
203	49	0.997405
203	57	0.997285
203	128	0.998094
203	89	0.998823
203	27	0.999636
203	57	0.998938
203	109	0.997788
203	64	0.998043
203	11	0.997731
203	181	0.997674
203	30	0.998003
203	195	0.998126
203	112	0.999333
203	183	0.998935
203	98	0.997143
203	130	0.99748
203	170	0.99826
203	16	0.999937
203	48	0.999542
203	192	0.99824
203	163	0.997788
203	199	0.999313
203	19	0.999476
203	112	0.998964
203	108	0.99768
203	56	0.998271
203	49	0.998474
203	9	0.998663
203	119	0.999923
203	104	0.999376
203	137	0.999633
203	46	0.99782
203	110	0.999639
203	186	0.99754
203	100	0.997677
203	179	0.999101
203	172	0.9987
203	183	0.998412
203	167	0.999195
203	171	0.998692
203	86	0.999376
203	137	0.999608
203	151	0.998795
203	55	0.999757
203	61	0.998034
203	42	0.99874
203	187	0.999381
203	194	0.998317
203	15	0.997505
203	55	0.99774
203	96	0.998028
203	183	0.998257
203	145	0.999725
203	142	0.999092
203	18	0.999599
203	158	0.999167
203	6	0.997617
203	123	0.997774
203	84	0.999035
203	19	0.998826
203	141	0.997834
203	193	0.99792
203	24	0.997794
203	103	0.997808
203	171	0.999651
203	137	0.999525
203	164	0.997323
203	186	0.998935
203	38	0.999814
203	45	0.999339
203	159	0.99808
203	21	0.998417
203	46	0.997574
203	64	0.9998
203	15	0.997968
203	60	0.999422
203	168	0.99947
203	55	0.99822
203	32	0.99927
203	141	0.998077
203	96	0.997645
203	37	0.999081
203	85	0.998414
203	14	0.998597
203	29	0.998732
203	167	0.99925
203	48	0.997265
203	168	0.99806
203	78	0.99762
203	18	0.999009
203	197	0.99905
203	121	0.999794
203	117	0.997665
203	41	0.999931
203	90	0.997771
203	54	0.999195
203	139	0.999742
203	170	0.997854
203	134	0.998546
203	37	0.997585
203	53	0.999642
203	135	0.997403
203	197	0.999198
203	131	0.998826
203	189	0.997508
203	162	0.997568
203	40	0.99872
203	155	0.998283
203	24	0.99772
203	124	0.999822
203	83	0.999665
203	7	0.998397
203	114	0.997197
203	188	0.998291
203	152	0.998446
203	50	0.998603
203	101	0.999794
203	151	0.99816
203	53	0.999811
203	111	0.99852
203	119	0.99806
203	199	0.998266
203	11	0.997725
203	145	0.998918
203	122	0.99854
203	140	0.997417
203	201	0.997934
203	45	0.997425
203	111	0.999903
203	133	0.99911
203	193	0.999379
203	136	0.998543
203	131	0.99848
203	140	0.997888
203	51	0.999278
203	179	0.998623
203	66	0.998297
203	96	0.9987
203	198	0.997577
203	165	0.999737
203	102	0.997311
203	37	0.999281
203	162	0.999579
203	71	0.999705
203	129	0.999613
203	83	0.999989
203	105	0.998992
203	182	0.999579
203	77	0.997754
203	107	0.998083
203	175	0.998003
203	9	0.99716
203	150	0.999825
203	162	0.999278
203	7	0.997974
203	55	0.999516
203	69	0.998995
203	60	0.997237
203	47	0.998043
203	12	0.999688
203	155	0.999473
203	177	0.99732
203	104	0.997691
203	121	0.998154
203	101	0.9987
203	27	0.9976
203	44	0.999628
203	52	0.9982
203	138	0.998755
203	139	0.997783
203	10	0.99868
203	42	0.999885
203	109	0.999539
203	113	0.998958
203	195	0.999877
203	59	0.999465
203	132	0.999499
203	69	0.998743
203	109	0.99772
203	116	0.99911
203	66	0.999321
203	91	0.998463
203	185	0.997983
203	81	0.999502
203	44	0.998832
203	47	0.997866
203	59	0.997425
203	50	0.997188
203	41	0.997231
203	152	0.998034
203	196	0.998795
203	92	0.999496
203	64	0.999195
203	105	0.998008
203	52	0.999402
203	151	0.997445
203	179	0.99939
203	146	0.999153
203	116	0.997631
203	8	0.998286
203	43	0.999937
203	58	0.998792
203	179	0.999542
203	159	0.998026
203	142	0.998941
203	177	0.998517
203	75	0.997254
203	71	0.998783
203	10	0.999447
203	135	0.997291
203	35	0.998189
203	41	0.99804
203	152	0.997611
203	202	0.998366
203	40	0.998463
203	109	0.997694
203	10	0.999748
203	188	0.999467
203	169	0.998011
203	126	0.997465
203	118	0.99866
203	145	0.998394
203	91	0.998772
203	134	0.997497
203	65	0.998343
203	200	0.997934
203	13	0.998663
203	138	0.998529
203	100	0.998174
203	139	0.998718
203	57	0.998051
203	39	0.998063
203	62	0.998103
203	155	0.997937
203	9	0.998246
203	165	0.998629
203	188	0.999877
203	115	0.998998
203	107	0.998034
203	187	0.997643
203	176	0.999316
203	108	0.999482
203	180	0.997871
203	194	0.997317
203	96	0.998789
203	150	0.998283
203	174	0.997434
203	64	0.999576
203	152	0.997711
203	82	0.997208
203	18	0.997571
203	105	0.999367
203	6	0.99951
203	79	0.998394
203	188	0.998352
203	129	0.998575
203	113	0.998466
203	145	0.999007
203	177	0.999307
203	201	0.997637
203	33	0.998412
203	117	0.998423
203	149	0.998151
203	93	0.99752
203	162	0.998117
203	50	0.997963
203	51	0.998366
203	93	0.998715
203	43	0.998738
203	138	0.998517
203	190	0.999877
203	76	0.998031
203	85	0.998412
203	151	0.997574
203	55	0.998529
203	70	0.998206
203	162	0.999278
203	103	0.999797
203	189	0.998755
203	188	0.997203
203	36	0.997265
203	81	0.997991
203	40	0.999777
203	68	0.998211
203	27	0.99925
203	120	0.998254
203	107	0.997994
203	171	0.999651
203	187	0.997274
203	92	0.997943
203	7	0.999625
203	129	0.998432
203	172	0.99736
203	120	0.99921
203	138	0.998437
203	45	0.999399
203	145	0.998755
203	173	0.998643
203	46	0.997263
203	89	0.998686
203	79	0.997483
203	143	0.999536
203	98	0.999009
203	197	0.999175
203	95	0.999427
203	32	0.997565
203	58	0.998309
203	50	0.997274
203	82	0.998597
203	62	0.997923
203	114	0.99732
203	131	0.998678
203	161	0.999095
203	185	0.999705
203	197	0.997974
203	190	0.998068
203	153	0.998875
203	97	0.998546
203	45	0.9977
203	60	0.998417
203	130	0.997405
203	105	0.998989
203	156	0.997534
203	50	0.999834
203	98	0.998108
203	84	0.9974
203	47	0.999204
203	187	0.997854
203	23	0.997803
203	23	0.997591
203	89	0.999127
203	68	0.999728
203	79	0.998881
203	29	0.997703
203	179	0.997817
203	80	0.999399
203	59	0.99941
203	195	0.998377
203	92	0.999127
203	183	0.99834
203	104	0.998317
203	33	0.997697
203	161	0.998149
203	202	0.999771
203	11	0.99909
203	128	0.998226
203	109	0.998981
203	19	0.997151
203	92	0.999324
203	21	0.999021
203	91	0.998028
203	164	0.998686
203	156	0.997677
203	83	0.999593
203	141	0.998311
203	125	0.997994
203	62	0.997483
203	131	0.999668
203	144	0.99913
203	180	0.999722
203	200	0.998703
203	158	0.99846
203	149	0.999722
203	200	0.998675
203	97	0.998017
203	66	0.997765
203	175	0.99864
203	163	0.999384
203	199	0.999642
203	180	0.997785
203	49	0.998123
203	165	0.998214
203	21	0.999751
203	186	0.997714
203	79	0.999144
203	105	0.999393
203	21	0.997185
203	10	0.999696
203	26	0.998154
203	152	0.997465
203	113	0.997828
203	46	0.999631
203	50	0.99818
203	29	0.997934
203	69	0.998512
203	137	0.997685
203	119	0.99856
203	190	0.997543
203	160	0.997254
203	134	0.997503
203	105	0.997231
203	154	0.998106
203	33	0.999545
203	72	0.999024
203	182	0.997565
203	30	0.998337
203	175	0.997608
203	16	0.999264
203	173	0.999828
203	7	0.998174
203	156	0.997645
203	25	0.998383
203	186	0.999625
203	97	0.99862
203	155	0.997711
203	172	0.997697
203	85	0.999994
203	183	0.999141
203	84	0.997485
203	119	0.999513
203	22	0.997463
203	147	0.999015
203	91	0.999611
203	198	0.998277
203	90	0.998297
203	156	0.997731
203	131	0.999897
203	91	0.997994
203	99	0.998924
203	34	0.997568
203	126	0.9979
203	184	0.997394
203	183	0.997997
203	118	0.998809
203	37	0.998437
203	35	0.997651
203	168	0.998801
203	176	0.998486
203	50	0.999822
203	195	0.9972
203	101	0.999496
203	63	0.998881
203	196	0.997911
203	28	0.998257
203	20	0.99854
203	153	0.999087
203	14	0.997725
203	58	0.998283
203	102	0.99808
203	31	0.997754
203	104	0.99726
203	12	0.999459
203	196	0.997511
203	150	0.999112
203	87	0.999608
203	21	0.997574
203	23	0.998557
203	42	0.998163
203	138	0.99874
203	36	0.999253
203	183	0.999124
203	160	0.999585
203	70	0.997817
203	14	0.997511
203	61	0.997565
203	55	0.999198
203	53	0.997508
203	43	0.997748
203	99	0.999539
203	192	0.998457
203	200	0.999064
203	83	0.997968
203	47	0.998987
203	115	0.999665
203	129	0.999831
203	145	0.999267
203	176	0.99794
203	164	0.999353
203	48	0.998369
203	35	0.99858
203	161	0.999278
203	7	0.998843
203	105	0.999402
203	118	0.99852
203	75	0.997977
203	101	0.998878
203	122	0.999948
203	18	0.998068
203	135	0.998795
203	50	0.998506
203	122	0.997983
203	192	0.998251
203	144	0.998789
203	140	0.999112
203	148	0.99718
203	172	0.997783
203	115	0.997337
203	160	0.998775
203	196	0.997425
203	172	0.999396
203	145	0.998629
203	24	0.999047
203	16	0.997977
203	105	0.997517
203	14	0.998763
203	126	0.998864
203	42	0.998134
203	97	0.997185
203	15	0.998929
203	176	0.998901
203	161	0.999313
203	11	0.997248
203	131	0.999238
203	169	0.999027
203	49	0.997617
203	73	0.997508
203	43	0.99716
203	197	0.997768
203	191	0.998369
203	64	0.999825
203	146	0.997623
203	46	0.998209
203	124	0.997757
203	22	0.997508
203	120	0.997645
203	101	0.998912
203	123	0.99804
203	137	0.998512
203	164	0.997334
203	18	0.997577
203	181	0.999971
203	79	0.999631
203	131	0.997903
203	127	0.999619
203	57	0.998726
203	184	0.999708
203	128	0.999353
203	164	0.999344
203	94	0.997263
203	47	0.999714
203	114	0.998323
203	43	0.997886
203	33	0.99996
203	200	0.999118
203	91	0.997928
203	186	0.997423
203	167	0.997814
203	167	0.997968
203	19	0.997403
203	198	0.997988
203	28	0.998775
203	155	0.99935
203	162	0.99716
203	125	0.997771
203	17	0.997165
203	18	0.999588
203	116	0.99784
203	109	0.9999
203	17	0.99742
203	143	0.999436
203	16	0.998506
203	105	0.998635
203	186	0.998234
203	128	0.999476
203	83	0.99941
203	140	0.999376
203	183	0.998274
203	104	0.997737
203	31	0.997891
203	148	0.999579
203	75	0.999883
203	28	0.999213
203	103	0.999828
203	164	0.997491
203	186	0.999075
203	71	0.998746
203	104	0.997903
203	140	0.998211
203	171	0.999439
203	101	0.999639
203	7	0.999539
203	171	0.99796
203	163	0.997428
203	85	0.999573
203	133	0.999937
203	152	0.99943
203	131	0.998303
203	36	0.99988
203	80	0.997851
203	138	0.999842
203	19	0.99766
203	11	0.999931
203	88	0.99818
203	171	0.999373
203	92	0.99943
203	74	0.999946
203	191	0.998529
203	67	0.998552
203	7	0.997377
203	32	0.998609
203	45	0.998472
203	120	0.998849
203	189	0.998729
203	128	0.997268
203	83	0.99937
203	81	0.999112
203	17	0.999204
203	25	0.999777
203	139	0.999656
203	168	0.998314
203	196	0.997794
203	165	0.999622
203	38	0.998972
203	80	0.998026
203	69	0.99923
203	102	0.998108
203	187	0.998921
203	109	0.999347
203	177	0.998683
203	57	0.998243
203	174	0.99726
203	168	0.997305
203	52	0.997703
203	61	0.998363
203	119	0.998746
203	106	0.999871
203	144	0.998423
203	26	0.998306
203	75	0.999221
203	24	0.999178
203	78	0.998372
203	14	0.999628
203	141	0.998028
203	126	0.997171
203	122	0.998469
203	7	0.99836
203	173	0.999608
203	54	0.997231
203	60	0.999868
203	172	0.999427
203	70	0.997443
203	43	0.99752
203	182	0.999548
203	57	0.999831
203	57	0.998331
203	13	0.997908
203	82	0.997523
203	50	0.998855
203	190	0.998743
203	96	0.997308
203	34	0.998054
203	52	0.999714
203	20	0.99923
203	42	0.999989
203	161	0.997743
203	83	0.998057
203	150	0.999416
203	67	0.998237
203	163	0.999797
203	82	0.998454
203	97	0.998454
203	24	0.998466
203	67	0.997997
203	51	0.99796
203	149	0.998151
203	108	0.998249
203	98	0.999545
203	14	0.999387
203	113	0.997734
203	105	0.998314
203	71	0.997385
203	142	0.99945
203	68	0.99856
203	67	0.999319
203	63	0.998938
203	199	0.999175
203	184	0.99716
203	98	0.999044
203	105	0.998046
203	195	0.998406
203	73	0.998472
203	36	0.998555
203	149	0.999622
203	32	0.998629
203	8	0.99722
203	17	0.997205
203	161	0.99955
203	13	0.999834
203	166	0.997211
203	138	0.999164
203	151	0.998526
203	156	0.997294
203	58	0.999204
203	191	0.998497
203	21	0.998795
203	97	0.998987
203	48	0.997348
203	143	0.998695
203	38	0.997171
203	141	0.998563
203	6	0.998337
203	94	0.999462
203	111	0.999499
203	130	0.998537
203	168	0.999691
203	122	0.999505
203	65	0.99816
203	176	0.998566
203	103	0.997677
203	122	0.998892
203	69	0.998555
203	159	0.997345
203	96	0.999233
203	63	0.997817
203	67	0.997448
203	44	0.998892
203	176	0.998666
203	184	0.999968
203	136	0.998738
203	45	0.999905
203	52	0.997265
203	25	0.998134
203	189	0.997583
203	58	0.999041
203	94	0.999568
203	45	0.998169
203	61	0.997997
203	173	0.99992
203	136	0.99716
203	89	0.997903
203	134	0.997608
203	169	0.99917
203	35	0.997937
203	44	0.999118
203	139	0.999742
203	146	0.998569
203	93	0.997765
203	163	0.998998
203	144	0.9984
203	158	0.999505
203	180	0.998346
203	175	0.999968
203	128	0.997423
203	92	0.998615
203	144	0.998503
203	200	0.999794
203	57	0.998772
203	63	0.998057
203	94	0.998094
203	45	0.999121
203	119	0.998437
203	117	0.999296
203	183	0.998088
203	60	0.9987
203	196	0.997317
203	148	0.999112
203	59	0.999745
203	70	0.99776
203	109	0.997957
203	166	0.999021
203	45	0.99848
203	145	0.997185
203	19	0.99774
203	6	0.997754
203	168	0.998563
203	41	0.999032
203	20	0.998783
203	193	0.999032
203	185	0.999679
203	165	0.999625
203	10	0.999923
203	137	0.999639
203	172	0.99951
203	81	0.997957
203	81	0.997917
203	142	0.999476
203	98	0.997808
203	119	0.998506
203	60	0.997634
203	78	0.99988
203	167	0.998452
203	93	0.998924
203	50	0.997308
203	121	0.999771
203	80	0.999195
203	28	0.998017
203	188	0.997434
203	28	0.999611
203	44	0.998197
203	182	0.997914
203	93	0.998231
203	10	0.998924
203	72	0.998563
203	19	0.99816
203	109	0.999651
203	183	0.998855
203	81	0.998532
203	56	0.998406
203	93	0.999845
203	55	0.999439
203	61	0.999573
203	85	0.997323
203	37	0.998569
203	63	0.998849
203	84	0.999015
203	195	0.998532
203	145	0.997197
203	117	0.99768
203	29	0.997405
203	87	0.998074
203	188	0.997777
203	119	0.997534
203	22	0.997754
203	69	0.997794
203	177	0.998426
203	89	0.998337
203	49	0.999668
203	50	0.998046
203	187	0.999339
203	115	0.998612
203	157	0.997474
203	200	0.998552
203	70	0.997537
203	20	0.998337
203	157	0.999058
203	127	0.999559
203	149	0.998463
203	151	0.99953
203	201	0.997863
203	20	0.99816
203	159	0.997234
203	103	0.999805
203	197	0.999135
203	111	0.999201
203	18	0.997648
203	83	0.998846
203	134	0.999848
203	198	0.999178
203	168	0.998938
203	189	0.999946
203	100	0.999931
203	100	0.997237
203	48	0.998046
203	22	0.997845
203	34	0.999181
203	37	0.997894
203	85	0.997514
203	112	0.997297
203	30	0.998277
203	85	0.997557
203	21	0.99754
203	57	0.999857
203	54	0.997431
203	56	0.997517
203	117	0.997363
203	105	0.99828
203	136	0.997534
203	20	0.999811
203	168	0.999298
203	98	0.997597
203	190	0.999161
203	113	0.999459
203	126	0.997417
203	180	0.997643
203	189	0.99714
203	181	0.999619
203	102	0.998577
203	107	0.997428
203	48	0.998014
203	88	0.997663
203	92	0.999625
203	89	0.997848
203	134	0.997245
203	70	0.999407
203	132	0.999565
203	131	0.99812
203	29	0.997491
203	199	0.998392
203	163	0.997845
203	122	0.999293
203	10	0.998944
203	199	0.998666
203	98	0.998786
203	105	0.997986
203	75	0.998769
203	107	0.997568
203	202	0.997283
203	146	0.999871
203	10	0.997625
203	195	0.998846
203	169	0.998655
203	128	0.997245
203	174	0.99744
203	186	0.99752
203	38	0.999164
203	76	0.999748
203	43	0.998437
203	148	0.998483
203	9	0.999347
203	133	0.998037
203	130	0.99848
203	44	0.999814
203	64	0.998758
203	143	0.997368
203	91	0.999247
203	32	0.998572
203	112	0.997983
203	161	0.997403
203	119	0.998838
203	65	0.999974
203	73	0.997454
203	147	0.997848
203	96	0.999187
203	140	0.997534
203	170	0.998006
203	183	0.999516
203	99	0.997946
203	81	0.99836
203	185	0.998529
203	88	0.999161
203	6	0.997583
203	143	0.998609
203	126	0.997148
203	171	0.999198
203	47	0.998843
203	22	0.99786
203	137	0.997365
203	96	0.998978
203	114	0.999201
203	70	0.998117
203	31	0.997943
203	185	0.999963
203	178	0.997717
203	197	0.998875
203	10	0.998028
203	178	0.997688
203	194	0.99758
203	195	0.997577
203	80	0.998397
203	103	0.998437
203	111	0.999436
203	21	0.99822
203	6	0.998921
203	106	0.998369
203	60	0.997574
203	108	0.998758
203	58	0.997825
203	40	0.999608
203	37	0.998126
203	9	0.999422
203	197	0.99792
203	100	0.998855
203	166	0.998655
203	141	0.9981
203	102	0.99994
203	50	0.998349
203	40	0.999957
203	124	0.997203
203	119	0.9984
203	70	0.999765
203	152	0.997926
203	49	0.997697
203	15	0.999642
203	172	0.998186
203	48	0.999905
203	181	0.998638
203	77	0.998555
203	37	0.999276
203	196	0.997388
203	17	0.998675
203	132	0.99915
203	80	0.99957
203	54	0.998952
203	41	0.998503
203	96	0.99909
203	141	0.997228
203	110	0.998683
203	63	0.999402
203	77	0.998806
203	132	0.999267
203	79	0.999633
203	155	0.997203
203	32	0.999092
203	47	0.998898
203	136	0.99742
203	87	0.998998
203	158	0.998377
203	160	0.997643
203	104	0.999473
203	193	0.997171
203	202	0.998117
203	163	0.997997
203	24	0.99804
203	173	0.999894
203	173	0.997988
203	141	0.997311
203	18	0.997937
203	42	0.999963
203	58	0.998023
203	151	0.999175
203	173	0.998729
203	159	0.998869
203	178	0.997663
203	157	0.997577
203	174	0.997391
203	66	0.999885
203	129	0.999671
203	46	0.997203
203	23	0.999954
203	12	0.997954
203	66	0.998766
203	67	0.997777
203	150	0.998174
203	101	0.997548
203	132	0.999241
