3000
432	57	0.998819
432	383	0.998981
432	66	0.998427
432	238	0.998861
432	336	0.999173
432	235	0.99973
432	429	0.99922
432	368	0.998783
432	274	0.999917
432	330	0.999396
432	206	0.99859
432	76	0.999223
432	115	0.998698
432	201	0.999129
432	46	0.999004
432	409	0.999263
432	395	0.998841
432	49	0.998382
432	85	0.999739
432	390	0.999987
432	380	0.999413
432	365	0.999792
432	156	0.99909
432	430	0.999627
432	337	0.999105
432	46	0.998962
432	130	0.998593
432	377	0.998738
432	170	0.999001
432	67	0.998951
432	332	0.999568
432	45	0.99857
432	55	0.998676
432	101	0.998801
432	102	0.998462
432	184	0.999579
432	263	0.998396
432	259	0.999311
432	329	0.998417
432	182	0.999631
432	341	0.999539
432	235	0.99856
432	333	0.998736
432	194	0.999574
432	187	0.999148
432	47	0.999148
432	332	0.998799
432	106	0.998427
432	186	0.999173
432	343	0.998991
432	153	0.999659
432	159	0.998495
432	139	0.998848
432	422	0.999187
432	265	0.999967
432	347	0.99977
432	352	0.99939
432	156	0.998894
432	296	0.999024
432	304	0.9998
432	272	0.999556
432	426	0.998791
432	63	0.999438
432	328	0.999549
432	68	0.999084
432	384	0.998439
432	262	0.999822
432	277	0.998582
432	125	0.999423
432	58	0.99858
432	174	0.99909
432	221	0.999496
432	244	0.998602
432	308	0.998618
432	135	0.999426
432	178	0.999418
432	322	0.998676
432	279	0.998951
432	122	0.999378
432	103	0.999019
432	209	0.998738
432	192	0.998452
432	185	0.998708
432	388	0.999167
432	297	0.999388
432	283	0.999295
432	332	0.999988
432	381	0.999403
432	376	0.999438
432	415	0.998519
432	211	0.999333
432	114	0.998627
432	292	0.999396
432	112	0.998758
432	351	0.998888
432	244	0.999669
432	280	0.998883
432	253	0.998615
432	309	0.999985
432	226	0.999531
432	228	0.999424
432	251	0.998861
432	72	0.999865
432	165	0.999119
432	157	0.999639
432	208	0.998489
432	93	0.999627
432	72	0.999207
432	287	0.998996
432	344	0.998568
432	218	0.998585
432	250	0.998861
432	43	0.999448
432	180	0.998711
432	76	0.999024
432	270	0.999544
432	87	0.999867
432	418	0.999114
432	396	0.998816
432	277	0.999335
432	226	0.99986
432	106	0.998868
432	98	0.998751
432	413	0.99869
432	121	0.999203
432	62	0.999584
432	276	0.999982
432	368	0.999933
432	240	0.999321
432	406	0.998442
432	57	0.998431
432	78	0.998937
432	230	0.999122
432	141	0.998957
432	383	0.99905
432	430	0.99858
432	336	0.999318
432	159	0.998829
432	406	0.999448
432	396	0.998449
432	236	0.999208
432	105	0.999157
432	81	0.998338
432	89	0.99921
432	156	0.999784
432	215	0.999403
432	292	0.999548
432	396	0.999582
432	311	0.999047
432	117	0.999978
432	358	0.999489
432	187	0.9991
432	71	0.998997
432	37	0.999207
432	93	0.999037
432	93	0.998485
432	426	0.999656
432	362	0.999677
432	176	0.999152
432	56	0.998562
432	268	0.999142
432	356	0.999431
432	89	0.999797
432	192	0.998991
432	271	0.99865
432	425	0.9985
432	115	0.998537
432	212	0.999884
432	280	0.998826
432	305	0.998801
432	50	0.999794
432	293	0.999609
432	180	0.999494
432	414	0.999596
432	134	0.998984
432	63	0.999006
432	133	0.998961
432	318	0.99999
432	328	0.99914
432	194	0.999137
432	257	0.999945
432	384	0.999815
432	274	0.998939
432	100	0.999531
432	291	0.998698
432	415	0.999346
432	131	0.999212
432	205	0.998763
432	245	0.998583
432	155	0.998667
432	403	0.999431
432	402	0.998348
432	104	0.999295
432	199	0.998745
432	43	0.99923
432	271	0.998976
432	249	0.998407
432	399	0.999533
432	421	0.999454
432	335	0.998582
432	423	0.998969
432	282	0.998524
432	277	0.999479
432	364	0.999973
432	50	0.999855
432	162	0.999606
432	207	0.998831
432	36	0.999945
432	118	0.998814
432	334	0.999217
432	372	0.998866
432	222	0.998439
432	200	0.998705
432	68	0.999139
432	286	0.998961
432	61	0.998728
432	104	0.998578
432	409	0.998726
432	233	0.999129
432	291	0.999596
432	180	0.998643
432	306	0.998685
432	204	0.998457
432	318	0.999834
432	375	0.999523
432	89	0.999178
432	224	0.998525
432	82	0.999366
432	164	0.99853
432	351	0.999975
432	392	0.999375
432	124	0.998667
432	268	0.999087
432	194	0.998708
432	270	0.999082
432	387	0.999694
432	267	0.999938
432	395	0.999922
432	250	0.999747
432	253	0.999089
432	347	0.999948
432	200	0.998936
432	275	0.999395
432	321	0.999787
432	380	0.999433
432	256	0.998598
432	162	0.999814
432	69	0.999845
432	397	0.999702
432	417	0.999165
432	398	0.999012
432	46	0.998999
432	274	0.998369
432	106	0.999296
432	389	0.999268
432	284	0.999596
432	176	0.999127
432	280	0.999127
432	205	0.999496
432	320	0.998401
432	71	0.99853
432	344	0.998967
432	83	0.999644
432	246	0.999859
432	208	0.999298
432	360	0.998789
432	198	0.999815
432	294	0.999594
432	72	0.998873
432	136	0.998479
432	73	0.998745
432	242	0.999704
432	414	0.998681
432	271	0.998537
432	237	0.998608
432	370	0.99874
432	82	0.998691
432	37	0.998465
432	185	0.999732
432	352	0.999386
432	150	0.998431
432	406	0.998339
432	311	0.999027
432	305	0.999074
432	179	0.999629
432	269	0.999855
432	223	0.998384
432	51	0.999742
432	370	0.999982
432	298	0.998939
432	321	0.998399
432	395	0.998343
432	425	0.999962
432	187	0.999965
432	161	0.998635
432	235	0.999574
432	86	0.99911
432	139	0.99941
432	124	0.998721
432	386	0.999175
432	162	0.998841
432	163	0.998726
432	385	0.999659
432	73	0.999451
432	223	0.999947
432	84	0.999112
432	98	0.999197
432	220	0.999449
432	171	0.99849
432	320	0.998475
432	291	0.998984
432	197	0.998771
432	165	0.999331
432	423	0.999172
432	128	0.999899
432	138	0.999973
432	53	0.99999
432	358	0.998457
432	97	0.999965
432	134	0.99864
432	44	0.999942
432	389	0.999087
432	114	0.998901
432	162	0.999541
432	231	0.998733
432	290	0.999812
432	240	0.999393
432	353	0.998627
432	260	0.999973
432	144	0.999388
432	54	0.999531
432	38	0.998831
432	41	0.999039
432	81	0.999712
432	409	0.999918
432	420	0.999218
432	137	0.999263
432	167	0.998784
432	324	0.999616
432	241	0.999079
432	296	0.999153
432	297	0.999016
432	380	0.999724
432	329	0.999681
432	103	0.99848
432	65	0.998643
432	73	0.99853
432	183	0.998384
432	167	0.999749
432	302	0.998547
432	224	0.999464
432	293	0.99867
432	54	0.999677
432	366	0.998633
432	349	0.998703
432	259	0.999107
432	314	0.999544
432	267	0.999877
432	151	0.99984
432	69	0.999546
432	270	0.999035
432	273	0.998741
432	240	0.999666
432	94	0.998643
432	109	0.999639
432	420	0.999518
432	396	0.998849
432	336	0.998711
432	340	0.999844
432	303	0.998878
432	424	0.998896
432	212	0.999574
432	71	0.998946
432	286	0.999629
432	249	0.99919
432	371	0.999318
432	347	0.999218
432	198	0.999109
432	57	0.998794
432	358	0.999454
432	203	0.99914
432	378	0.999501
432	399	0.998504
432	322	0.99856
432	266	0.998427
432	315	0.999301
432	260	0.999706
432	46	0.99856
432	79	0.998525
432	338	0.998505
432	352	0.998685
432	261	0.999286
432	60	0.998688
432	379	0.998695
432	279	0.99989
432	103	0.998859
432	347	0.998573
432	53	0.999035
432	205	0.998524
432	354	0.999621
432	391	0.99936
432	54	0.999872
432	119	0.999484
432	136	0.99984
432	198	0.999243
432	186	0.999493
432	303	0.99941
432	176	0.999772
432	139	0.99925
432	59	0.999265
432	35	0.998351
432	368	0.999257
432	364	0.999672
432	212	0.999684
432	49	0.999737
432	174	0.998535
432	77	0.999381
432	59	0.998926
432	277	0.998763
432	422	0.998647
432	334	0.999817
432	306	0.999097
432	260	0.999656
432	209	0.999323
432	269	0.998432
432	281	0.998667
432	424	0.998763
432	307	0.999947
432	184	0.998873
432	162	0.998916
432	307	0.999275
432	249	0.998671
432	198	0.999546
432	185	0.998633
432	60	0.999396
432	409	0.998804
432	286	0.99974
432	239	0.998876
432	361	0.998936
432	64	0.999642
432	102	0.999739
432	380	0.999062
432	97	0.998868
432	308	0.999373
432	71	0.998563
432	76	0.998775
432	373	0.999579
432	258	0.998464
432	407	0.999148
432	261	0.998652
432	327	0.998961
432	237	0.998419
432	81	0.99927
432	198	0.999646
432	330	0.999792
432	389	0.999699
432	391	0.998912
432	377	0.998432
432	97	0.999937
432	295	0.999203
432	249	0.998356
432	417	0.998396
432	277	0.999882
432	175	0.998768
432	384	0.998693
432	48	0.999454
432	191	0.998612
432	177	0.998592
432	153	0.999864
432	353	0.999624
432	155	0.999114
432	147	0.999717
432	128	0.99939
432	367	0.999844
432	212	0.999045
432	92	0.9991
432	147	0.998678
432	95	0.999963
432	408	0.999606
432	280	0.999242
432	409	0.999075
432	166	0.999438
432	65	0.999509
432	346	0.999275
432	245	0.998386
432	188	0.999809
432	145	0.999007
432	307	0.999534
432	280	0.999679
432	163	0.998535
432	57	0.999561
432	373	0.998979
432	56	0.999443
432	302	0.998755
432	202	0.999775
432	209	0.999656
432	342	0.999458
432	182	0.999223
432	256	0.999059
432	97	0.999453
432	158	0.998878
432	380	0.999019
432	258	0.999055
432	141	0.99876
432	281	0.999461
432	56	0.999193
432	295	0.998864
432	73	0.999769
432	230	0.998964
432	295	0.998632
432	154	0.999335
432	340	0.999413
432	271	0.998753
432	272	0.999962
432	263	0.998366
432	399	0.999867
432	143	0.999363
432	412	0.999346
432	206	0.998464
432	165	0.999395
432	431	0.998568
432	75	0.998861
432	73	0.999745
432	61	0.998662
432	64	0.998441
432	357	0.999044
432	413	0.998957
432	363	0.999674
432	284	0.999972
432	134	0.999948
432	326	0.999469
432	284	0.999463
432	51	0.998547
432	157	0.999606
432	172	0.998668
432	414	0.99871
432	181	0.999493
432	382	0.999636
432	235	0.998977
432	284	0.998971
432	273	0.999528
432	265	0.999671
432	167	0.999553
432	109	0.99989
432	203	0.998685
432	244	0.998899
432	65	0.999942
432	235	0.999486
432	287	0.998992
432	316	0.999762
432	42	0.998735
432	250	0.998444
432	377	0.999476
432	182	0.998994
432	127	0.999158
432	158	0.999541
432	210	0.999932
432	307	0.999428
432	279	0.999899
432	309	0.999905
432	167	0.999553
432	57	0.999529
432	101	0.998745
432	331	0.999434
432	278	0.998515
432	297	0.999674
432	265	0.999982
432	414	0.999062
432	286	0.998909
432	249	0.999085
432	142	0.998557
432	305	0.999963
432	431	0.999937
432	187	0.998647
432	419	0.999772
432	402	0.999498
432	166	0.999824
432	111	0.998364
432	70	0.998404
432	191	0.998956
432	194	0.999877
432	199	0.998919
432	190	0.999177
432	213	0.998354
432	50	0.999767
432	82	0.99871
432	229	0.998338
432	265	0.999915
432	401	0.999626
432	419	0.999867
432	229	0.998688
432	334	0.998602
432	236	0.999315
432	251	0.999508
432	139	0.998974
432	268	0.999686
432	389	0.999134
432	49	0.998814
432	211	0.999054
432	377	0.99863
432	280	0.999787
432	121	0.998893
432	402	0.998994
432	362	0.998944
432	243	0.999411
432	70	0.998798
432	37	0.99997
432	110	0.998728
432	423	0.998698
432	99	0.998962
432	70	0.99973
432	339	0.999913
432	78	0.99941
432	161	0.998477
432	116	0.998469
432	94	0.998952
432	126	0.999411
432	131	0.998962
432	84	0.998889
432	269	0.999997
432	315	0.999983
432	390	0.999735
432	220	0.998976
432	193	0.998397
432	351	0.99938
432	67	0.999087
432	276	0.99872
432	306	0.998456
432	383	0.998585
432	119	0.999596
432	155	0.998999
432	286	0.999177
432	128	0.998879
432	338	0.998957
432	205	0.998874
432	431	0.999448
432	244	0.999323
432	158	0.99982
432	113	0.998909
432	209	0.999885
432	310	0.998657
432	54	0.99989
432	232	0.999109
432	167	0.999493
432	43	0.99873
432	415	0.998612
432	49	0.998607
432	348	0.999882
432	84	0.998605
432	52	0.998419
432	336	0.999099
432	423	0.999459
432	100	0.999722
432	169	0.999829
432	117	0.999371
432	322	0.999072
432	406	0.999281
432	328	0.99914
432	202	0.999024
432	198	0.998469
432	142	0.99871
432	287	0.999167
432	294	0.999543
432	133	0.998396
432	362	0.999449
432	380	0.998343
432	42	0.998389
432	340	0.999049
432	430	0.999454
432	58	0.999281
432	296	0.998603
432	116	0.998711
432	159	0.998447
432	385	0.998545
432	374	0.998487
432	272	0.999553
432	38	0.998784
432	67	0.999942
432	146	0.998552
432	351	0.998552
432	112	0.999423
432	382	0.99846
432	391	0.998389
432	93	0.998886
432	375	0.998818
432	114	0.999484
432	408	0.998607
432	37	0.998776
432	49	0.998899
432	63	0.999973
432	45	0.999147
432	370	0.999308
432	332	0.998893
432	363	0.998475
432	231	0.999932
432	140	0.99996
432	158	0.998733
432	98	0.998648
432	259	0.99917
432	398	0.99866
432	51	0.999301
432	230	0.999737
432	350	0.998605
432	352	0.998708
432	209	0.999011
432	102	0.998771
432	84	0.998514
432	317	0.999973
432	124	0.999258
432	384	0.998351
432	94	0.999303
432	81	0.998881
432	276	0.998706
432	360	0.998449
432	349	0.998539
432	163	0.999902
432	305	0.998487
432	131	0.999682
432	119	0.998803
432	218	0.998781
432	93	0.99922
432	382	0.999416
432	306	0.998864
432	398	0.999794
432	134	0.999874
432	301	0.99859
432	190	0.998891
432	413	0.998525
432	245	0.998899
432	263	0.998472
432	344	0.999546
432	129	0.999105
432	188	0.999892
432	358	0.999879
432	356	0.998715
432	130	0.999684
432	96	0.99977
432	73	0.998344
432	215	0.999119
432	363	0.998472
432	369	0.999415
432	234	0.998585
432	242	0.99989
432	311	0.998944
432	263	0.999153
432	428	0.998505
432	261	0.999203
432	183	0.999107
432	127	0.999288
432	411	0.998911
432	160	0.998545
432	141	0.9986
432	267	0.99977
432	53	0.999697
432	336	0.998798
432	310	0.999918
432	387	0.998357
432	164	0.998851
432	119	0.999253
432	46	0.999948
432	383	0.998864
432	218	0.998632
432	175	0.999235
432	230	0.998708
432	134	0.998431
432	400	0.999237
432	205	0.998909
432	265	0.998504
432	146	0.998585
432	237	0.998598
432	363	0.998936
432	269	0.998598
432	425	0.998539
432	282	0.998713
432	260	0.998961
432	79	0.998525
432	312	0.998391
432	191	0.998893
432	118	0.998406
432	254	0.999935
432	228	0.999518
432	225	0.999393
432	198	0.998929
432	109	0.999812
432	48	0.999882
432	102	0.999572
432	80	0.999717
432	137	0.999486
432	385	0.998487
432	158	0.999897
432	337	0.999523
432	312	0.999553
432	119	0.999248
432	428	0.998929
432	301	0.998743
432	208	0.998957
432	67	0.99847
432	121	0.998959
432	337	0.998534
432	223	0.998653
432	50	0.999117
432	304	0.998761
432	205	0.999805
432	309	0.998475
432	164	0.998402
432	41	0.999965
432	235	0.999075
432	166	0.999702
432	386	0.998951
432	195	0.99976
432	357	0.999744
432	402	0.998922
432	388	0.99974
432	318	0.998484
432	97	0.99934
432	142	0.999416
432	296	0.998507
432	391	0.998726
432	406	0.998374
432	407	0.999523
432	233	0.999019
432	37	0.999601
432	69	0.99902
432	178	0.999311
432	138	0.999908
432	160	0.999534
432	154	0.999729
432	108	0.999933
432	188	0.998984
432	79	0.999489
432	194	0.99973
432	361	0.999267
432	214	0.999882
432	192	0.998778
432	398	0.99997
432	48	0.99918
432	43	0.998922
432	106	0.999809
432	316	0.998671
432	57	0.998756
432	40	0.998652
432	363	0.999662
432	423	0.999795
432	316	0.999819
432	189	0.999538
432	65	0.998535
432	94	0.998705
432	215	0.999564
432	111	0.998904
432	125	0.999233
432	147	0.998668
432	87	0.999749
432	411	0.99874
432	315	0.998371
432	378	0.998871
432	121	0.998401
432	208	0.998971
432	183	0.998696
432	136	0.99878
432	379	0.998575
432	69	0.998738
432	90	0.999476
432	425	0.999614
432	120	0.999724
432	86	0.999119
432	139	0.998469
432	208	0.999278
432	212	0.999795
432	223	0.999484
432	341	0.999415
432	60	0.999702
432	313	0.999636
432	384	0.999664
432	312	0.999576
432	199	0.999393
432	227	0.998467
432	69	0.999205
432	175	0.998896
432	81	0.999752
432	385	0.999601
432	375	0.999928
432	136	0.998434
432	385	0.99849
432	282	0.999195
432	131	0.999424
432	183	0.998592
432	353	0.999388
432	80	0.999745
432	395	0.999295
432	182	0.99853
432	78	0.998362
432	53	0.999311
432	192	0.999267
432	317	0.999669
432	55	0.998922
432	289	0.999436
432	137	0.998638
432	319	0.99927
432	72	0.998889
432	430	0.99925
432	301	0.998369
432	101	0.999052
432	206	0.99847
432	426	0.999132
432	306	0.998409
432	246	0.99993
432	417	0.999433
432	88	0.998768
432	259	0.999508
432	260	0.99931
432	267	0.999193
432	161	0.998625
432	94	0.999448
432	341	0.999273
432	361	0.999025
432	116	0.998745
432	147	0.99996
432	372	0.999795
432	218	0.999466
432	367	0.999137
432	177	0.998524
432	136	0.998464
432	423	0.998844
432	376	0.999764
432	305	0.999722
432	353	0.999621
432	390	0.998374
432	106	0.998479
432	374	0.999165
432	236	0.999607
432	226	0.999097
432	317	0.999127
432	128	0.999572
432	243	0.999651
432	202	0.998994
432	207	0.999059
432	382	0.999449
432	113	0.999257
432	98	0.998585
432	328	0.998954
432	317	0.999356
432	37	0.999822
432	376	0.998537
432	37	0.999253
432	389	0.999586
432	351	0.999501
432	290	0.999383
432	42	0.999391
432	345	0.999346
432	94	0.999421
432	391	0.998492
432	367	0.999571
432	285	0.998735
432	381	0.999943
432	295	0.998901
432	115	0.998786
432	143	0.999965
432	208	0.998869
432	208	0.998457
432	118	0.999072
432	422	0.999044
432	139	0.998745
432	131	0.999948
432	78	0.999243
432	37	0.99999
432	407	0.999687
432	168	0.999864
432	360	0.998537
432	135	0.999474
432	140	0.999007
432	63	0.999453
432	396	0.998406
432	50	0.999032
432	286	0.998996
432	260	0.999676
432	45	0.998637
432	248	0.999363
432	162	0.99874
432	237	0.99919
432	201	0.998381
432	328	0.99906
432	407	0.999448
432	41	0.999037
432	320	0.998951
432	190	0.99864
432	93	0.999577
432	306	0.998517
432	289	0.99869
432	367	0.998434
432	172	0.998446
432	308	0.999671
432	145	0.999679
432	426	0.999548
432	246	0.999993
432	47	0.999278
432	326	0.999985
432	330	0.99988
432	333	0.998949
432	36	0.999767
432	96	0.998603
432	60	0.99916
432	162	0.998723
432	51	0.999834
432	82	0.998598
432	200	0.999355
432	57	0.999034
432	80	0.999975
432	69	0.998464
432	374	0.999572
432	131	0.999662
432	400	0.998814
432	256	0.999315
432	59	0.998781
432	364	0.998974
432	89	0.999035
432	42	0.999454
432	385	0.999664
432	143	0.998487
432	116	0.998504
432	170	0.999065
432	262	0.998376
432	267	0.999765
432	265	0.999824
432	405	0.998798
432	423	0.99929
432	197	0.999632
432	40	0.999689
432	167	0.999975
432	193	0.999529
432	45	0.998505
432	344	0.998447
432	178	0.999839
432	221	0.999398
432	350	0.999233
432	349	0.998377
432	183	0.999122
432	397	0.998989
432	147	0.998956
432	206	0.998823
432	428	0.998976
432	304	0.999064
432	375	0.999486
432	284	0.998706
432	307	0.99973
432	78	0.999988
432	109	0.998465
432	372	0.998437
432	41	0.998362
432	194	0.999657
432	67	0.99929
432	392	0.999142
432	55	0.999215
432	344	0.999918
432	373	0.999398
432	207	0.999849
432	81	0.998783
432	332	0.998839
432	83	0.998886
432	406	0.999503
432	204	0.999962
432	300	0.99916
432	388	0.99923
432	254	0.999922
432	230	0.999178
432	125	0.999451
432	290	0.999052
432	140	0.999035
432	263	0.999366
432	56	0.999511
432	285	0.998685
432	411	0.99914
432	169	0.998514
432	54	0.999558
432	363	0.999538
432	386	0.999233
432	289	0.999612
432	123	0.999922
432	328	0.99988
432	125	0.999278
432	412	0.999895
432	71	0.999862
432	331	0.999794
432	237	0.998811
432	201	0.999496
432	122	0.999632
432	392	0.999153
432	86	0.998613
432	275	0.999295
432	241	0.999627
432	155	0.999737
432	179	0.999672
432	183	0.99931
432	67	0.999834
432	315	0.998366
432	149	0.999383
432	325	0.999114
432	35	0.999313
432	397	0.998891
432	312	0.998859
432	76	0.998791
432	326	0.999167
432	172	0.99907
432	276	0.99856
432	182	0.998389
432	391	0.999148
432	294	0.99864
432	224	0.998555
432	206	0.999286
432	224	0.99864
432	125	0.998622
432	261	0.998799
432	237	0.999418
432	286	0.999839
432	83	0.999621
432	348	0.999661
432	225	0.999014
432	402	0.999556
432	423	0.999376
432	417	0.999759
432	146	0.998838
432	231	0.999875
432	292	0.998874
432	130	0.99869
432	37	0.999481
432	84	0.999734
432	229	0.999604
432	162	0.999458
432	194	0.998555
432	204	0.99903
432	138	0.998944
432	240	0.998914
432	53	0.999429
432	385	0.999444
432	334	0.999155
432	353	0.99851
432	344	0.99924
432	247	0.999647
432	159	0.999556
432	368	0.999508
432	118	0.998884
432	35	0.999124
432	271	0.998608
432	125	0.999109
432	64	0.999571
432	95	0.999918
432	271	0.999208
432	311	0.999496
432	304	0.999732
432	315	0.999737
432	389	0.998346
432	172	0.999997
432	335	0.999262
432	238	0.998447
432	285	0.999474
432	343	0.999937
432	375	0.999117
432	232	0.9985
432	323	0.998969
432	236	0.999953
432	108	0.999163
432	391	0.998424
432	58	0.998813
432	307	0.999222
432	95	0.998567
432	387	0.999305
432	429	0.999875
432	194	0.998718
432	192	0.999075
432	209	0.999461
432	174	0.999306
432	149	0.999491
432	89	0.999554
432	181	0.998864
432	347	0.999162
432	140	0.999674
432	68	0.999621
432	322	0.99849
432	39	0.999456
432	285	0.999011
432	103	0.999007
432	187	0.998751
432	373	0.999213
432	276	0.998961
432	158	0.999167
432	383	0.999341
432	257	0.99979
432	122	0.998356
432	107	0.998565
432	280	0.998693
432	69	0.999945
432	208	0.998568
432	184	0.998919
432	75	0.999077
432	412	0.998703
432	70	0.99932
432	374	0.999754
432	249	0.999513
432	147	0.999624
432	142	0.99846
432	44	0.999232
432	388	0.99933
432	43	0.999644
432	400	0.999459
432	136	0.999526
432	308	0.998642
432	358	0.999572
432	47	0.998838
432	297	0.998527
432	195	0.99938
432	414	0.998806
432	263	0.999277
432	367	0.999225
432	138	0.99852
432	398	0.999272
432	362	0.999336
432	95	0.999253
432	413	0.999363
432	183	0.999667
432	354	0.998441
432	41	0.998721
432	98	0.998625
432	89	0.999749
432	338	0.998962
432	406	0.999503
432	253	0.99859
432	107	0.999681
432	93	0.998911
432	250	0.998778
432	321	0.998565
432	88	0.998703
432	79	0.998932
432	227	0.998986
432	180	0.99976
432	146	0.999306
432	234	0.998482
432	363	0.999614
432	402	0.999672
432	49	0.999022
432	296	0.999255
432	211	0.999599
432	118	0.998554
432	104	0.999247
432	257	0.999877
432	154	0.999819
432	412	0.999696
432	113	0.999722
432	123	0.999426
432	346	0.999183
432	285	0.999459
432	273	0.999794
432	70	0.998715
432	46	0.998622
432	330	0.999724
432	393	0.998346
432	188	0.998512
432	200	0.998962
432	196	0.998952
432	48	0.999286
432	412	0.999594
432	119	0.998419
432	289	0.999341
432	54	0.999892
432	423	0.99915
432	287	0.998783
432	406	0.99849
432	361	0.999263
432	109	0.999636
432	74	0.999568
432	429	0.998786
432	91	0.999313
432	323	0.999084
432	207	0.999449
432	258	0.999982
432	74	0.998793
432	56	0.998534
432	358	0.998668
432	361	0.99906
432	376	0.999938
432	63	0.998858
432	251	0.998816
432	105	0.998441
432	84	0.999178
432	118	0.999045
432	132	0.999947
432	410	0.998663
432	366	0.999681
432	197	0.998394
432	277	0.999641
432	389	0.998394
432	87	0.998946
432	273	0.998623
432	200	0.999632
432	35	0.999323
432	82	0.998688
432	211	0.999955
432	81	0.999581
432	336	0.999626
432	56	0.999383
432	259	0.998786
432	230	0.998718
432	99	0.999652
432	176	0.999448
432	381	0.999281
432	312	0.998736
432	357	0.999006
432	323	0.99979
432	354	0.99979
432	182	0.999075
432	75	0.999325
432	263	0.999082
432	215	0.99878
432	242	0.999016
432	245	0.999707
432	116	0.999057
432	120	0.998429
432	264	0.998343
432	145	0.998681
432	258	0.998474
432	350	0.999726
432	348	0.998464
432	382	0.999918
432	202	0.999602
432	266	0.999024
432	55	0.999345
432	384	0.999792
432	128	0.999413
432	358	0.998721
432	66	0.999957
432	166	0.99926
432	196	0.998671
432	161	0.998499
432	79	0.998607
432	316	0.999348
432	85	0.999572
432	292	0.998966
432	105	0.999178
432	380	0.999305
432	314	0.999794
432	263	0.998814
432	207	0.999446
432	127	0.999434
432	359	0.998901
432	323	0.999188
432	163	0.999361
432	75	0.998439
432	266	0.998894
432	154	0.999395
432	332	0.998357
432	155	0.999095
432	313	0.99925
432	412	0.999205
432	78	0.998889
432	166	0.999089
432	159	0.998886
432	294	0.998497
432	150	0.999365
432	349	0.999069
432	363	0.999468
432	143	0.999124
432	290	0.999767
432	372	0.999014
432	131	0.998397
432	76	0.998926
432	106	0.999684
432	213	0.999817
432	76	0.999752
432	311	0.998909
432	233	0.998974
432	369	0.999855
432	83	0.998462
432	339	0.999212
432	398	0.999371
432	133	0.999857
432	340	0.999223
432	245	0.998439
432	148	0.999827
432	339	0.998912
432	119	0.998474
432	183	0.99859
432	149	0.999155
432	37	0.999897
432	228	0.99864
432	172	0.999755
432	305	0.999899
432	392	0.999197
432	38	0.998635
432	50	0.999962
432	425	0.99991
432	231	0.999607
432	290	0.99854
432	130	0.999453
432	230	0.999348
432	367	0.999874
432	169	0.998562
432	170	0.998588
432	193	0.998509
432	156	0.998789
432	165	0.999697
432	91	0.998801
432	288	0.998549
432	328	0.998532
432	259	0.999849
432	181	0.999865
432	220	0.998961
432	42	0.998793
432	412	0.999749
432	176	0.99931
432	104	0.998726
432	61	0.999152
432	186	0.999884
432	282	0.999401
432	339	0.999198
432	163	0.99864
432	382	0.998617
432	98	0.999707
432	97	0.999087
432	206	0.99999
432	284	0.999446
432	62	0.999094
432	185	0.998346
432	426	0.998961
432	129	0.998582
432	176	0.99916
432	148	0.999559
432	139	0.999489
432	319	0.999449
432	394	0.99937
432	224	0.998816
432	391	0.998962
432	315	0.998597
432	374	0.999621
432	259	0.999968
432	322	0.998859
432	421	0.999227
432	52	0.999734
432	69	0.999998
432	205	0.998676
432	243	0.999992
432	268	0.999845
432	189	0.999032
432	380	0.999579
432	289	0.999684
432	113	0.999543
432	99	0.999213
432	235	0.998607
432	304	0.99922
432	128	0.998353
432	94	0.998648
432	248	0.99874
432	88	0.999694
432	293	0.999027
432	165	0.998484
432	240	0.998467
432	81	0.999609
432	76	0.999519
432	59	0.999293
432	79	0.998623
432	425	0.999258
432	373	0.999147
432	85	0.998447
432	71	0.998804
432	342	0.998979
432	40	0.998791
432	336	0.999503
432	107	0.999044
432	108	0.999699
432	299	0.999193
432	276	0.999119
432	272	0.998495
432	142	0.999922
432	175	0.99848
432	325	0.998396
432	333	0.998929
432	132	0.999448
432	367	0.998878
432	157	0.999378
432	48	0.999109
432	387	0.9993
432	400	0.999867
432	147	0.999197
432	326	0.999925
432	349	0.999403
432	256	0.998509
432	326	0.999958
432	91	0.999095
432	133	0.999579
432	81	0.998848
432	44	0.999622
432	140	0.999207
432	59	0.99998
432	390	0.999461
432	360	0.99846
432	192	0.998858
432	345	0.999925
432	283	0.999225
432	73	0.998653
432	391	0.999549
432	362	0.999627
432	88	0.99976
432	104	0.999421
432	322	0.999674
432	301	0.999884
432	369	0.999426
432	120	0.998996
432	48	0.999538
432	334	0.999022
432	201	0.999912
432	67	0.998691
432	167	0.999415
432	340	0.999627
432	137	0.999145
432	160	0.998691
432	284	0.998638
432	288	0.998766
432	384	0.999233
432	237	0.999923
432	165	0.999752
432	265	0.999115
432	125	0.99906
432	384	0.998904
432	273	0.999456
432	410	0.9994
432	352	0.999153
432	166	0.999127
432	400	0.999519
432	138	0.999622
432	237	0.999388
432	89	0.998977
432	378	0.999551
432	313	0.99915
432	110	0.999019
432	425	0.999667
432	317	0.999587
432	314	0.99847
432	82	0.998849
432	213	0.999321
432	299	0.998947
432	350	0.99909
432	305	0.999222
432	118	0.998464
432	355	0.998362
432	344	0.998554
432	276	0.999285
432	97	0.998527
432	207	0.999982
432	92	0.999358
432	81	0.999957
432	390	0.999594
432	421	0.99847
432	272	0.999882
432	124	0.998552
432	430	0.99853
432	371	0.999376
432	394	0.998344
432	87	0.999742
432	88	0.999235
432	288	0.998662
432	408	0.999158
432	269	0.999709
432	378	0.999503
432	342	0.998361
432	227	0.998369
432	284	0.998374
432	358	0.999807
432	145	0.998446
432	263	0.99875
432	113	0.998409
432	248	0.999405
432	143	0.998446
432	238	0.998615
432	425	0.999508
432	283	0.998412
432	222	0.999917
432	351	0.999782
432	397	0.9991
432	210	0.998559
432	271	0.998387
432	211	0.998642
432	311	0.998989
432	186	0.998894
432	87	0.999311
432	97	0.999864
432	88	0.998874
432	212	0.999965
432	226	0.999804
432	315	0.999965
432	286	0.999732
432	50	0.999536
432	409	0.999795
432	376	0.999558
432	187	0.999568
432	129	0.998399
432	402	0.999306
432	281	0.998846
432	93	0.99974
432	250	0.999809
432	138	0.999365
432	71	0.999907
432	47	0.999602
432	96	0.998635
432	315	0.999416
432	331	0.999301
432	264	0.999017
432	254	0.998515
432	345	0.998879
432	321	0.999958
432	60	0.99933
432	270	0.998801
432	192	0.998896
432	411	0.998816
432	270	0.999288
432	275	0.999044
432	257	0.998873
432	260	0.998735
432	318	0.999938
432	413	0.999927
432	95	0.998743
432	202	0.999476
432	383	0.99863
432	310	0.998881
432	120	0.998966
432	415	0.999305
432	264	0.99936
432	219	0.999504
432	189	0.999656
432	278	0.999471
432	294	0.99925
432	107	0.999701
432	122	0.999248
432	332	0.999895
432	310	0.999706
432	190	0.999577
432	176	0.999839
432	84	0.999069
432	179	0.998743
432	395	0.999233
432	216	0.999952
432	269	0.998379
432	383	0.999506
432	366	0.999193
432	421	0.998809
432	133	0.998911
432	372	0.999496
432	190	0.999265
432	305	0.99874
432	401	0.999706
432	323	0.999139
432	217	0.999419
432	91	0.998813
432	112	0.999516
432	222	0.999942
432	224	0.998897
432	350	0.998593
432	264	0.999185
432	128	0.998414
432	392	0.999338
432	155	0.99996
432	393	0.998686
432	81	0.998758
432	371	0.999203
432	160	0.99858
432	130	0.998339
432	115	0.999187
432	427	0.99991
432	87	0.999426
432	413	0.999268
432	242	0.999351
432	75	0.999889
432	142	0.999336
432	172	0.998477
432	317	0.999857
432	260	0.998502
432	47	0.998884
432	387	0.999917
432	415	0.999559
432	342	0.998416
432	129	0.998371
432	393	0.99916
432	305	0.999371
432	161	0.99927
432	409	0.99926
432	177	0.998386
432	245	0.999983
432	229	0.999286
432	333	0.999626
432	303	0.999481
432	289	0.99985
432	402	0.998381
432	49	0.998544
432	391	0.998864
432	166	0.998464
432	286	0.998893
432	211	0.999789
432	212	0.999528
432	139	0.999892
432	400	0.999702
432	289	0.99856
432	248	0.999381
432	207	0.998449
432	107	0.99991
432	161	0.998475
432	210	0.99904
432	422	0.998691
432	139	0.999543
432	226	0.999612
432	166	0.998944
432	356	0.998627
432	97	0.999341
432	423	0.998716
432	63	0.999144
432	303	0.998613
432	171	0.99932
432	265	0.998485
432	203	0.998745
432	211	0.999278
432	327	0.999767
432	210	0.998394
432	343	0.999719
432	313	0.999336
432	117	0.999351
432	192	0.999802
432	210	0.998362
432	318	0.999574
432	282	0.998607
432	93	0.998464
432	158	0.99923
432	289	0.999318
432	267	0.999074
432	150	0.999483
432	396	0.999115
432	70	0.99856
432	199	0.998788
432	369	0.999124
432	113	0.999443
432	102	0.99928
432	360	0.99856
432	234	0.999095
432	428	0.999666
432	210	0.998791
432	158	0.999574
432	136	0.99998
432	362	0.999408
432	277	0.999586
432	244	0.998989
432	237	0.998939
432	402	0.999007
432	379	0.999962
432	44	0.998756
432	245	0.999059
432	378	0.999107
432	45	0.999538
432	324	0.998681
432	236	0.998615
432	293	0.999674
432	403	0.998446
432	319	0.998371
432	238	0.999524
432	63	0.999832
432	109	0.998673
432	80	0.999225
432	44	0.999561
432	49	0.998617
432	45	0.999774
432	104	0.999074
432	392	0.998705
432	305	0.998344
432	313	0.999759
432	379	0.998899
432	58	0.999444
432	340	0.999632
432	116	0.998873
432	95	0.999035
432	151	0.999411
432	55	0.99905
432	428	0.999679
432	83	0.998944
432	185	0.999529
432	410	0.998484
432	264	0.998686
432	226	0.99869
432	429	0.998937
432	275	0.998675
432	298	0.999129
432	320	0.999616
432	219	0.998397
432	331	0.999303
432	67	0.999134
432	342	0.99936
432	252	0.999173
432	134	0.999398
432	234	0.999772
432	266	0.998482
432	299	0.998853
432	357	0.998731
432	243	0.999574
432	94	0.998904
432	420	0.998671
432	294	0.998457
432	317	0.999277
432	109	0.998652
432	321	0.999807
432	330	0.998897
432	343	0.998878
432	395	0.998549
432	119	0.998605
432	273	0.999012
432	108	0.998783
432	66	0.998991
432	218	0.999343
432	129	0.99916
432	362	0.999604
432	305	0.998984
432	214	0.998987
432	354	0.998499
432	419	0.999501
432	384	0.998494
432	43	0.999772
432	95	0.999188
432	403	0.998868
432	276	0.998484
432	234	0.998615
432	392	0.999428
432	177	0.999556
432	189	0.998748
432	187	0.999672
432	144	0.999147
432	205	0.998814
432	55	0.998984
432	347	0.999842
432	352	0.998675
432	179	0.998768
432	112	0.998399
432	250	0.99906
432	178	0.998479
432	404	0.998871
432	429	0.999303
432	317	0.99903
432	369	0.998893
432	200	0.999055
432	188	0.999032
432	312	0.999805
432	411	0.999017
432	323	0.999932
432	227	0.998485
432	420	0.998562
432	285	0.999458
432	315	0.998713
432	205	0.998452
432	320	0.999958
432	382	0.999726
432	386	0.99861
432	275	0.999438
432	360	0.99975
432	113	0.999558
432	112	0.999553
432	224	0.999644
432	166	0.999296
432	43	0.999423
432	145	0.999037
432	42	0.99995
432	235	0.999697
432	273	0.998914
432	131	0.998542
432	296	0.99909
432	129	0.999928
432	358	0.998344
432	95	0.999225
432	147	0.999952
432	221	0.998821
432	67	0.999202
432	111	0.998452
432	97	0.998519
432	223	0.999052
432	71	0.998492
432	96	0.999825
432	181	0.999163
432	160	0.998414
432	350	0.998904
432	122	0.999461
432	269	0.999461
432	77	0.999529
432	43	0.999059
432	424	0.999363
432	47	0.999464
432	172	0.999531
432	51	0.999316
432	240	0.998896
432	335	0.999614
432	429	0.999922
432	337	0.998495
432	58	0.999499
432	331	0.999899
432	196	0.998695
432	71	0.999363
432	301	0.999686
432	77	0.999064
432	314	0.99857
432	98	0.998897
432	213	0.999137
432	264	0.999082
432	102	0.998341
432	132	0.999148
432	353	0.999132
432	227	0.999706
432	60	0.999508
432	217	0.998731
432	308	0.999375
432	50	0.998602
432	159	0.999486
432	225	0.998544
432	336	0.999471
432	83	0.999804
432	60	0.99929
432	310	0.99859
432	179	0.999252
432	260	0.999769
432	39	0.999847
432	64	0.999115
432	406	0.998838
432	367	0.998522
432	204	0.998441
432	63	0.99869
432	184	0.999105
432	241	0.999704
432	372	0.999075
432	340	0.999953
432	304	0.999004
432	269	0.999774
432	252	0.999642
432	253	0.998348
432	221	0.998698
432	118	0.998412
432	145	0.999651
432	36	0.999637
432	184	0.999202
432	296	0.998427
432	287	0.999672
432	411	0.998721
432	400	0.999518
432	54	0.999441
432	353	0.999248
432	250	0.999295
432	302	0.998612
432	427	0.999587
432	365	0.99858
432	226	0.999451
432	349	0.998748
432	354	0.998791
432	83	0.998961
432	197	0.999679
432	411	0.999988
432	61	0.999837
432	216	0.99849
432	276	0.999415
432	131	0.998401
432	216	0.998854
432	102	0.99857
432	122	0.998392
432	41	0.998863
432	139	0.998922
432	384	0.999591
432	72	0.999257
432	111	0.999012
432	360	0.998733
432	138	0.998956
432	320	0.999439
432	332	0.998633
432	167	0.99871
432	360	0.999619
432	382	0.999077
432	236	0.998671
432	395	0.99878
432	67	0.998364
432	338	0.999318
432	269	0.999218
432	118	0.999889
432	312	0.998475
432	381	0.998632
432	366	0.999144
432	285	0.999311
432	332	0.99917
432	266	0.999172
432	37	0.999953
432	145	0.998643
432	315	0.999975
432	382	0.998974
432	312	0.998773
432	240	0.99905
432	312	0.999521
432	204	0.99864
432	222	0.999729
432	371	0.999706
432	268	0.998931
432	103	0.998781
432	289	0.999729
432	39	0.999662
432	58	0.99859
432	237	0.999102
432	144	0.999004
432	373	0.999621
432	166	0.998811
432	319	0.999912
432	182	0.999228
432	240	0.999674
432	71	0.998858
432	338	0.999198
432	98	0.998454
432	413	0.999341
432	53	0.99921
432	226	0.998515
432	155	0.99938
432	170	0.999393
432	274	0.998856
432	348	0.998502
432	54	0.998999
432	35	0.999649
432	185	0.998652
432	149	0.999519
432	357	0.99933
432	182	0.998653
432	428	0.99846
432	405	0.998495
432	263	0.999559
432	423	0.998529
432	135	0.999631
432	394	0.999874
432	414	0.99924
432	105	0.999321
432	49	0.999444
432	222	0.998602
432	212	0.998617
432	133	0.998442
432	314	0.998362
432	402	0.998464
432	261	0.999691
432	196	0.998595
432	231	0.998803
432	253	0.998412
432	412	0.998414
432	270	0.998575
432	206	0.999777
432	258	0.999551
432	116	0.999345
432	330	0.999877
432	62	0.998545
432	229	0.999689
432	372	0.999094
432	128	0.999014
432	164	0.998853
432	139	0.999311
432	175	0.999862
432	397	0.999661
432	231	0.998519
432	167	0.999366
432	355	0.999707
432	187	0.998565
432	171	0.999074
432	74	0.999884
432	176	0.999423
432	100	0.999844
432	42	0.999508
432	285	0.998765
432	185	0.998485
432	156	0.998912
432	102	0.999847
432	387	0.999044
432	385	0.999025
432	241	0.999869
432	309	0.998942
432	208	0.998901
432	148	0.998412
432	275	0.999393
432	165	0.99928
432	167	0.998783
432	215	0.999859
432	384	0.998381
432	276	0.999689
432	430	0.999872
432	268	0.998936
432	176	0.999506
432	194	0.999646
432	385	0.999942
432	334	0.99871
432	351	0.998808
432	336	0.998876
432	167	0.998894
432	359	0.998562
432	152	0.998419
432	361	0.998472
432	37	0.999983
432	127	0.999516
432	218	0.998432
432	407	0.999667
432	139	0.999815
432	43	0.99908
432	308	0.998986
432	392	0.999348
432	363	0.999283
432	206	0.998818
432	43	0.999187
432	332	0.999998
432	75	0.999604
432	283	0.998642
432	42	0.99928
432	131	0.998673
432	361	0.999975
432	178	0.999543
432	133	0.999809
432	133	0.998936
432	303	0.998896
432	204	0.99911
432	426	0.999717
432	421	0.998582
432	353	0.998924
432	405	0.998969
432	254	0.999228
432	96	0.999325
432	303	0.999486
432	58	0.999381
432	299	0.998851
432	306	0.999134
432	238	0.998794
432	331	0.998756
432	273	0.999627
432	118	0.998678
432	275	0.998653
432	243	0.999799
432	258	0.999977
432	306	0.99871
432	409	0.998868
432	331	0.998901
432	132	0.999752
432	75	0.999962
432	208	0.999017
432	151	0.998678
432	153	0.998663
432	54	0.999714
432	54	0.998931
432	280	0.999235
432	306	0.998356
432	173	0.999285
432	238	0.998356
432	316	0.998534
432	256	0.998851
432	260	0.999371
432	69	0.999272
432	323	0.999892
432	326	0.998791
432	228	0.998753
432	169	0.999328
432	70	0.999187
432	363	0.999267
432	221	0.998944
432	105	0.998937
432	41	0.999907
432	122	0.998474
432	198	0.998936
432	128	0.998517
432	80	0.999844
432	119	0.998768
432	384	0.999667
432	276	0.999385
432	383	0.998367
432	398	0.9991
432	340	0.998439
432	90	0.998824
432	427	0.999481
432	157	0.999992
432	231	0.999371
432	262	0.999054
432	111	0.999278
432	78	0.998937
432	211	0.999835
432	67	0.999945
432	408	0.998814
432	271	0.999764
432	85	0.999483
432	58	0.999187
432	81	0.998618
432	387	0.999215
432	420	0.999561
432	182	0.998941
432	190	0.999922
432	80	0.999649
432	420	0.998949
432	273	0.998803
432	176	0.999769
432	152	0.998509
432	224	0.99978
432	239	0.998424
432	141	0.999253
432	201	0.998585
432	219	0.999689
432	269	0.999109
432	220	0.99913
432	339	0.998451
432	98	0.998354
432	367	0.999632
432	215	0.998465
432	397	0.999124
432	117	0.999318
432	176	0.999025
432	273	0.998447
432	292	0.998379
432	37	0.998431
432	259	0.998419
432	166	0.99995
432	159	0.999011
432	386	0.998809
432	156	0.999187
432	51	0.998444
432	105	0.999716
432	356	0.998477
432	182	0.998725
432	179	0.998361
432	342	0.999205
432	186	0.999601
432	296	0.999305
432	42	0.999262
432	314	0.999444
432	302	0.998522
432	262	0.999706
432	327	0.999795
432	274	0.998776
432	264	0.999019
432	377	0.999321
432	379	0.999458
432	336	0.998718
432	310	0.998819
432	422	0.99848
432	391	0.99917
432	368	0.999845
432	75	0.999528
432	234	0.998818
432	282	0.998761
432	423	0.999069
432	163	0.998449
432	131	0.998761
432	45	0.999574
432	86	0.998637
432	91	0.998911
432	366	0.999744
432	135	0.999114
432	314	0.999799
432	41	0.999571
432	314	0.999479
432	166	0.999609
432	401	0.999361
432	288	0.999173
432	36	0.999365
432	88	0.999677
432	147	0.998607
432	139	0.999977
432	166	0.999745
432	317	0.998437
432	356	0.99981
432	89	0.99865
432	165	0.99848
432	428	0.999134
432	345	0.998353
432	273	0.998794
432	166	0.998931
432	65	0.999523
432	352	0.998353
432	357	0.998791
432	197	0.999135
432	81	0.999059
432	37	0.998662
432	352	0.99927
432	326	0.999504
432	309	0.998843
432	320	0.999099
432	387	0.998374
432	344	0.99853
432	156	0.999363
432	223	0.998731
432	248	0.998981
432	286	0.999438
432	101	0.999474
432	38	0.998637
432	68	0.999288
432	51	0.999069
432	367	0.999491
432	392	0.999225
432	62	0.999539
432	384	0.998748
432	426	0.998974
432	104	0.998452
432	106	0.999331
432	376	0.999717
432	221	0.999393
432	296	0.999375
432	370	0.99911
432	163	0.998806
432	428	0.999383
432	100	0.999065
432	291	0.99991
432	45	0.999293
432	238	0.999125
432	380	0.999717
432	174	0.998671
432	267	0.999752
432	62	0.999533
432	263	0.999293
432	381	0.999079
432	52	0.99853
432	283	0.999419
432	280	0.998499
432	110	0.998595
432	186	0.999463
432	154	0.998565
432	426	0.999998
432	65	0.998783
432	356	0.998863
432	337	0.999009
432	344	0.999481
432	253	0.999676
432	332	0.999012
432	145	0.99866
432	254	0.999385
432	70	0.998758
432	318	0.999247
432	293	0.99911
432	159	0.998883
432	172	0.999894
432	174	0.999368
432	39	0.999915
432	326	0.999972
432	261	0.998578
432	304	0.999064
432	428	0.999338
432	221	0.998686
432	237	0.998799
432	271	0.998628
432	106	0.999105
432	50	0.998829
432	219	0.998663
432	318	0.998711
432	177	0.999035
432	153	0.999439
432	379	0.999281
432	209	0.998864
432	302	0.999215
432	360	0.999681
432	242	0.998824
432	405	0.998756
432	356	0.998602
432	81	0.998399
432	165	0.998992
432	55	0.998346
432	44	0.998552
432	166	0.998459
432	342	0.999674
432	345	0.998746
432	230	0.998343
432	80	0.999217
432	284	0.998467
432	401	0.998605
432	332	0.998748
432	39	0.998902
432	238	0.998377
432	390	0.998897
432	411	0.998391
432	148	0.998814
432	131	0.999419
432	428	0.998592
432	369	0.998465
432	144	0.999158
432	152	0.999112
432	425	0.998974
432	167	0.99876
432	171	0.9985
432	236	0.999869
432	213	0.999148
432	102	0.999233
432	330	0.998775
432	272	0.99984
432	142	0.999057
432	290	0.999045
432	358	0.998896
432	151	0.998505
432	53	0.999085
432	317	0.999145
432	277	0.999366
432	277	0.999634
432	40	0.999942
432	157	0.999474
432	360	0.998984
432	157	0.999857
432	407	0.998612
432	304	0.998868
432	148	0.999104
432	109	0.999474
432	328	0.998834
432	204	0.999338
432	92	0.998673
432	38	0.999785
432	410	0.998567
432	238	0.998598
432	169	0.998442
432	210	0.998464
432	223	0.99902
432	372	0.999812
432	182	0.999659
432	249	0.99854
432	332	0.998866
432	193	0.998372
432	66	0.998426
432	401	0.999009
432	385	0.998422
432	220	0.998648
432	327	0.998512
432	177	0.999408
432	44	0.99991
432	268	0.99936
432	57	0.999706
432	395	0.999062
432	43	0.999624
432	339	0.999358
432	214	0.999163
432	180	0.998472
432	142	0.998706
432	382	0.99933
432	144	0.999559
432	115	0.99939
432	43	0.998389
432	123	0.999087
432	319	0.999709
432	345	0.999006
432	289	0.998387
432	104	0.999456
432	66	0.999419
432	264	0.998866
432	108	0.999012
432	367	0.999298
432	430	0.998828
432	149	0.998662
432	249	0.998974
432	409	0.999584
432	256	0.998441
432	299	0.998339
432	300	0.999173
432	403	0.999928
432	203	0.998371
432	94	0.999157
432	321	0.999692
432	246	0.998816
432	337	0.999245
432	317	0.998427
432	417	0.998638
432	148	0.999609
432	319	0.998798
432	112	0.999504
432	396	0.999177
432	293	0.999631
432	424	0.999035
432	239	0.998675
432	159	0.999479
432	297	0.998736
432	363	0.999376
432	129	0.998999
432	160	0.999531
432	422	0.998808
432	396	0.999252
432	396	0.999105
432	325	0.999769
432	289	0.999918
432	131	0.998426
432	249	0.99914
432	247	0.998529
432	356	0.998343
432	82	0.999812
432	308	0.999195
432	366	0.998382
432	362	0.999503
432	405	0.99929
432	139	0.998917
432	279	0.998366
432	359	0.999037
432	222	0.998977
432	246	0.999849
432	36	0.999839
432	255	0.999887
432	59	0.999213
432	278	0.99857
432	176	0.999059
432	123	0.999579
432	413	0.998991
432	105	0.998529
432	115	0.999484
432	91	0.998351
432	390	0.998942
432	35	0.99912
432	58	0.999252
432	142	0.99984
432	353	0.998982
432	143	0.999774
432	56	0.999689
432	343	0.999624
432	91	0.999059
432	167	0.999895
432	59	0.998736
432	290	0.998389
432	56	0.999343
432	74	0.999067
432	326	0.999556
432	76	0.998374
432	173	0.99873
432	398	0.99928
432	130	0.999044
432	169	0.998977
432	54	0.999225
432	92	0.998465
432	301	0.998771
432	198	0.998452
432	374	0.999667
432	39	0.999172
432	404	0.998758
432	331	0.998409
432	212	0.998745
432	407	0.999326
432	301	0.998799
432	407	0.999065
432	128	0.998675
432	45	0.999614
432	416	0.998883
432	113	0.998441
432	74	0.999017
432	336	0.999636
432	297	0.999072
432	132	0.999749
432	310	0.999965
432	337	0.99877
432	249	0.999089
432	338	0.99996
432	416	0.999082
432	110	0.999589
432	276	0.999626
432	288	0.999436
432	260	0.999639
432	71	0.998474
432	265	0.998465
432	180	0.998771
432	242	0.999839
432	106	0.999135
432	36	0.999202
432	62	0.99995
432	201	0.998613
432	235	0.999109
432	147	0.998628
432	50	0.999589
432	347	0.99848
432	68	0.998844
432	327	0.998708
432	260	0.998469
432	368	0.998834
432	389	0.998723
432	240	0.998522
432	206	0.998396
432	85	0.999188
432	146	0.999115
432	121	0.999799
432	100	0.99902
432	231	0.999047
432	187	0.999749
432	269	0.999381
432	58	0.999303
432	175	0.999799
432	248	0.999825
432	390	0.998377
432	117	0.999481
432	93	0.99977
432	189	0.998688
432	289	0.998515
432	174	0.999779
432	397	0.999037
432	167	0.998751
432	139	0.999993
432	179	0.998723
432	254	0.998843
432	288	0.999434
432	167	0.999155
432	343	0.999968
432	426	0.99918
432	83	0.999945
432	269	0.999674
432	328	0.998439
432	248	0.99931
432	200	0.99999
432	63	0.999765
432	273	0.99911
432	206	0.999471
432	397	0.998568
432	83	0.999134
432	274	0.99994
432	100	0.999531
432	380	0.998806
432	264	0.999217
432	415	0.999579
432	409	0.999962
432	42	0.998716
432	327	0.999874
432	72	0.998529
432	388	0.998756
432	133	0.999737
432	192	0.999546
432	312	0.9994
432	301	0.998999
432	309	0.998464
432	422	0.998341
432	52	0.99934
432	207	0.999416
432	296	0.999641
432	290	0.99921
432	356	0.998562
432	88	0.999197
432	158	0.998504
432	170	0.998811
432	388	0.999717
432	333	0.998573
432	244	0.999933
432	168	0.999315
432	356	0.9987
432	49	0.999953
432	209	0.999464
432	367	0.999257
432	347	0.999476
432	311	0.999747
432	334	0.998799
432	195	0.999072
432	156	0.99937
432	97	0.999454
432	326	0.999847
432	382	0.999217
432	171	0.999162
432	273	0.999375
432	420	0.999516
432	415	0.998834
432	244	0.999257
432	256	0.998449
432	395	0.999375
432	195	0.999514
432	383	0.998921
432	261	0.999361
432	106	0.999568
432	194	0.999047
432	235	0.999787
432	178	0.999383
432	291	0.999529
432	399	0.999957
432	187	0.999614
432	428	0.999341
432	420	0.999428
432	138	0.999504
432	384	0.999421
432	255	0.999222
432	143	0.999513
432	402	0.999448
432	108	0.99913
432	252	0.999895
432	89	0.999922
432	388	0.998534
432	174	0.998939
432	229	0.998932
432	133	0.999431
432	385	0.998671
432	377	0.999401
432	116	0.999348
432	332	0.999632
432	62	0.999895
432	400	0.999827
432	221	0.999351
432	363	0.998869
432	427	0.9986
432	415	0.999612
432	384	0.998979
432	385	0.998984
432	129	0.999687
432	425	0.998818
432	62	0.999905
432	188	0.99978
432	86	0.998492
432	401	0.999672
432	107	0.999822
432	136	0.999579
432	388	0.998937
432	391	0.999119
432	392	0.998459
432	305	0.998726
432	99	0.999626
432	262	0.999684
432	338	0.998635
432	105	0.999815
432	62	0.999175
432	422	0.99928
432	252	0.999393
432	228	0.999403
432	97	0.999646
432	325	0.999957
432	295	0.999396
432	167	0.999185
432	40	0.99995
432	332	0.998899
432	55	0.999197
432	228	0.998768
432	270	0.999745
432	178	0.999884
432	283	0.99862
432	232	0.999253
432	268	0.999265
432	36	0.998419
432	302	0.999323
432	276	0.999872
432	224	0.999496
432	192	0.999937
432	405	0.999395
432	86	0.998417
432	223	0.998751
432	305	0.998966
432	57	0.998547
432	352	0.998851
432	335	0.999789
432	367	0.999173
432	124	0.999656
432	109	0.998971
432	143	0.9986
432	216	0.998381
432	108	0.999782
432	98	0.999524
432	137	0.999845
432	252	0.998419
432	400	0.998643
432	85	0.998781
432	189	0.999955
432	334	0.998771
432	427	0.999662
432	156	0.999067
432	429	0.99989
432	73	0.999396
432	153	0.998934
432	367	0.999779
432	202	0.999646
432	405	0.999975
432	319	0.998592
432	288	0.998346
432	292	0.999641
432	39	0.998813
432	429	0.999496
432	182	0.999313
432	52	0.999895
432	307	0.998607
432	159	0.999553
432	97	0.999247
432	140	0.998668
432	365	0.999506
432	240	0.999237
432	274	0.998804
432	384	0.99927
432	306	0.998996
432	371	0.999177
432	135	0.999646
432	151	0.999982
432	171	0.998505
432	95	0.999639
432	348	0.999571
432	178	0.998494
432	207	0.999099
432	315	0.999892
432	128	0.999095
432	144	0.999193
432	318	0.999859
432	405	0.999932
432	344	0.999463
432	210	0.999281
432	372	0.999398
432	425	0.999764
432	377	0.999035
432	258	0.998406
432	81	0.999079
432	310	0.999408
432	49	0.999724
432	92	0.999262
432	129	0.999253
432	406	0.999419
432	36	0.99991
432	196	0.999709
432	273	0.999503
432	403	0.999029
432	400	0.998504
432	194	0.998741
432	93	0.999193
432	267	0.998829
432	124	0.998909
432	332	0.999592
432	337	0.99914
432	398	0.998716
432	179	0.999321
432	90	0.999631
432	239	0.998431
432	165	0.998675
432	271	0.998962
432	314	0.998416
432	244	0.999677
432	288	0.999559
432	368	0.999283
432	129	0.998597
432	281	0.998527
432	188	0.999007
432	307	0.998502
432	262	0.999774
432	291	0.999177
432	161	0.998371
432	372	0.99857
432	203	0.999458
432	424	0.998999
432	340	0.998522
432	401	0.999563
432	39	0.998402
432	307	0.998628
432	263	0.999094
432	414	0.9998
432	203	0.999197
432	182	0.999972
432	86	0.99866
432	408	0.999075
432	101	0.999948
432	265	0.998547
432	45	0.998369
432	164	0.999232
432	251	0.99993
432	184	0.998716
432	412	0.999832
432	282	0.998966
432	166	0.99848
432	337	0.999707
432	166	0.998414
432	412	0.999456
432	100	0.999759
432	232	0.999528
432	364	0.999749
432	364	0.998932
432	416	0.998509
432	234	0.999676
432	159	0.998969
432	68	0.99862
432	397	0.998562
432	329	0.999697
432	273	0.998921
432	254	0.99911
432	292	0.999345
432	394	0.99854
432	334	0.998775
432	193	0.998465
432	228	0.998884
432	235	0.999438
432	322	0.999016
432	163	0.998474
432	68	0.999544
432	309	0.999202
432	337	0.999659
432	160	0.999055
432	239	0.999662
432	162	0.999112
432	305	0.999499
432	393	0.999639
432	247	0.999987
432	215	0.99941
432	38	0.998595
432	251	0.999373
432	84	0.999067
432	146	0.998919
432	363	0.998974
432	127	0.999785
432	351	0.99859
432	41	0.999405
432	200	0.998823
432	290	0.999235
432	393	0.998592
432	62	0.998986
432	89	0.998623
432	407	0.999747
432	89	0.999533
432	62	0.999566
432	242	0.998735
432	69	0.999207
432	323	0.999215
432	67	0.998999
432	86	0.998494
432	43	0.999737
432	351	0.999735
432	368	0.999002
432	221	0.999453
432	111	0.998474
432	63	0.998746
432	58	0.998778
432	369	0.99996
432	97	0.998525
432	200	0.999942
432	53	0.999074
432	382	0.998371
432	263	0.999987
432	86	0.999973
432	149	0.998532
432	131	0.998399
432	290	0.999195
432	335	0.999804
432	185	0.999458
432	102	0.999137
432	98	0.999556
432	223	0.999205
432	114	0.998907
432	347	0.999772
432	36	0.998572
432	180	0.999948
432	330	0.999065
432	336	0.999361
432	410	0.999988
432	275	0.999328
432	332	0.999396
432	412	0.998454
432	134	0.998519
432	336	0.999667
432	228	0.998778
432	115	0.999242
432	118	0.999383
432	270	0.998951
432	113	0.998686
432	105	0.998653
432	418	0.998429
432	186	0.99847
432	165	0.999192
432	55	0.999353
432	360	0.998706
432	220	0.998756
432	376	0.998568
432	303	0.998879
432	78	0.999162
432	285	0.998713
432	35	0.999804
432	71	0.998881
432	100	0.999025
432	177	0.999419
432	75	0.999804
432	258	0.999592
432	112	0.999119
432	51	0.999965
432	253	0.998348
432	165	0.999208
432	253	0.999148
432	370	0.99913
432	294	0.998645
432	273	0.9992
432	186	0.998907
432	133	0.999933
432	404	0.999671
432	371	0.999175
432	67	0.999448
432	253	0.999114
432	285	0.998961
432	296	0.998464
432	118	0.999639
432	387	0.999528
432	261	0.999253
432	335	0.998633
432	361	0.999998
432	308	0.999109
432	414	0.999877
432	253	0.999403
432	65	0.998618
432	234	0.998386
432	128	0.999444
432	77	0.998371
432	359	0.998384
432	66	0.99855
432	150	0.998587
432	82	0.998494
432	251	0.998366
432	196	0.999454
432	362	0.99854
432	170	0.999596
432	120	0.999815
432	385	0.998635
432	367	0.999747
432	239	0.999551
432	254	0.999054
432	219	0.998914
432	408	0.998951
432	217	0.998879
432	425	0.998854
432	43	0.999659
432	282	0.999187
432	359	0.998884
432	279	0.999701
432	147	0.998563
432	206	0.999092
432	92	0.99871
432	358	0.998926
432	37	0.999168
432	56	0.999957
432	127	0.999847
