3000
91	87	0.99726
91	33	0.998798
91	74	0.997552
91	25	0.998899
91	16	0.99783
91	58	0.998252
91	82	0.997636
91	62	0.999037
91	43	0.998165
91	28	0.999138
91	35	0.998201
91	72	0.998196
91	28	0.997971
91	54	0.997232
91	71	0.998516
91	51	0.999693
91	28	0.997341
91	15	0.997886
91	27	0.999777
91	52	0.997934
91	29	0.999195
91	83	0.999335
91	27	0.998497
91	7	0.999392
91	79	0.997707
91	85	0.997962
91	42	0.998857
91	36	0.998066
91	66	0.998753
91	73	0.999147
91	50	0.997409
91	63	0.998258
91	15	0.99844
91	68	0.999349
91	77	0.999721
91	61	0.997324
91	22	0.997996
91	60	0.997572
91	17	0.998027
91	79	0.998066
91	89	0.998635
91	25	0.999023
91	13	0.999124
91	22	0.998359
91	59	0.999158
91	66	0.998255
91	38	0.99808
91	35	0.998736
91	17	0.99731
91	64	0.998623
91	88	0.999217
91	27	0.998682
91	78	0.998891
91	48	0.998528
91	13	0.999299
91	85	0.998277
91	42	0.999293
91	12	0.999026
91	84	0.998606
91	16	0.999431
91	66	0.998005
91	50	0.999946
91	71	0.999744
91	56	0.998272
91	3	0.997524
91	28	0.998578
91	69	0.998741
91	6	0.999769
91	27	0.998317
91	82	0.999848
91	90	0.998176
91	22	0.998817
91	90	0.998564
91	41	0.999718
91	63	0.998359
91	69	0.999851
91	21	0.997428
91	78	0.998601
91	54	0.999696
91	67	0.998061
91	66	0.998936
91	56	0.999423
91	29	0.997448
91	42	0.997456
91	63	0.999518
91	26	0.998002
91	32	0.998784
91	83	0.999214
91	82	0.998196
91	67	0.998297
91	23	0.999161
91	24	0.997324
91	10	0.999251
91	77	0.999226
91	80	0.999189
91	26	0.997591
91	42	0.998846
91	34	0.999355
91	35	0.998998
91	26	0.99882
91	16	0.99835
91	81	0.998961
91	10	0.99922
91	66	0.999668
91	2	0.99895
91	35	0.999372
91	38	0.998998
91	20	0.998781
91	10	0.999763
91	41	0.998148
91	25	0.999113
91	78	0.999023
91	9	0.999589
91	90	0.999107
91	7	0.997583
91	30	0.997558
91	78	0.997968
91	39	0.997614
91	48	0.999437
91	28	0.998803
91	7	0.997889
91	53	0.997985
91	3	0.998024
91	5	0.997659
91	9	0.997988
91	78	0.997426
91	11	0.997574
91	84	0.998376
91	88	0.998519
91	40	0.997797
91	10	0.998857
91	5	0.999797
91	82	0.997389
91	83	0.998803
91	71	0.999955
91	42	0.99882
91	71	0.998806
91	3	0.997701
91	43	0.999324
91	66	0.998123
91	25	0.999352
91	71	0.997926
91	57	0.998483
91	33	0.999623
91	73	0.998612
91	43	0.998286
91	18	0.997417
91	74	0.999935
91	80	0.99819
91	5	0.998798
91	89	0.999014
91	71	0.998401
91	45	0.997695
91	22	0.999811
91	43	0.998882
91	25	0.998547
91	46	0.997996
91	67	0.997996
91	66	0.997333
91	39	0.999808
91	60	0.998463
91	83	0.998663
91	6	0.999197
91	12	0.999107
91	5	0.997785
91	45	0.998595
91	88	0.997884
91	27	0.998781
91	36	0.998241
91	30	0.999721
91	37	0.998778
91	8	0.997639
91	53	0.999862
91	63	0.997628
91	53	0.998052
91	58	0.999493
91	86	0.998156
91	81	0.998508
91	18	0.998224
91	32	0.999431
91	69	0.999051
91	21	0.997434
91	45	0.999561
91	22	0.998443
91	18	0.99747
91	60	0.997572
91	39	0.999656
91	6	0.999155
91	28	0.999775
91	6	0.997929
91	66	0.999448
91	90	0.999586
91	63	0.998114
91	65	0.997215
91	78	0.999175
91	87	0.997934
91	48	0.999749
91	56	0.998384
91	72	0.997507
91	8	0.997622
91	26	0.997215
91	3	0.999935
91	30	0.997872
91	58	0.998154
91	23	0.998466
91	31	0.998013
91	57	0.997299
91	31	0.997299
91	26	0.999879
91	65	0.997819
91	14	0.999594
91	24	0.999428
91	39	0.997248
91	65	0.99722
91	48	0.999682
91	23	0.999572
91	18	0.999321
91	18	0.999406
91	22	0.999707
91	88	0.998646
91	39	0.99812
91	90	0.999333
91	2	0.999901
91	12	0.998491
91	51	0.997293
91	84	0.998266
91	10	0.997825
91	61	0.99993
91	46	0.99785
91	78	0.999394
91	74	0.997872
91	34	0.998879
91	61	0.999017
91	42	0.997861
91	37	0.999434
91	57	0.999769
91	81	0.998142
91	52	0.997215
91	57	0.997198
91	10	0.998035
91	2	0.998016
91	79	0.998235
91	81	0.997347
91	39	0.99787
91	58	0.998747
91	71	0.998857
91	45	0.999
91	66	0.998125
91	54	0.997209
91	89	0.999116
91	46	0.997968
91	58	0.999223
91	46	0.997594
91	73	0.997403
91	17	0.997549
91	31	0.997232
91	75	0.997844
91	80	0.998879
91	37	0.998739
91	26	0.998578
91	74	0.999741
91	51	0.999138
91	5	0.997687
91	62	0.998111
91	49	0.998027
91	65	0.997344
91	83	0.999811
91	47	0.997563
91	38	0.99733
91	33	0.999516
91	87	0.998927
91	29	0.999676
91	76	0.999059
91	88	0.999003
91	60	0.999493
91	47	0.999792
91	35	0.998249
91	24	0.999242
91	69	0.997858
91	83	0.99726
91	41	0.999608
91	17	0.99726
91	12	0.998657
91	79	0.999192
91	9	0.997201
91	74	0.997664
91	40	0.999003
91	80	0.998443
91	82	0.997527
91	58	0.999859
91	46	0.997563
91	89	0.997279
91	6	0.997302
91	35	0.997979
91	86	0.998629
91	67	0.998328
91	23	0.999983
91	42	0.997386
91	7	0.99785
91	33	0.998269
91	39	0.999577
91	70	0.999839
91	34	0.999389
91	17	0.99877
91	18	0.9983
91	74	0.999634
91	6	0.999746
91	47	0.999473
91	57	0.997569
91	8	0.997529
91	60	0.998052
91	11	0.998846
91	70	0.997518
91	11	0.997347
91	71	0.997456
91	83	0.998007
91	73	0.999949
91	70	0.997872
91	12	0.999378
91	10	0.999071
91	3	0.999859
91	35	0.998961
91	6	0.997395
91	38	0.998902
91	11	0.99895
91	31	0.999521
91	90	0.999575
91	38	0.998145
91	20	0.99853
91	10	0.999211
91	35	0.999014
91	60	0.999918
91	9	0.999527
91	59	0.997628
91	39	0.999366
91	90	0.998741
91	23	0.997454
91	18	0.99913
91	26	0.998227
91	43	0.997608
91	20	0.998131
91	70	0.999358
91	2	0.998196
91	22	0.999837
91	46	0.99895
91	22	0.998364
91	20	0.997881
91	29	0.998376
91	58	0.997892
91	39	0.997403
91	14	0.999082
91	16	0.997603
91	57	0.997389
91	55	0.99726
91	25	0.99846
91	35	0.998213
91	37	0.998578
91	41	0.999093
91	9	0.998696
91	35	0.999254
91	12	0.998812
91	65	0.997499
91	39	0.999899
91	13	0.998941
91	75	0.997296
91	29	0.997631
91	47	0.999645
91	73	0.999837
91	19	0.997954
91	53	0.999611
91	15	0.999845
91	12	0.998041
91	12	0.999873
91	51	0.998595
91	87	0.998547
91	28	0.999704
91	78	0.997802
91	38	0.998868
91	88	0.999012
91	88	0.998708
91	35	0.998494
91	31	0.997839
91	22	0.997605
91	57	0.998387
91	61	0.997853
91	87	0.998095
91	82	0.999603
91	49	0.998978
91	75	0.998269
91	64	0.997423
91	67	0.999975
91	85	0.997746
91	24	0.998643
91	74	0.999341
91	17	0.998117
91	6	0.998632
91	59	0.999203
91	26	0.997996
91	9	0.999487
91	77	0.999932
91	39	0.999499
91	52	0.99835
91	14	0.999268
91	23	0.997521
91	53	0.997594
91	14	0.99751
91	54	0.998069
91	25	0.997473
91	42	0.997395
91	28	0.999552
91	5	0.998736
91	9	0.998317
91	22	0.997833
91	72	0.998556
91	88	0.999437
91	30	0.999113
91	42	0.999845
91	13	0.99821
91	55	0.999935
91	50	0.999856
91	68	0.998398
91	58	0.997878
91	25	0.999563
91	73	0.998125
91	47	0.997319
91	54	0.999203
91	50	0.998269
91	34	0.999845
91	19	0.99799
91	61	0.997406
91	65	0.999105
91	82	0.999654
91	83	0.999175
91	4	0.999172
91	44	0.998308
91	85	0.997237
91	79	0.999296
91	31	0.997676
91	78	0.999887
91	65	0.999265
91	90	0.999352
91	47	0.99751
91	31	0.99844
91	5	0.999803
91	71	0.997482
91	3	0.999237
91	56	0.99967
91	44	0.997319
91	88	0.997648
91	55	0.998902
91	4	0.998232
91	26	0.997872
91	80	0.997566
91	90	0.999341
91	10	0.998786
91	36	0.997687
91	68	0.997611
91	27	0.999699
91	53	0.999693
91	67	0.999144
91	82	0.997189
91	60	0.998629
91	66	0.999724
91	62	0.999656
91	85	0.999887
91	88	0.999693
91	33	0.998246
91	42	0.999226
91	35	0.99929
91	85	0.999147
91	18	0.998398
91	17	0.997411
91	52	0.997277
91	79	0.997454
91	63	0.99866
91	69	0.998601
91	5	0.999327
91	28	0.999856
91	84	0.999361
91	76	0.999758
91	67	0.998961
91	64	0.998806
91	56	0.99841
91	75	0.997414
91	26	0.999631
91	28	0.998182
91	35	0.999814
91	24	0.999217
91	75	0.999059
91	28	0.999975
91	18	0.997204
91	40	0.999352
91	40	0.999468
91	6	0.997774
91	37	0.999879
91	42	0.997459
91	85	0.998727
91	53	0.997423
91	33	0.998179
91	3	0.997715
91	34	0.998342
91	57	0.998002
91	73	0.998111
91	17	0.999758
91	11	0.998741
91	12	0.999583
91	77	0.998809
91	4	0.998967
91	23	0.999217
91	67	0.997307
91	15	0.99873
91	64	0.999831
91	42	0.999817
91	39	0.99891
91	25	0.997246
91	21	0.999614
91	33	0.999324
91	68	0.997223
91	15	0.999279
91	57	0.998975
91	44	0.998246
91	20	0.997192
91	71	0.999158
91	58	0.999195
91	40	0.998131
91	50	0.999516
91	38	0.998252
91	7	0.998767
91	66	0.997406
91	79	0.998651
91	14	0.998525
91	80	0.999713
91	87	0.998213
91	7	0.99949
91	35	0.999127
91	67	0.998421
91	35	0.997263
91	69	0.99767
91	52	0.997386
91	28	0.999183
91	41	0.999561
91	23	0.998078
91	36	0.99931
91	82	0.998525
91	3	0.999155
91	2	0.99744
91	37	0.998609
91	68	0.997656
91	85	0.998725
91	4	0.998013
91	84	0.998699
91	70	0.998117
91	12	0.998502
91	4	0.999873
91	37	0.999859
91	49	0.999307
91	60	0.999538
91	59	0.998128
91	7	0.997504
91	17	0.997569
91	6	0.997442
91	79	0.999997
91	7	0.997271
91	78	0.997676
91	22	0.997723
91	75	0.999504
91	83	0.998455
91	88	0.999772
91	45	0.997437
91	63	0.998159
91	70	0.998972
91	58	0.997976
91	77	0.99801
91	58	0.998342
91	42	0.997681
91	60	0.999744
91	69	0.997535
91	35	0.997614
91	35	0.99904
91	43	0.999986
91	11	0.999842
91	80	0.997839
91	35	0.997656
91	19	0.998002
91	72	0.998215
91	63	0.997712
91	16	0.99931
91	31	0.999459
91	40	0.998432
91	8	0.999169
91	86	0.999873
91	89	0.997971
91	60	0.999372
91	70	0.997375
91	35	0.998227
91	56	0.999023
91	60	0.998485
91	18	0.997279
91	3	0.999887
91	3	0.998263
91	30	0.998089
91	52	0.999237
91	40	0.998564
91	89	0.999006
91	70	0.99817
91	78	0.998657
91	51	0.997251
91	52	0.998649
91	29	0.997797
91	18	0.998829
91	11	0.998207
91	10	0.997701
91	58	0.997605
91	62	0.998131
91	41	0.997395
91	55	0.999735
91	6	0.997378
91	18	0.998584
91	89	0.998213
91	21	0.999034
91	35	0.99987
91	79	0.998092
91	45	0.999907
91	48	0.997372
91	61	0.99817
91	78	0.998033
91	39	0.999394
91	43	0.998035
91	38	0.997833
91	51	0.998902
91	71	0.997805
91	19	0.999524
91	50	0.998936
91	85	0.998953
91	4	0.997248
91	24	0.99989
91	41	0.998753
91	85	0.997319
91	65	0.999811
91	35	0.997293
91	78	0.999493
91	66	0.997532
91	15	0.999628
91	66	0.997532
91	18	0.999417
91	86	0.99857
91	76	0.998756
91	15	0.999318
91	84	0.997358
91	69	0.999029
91	18	0.998488
91	38	0.999549
91	11	0.99998
91	67	0.998741
91	55	0.998547
91	62	0.997788
91	16	0.997524
91	10	0.999304
91	21	0.997631
91	13	0.998972
91	90	0.998671
91	63	0.999116
91	4	0.99735
91	90	0.999361
91	89	0.997369
91	89	0.999465
91	72	0.999555
91	80	0.997338
91	57	0.998069
91	64	0.999105
91	39	0.999307
91	33	0.999701
91	50	0.997527
91	45	0.997507
91	38	0.997771
91	49	0.99913
91	29	0.997926
91	65	0.997473
91	39	0.999406
91	65	0.998519
91	13	0.998618
91	10	0.999012
91	31	0.999335
91	28	0.999228
91	23	0.997532
91	70	0.99949
91	25	0.999206
91	89	0.997521
91	7	0.998398
91	78	0.998677
91	83	0.997319
91	61	0.999969
91	89	0.997999
91	89	0.997392
91	64	0.999203
91	22	0.999823
91	81	0.998125
91	45	0.997653
91	3	0.998376
91	36	0.997788
91	85	0.998595
91	48	0.999555
91	22	0.998601
91	41	0.998891
91	15	0.999037
91	4	0.999425
91	75	0.999642
91	88	0.998024
91	42	0.997535
91	9	0.999859
91	55	0.999054
91	75	0.99751
91	8	0.999518
91	69	0.997721
91	12	0.997597
91	82	0.997381
91	35	0.999744
91	85	0.998185
91	29	0.998581
91	32	0.99747
91	84	0.99812
91	31	0.999029
91	82	0.99886
91	85	0.99857
91	27	0.997971
91	30	0.999445
91	37	0.997541
91	90	0.999155
91	78	0.997417
91	35	0.998528
91	54	0.997243
91	15	0.999915
91	32	0.998663
91	30	0.999406
91	24	0.999932
91	38	0.999651
91	11	0.999127
91	59	0.997513
91	69	0.99724
91	31	0.999623
91	85	0.99733
91	2	0.999262
91	44	0.999043
91	75	0.99756
91	82	0.998353
91	43	0.999786
91	66	0.997361
91	30	0.998772
91	7	0.998941
91	45	0.999958
91	74	0.99726
91	56	0.997302
91	13	0.997209
91	13	0.997473
91	45	0.999085
91	82	0.999389
91	33	0.999003
91	85	0.999606
91	28	0.998311
91	65	0.999724
91	80	0.999442
91	40	0.999251
91	22	0.998061
91	53	0.999324
91	48	0.998857
91	22	0.997313
91	38	0.997811
91	29	0.999963
91	32	0.99902
91	83	0.999848
91	42	0.998711
91	82	0.998258
91	27	0.999746
91	18	0.999868
91	75	0.997813
91	74	0.998274
91	81	0.999597
91	64	0.997352
91	36	0.998592
91	29	0.999645
91	9	0.999282
91	56	0.997201
91	32	0.999811
91	77	0.997327
91	45	0.997352
91	11	0.997954
91	45	0.998201
91	16	0.999316
91	27	0.999437
91	54	0.997777
91	87	0.999147
91	44	0.999152
91	75	0.998882
91	51	0.999121
91	75	0.998232
91	68	0.999755
91	16	0.997695
91	57	0.999986
91	42	0.998415
91	81	0.998471
91	55	0.999012
91	39	0.998463
91	88	0.998896
91	81	0.99982
91	16	0.999268
91	74	0.997411
91	33	0.998336
91	40	0.998311
91	58	0.997577
91	57	0.997884
91	12	0.999499
91	5	0.998525
91	46	0.998519
91	82	0.997462
91	47	0.998998
91	60	0.999682
91	40	0.997712
91	33	0.997737
91	75	0.997344
91	85	0.998038
91	21	0.998477
91	53	0.997237
91	62	0.999369
91	45	0.997251
91	51	0.999842
91	54	0.999234
91	75	0.997965
91	62	0.998395
91	30	0.999068
91	73	0.997355
91	22	0.999516
91	85	0.998367
91	80	0.997614
91	23	0.999586
91	37	0.999594
91	31	0.997251
91	6	0.997667
91	40	0.998663
91	51	0.997785
91	17	0.998331
91	74	0.998502
91	18	0.999355
91	54	0.997951
91	21	0.999003
91	33	0.999817
91	37	0.999186
91	3	0.999445
91	20	0.997659
91	60	0.997518
91	61	0.998792
91	36	0.99796
91	7	0.999952
91	48	0.997369
91	55	0.997841
91	89	0.999527
91	79	0.999972
91	19	0.997926
91	5	0.998705
91	62	0.999006
91	16	0.998218
91	66	0.999437
91	21	0.999575
91	52	0.998078
91	41	0.999713
91	50	0.999276
91	55	0.997274
91	61	0.999575
91	12	0.998111
91	45	0.998854
91	81	0.997766
91	49	0.999851
91	37	0.998967
91	85	0.998455
91	60	0.99837
91	78	0.998713
91	82	0.999558
91	83	0.99922
91	18	0.997867
91	2	0.997532
91	51	0.99962
91	37	0.999527
91	89	0.999096
91	5	0.999896
91	35	0.998756
91	19	0.999696
91	90	0.997288
91	90	0.998221
91	46	0.999732
91	55	0.998837
91	43	0.999197
91	72	0.997886
91	68	0.99924
91	25	0.998424
91	72	0.997867
91	27	0.998336
91	17	0.998891
91	83	0.99846
91	90	0.999913
91	63	0.999135
91	18	0.998401
91	34	0.999549
91	9	0.998789
91	3	0.997822
91	74	0.998131
91	57	0.999566
91	59	0.999299
91	18	0.997662
91	63	0.999057
91	29	0.998201
91	63	0.999623
91	83	0.998708
91	10	0.999327
91	24	0.999918
91	64	0.998334
91	57	0.997974
91	47	0.998469
91	46	0.998055
91	77	0.999406
91	9	0.9976
91	35	0.998947
91	19	0.999062
91	72	0.999862
91	18	0.999563
91	79	0.99886
91	7	0.998446
91	15	0.998947
91	33	0.999676
91	78	0.99778
91	38	0.99844
91	33	0.999583
91	9	0.999161
91	39	0.998207
91	18	0.999696
91	81	0.999623
91	79	0.998452
91	35	0.999074
91	37	0.998207
91	28	0.999014
91	77	0.997589
91	79	0.997965
91	85	0.999166
91	7	0.99924
91	38	0.998609
91	46	0.998457
91	71	0.997251
91	22	0.999487
91	33	0.998604
91	70	0.997254
91	39	0.999648
91	57	0.99895
91	5	0.998272
91	60	0.999654
91	15	0.997653
91	10	0.998069
91	45	0.998044
91	71	0.998474
91	82	0.999054
91	55	0.999499
91	58	0.998024
91	60	0.999715
91	57	0.99902
91	22	0.997369
91	41	0.999876
91	80	0.998964
91	60	0.998815
91	53	0.997594
91	5	0.998983
91	86	0.998095
91	17	0.997302
91	2	0.999065
91	80	0.998162
91	74	0.998227
91	69	0.997867
91	79	0.998469
91	81	0.997409
91	89	0.999214
91	7	0.99944
91	63	0.997257
91	44	0.997735
91	76	0.998972
91	88	0.999631
91	68	0.998986
91	71	0.99904
91	52	0.998871
91	73	0.998736
91	51	0.999935
91	10	0.997218
91	78	0.998019
91	44	0.998919
91	77	0.998452
91	67	0.99835
91	64	0.997563
91	34	0.999062
91	32	0.998469
91	73	0.999766
91	78	0.999127
91	30	0.997788
91	32	0.998736
91	5	0.997291
91	52	0.999558
91	71	0.99978
91	69	0.997274
91	65	0.999501
91	43	0.997271
91	16	0.999144
91	48	0.998075
91	90	0.999366
91	16	0.998345
91	32	0.998854
91	65	0.997296
91	40	0.998865
91	6	0.99909
91	30	0.998269
91	20	0.998792
91	77	0.998587
91	28	0.998322
91	20	0.997768
91	90	0.999862
91	60	0.998106
91	60	0.99835
91	8	0.999547
91	65	0.997347
91	43	0.998961
91	51	0.999341
91	33	0.997232
91	27	0.997622
91	84	0.997763
91	18	0.999223
91	11	0.997476
91	45	0.997605
91	80	0.999541
91	24	0.999099
91	44	0.99987
91	18	0.998353
91	87	0.999048
91	33	0.998457
91	18	0.998497
91	40	0.999423
91	64	0.999899
91	57	0.999921
91	14	0.998874
91	8	0.999958
91	26	0.997254
91	81	0.997257
91	48	0.999355
91	32	0.997369
91	10	0.999037
91	28	0.997825
91	18	0.997549
91	47	0.999572
91	68	0.99726
91	64	0.999327
91	81	0.999932
91	67	0.999192
91	64	0.99841
91	60	0.999761
91	89	0.997555
91	37	0.99991
91	66	0.999057
91	28	0.998106
91	61	0.998798
91	68	0.998013
91	17	0.997442
91	27	0.999206
91	86	0.999287
91	33	0.999161
91	39	0.999133
91	67	0.998713
91	69	0.998722
91	15	0.99837
91	89	0.999257
91	84	0.99735
91	84	0.999789
91	67	0.997906
91	57	0.997434
91	53	0.999237
91	38	0.999054
91	78	0.998432
91	10	0.999231
91	42	0.999789
91	38	0.997802
91	86	0.998002
91	50	0.998162
91	33	0.99722
91	23	0.999276
91	20	0.999197
91	85	0.99821
91	78	0.99969
91	39	0.998055
91	73	0.998469
91	27	0.997223
91	65	0.997437
91	35	0.998919
91	4	0.997316
91	32	0.997926
91	22	0.997496
91	16	0.998356
91	79	0.997518
91	31	0.998916
91	7	0.997282
91	49	0.997886
91	28	0.997386
91	2	0.998998
91	21	0.997656
91	41	0.997364
91	90	0.999828
91	90	0.997397
91	39	0.997836
91	74	0.999693
91	24	0.998469
91	58	0.99971
91	40	0.99862
91	76	0.999834
91	40	0.999152
91	53	0.99993
91	23	0.999938
91	46	0.999003
91	71	0.997715
91	78	0.998064
91	72	0.998446
91	4	0.997709
91	9	0.999589
91	74	0.998364
91	8	0.997546
91	46	0.998871
91	4	0.998148
91	32	0.999324
91	70	0.998964
91	19	0.999226
91	48	0.998429
91	89	0.999324
91	80	0.997619
91	6	0.99913
91	76	0.999673
91	63	0.998154
91	87	0.997752
91	35	0.997676
91	25	0.999203
91	44	0.999746
91	23	0.999012
91	16	0.997378
91	59	0.997633
91	88	0.998269
91	6	0.999257
91	22	0.99929
91	61	0.997456
91	79	0.999107
91	21	0.999794
91	9	0.999589
91	23	0.999327
91	14	0.999093
91	30	0.997934
91	30	0.999746
91	73	0.997656
91	25	0.997212
91	35	0.999318
91	29	0.997254
91	66	0.998007
91	4	0.999817
91	53	0.99812
91	72	0.998277
91	64	0.998078
91	70	0.998533
91	54	0.999961
91	71	0.997426
91	61	0.999203
91	6	0.999969
91	74	0.99895
91	86	0.9983
91	28	0.997518
91	86	0.999949
91	86	0.998677
91	67	0.999124
91	87	0.99962
91	31	0.999555
91	78	0.999727
91	65	0.998485
91	69	0.998125
91	38	0.998978
91	24	0.999209
91	41	0.999623
91	21	0.997501
91	65	0.997487
91	46	0.997965
91	13	0.999375
91	49	0.999752
91	40	0.997982
91	58	0.999665
91	84	0.998027
91	3	0.99904
91	81	0.999732
91	74	0.998983
91	12	0.999682
91	18	0.998463
91	38	0.99735
91	42	0.998474
91	9	0.997347
91	19	0.997754
91	61	0.99821
91	67	0.999296
91	30	0.998111
91	47	0.997723
91	57	0.999361
91	2	0.998756
91	88	0.997926
91	23	0.997763
91	58	0.999811
91	85	0.998024
91	13	0.999775
91	2	0.999307
91	5	0.999271
91	31	0.998356
91	42	0.998598
91	49	0.998587
91	19	0.997352
91	18	0.997372
91	43	0.999527
91	52	0.999181
91	26	0.998345
91	79	0.999121
91	37	0.997875
91	87	0.997954
91	36	0.998784
91	78	0.999963
91	45	0.997499
91	7	0.999344
91	11	0.999544
91	45	0.999124
91	22	0.999569
91	34	0.998232
91	73	0.999135
91	35	0.998106
91	89	0.9976
91	46	0.997636
91	62	0.999952
91	3	0.997428
91	40	0.999158
91	7	0.997383
91	80	0.997479
91	55	0.998995
91	21	0.999172
91	2	0.99726
91	64	0.999211
91	81	0.997729
91	81	0.99944
91	17	0.9985
91	90	0.997906
91	43	0.997566
91	26	0.998066
91	21	0.997864
91	19	0.999203
91	19	0.997766
91	42	0.999797
91	47	0.997507
91	84	0.998882
91	89	0.997749
91	3	0.998803
91	62	0.999952
91	30	0.997737
91	37	0.999589
91	38	0.999642
91	26	0.999811
91	20	0.997917
91	64	0.999538
91	40	0.999358
91	55	0.99835
91	87	0.999713
91	74	0.99799
91	11	0.998364
91	70	0.99991
91	33	0.997976
91	13	0.997485
91	10	0.997361
91	54	0.998758
91	9	0.998359
91	37	0.998758
91	72	0.99855
91	11	0.998578
91	67	0.999842
91	70	0.999555
91	73	0.998353
91	55	0.99726
91	68	0.998415
91	25	0.999693
91	90	0.998117
91	70	0.998817
91	79	0.997586
91	68	0.998812
91	41	0.998936
91	79	0.999324
91	56	0.997409
91	86	0.998756
91	85	0.999313
91	80	0.997414
91	52	0.998747
91	30	0.999304
91	23	0.997532
91	6	0.998438
91	29	0.998314
91	24	0.997263
91	21	0.998336
91	24	0.997336
91	28	0.999549
91	25	0.998581
91	51	0.998933
91	84	0.998958
91	13	0.999454
91	90	0.999758
91	81	0.998567
91	53	0.998213
91	32	0.998064
91	83	0.999124
91	39	0.997496
91	90	0.998516
91	80	0.999327
91	63	0.999659
91	16	0.999479
91	53	0.998528
91	14	0.999211
91	49	0.999876
91	23	0.99931
91	48	0.997864
91	35	0.9983
91	44	0.99915
91	23	0.999977
91	30	0.997291
91	47	0.997976
91	70	0.999068
91	62	0.997988
91	71	0.998258
91	86	0.997875
91	83	0.998905
91	53	0.999144
91	10	0.997996
91	51	0.999623
91	30	0.999031
91	2	0.997431
91	48	0.998024
91	29	0.998384
91	38	0.99886
91	77	0.997768
91	23	0.999285
91	20	0.998215
91	13	0.999147
91	57	0.997839
91	56	0.998019
91	18	0.997763
91	36	0.998533
91	22	0.997681
91	88	0.99922
91	41	0.997336
91	53	0.997538
91	67	0.997507
91	50	0.999913
91	4	0.999
91	41	0.998027
91	69	0.999772
91	3	0.997979
91	61	0.997684
91	54	0.999755
91	16	0.997448
91	32	0.99855
91	59	0.997336
91	72	0.997499
91	58	0.997541
91	16	0.99873
91	83	0.997808
91	62	0.999335
91	25	0.99938
91	38	0.997948
91	14	0.997462
91	21	0.999668
91	80	0.999096
91	18	0.998111
91	47	0.997982
91	88	0.997288
91	65	0.99949
91	14	0.999592
91	21	0.998877
91	77	0.997715
91	15	0.997212
91	74	0.997369
91	27	0.997833
91	85	0.998865
91	2	0.99835
91	10	0.997839
91	29	0.999335
91	53	0.997397
91	58	0.998595
91	19	0.999772
91	48	0.997395
91	28	0.999034
91	33	0.997794
91	17	0.998961
91	71	0.998812
91	61	0.997915
91	2	0.999257
91	57	0.997698
91	44	0.997265
91	90	0.999645
91	33	0.998871
91	28	0.999096
91	86	0.998303
91	43	0.998865
91	10	0.997229
91	84	0.998522
91	10	0.998806
91	37	0.997305
91	35	0.999448
91	70	0.998401
91	27	0.997223
91	37	0.997923
91	69	0.999617
91	5	0.997771
91	76	0.999789
91	77	0.999831
91	54	0.99884
91	42	0.999589
91	36	0.998891
91	79	0.99769
91	71	0.998725
91	17	0.999437
91	73	0.999217
91	33	0.997395
91	68	0.997445
91	48	0.998961
91	63	0.998843
91	52	0.998446
91	17	0.999102
91	89	0.99868
91	71	0.998848
91	64	0.998725
91	38	0.997805
91	32	0.999226
91	34	0.997749
91	80	0.998162
91	83	0.998367
91	34	0.999924
91	20	0.997614
91	14	0.998533
91	35	0.999544
91	51	0.999763
91	24	0.997945
91	5	0.999347
91	84	0.999727
91	30	0.998328
91	82	0.998798
91	73	0.999994
91	82	0.998322
91	67	0.997333
91	40	0.997586
91	22	0.999924
91	33	0.999119
91	81	0.997313
91	67	0.999535
91	84	0.999121
91	41	0.999524
91	70	0.999442
91	24	0.998871
91	66	0.997653
91	31	0.997836
91	71	0.999997
91	32	0.999504
91	51	0.99987
91	69	0.997473
91	33	0.998694
91	49	0.997201
91	17	0.998705
91	23	0.997844
91	69	0.999504
91	86	0.997782
91	3	0.998545
91	81	0.997915
91	63	0.999127
91	73	0.998137
91	26	0.999701
91	89	0.997836
91	18	0.99828
91	25	0.999116
91	14	0.998525
91	77	0.999676
91	64	0.998055
91	27	0.99922
91	63	0.998545
91	70	0.99821
91	45	0.99794
91	18	0.999614
91	6	0.999386
91	25	0.998592
91	68	0.999772
91	79	0.999279
91	16	0.999983
91	75	0.997459
91	89	0.99953
91	49	0.997813
91	36	0.998961
91	79	0.999003
91	69	0.997232
91	80	0.999935
91	59	0.999349
91	18	0.999741
91	25	0.997692
91	50	0.998606
91	87	0.997681
91	86	0.999259
91	66	0.99841
91	46	0.997791
91	18	0.999406
91	23	0.999392
91	63	0.997507
91	66	0.998258
91	17	0.998033
91	44	0.998995
91	30	0.997507
91	65	0.998269
91	28	0.997903
91	54	0.999834
91	61	0.998055
91	38	0.99913
91	63	0.998269
91	15	0.997901
91	52	0.997811
91	33	0.999789
91	9	0.999907
91	46	0.997378
91	49	0.997707
91	49	0.999879
91	74	0.998477
91	4	0.998249
91	77	0.998083
91	64	0.998789
91	55	0.997226
91	10	0.999715
91	8	0.998753
91	5	0.997189
91	3	0.998694
91	85	0.997327
91	37	0.997338
91	66	0.998561
91	55	0.998061
91	54	0.997198
91	47	0.998747
91	36	0.998803
91	62	0.998514
91	24	0.997895
91	66	0.999389
91	19	0.999558
91	83	0.997524
91	27	0.998277
91	2	0.997364
91	68	0.997721
91	11	0.997414
91	3	0.999271
91	49	0.999344
91	69	0.998919
91	39	0.99895
91	26	0.998772
91	78	0.998404
91	3	0.997603
91	87	0.999124
91	24	0.99853
91	56	0.999693
91	64	0.997971
91	56	0.99722
91	61	0.999316
91	83	0.997383
91	33	0.998891
91	21	0.997395
91	76	0.997867
91	29	0.999372
91	65	0.998998
91	47	0.997574
91	45	0.999628
91	86	0.999296
91	33	0.997659
91	25	0.99942
91	2	0.998606
91	9	0.999437
91	23	0.998862
91	16	0.997566
91	27	0.997204
91	62	0.997257
91	31	0.999121
91	35	0.99933
91	52	0.998981
91	46	0.99875
91	50	0.99803
91	26	0.999524
91	28	0.999921
91	6	0.999273
91	18	0.999941
91	10	0.998727
91	41	0.99971
91	8	0.997797
91	27	0.997583
91	90	0.999445
91	30	0.999099
91	13	0.999476
91	51	0.999772
91	28	0.998412
91	25	0.998446
91	54	0.997608
91	22	0.998308
91	59	0.997496
91	17	0.997774
91	86	0.998992
91	15	0.999932
91	89	0.998007
91	75	0.99794
91	73	0.997636
91	46	0.999907
91	7	0.998705
91	59	0.999654
91	67	0.998711
91	8	0.997808
91	87	0.997501
91	10	0.998134
91	84	0.999699
91	22	0.997777
91	2	0.999079
91	66	0.999178
91	57	0.998201
91	48	0.997299
91	74	0.998367
91	71	0.999287
91	81	0.999893
91	44	0.999372
91	73	0.997625
91	12	0.999372
91	9	0.999327
91	11	0.999569
91	72	0.998277
91	79	0.998319
91	84	0.998511
91	72	0.99969
91	45	0.997448
91	24	0.999211
91	57	0.998519
91	80	0.9996
91	17	0.998336
91	72	0.998736
91	90	0.999882
91	46	0.998694
91	65	0.99922
91	90	0.997898
91	4	0.998013
91	20	0.999535
91	23	0.998505
91	33	0.998978
91	65	0.99787
91	25	0.997212
91	10	0.999955
91	18	0.999575
91	3	0.998711
91	22	0.999893
91	44	0.999234
91	70	0.998983
91	80	0.998823
91	19	0.997617
91	51	0.997218
91	29	0.997718
91	2	0.997218
91	88	0.999651
91	85	0.997352
91	10	0.998865
91	28	0.999113
91	45	0.999758
91	52	0.997594
91	35	0.997988
91	28	0.999181
91	30	0.999603
91	78	0.998033
91	35	0.998795
91	39	0.998539
91	68	0.997808
91	74	0.999958
91	58	0.998851
91	49	0.998322
91	88	0.997288
91	32	0.999577
91	12	0.999392
91	19	0.998536
91	53	0.998671
91	56	0.998708
91	14	0.997923
91	78	0.999854
91	8	0.998584
91	75	0.998547
91	15	0.998064
91	69	0.998663
91	84	0.999448
91	68	0.999938
91	89	0.997403
91	23	0.998969
91	5	0.999358
91	79	0.998823
91	27	0.998134
91	50	0.999777
91	29	0.99991
91	24	0.999347
91	56	0.998829
91	32	0.997749
91	29	0.999741
91	22	0.999963
91	31	0.999794
91	23	0.9981
91	24	0.999209
91	18	0.997204
91	52	0.999668
91	4	0.998289
91	4	0.999088
91	88	0.99814
91	81	0.998263
91	51	0.998142
91	71	0.999262
91	66	0.998263
91	60	0.997676
91	40	0.998964
91	62	0.998024
91	77	0.99989
91	87	0.997965
91	71	0.999138
91	4	0.999761
91	53	0.99839
91	6	0.997589
91	18	0.998922
91	25	0.998823
91	82	0.999454
91	12	0.999231
91	23	0.998902
91	66	0.999248
91	22	0.997917
91	90	0.99835
91	72	0.997752
91	46	0.999262
91	73	0.998325
91	47	0.998244
91	29	0.99993
91	27	0.999127
91	75	0.999713
91	50	0.998027
91	44	0.999645
91	75	0.999403
91	47	0.99814
91	74	0.999608
91	88	0.997715
91	41	0.999276
91	3	0.998865
91	31	0.998421
91	65	0.999045
91	4	0.998277
91	26	0.997628
91	54	0.997431
91	53	0.997799
91	7	0.998064
91	25	0.999794
91	54	0.998168
91	8	0.997797
91	73	0.999907
91	21	0.999268
91	82	0.998868
91	26	0.997774
91	73	0.999459
91	28	0.998587
91	80	0.998528
91	69	0.999969
91	46	0.997856
91	50	0.99756
91	44	0.999589
91	38	0.997929
91	81	0.999197
91	74	0.997369
91	7	0.999527
91	60	0.99817
91	33	0.999518
91	87	0.999065
91	55	0.997566
91	58	0.999794
91	81	0.997723
91	30	0.997782
91	44	0.997676
91	8	0.999645
91	4	0.999268
91	36	0.99857
91	34	0.99819
91	80	0.998196
91	56	0.999133
91	28	0.998719
91	59	0.998795
91	48	0.997485
91	33	0.999569
91	37	0.998266
91	5	0.99877
91	87	0.99853
91	15	0.997223
91	49	0.99915
91	85	0.999997
91	79	0.99942
91	81	0.997305
91	58	0.997504
91	5	0.998013
91	76	0.998747
91	44	0.998998
91	64	0.99812
91	25	0.999561
91	26	0.997996
91	71	0.997985
91	9	0.998446
91	90	0.998882
91	67	0.998345
91	28	0.997229
91	25	0.999839
91	89	0.999741
91	2	0.998632
91	62	0.99982
91	5	0.998334
91	28	0.997923
91	28	0.999842
91	2	0.997476
91	65	0.999285
91	47	0.998801
91	45	0.999409
91	79	0.998263
91	3	0.99868
91	30	0.999012
91	69	0.998756
91	47	0.997976
91	76	0.997195
91	40	0.997872
91	4	0.997797
91	85	0.997777
91	83	0.997577
91	4	0.999071
91	80	0.999854
91	6	0.99969
91	53	0.997825
91	72	0.997811
91	36	0.997892
91	86	0.997965
91	60	0.997886
91	38	0.999741
91	53	0.99924
91	25	0.998936
91	18	0.998289
91	46	0.998736
91	68	0.998274
91	85	0.999507
91	60	0.99776
91	79	0.998744
91	71	0.999992
91	66	0.998393
91	14	0.998426
91	82	0.998314
91	34	0.999034
91	88	0.997659
91	73	0.999029
91	60	0.999344
91	90	0.99962
91	2	0.998744
91	72	0.997341
91	8	0.997426
91	2	0.997782
91	8	0.99765
91	56	0.99857
91	13	0.998961
91	5	0.998443
91	13	0.999164
91	30	0.999071
91	66	0.99801
91	18	0.999876
91	43	0.999166
91	15	0.999789
91	72	0.998055
91	24	0.997473
91	67	0.999316
91	5	0.999268
91	5	0.999358
91	20	0.998218
91	61	0.997378
91	82	0.998241
91	86	0.997406
91	31	0.999437
91	68	0.999603
91	51	0.998685
91	2	0.999679
91	52	0.998024
91	5	0.999178
91	40	0.997296
91	52	0.998395
91	64	0.998592
91	13	0.998305
91	74	0.999045
91	55	0.998677
91	68	0.997459
91	12	0.99864
91	62	0.999366
91	46	0.998201
91	7	0.998252
91	25	0.997768
91	64	0.999606
91	31	0.999203
91	4	0.998989
91	86	0.999718
91	53	0.999842
91	60	0.999271
91	89	0.998514
91	19	0.998846
91	38	0.998542
91	72	0.999541
91	60	0.998384
91	32	0.998334
91	85	0.99922
91	34	0.997889
91	59	0.997414
91	44	0.998756
91	78	0.998798
91	44	0.999544
91	55	0.997993
91	53	0.998294
91	33	0.999673
91	65	0.999837
91	24	0.999074
91	55	0.997996
91	48	0.998038
91	73	0.998972
91	33	0.998533
91	49	0.998232
91	68	0.997586
91	52	0.99958
91	33	0.997456
91	11	0.999169
91	12	0.998781
91	9	0.997206
91	41	0.99969
91	84	0.997437
91	22	0.999687
91	62	0.99882
91	42	0.999645
91	78	0.999631
91	35	0.997352
91	79	0.998528
91	6	0.999693
91	88	0.997872
91	78	0.998682
91	6	0.998277
91	7	0.997898
91	75	0.998125
91	88	0.997549
91	13	0.999527
91	81	0.99794
91	32	0.997889
91	76	0.999085
91	43	0.998927
91	35	0.998663
91	78	0.998559
91	37	0.998702
91	64	0.999096
91	58	0.998258
91	45	0.99949
91	11	0.9981
91	47	0.997723
91	13	0.997212
91	75	0.998455
91	17	0.999755
91	29	0.999741
91	53	0.998716
91	52	0.998066
91	33	0.999287
91	55	0.997816
91	27	0.998092
91	60	0.998862
91	86	0.998981
91	88	0.997996
91	37	0.998407
91	53	0.997352
91	34	0.998367
91	20	0.998064
91	23	0.999166
91	56	0.998629
91	84	0.999141
91	47	0.998919
91	47	0.998106
91	11	0.998134
91	51	0.99835
91	25	0.998677
91	41	0.997912
91	19	0.998727
91	67	0.998967
91	7	0.999856
91	73	0.999868
91	74	0.999583
91	18	0.998148
91	82	0.998972
91	73	0.997555
91	23	0.998691
91	25	0.999682
91	16	0.997591
91	19	0.998359
91	67	0.998058
91	51	0.997945
91	87	0.998547
91	62	0.997774
91	31	0.999724
91	39	0.997906
91	45	0.998539
91	37	0.997299
91	20	0.998817
91	40	0.998713
91	63	0.999603
91	62	0.998359
91	78	0.998612
91	66	0.999927
91	71	0.998367
91	64	0.9983
91	58	0.999825
91	5	0.998033
91	34	0.998187
91	40	0.997527
91	60	0.999181
91	60	0.999079
91	66	0.999417
91	49	0.999986
91	55	0.997656
91	45	0.999741
91	68	0.997347
91	15	0.998145
91	46	0.997957
91	87	0.997642
91	7	0.999918
91	6	0.998992
91	16	0.998806
91	50	0.999487
91	7	0.998649
91	36	0.999668
91	5	0.997352
91	54	0.999164
91	68	0.998334
91	82	0.997673
91	30	0.997757
91	61	0.999344
91	17	0.998899
91	36	0.998761
91	31	0.998666
91	32	0.999454
91	69	0.999952
91	17	0.999806
91	30	0.999868
91	66	0.997532
91	78	0.997898
91	28	0.999268
91	81	0.99857
91	6	0.998426
91	74	0.99808
91	88	0.999851
91	88	0.998528
91	17	0.999487
91	72	0.99785
91	77	0.999386
91	66	0.999059
91	19	0.998235
91	52	0.998258
91	10	0.997841
91	52	0.999854
91	74	0.998244
91	65	0.998457
91	38	0.998021
91	16	0.997485
91	17	0.998795
91	88	0.997771
91	48	0.999958
91	10	0.999
91	50	0.999378
91	15	0.999913
91	73	0.999257
91	84	0.998345
91	9	0.998106
91	90	0.999775
91	42	0.997535
91	35	0.999915
91	76	0.999972
91	31	0.998938
91	32	0.99987
91	78	0.998075
91	20	0.999538
91	54	0.999448
91	18	0.999164
91	37	0.997943
91	33	0.998502
91	53	0.999482
91	32	0.998936
91	32	0.999116
91	69	0.99895
91	78	0.999276
91	68	0.999406
91	21	0.998249
91	30	0.998069
91	5	0.998019
91	62	0.999608
91	83	0.997678
91	68	0.999507
91	38	0.99962
91	41	0.999065
91	79	0.998303
91	57	0.999834
91	80	0.999057
91	69	0.997788
91	30	0.997698
91	75	0.999059
91	55	0.997504
91	53	0.998148
91	20	0.998289
91	66	0.997288
91	82	0.997917
91	3	0.99938
91	46	0.998522
91	16	0.999693
91	56	0.998812
91	42	0.998429
91	25	0.998199
91	76	0.997451
91	61	0.998618
91	5	0.997895
91	72	0.998882
91	25	0.99913
91	32	0.99853
91	7	0.999918
91	83	0.999074
91	65	0.997403
91	62	0.998781
91	2	0.998719
91	35	0.997485
91	17	0.999068
91	5	0.998725
91	82	0.998359
91	4	0.999304
91	48	0.999324
91	78	0.998379
91	12	0.998522
91	62	0.997931
91	35	0.997535
91	46	0.999699
91	30	0.999682
91	86	0.997926
91	69	0.997799
91	33	0.999535
91	21	0.999476
91	64	0.999327
91	87	0.998291
91	72	0.998252
91	17	0.997872
91	43	0.998398
91	34	0.999845
91	78	0.997844
91	6	0.999625
91	43	0.999456
91	38	0.998854
91	68	0.99886
91	9	0.9976
91	46	0.998857
91	51	0.997544
91	22	0.998834
91	72	0.997372
91	56	0.999454
91	58	0.999699
91	4	0.99774
91	62	0.999355
91	79	0.998573
91	8	0.997341
91	8	0.999141
91	32	0.998407
91	54	0.999921
91	18	0.999012
91	22	0.998553
91	78	0.998606
91	8	0.99767
91	67	0.998536
91	36	0.999417
91	79	0.998609
91	9	0.998438
91	9	0.999217
91	77	0.999865
91	73	0.998786
91	71	0.997333
91	34	0.998823
91	63	0.999166
91	88	0.999696
91	48	0.997352
91	44	0.999806
91	9	0.998792
91	60	0.999524
91	50	0.999648
91	8	0.999901
91	41	0.998364
91	79	0.997729
91	48	0.997451
91	3	0.997662
91	6	0.999589
91	20	0.999541
91	56	0.997923
91	16	0.999226
91	75	0.998398
91	86	0.999012
91	38	0.999166
91	23	0.99828
91	60	0.998606
91	89	0.997811
91	85	0.999102
91	56	0.99817
91	64	0.998553
91	79	0.998674
91	68	0.9996
91	48	0.99868
91	25	0.997358
91	40	0.998125
91	88	0.998711
91	71	0.998052
91	59	0.999893
91	54	0.997226
91	55	0.999414
91	15	0.997558
91	39	0.997507
91	87	0.999411
91	5	0.997369
91	12	0.998651
91	15	0.997771
91	20	0.998485
91	58	0.999845
91	12	0.997313
91	37	0.998691
91	70	0.999693
91	68	0.997844
91	50	0.998348
91	58	0.999468
91	30	0.997296
91	59	0.99913
91	12	0.999141
91	57	0.998522
91	80	0.998404
91	62	0.997563
91	21	0.997515
91	39	0.997333
91	55	0.998469
91	30	0.9976
91	71	0.998868
91	54	0.998803
91	60	0.99933
91	75	0.997768
91	24	0.998857
91	32	0.999127
91	66	0.998061
91	54	0.997889
91	87	0.999921
91	62	0.997411
91	24	0.998415
91	10	0.999617
91	50	0.997934
91	72	0.997676
91	67	0.997886
91	86	0.999617
91	24	0.999876
91	27	0.997299
91	4	0.998159
91	70	0.998064
91	38	0.999352
91	22	0.997805
91	36	0.999029
91	52	0.998246
91	19	0.999454
91	33	0.999403
91	79	0.997501
91	50	0.998874
91	58	0.999313
91	89	0.999454
91	18	0.999639
91	61	0.999845
91	12	0.998561
91	42	0.99862
91	70	0.999721
91	70	0.999758
91	33	0.997937
91	76	0.998944
91	86	0.997341
91	50	0.997327
91	4	0.999577
91	27	0.999189
91	39	0.998401
91	48	0.998536
91	3	0.999524
91	42	0.998303
91	53	0.999197
91	68	0.997605
91	45	0.997864
91	42	0.999228
91	68	0.999454
91	57	0.997636
91	63	0.99967
91	57	0.998426
91	37	0.99767
91	68	0.997215
91	25	0.999662
91	88	0.998775
91	8	0.999065
91	51	0.999293
91	49	0.998168
91	2	0.998801
91	53	0.998972
91	45	0.998761
91	85	0.998803
91	55	0.997493
91	74	0.998182
91	32	0.997302
91	73	0.999307
91	40	0.999561
91	31	0.997985
91	65	0.999794
91	88	0.997881
91	90	0.999811
91	26	0.998497
91	49	0.999623
91	84	0.998303
91	41	0.997808
91	47	0.999169
91	11	0.997322
91	9	0.998688
91	8	0.997636
91	88	0.999814
91	73	0.997535
91	56	0.998274
91	30	0.999372
91	28	0.998978
91	37	0.998035
91	58	0.998781
91	86	0.999642
91	16	0.999206
91	74	0.999271
91	25	0.998362
91	54	0.997878
91	46	0.999842
91	76	0.997735
91	27	0.997513
91	86	0.999251
91	59	0.998246
91	63	0.997375
91	67	0.998432
91	85	0.999848
91	14	0.999158
91	17	0.997265
91	76	0.999186
91	29	0.99924
91	37	0.999952
91	85	0.998362
91	71	0.998663
91	64	0.998713
91	75	0.999318
91	66	0.998021
91	35	0.999045
91	48	0.997743
91	49	0.999752
91	9	0.998213
91	30	0.998477
91	5	0.998736
91	4	0.997518
91	5	0.997777
91	30	0.997886
91	10	0.99749
91	67	0.998888
91	83	0.998218
91	79	0.999955
91	33	0.997434
91	30	0.999648
91	14	0.998722
91	23	0.99778
91	56	0.99877
91	64	0.999012
91	26	0.998162
91	34	0.999746
91	70	0.999617
91	52	0.997218
91	8	0.997293
91	90	0.998367
91	26	0.999279
91	61	0.999175
91	5	0.998871
91	32	0.99967
91	48	0.999169
91	86	0.999707
91	84	0.997277
91	29	0.998294
91	74	0.997819
91	49	0.999287
91	7	0.999577
91	37	0.999425
91	65	0.999532
91	63	0.997743
91	21	0.998809
91	13	0.997721
91	17	0.997274
91	80	0.997667
91	47	0.998643
91	35	0.999814
91	67	0.99799
91	62	0.997929
91	26	0.999547
91	51	0.998851
91	2	0.999659
91	25	0.999431
91	86	0.999121
91	4	0.998604
91	46	0.998699
91	54	0.999935
91	82	0.997541
91	25	0.997642
91	55	0.999378
91	53	0.997715
91	67	0.998263
91	71	0.997417
91	57	0.999955
91	82	0.997518
91	30	0.99844
91	39	0.99756
91	55	0.999682
91	59	0.998969
91	13	0.9998
91	4	0.997929
91	41	0.997361
91	72	0.997532
91	82	0.99873
91	36	0.997951
91	84	0.997215
91	18	0.999696
91	40	0.998215
91	52	0.99828
91	18	0.999113
91	79	0.997597
91	10	0.997662
91	79	0.999138
91	54	0.999656
91	48	0.997344
91	47	0.997901
91	58	0.998052
91	65	0.999744
91	44	0.997917
91	48	0.998131
91	44	0.999532
91	51	0.997201
91	18	0.999513
91	21	0.997226
91	87	0.998691
91	41	0.999623
91	39	0.998469
91	10	0.997383
91	20	0.997482
91	75	0.999273
91	17	0.998398
91	18	0.998626
91	78	0.997659
91	33	0.999901
91	4	0.998623
91	14	0.999938
91	85	0.998151
91	53	0.997462
91	46	0.997948
91	5	0.997496
91	89	0.997923
91	45	0.998185
91	90	0.999817
91	48	0.998595
91	55	0.997243
91	32	0.999237
91	49	0.997707
91	46	0.999172
91	28	0.998854
91	77	0.999651
91	54	0.998933
91	72	0.999141
91	35	0.997288
91	32	0.997586
91	89	0.999639
91	2	0.997853
91	78	0.997737
91	79	0.997642
91	36	0.998778
91	39	0.999082
91	49	0.999524
91	10	0.997392
91	64	0.997642
91	49	0.99989
91	78	0.998393
91	11	0.998834
91	36	0.999777
91	29	0.999882
91	16	0.999375
91	77	0.998893
91	38	0.998373
91	58	0.998204
91	36	0.998393
91	2	0.999794
91	26	0.998443
91	42	0.999625
91	39	0.999555
91	16	0.99993
91	76	0.999656
91	14	0.997366
91	2	0.997825
91	83	0.998314
91	30	0.998089
91	21	0.99808
91	4	0.998246
91	66	0.997709
91	49	0.999456
91	72	0.997437
91	46	0.999977
91	6	0.999854
91	35	0.999794
91	90	0.999262
91	38	0.997749
91	40	0.998229
91	30	0.998758
91	23	0.999065
91	37	0.999938
91	58	0.997358
91	89	0.998739
91	30	0.997307
91	37	0.999611
91	20	0.998832
91	85	0.999597
91	84	0.999088
91	45	0.998868
91	20	0.999293
91	77	0.999302
91	63	0.999257
91	66	0.999217
91	89	0.999116
91	11	0.999856
91	82	0.998426
91	7	0.999206
91	78	0.997496
91	54	0.997839
91	85	0.997648
91	86	0.997662
91	86	0.998286
91	2	0.997195
91	47	0.99868
91	28	0.999369
91	35	0.997257
91	49	0.999273
91	31	0.998885
91	51	0.99947
91	17	0.99733
91	29	0.99877
91	40	0.997574
91	11	0.998244
91	72	0.998061
91	67	0.997698
91	70	0.998623
91	20	0.998618
91	51	0.999335
91	90	0.997692
91	37	0.999839
91	90	0.998879
91	11	0.998995
91	43	0.998162
91	27	0.999527
91	73	0.999186
91	53	0.997296
91	67	0.997434
91	54	0.997209
91	13	0.998545
91	52	0.998027
91	4	0.999668
91	5	0.998829
91	5	0.999893
91	87	0.998117
91	56	0.998446
91	68	0.997263
91	84	0.998533
91	80	0.998421
91	30	0.997782
91	44	0.998573
91	44	0.999031
91	39	0.999876
91	6	0.999623
91	80	0.998485
91	27	0.998246
91	46	0.997805
91	18	0.998924
91	82	0.998846
91	27	0.998595
91	13	0.999279
91	6	0.999676
91	68	0.998975
91	70	0.997518
91	68	0.998899
91	67	0.999541
91	14	0.998438
91	57	0.999682
91	39	0.998862
91	69	0.998581
91	84	0.999214
91	3	0.998041
91	34	0.997209
91	48	0.998998
91	86	0.997774
91	72	0.998553
91	58	0.99924
91	44	0.999479
91	82	0.998421
91	22	0.998756
91	68	0.997766
91	38	0.998862
91	76	0.997437
91	24	0.998449
91	22	0.997209
91	30	0.998736
91	58	0.999535
91	18	0.997198
91	25	0.99958
91	3	0.999572
91	26	0.99799
91	34	0.997993
91	32	0.998899
91	16	0.997563
91	29	0.99844
91	13	0.998685
91	74	0.999518
91	62	0.998559
91	73	0.999268
91	80	0.997493
91	20	0.997676
91	79	0.997212
91	60	0.997976
91	2	0.997718
91	88	0.999282
91	75	0.997234
91	39	0.998809
91	62	0.999313
91	58	0.998877
91	6	0.999876
91	89	0.997403
91	84	0.998716
91	2	0.99747
91	64	0.997768
91	55	0.998618
91	47	0.999434
91	25	0.999755
91	66	0.998547
91	11	0.999181
91	5	0.999299
91	11	0.998384
91	17	0.997715
91	33	0.998744
91	60	0.999648
91	15	0.998702
91	52	0.99801
91	53	0.998556
91	5	0.998792
91	16	0.999707
91	10	0.999347
91	25	0.997366
91	73	0.997549
91	43	0.997397
91	47	0.998041
91	6	0.998033
91	22	0.998263
91	78	0.998379
91	85	0.999085
91	4	0.999341
91	48	0.998767
91	22	0.998033
91	50	0.997805
91	17	0.999257
91	41	0.998953
91	57	0.998525
91	56	0.999313
91	46	0.997344
91	50	0.999048
91	71	0.998154
91	72	0.998516
91	22	0.997268
91	60	0.999068
91	29	0.999335
91	67	0.999727
91	16	0.998114
91	37	0.99792
91	61	0.997794
91	74	0.99866
91	27	0.999304
91	16	0.999006
91	63	0.998336
91	15	0.999865
91	29	0.997574
91	21	0.999811
91	23	0.997962
91	12	0.997513
91	79	0.999397
91	50	0.999634
91	83	0.999862
91	58	0.997771
91	37	0.998837
91	37	0.99978
91	73	0.997847
91	18	0.999848
91	43	0.99778
91	26	0.998238
91	43	0.999625
91	72	0.998654
91	47	0.999718
91	34	0.997695
91	25	0.99862
91	84	0.999121
91	9	0.99947
91	3	0.998244
91	13	0.999535
91	8	0.998075
91	8	0.99866
91	67	0.99859
91	71	0.999237
91	62	0.997684
91	55	0.998756
91	21	0.997962
91	81	0.998058
91	32	0.997752
91	70	0.999882
91	42	0.997957
91	48	0.99942
91	46	0.997552
91	46	0.999454
91	55	0.998789
91	59	0.998891
91	51	0.998893
91	52	0.999293
91	53	0.997277
91	40	0.998182
91	29	0.998215
91	46	0.999189
91	2	0.999307
91	53	0.998179
91	51	0.999842
91	58	0.998446
91	23	0.998674
91	41	0.997479
91	43	0.999172
91	85	0.999257
91	38	0.998893
91	21	0.998055
91	67	0.999333
91	22	0.998286
91	40	0.997288
91	65	0.998148
91	73	0.999606
91	48	0.998196
91	59	0.998725
91	17	0.999186
91	25	0.997532
91	17	0.998483
91	17	0.998005
91	90	0.99859
91	52	0.999758
91	79	0.99855
91	48	0.999462
91	58	0.9998
91	79	0.999071
91	13	0.998708
91	22	0.998227
91	58	0.999713
91	38	0.998291
91	83	0.997577
91	31	0.99933
91	46	0.999569
91	45	0.99902
91	34	0.999724
91	27	0.997459
91	86	0.999524
91	89	0.998241
91	35	0.998303
91	35	0.998207
91	68	0.997583
91	29	0.998114
91	8	0.997653
91	89	0.999082
91	87	0.997246
91	8	0.998784
91	43	0.998244
91	50	0.999344
91	50	0.997622
91	57	0.99848
91	40	0.998457
91	89	0.999766
91	71	0.99778
91	66	0.997737
91	12	0.999324
91	58	0.998747
91	28	0.999096
91	4	0.997518
91	11	0.998944
91	55	0.999704
91	49	0.997889
91	68	0.99805
91	62	0.997507
91	56	0.997867
91	59	0.998688
91	34	0.999245
91	40	0.999423
91	29	0.99853
91	32	0.999062
91	5	0.997299
91	7	0.997268
91	89	0.999969
91	44	0.999045
91	8	0.99783
91	78	0.998041
91	15	0.997569
91	3	0.997212
91	82	0.999102
91	68	0.999569
91	16	0.997589
91	54	0.999656
91	63	0.998685
91	68	0.997291
91	40	0.999468
91	18	0.999975
91	51	0.999285
91	43	0.999848
91	68	0.997715
91	62	0.998722
91	64	0.999583
91	16	0.999378
91	87	0.998829
91	22	0.997279
91	83	0.999972
91	29	0.999927
91	48	0.997515
91	72	0.999428
91	21	0.998789
91	38	0.997965
91	24	0.99893
91	74	0.997605
91	86	0.99862
91	37	0.9983
91	12	0.999093
91	34	0.998505
91	87	0.999513
91	5	0.999594
91	75	0.998666
91	27	0.999721
91	90	0.998092
91	37	0.998666
91	63	0.99933
91	31	0.998075
91	88	0.998303
91	64	0.999428
91	23	0.997816
91	42	0.999668
91	69	0.99835
91	55	0.99967
91	11	0.999338
91	55	0.999423
91	3	0.997926
91	89	0.99749
91	46	0.999155
91	83	0.99913
91	71	0.999459
91	44	0.998545
91	6	0.999701
91	28	0.999459
91	59	0.997462
91	70	0.9992
91	43	0.99915
91	90	0.99749
91	28	0.998095
91	31	0.999727
91	83	0.99942
91	9	0.998117
91	22	0.999299
91	16	0.997816
91	2	0.99873
91	27	0.997898
91	18	0.998567
91	61	0.998781
91	7	0.999099
91	25	0.999166
91	34	0.998103
91	56	0.998274
91	83	0.999865
91	14	0.999034
91	20	0.999268
91	56	0.998097
91	11	0.998109
91	38	0.999248
91	23	0.998708
91	67	0.997633
91	46	0.9974
91	78	0.998199
91	83	0.999378
91	71	0.997884
91	6	0.998609
91	10	0.999738
91	76	0.997732
91	28	0.999634
91	20	0.998303
91	59	0.997535
91	41	0.99998
91	55	0.998362
91	3	0.998626
91	63	0.997209
91	87	0.999119
91	88	0.99778
91	53	0.997788
91	21	0.998606
91	46	0.997667
91	9	0.998511
91	80	0.999023
91	8	0.999766
91	11	0.998089
91	6	0.997698
91	57	0.997622
91	53	0.99884
91	16	0.997639
91	21	0.999715
91	24	0.999485
91	6	0.999369
91	36	0.999105
91	42	0.998314
91	26	0.99733
91	77	0.999304
91	51	0.998584
91	46	0.99931
91	80	0.998913
91	85	0.999166
91	19	0.999138
91	18	0.998047
91	85	0.999797
91	43	0.999093
91	21	0.998019
91	66	0.999034
91	26	0.998609
91	7	0.997263
91	8	0.998713
91	58	0.999504
91	48	0.999569
91	55	0.999169
91	81	0.998044
91	66	0.998649
91	29	0.999544
91	12	0.999313
91	2	0.998443
91	61	0.999862
91	42	0.999944
91	24	0.997215
91	48	0.998232
91	78	0.999631
91	62	0.997982
91	12	0.999538
91	3	0.998809
91	5	0.999713
91	11	0.999271
91	16	0.999848
91	75	0.997302
91	81	0.997965
91	37	0.998907
91	75	0.998319
91	61	0.999758
91	51	0.99796
91	66	0.997381
91	35	0.997243
91	32	0.99821
91	13	0.998497
91	24	0.999701
91	52	0.997521
91	63	0.997454
91	29	0.998348
91	46	0.998815
91	12	0.998457
91	74	0.998882
91	4	0.999625
91	62	0.999873
91	30	0.997316
91	13	0.997974
91	24	0.999825
91	46	0.999482
91	75	0.9985
91	78	0.998801
91	72	0.999969
91	5	0.998311
91	88	0.99951
91	39	0.998615
91	22	0.999265
91	22	0.998013
91	37	0.999597
91	63	0.998173
91	66	0.998106
91	37	0.999029
91	46	0.997864
91	60	0.997965
91	19	0.997636
91	39	0.999904
91	12	0.998328
91	18	0.999048
91	87	0.998528
91	76	0.998128
