3500
485	285	0.998737
485	185	0.999623
485	402	0.998909
485	364	0.999198
485	331	0.998866
485	115	0.999177
485	165	0.999729
485	333	0.99868
485	188	0.999855
485	396	0.998578
485	437	0.998832
485	346	0.999089
485	26	0.998731
485	439	0.999357
485	103	0.998837
485	214	0.999111
485	347	0.998545
485	466	0.999241
485	117	0.998357
485	377	0.999862
485	483	0.999711
485	36	0.998486
485	161	0.999177
485	86	0.999782
485	171	0.999098
485	338	0.999322
485	70	0.998725
485	339	0.999934
485	36	0.999058
485	345	0.998481
485	292	0.999542
485	80	0.998611
485	125	0.998683
485	136	0.998928
485	288	0.998548
485	330	0.998355
485	50	0.998826
485	475	0.998569
485	190	0.998291
485	160	0.99912
485	303	0.998358
485	481	0.999215
485	58	0.999675
485	31	0.998982
485	296	0.998389
485	464	0.999523
485	141	0.999578
485	456	0.999246
485	95	0.999509
485	297	0.99849
485	207	0.999526
485	331	0.998462
485	109	0.999115
485	435	0.999597
485	227	0.999746
485	66	0.999661
485	243	0.99902
485	204	0.998934
485	309	0.999735
485	99	0.999554
485	225	0.998414
485	82	0.999509
485	206	0.999217
485	84	0.999958
485	373	0.998795
485	76	0.999716
485	103	0.998455
485	189	0.999006
485	308	0.998569
485	402	0.999414
485	370	0.998833
485	266	0.999308
485	59	0.999092
485	115	0.999716
485	314	0.998707
485	291	0.998284
485	28	0.998415
485	146	0.999687
485	393	0.99841
485	388	0.998977
485	374	0.999203
485	118	0.999737
485	33	0.999547
485	448	0.999471
485	395	0.998885
485	284	0.99856
485	122	0.998567
485	109	0.998925
485	392	0.999167
485	361	0.999939
485	96	0.999122
485	352	0.998889
485	119	0.999931
485	138	0.999018
485	144	0.999715
485	382	0.998631
485	301	0.999704
485	69	0.998737
485	130	0.998699
485	61	0.998533
485	166	0.999497
485	179	0.999483
485	227	0.999087
485	187	0.998533
485	324	0.998455
485	38	0.998607
485	220	0.999041
485	304	0.999775
485	377	0.998547
485	470	0.999827
485	131	0.999547
485	290	0.999888
485	373	0.999716
485	466	0.99894
485	413	0.999409
485	295	0.998709
485	279	0.999582
485	283	0.998391
485	156	0.999877
485	436	0.998661
485	413	0.999718
485	78	0.998832
485	347	0.999756
485	465	0.999905
485	423	0.999556
485	428	0.999151
485	144	0.99969
485	306	0.999346
485	35	0.998861
485	342	0.999462
485	225	0.998856
485	104	0.999417
485	440	0.999426
485	204	0.998638
485	410	0.998719
485	120	0.99869
485	75	0.999537
485	113	0.999096
485	304	0.999533
485	371	0.998946
485	126	0.998697
485	359	0.998631
485	301	0.998372
485	200	0.999525
485	56	0.999608
485	411	0.99934
485	259	0.9985
485	117	0.999072
485	39	0.998491
485	461	0.999168
485	326	0.999877
485	45	0.999761
485	386	0.999334
485	412	0.998329
485	58	0.998464
485	292	0.999575
485	60	0.998317
485	282	0.998557
485	232	0.999464
485	56	0.999355
485	129	0.998991
485	376	0.999656
485	230	0.999739
485	424	0.998799
485	483	0.998821
485	220	0.999302
485	166	0.999236
485	152	0.999011
485	412	0.998438
485	78	0.999663
485	169	0.998424
485	417	0.999397
485	185	0.998612
485	318	0.999357
485	471	0.999544
485	148	0.999329
485	276	0.999442
485	464	0.999291
485	291	0.998783
485	114	0.99936
485	183	0.99854
485	454	0.999665
485	123	0.999986
485	236	0.998319
485	45	0.999592
485	394	0.99949
485	219	0.999671
485	193	0.999143
485	209	0.999201
485	58	0.999834
485	366	0.998358
485	137	0.998915
485	378	0.999467
485	256	0.999531
485	190	0.999364
485	225	0.999053
485	365	0.99898
485	162	0.999011
485	468	0.999837
485	378	0.999255
485	471	0.999734
485	437	0.99912
485	231	0.999668
485	332	0.999018
485	473	0.998799
485	296	0.999215
485	98	0.999277
485	153	0.998635
485	412	0.998643
485	277	0.998611
485	197	0.999862
485	457	0.99874
485	359	0.998524
485	204	0.999132
485	292	0.998555
485	287	0.999018
485	234	0.999274
485	429	0.99987
485	241	0.999822
485	380	0.999438
485	201	0.9986
485	186	0.999277
485	233	0.998966
485	48	0.999628
485	281	0.998738
485	439	0.999029
485	28	0.998505
485	390	0.999936
485	264	0.998448
485	396	0.998465
485	74	0.9994
485	403	0.998923
485	97	0.999547
485	192	0.998662
485	84	0.999267
485	316	0.998369
485	393	0.998488
485	306	0.999379
485	360	0.998624
485	253	0.999194
485	367	0.999948
485	76	0.999616
485	305	0.998422
485	44	0.999333
485	74	0.999232
485	258	0.998502
485	156	0.999163
485	444	0.999677
485	147	0.99935
485	182	0.998431
485	366	0.999727
485	346	0.998276
485	153	0.998365
485	343	0.999317
485	38	0.999189
485	461	0.998839
485	142	0.999397
485	330	0.999732
485	113	0.999075
485	226	0.998814
485	360	0.99894
485	37	0.999111
485	320	0.999023
485	75	0.998576
485	38	0.998464
485	380	0.998738
485	298	0.999872
485	416	0.998889
485	440	0.999568
485	302	0.999308
485	216	0.999333
485	98	0.999749
485	380	0.998383
485	45	0.998448
485	220	0.999265
485	387	0.999132
485	476	0.999272
485	111	0.999205
485	411	0.998832
485	163	0.998514
485	45	0.998826
485	138	0.999687
485	239	0.999608
485	55	0.999616
485	427	0.999331
485	305	0.998749
485	110	0.999025
485	182	0.998849
485	374	0.998611
485	195	0.999092
485	393	0.998809
485	427	0.998987
485	358	0.999435
485	273	0.998947
485	438	0.999348
485	68	0.998754
485	60	0.999402
485	174	0.999775
485	338	0.999533
485	347	0.999685
485	44	0.998752
485	253	0.998341
485	74	0.999305
485	297	0.998362
485	413	0.999352
485	317	0.998462
485	232	0.999575
485	217	0.998901
485	242	0.998455
485	68	0.99912
485	247	0.998664
485	400	0.999671
485	231	0.99944
485	328	0.999773
485	103	0.998652
485	392	0.998866
485	290	0.999718
485	95	0.998892
485	107	0.999571
485	148	0.999239
485	360	0.998668
485	362	0.998852
485	203	0.999124
485	386	0.998854
485	179	0.998721
485	271	0.99903
485	372	0.99893
485	193	0.999286
485	397	0.999526
485	51	0.999343
485	42	0.999722
485	180	0.999452
485	268	0.998505
485	88	0.999065
485	475	0.999706
485	67	0.998655
485	216	0.999523
485	378	0.998484
485	351	0.998961
485	248	0.999533
485	334	0.999082
485	203	0.998685
485	258	0.999222
485	300	0.99959
485	428	0.998773
485	174	0.999398
485	408	0.999056
485	60	0.99892
485	431	0.999578
485	243	0.998766
485	128	0.999796
485	459	0.998649
485	178	0.998424
485	336	0.999129
485	294	0.998778
485	231	0.999952
485	152	0.998738
485	237	0.998764
485	480	0.998547
485	96	0.99883
485	256	0.999452
485	172	0.998681
485	422	0.999521
485	482	0.998712
485	244	0.998623
485	358	0.99964
485	469	0.999048
485	129	0.999841
485	207	0.998398
485	121	0.99949
485	438	0.998288
485	406	0.999836
485	48	0.998744
485	74	0.999243
485	219	0.998483
485	141	0.999454
485	402	0.999998
485	413	0.998414
485	36	0.999013
485	445	0.99916
485	97	0.99976
485	458	0.998878
485	469	0.998966
485	295	0.998417
485	200	0.999087
485	446	0.999168
485	438	0.999414
485	326	0.999234
485	51	0.998611
485	128	0.999077
485	376	0.999086
485	62	0.999255
485	228	0.998567
485	56	0.999933
485	143	0.999165
485	249	0.999333
485	412	0.999103
485	172	0.998908
485	336	0.99962
485	159	0.99945
485	107	0.998676
485	335	0.999507
485	390	0.999402
485	379	0.998951
485	324	0.999404
485	164	0.999701
485	153	0.999715
485	118	0.998861
485	194	0.999533
485	103	0.999806
485	278	0.998692
485	165	0.999671
485	386	0.998953
485	185	0.999938
485	155	0.999184
485	430	0.999044
485	341	0.999098
485	50	0.999305
485	407	0.99859
485	330	0.999742
485	427	0.998512
485	428	0.998569
485	108	0.999997
485	72	0.999673
485	267	0.999573
485	168	0.99889
485	28	0.998809
485	474	0.998714
485	82	0.998908
485	145	0.999041
485	113	0.998737
485	458	0.998999
485	350	0.999448
485	211	0.998588
485	131	0.999531
485	30	0.999229
485	443	0.999798
485	189	0.999087
485	445	0.99925
485	132	0.998752
485	273	0.99959
485	45	0.99854
485	171	0.998295
485	277	0.999599
485	217	0.999431
485	205	0.998516
485	117	0.999936
485	134	0.998431
485	157	0.99991
485	256	0.999758
485	130	0.999569
485	190	0.998348
485	289	0.998388
485	337	0.999639
485	350	0.999236
485	388	0.999188
485	65	0.999172
485	464	0.998635
485	482	0.998345
485	47	0.998483
485	401	0.998918
485	178	0.999988
485	210	0.998388
485	180	0.999929
485	210	0.998925
485	406	0.998801
485	374	0.999447
485	262	0.99832
485	186	0.999964
485	31	0.999486
485	69	0.999269
485	305	0.999964
485	54	0.99944
485	39	0.998383
485	24	0.999846
485	422	0.999703
485	190	0.999476
485	37	0.99894
485	450	0.999493
485	358	0.999978
485	206	0.999466
485	279	0.999748
485	162	0.99837
485	403	0.999955
485	59	0.998597
485	400	0.999647
485	215	0.999765
485	467	0.998602
485	439	0.998522
485	306	0.999606
485	210	0.998621
485	326	0.999748
485	324	0.999497
485	404	0.999291
485	191	0.998433
485	117	0.998883
485	304	0.999639
485	147	0.999502
485	402	0.999037
485	178	0.998312
485	459	0.998333
485	109	0.998697
485	471	0.999761
485	156	0.999908
485	233	0.999144
485	294	0.999283
485	229	0.999983
485	51	0.999775
485	232	0.999545
485	117	0.999552
485	111	0.999118
485	466	0.998868
485	447	0.998985
485	149	0.999447
485	412	0.999882
485	228	0.999862
485	98	0.999779
485	117	0.999008
485	225	0.999614
485	407	0.999067
485	36	0.999061
485	468	0.999315
485	397	0.99931
485	341	0.998522
485	317	0.99898
485	264	0.999061
485	315	0.999251
485	346	0.999291
485	336	0.998908
485	264	0.999535
485	190	0.999469
485	143	0.999687
485	291	0.998465
485	359	0.998607
485	404	0.999407
485	477	0.998968
485	331	0.999614
485	441	0.998728
485	100	0.998676
485	406	0.999711
485	161	0.998771
485	472	0.99897
485	230	0.998738
485	68	0.998645
485	367	0.999549
485	168	0.999998
485	243	0.999678
485	308	0.999063
485	372	0.998828
485	359	0.998845
485	68	0.999372
485	309	0.999528
485	418	0.998324
485	143	0.999267
485	147	0.999557
485	302	0.99889
485	55	0.998861
485	299	0.998412
485	197	0.999998
485	376	0.999808
485	446	0.999971
485	99	0.99911
485	106	0.999929
485	230	0.999457
485	291	0.999808
485	82	0.999656
485	129	0.999834
485	232	0.999637
485	185	0.998859
485	168	0.999608
485	324	0.998821
485	173	0.999995
485	214	0.998835
485	67	0.99878
485	405	0.998467
485	181	0.999186
485	120	0.998386
485	110	0.998384
485	307	0.998521
485	418	0.99908
485	389	0.998804
485	476	0.999139
485	164	0.999388
485	134	0.998852
485	287	0.998984
485	52	0.999435
485	410	0.998522
485	476	0.998374
485	281	0.999251
485	396	0.998607
485	280	0.99874
485	255	0.998861
485	83	0.998586
485	204	0.998676
485	116	0.998522
485	355	0.999011
485	272	0.999523
485	467	0.998431
485	28	0.999791
485	459	0.999414
485	362	0.999165
485	431	0.999703
485	386	0.99977
485	478	0.999616
485	108	0.998958
485	171	0.998552
485	403	0.999186
485	203	0.998497
485	417	0.999732
485	385	0.998982
485	371	0.998769
485	266	0.999557
485	30	0.999341
485	135	0.999599
485	233	0.998405
485	457	0.999767
485	263	0.999201
485	238	0.999939
485	114	0.999492
485	117	0.999673
485	203	0.99944
485	242	0.998704
485	183	0.998953
485	315	0.99967
485	234	0.998303
485	432	0.999094
485	81	0.99873
485	103	0.998445
485	272	0.998906
485	356	0.999137
485	464	0.999647
485	197	0.999222
485	191	0.998638
485	483	0.999082
485	137	0.999739
485	471	0.999032
485	148	0.998624
485	440	0.999124
485	120	0.998626
485	38	0.998897
485	162	0.998588
485	242	0.99887
485	45	0.998807
485	97	0.998448
485	211	0.99953
485	293	0.998927
485	78	0.99955
485	153	0.999203
485	396	0.999594
485	255	0.999386
485	280	0.999272
485	177	0.999431
485	468	0.999295
485	407	0.999687
485	212	0.999302
485	193	0.999308
485	314	0.998296
485	338	0.999659
485	199	0.999283
485	29	0.999542
485	299	0.999943
485	478	0.999054
485	72	0.999991
485	152	0.999464
485	380	0.999248
485	78	0.999291
485	252	0.999469
485	140	0.999448
485	340	0.998322
485	93	0.999447
485	162	0.999608
485	245	0.998918
485	198	0.998355
485	397	0.998493
485	211	0.999711
485	464	0.999727
485	218	0.998519
485	67	0.999262
485	354	0.999865
485	352	0.999538
485	26	0.9983
485	467	0.998769
485	410	0.999566
485	47	0.998642
485	432	0.9995
485	78	0.998379
485	24	0.998794
485	92	0.99971
485	440	0.999564
485	70	0.999704
485	439	0.998605
485	362	0.998747
485	309	0.998814
485	26	0.998681
485	88	0.999234
485	191	0.998659
485	65	0.999884
485	341	0.999258
485	260	0.999782
485	311	0.998541
485	115	0.999473
485	427	0.998946
485	289	0.998997
485	472	0.998455
485	437	0.999901
485	396	0.999514
485	216	0.999659
485	224	0.999606
485	31	0.999817
485	315	0.999464
485	423	0.998804
485	289	0.99996
485	421	0.998749
485	272	0.998412
485	67	0.998991
485	352	0.99854
485	221	0.999391
485	251	0.999763
485	339	0.998341
485	374	0.998849
485	309	0.999506
485	159	0.998448
485	224	0.999538
485	352	0.999639
485	416	0.999962
485	373	0.998918
485	379	0.998291
485	176	0.998597
485	473	0.999512
485	106	0.999404
485	454	0.999436
485	302	0.999713
485	427	0.998469
485	213	0.999684
485	84	0.999818
485	181	0.998465
485	395	0.998908
485	235	0.999234
485	297	0.999414
485	457	0.998659
485	363	0.998464
485	418	0.998445
485	442	0.998583
485	481	0.999824
485	456	0.998547
485	354	0.998816
485	457	0.999452
485	468	0.998308
485	386	0.999604
485	228	0.998813
485	373	0.999997
485	389	0.999917
485	180	0.99978
485	328	0.999822
485	226	0.998806
485	155	0.999008
485	304	0.998491
485	202	0.999514
485	93	0.999964
485	61	0.999284
485	196	0.998389
485	214	0.998882
485	81	0.999703
485	483	0.999407
485	403	0.999317
485	470	0.999281
485	406	0.999585
485	376	0.998654
485	239	0.999431
485	434	0.99868
485	407	0.998714
485	476	0.998959
485	209	0.999321
485	470	0.998503
485	425	0.998388
485	345	0.998452
485	141	0.998854
485	462	0.999969
485	450	0.998911
485	179	0.999796
485	289	0.998405
485	451	0.998307
485	392	0.998408
485	68	0.998992
485	457	0.99863
485	369	0.998666
485	213	0.998747
485	463	0.999402
485	357	0.998664
485	420	0.999675
485	255	0.998882
485	59	0.998832
485	227	0.999262
485	127	0.998818
485	103	0.999945
485	307	0.998429
485	261	0.999948
485	464	0.999647
485	472	0.999068
485	128	0.999105
485	141	0.999912
485	50	0.998562
485	353	0.99926
485	330	0.999611
485	351	0.998647
485	159	0.999582
485	167	0.998752
485	168	0.998775
485	390	0.999284
485	303	0.999016
485	400	0.998581
485	453	0.999333
485	26	0.998937
485	381	0.999978
485	186	0.998315
485	208	0.999481
485	42	0.999986
485	365	0.999801
485	207	0.999277
485	305	0.998947
485	127	0.999895
485	476	0.998719
485	330	0.999542
485	353	0.998497
485	224	0.999179
485	119	0.998972
485	103	0.998272
485	343	0.999172
485	242	0.999554
485	425	0.999251
485	37	0.998674
485	284	0.999274
485	457	0.999671
485	130	0.999927
485	331	0.999499
485	397	0.999248
485	82	0.999671
485	461	0.999376
485	57	0.99854
485	336	0.998875
485	51	0.998844
485	125	0.999812
485	140	0.998935
485	354	0.999478
485	300	0.999213
485	382	0.998744
485	364	0.999511
485	435	0.999089
485	384	0.999343
485	88	0.999635
485	185	0.999072
485	251	0.998866
485	90	0.998367
485	315	0.999697
485	133	0.999559
485	468	0.999288
485	73	0.998953
485	265	0.998666
485	342	0.999749
485	70	0.999149
485	370	0.999115
485	383	0.999905
485	119	0.999519
485	369	0.998516
485	307	0.998661
485	273	0.998592
485	81	0.999601
485	40	0.999633
485	71	0.999181
485	476	0.998467
485	378	0.998474
485	30	0.998792
485	285	0.998959
485	266	0.998612
485	370	0.999238
485	201	0.999611
485	438	0.999175
485	137	0.998833
485	163	0.999264
485	373	0.998873
485	363	0.998902
485	440	0.998628
485	362	0.998372
485	209	0.999115
485	276	0.999288
485	259	0.999194
485	438	0.999115
485	141	0.999792
485	415	0.999952
485	230	0.998334
485	458	0.998851
485	215	0.999293
485	240	0.999929
485	183	0.998472
485	149	0.999837
485	53	0.999383
485	372	0.999929
485	85	0.998638
485	441	0.999143
485	460	0.999587
485	429	0.998426
485	206	0.998991
485	328	0.998339
485	198	0.999124
485	346	0.999212
485	359	0.999096
485	422	0.99958
485	321	0.998775
485	89	0.998799
485	454	0.999846
485	374	0.998921
485	211	0.999984
485	292	0.998372
485	115	0.998611
485	69	0.999576
485	287	0.998954
485	59	0.998282
485	258	0.999832
485	339	0.999971
485	306	0.999856
485	198	0.998885
485	127	0.999168
485	77	0.998635
485	33	0.998745
485	269	0.999722
485	74	0.998631
485	40	0.999978
485	313	0.998714
485	433	0.99887
485	419	0.999858
485	385	0.999948
485	60	0.999818
485	484	0.999556
485	268	0.999469
485	170	0.999037
485	86	0.998878
485	353	0.99855
485	225	0.998792
485	441	0.999786
485	283	0.999153
485	29	0.998614
485	80	0.99837
485	344	0.999962
485	475	0.998788
485	424	0.999682
485	277	0.998854
485	194	0.99832
485	353	0.999293
485	202	0.999843
485	343	0.99931
485	152	0.99934
485	191	0.998934
485	253	0.998502
485	35	0.998897
485	358	0.998959
485	456	0.999639
485	215	0.998362
485	45	0.999784
485	413	0.99992
485	215	0.99921
485	81	0.999692
485	329	0.999808
485	28	0.99967
485	261	0.999073
485	139	0.99936
485	354	0.998771
485	118	0.999367
485	384	0.999644
485	364	0.999029
485	123	0.999423
485	209	0.999234
485	63	0.998972
485	246	0.998379
485	38	0.999611
485	204	0.998654
485	467	0.998324
485	477	0.999986
485	254	0.998443
485	202	0.998352
485	58	0.998436
485	38	0.99849
485	161	0.999327
485	410	0.999901
485	132	0.999495
485	166	0.99908
485	104	0.998471
485	444	0.99902
485	242	0.998521
485	35	0.998301
485	74	0.998286
485	335	0.998757
485	50	0.999575
485	474	0.999255
485	332	0.998604
485	374	0.999561
485	381	0.998654
485	384	0.999077
485	410	0.99958
485	151	0.999924
485	413	0.999979
485	298	0.998887
485	52	0.998567
485	169	0.999485
485	113	0.998687
485	452	0.99963
485	358	0.99906
485	432	0.999753
485	230	0.998576
485	130	0.999251
485	299	0.999442
485	235	0.998973
485	472	0.99955
485	52	0.998935
485	296	0.998994
485	91	0.998607
485	72	0.999445
485	53	0.999545
485	332	0.999426
485	346	0.998424
485	152	0.998707
485	44	0.998975
485	173	0.999533
485	229	0.998889
485	191	0.99898
485	133	0.998272
485	77	0.998614
485	97	0.999027
485	59	0.999934
485	461	0.999486
485	63	0.998899
485	430	0.998303
485	300	0.998386
485	94	0.998966
485	333	0.998484
485	169	0.999803
485	461	0.999395
485	239	0.998934
485	102	0.998372
485	404	0.998488
485	141	0.999767
485	367	0.998616
485	424	0.999953
485	468	0.999488
485	275	0.999715
485	257	0.998281
485	418	0.999298
485	281	0.999293
485	238	0.999027
485	353	0.999291
485	383	0.998543
485	102	0.99906
485	392	0.998643
485	35	0.999893
485	462	0.998906
485	316	0.999696
485	148	0.998811
485	229	0.999438
485	101	0.998678
485	349	0.999751
485	233	0.999825
485	372	0.999174
485	222	0.998357
485	107	0.998896
485	70	0.99922
485	343	0.998445
485	444	0.999454
485	249	0.999765
485	213	0.998896
485	241	0.999352
485	303	0.99964
485	395	0.998989
485	296	0.999061
485	184	0.999013
485	267	0.999046
485	481	0.998878
485	233	0.999156
485	94	0.999831
485	412	0.998569
485	201	0.999915
485	421	0.998908
485	93	0.999516
485	275	0.999665
485	366	0.99996
485	430	0.998617
485	434	0.998683
485	240	0.998528
485	254	0.999091
485	357	0.999283
485	283	0.999042
485	235	0.999706
485	107	0.999519
485	438	0.999455
485	164	0.999855
485	82	0.99897
485	299	0.999251
485	61	0.999855
485	145	0.99831
485	132	0.998916
485	354	0.998509
485	242	0.999372
485	240	0.998369
485	331	0.999991
485	267	0.999716
485	46	0.99916
485	341	0.998707
485	392	0.999677
485	277	0.998296
485	448	0.999215
485	371	0.999654
485	220	0.998512
485	29	0.998934
485	194	0.998999
485	102	0.999469
485	461	0.998763
485	216	0.999464
485	456	0.999234
485	403	0.998498
485	235	0.999831
485	144	0.999146
485	76	0.999792
485	133	0.999367
485	231	0.998889
485	454	0.998412
485	26	0.999333
485	76	0.998554
485	109	0.999557
485	361	0.998744
485	69	0.998997
485	241	0.9995
485	186	0.999914
485	117	0.998623
485	73	0.999801
485	387	0.999426
485	433	0.999281
485	87	0.999526
485	198	0.998661
485	438	0.999008
485	386	0.999016
485	313	0.998493
485	162	0.999417
485	39	0.998514
485	166	0.998585
485	399	0.998566
485	402	0.999362
485	113	0.998896
485	435	0.999258
485	133	0.998272
485	329	0.998339
485	50	0.998453
485	405	0.99855
485	259	0.998314
485	239	0.99832
485	420	0.998915
485	243	0.999236
485	264	0.99959
485	441	0.998521
485	126	0.9986
485	365	0.99854
485	454	0.999758
485	179	0.998583
485	31	0.999545
485	379	0.999488
485	305	0.998773
485	208	0.999037
485	157	0.998706
485	262	0.998445
485	24	0.999153
485	216	0.99851
485	374	0.999652
485	481	0.998854
485	389	0.999815
485	184	0.999172
485	252	0.999459
485	407	0.99856
485	157	0.999723
485	162	0.999831
485	138	0.998452
485	372	0.999827
485	265	0.998543
485	56	0.9986
485	445	0.999386
485	304	0.999972
485	355	0.998963
485	149	0.998462
485	161	0.999779
485	202	0.999576
485	195	0.999846
485	362	0.999962
485	323	0.999251
485	104	0.99935
485	408	0.999089
485	25	0.99982
485	452	0.999201
485	25	0.999722
485	249	0.999188
485	260	0.998307
485	180	0.99916
485	363	0.99978
485	40	0.999053
485	469	0.99887
485	269	0.99962
485	265	0.999077
485	143	0.998833
485	373	0.998692
485	417	0.998757
485	214	0.9987
485	248	0.999644
485	152	0.999509
485	345	0.998733
485	403	0.99977
485	156	0.999205
485	119	0.998531
485	306	0.998835
485	141	0.999941
485	378	0.999099
485	79	0.998745
485	344	0.998384
485	290	0.999457
485	396	0.998614
485	319	0.998851
485	330	0.999148
485	235	0.998469
485	476	0.9993
485	366	0.999063
485	401	0.999303
485	77	0.999723
485	38	0.999248
485	474	0.999685
485	206	0.999372
485	432	0.998633
485	302	0.999927
485	286	0.999559
485	93	0.999122
485	101	0.999049
485	364	0.999867
485	58	0.999526
485	404	0.998403
485	429	0.998733
485	294	0.998305
485	312	0.999433
485	403	0.99901
485	159	0.998571
485	52	0.999376
485	307	0.998528
485	391	0.998272
485	331	0.999744
485	448	0.999746
485	202	0.999943
485	434	0.999635
485	297	0.999407
485	74	0.999787
485	463	0.999314
485	24	0.998445
485	279	0.998289
485	332	0.999101
485	478	0.999483
485	37	0.998788
485	164	0.999837
485	274	0.998522
485	172	0.999461
485	105	0.999927
485	308	0.999568
485	383	0.999614
485	198	0.998816
485	212	0.999652
485	286	0.998714
485	324	0.999753
485	217	0.998937
485	144	0.998989
485	97	0.998695
485	284	0.999341
485	80	0.999557
485	384	0.999295
485	178	0.998443
485	64	0.998661
485	37	0.999585
485	167	0.999125
485	44	0.999519
485	142	0.999239
485	275	0.999922
485	149	0.998554
485	174	0.99987
485	313	0.998272
485	407	0.999834
485	384	0.998949
485	438	0.99893
485	213	0.998296
485	379	0.999568
485	368	0.998809
485	271	0.999402
485	91	0.998915
485	347	0.999531
485	295	0.999442
485	172	0.998811
485	312	0.998778
485	42	0.998586
485	440	0.999677
485	282	0.998384
485	372	0.998348
485	203	0.999385
485	43	0.999122
485	144	0.998692
485	54	0.999462
485	160	0.999067
485	479	0.998293
485	238	0.998554
485	401	0.999385
485	464	0.998612
485	165	0.999863
485	203	0.99977
485	61	0.998776
485	452	0.999151
485	438	0.999281
485	362	0.999737
485	369	0.999281
485	189	0.999888
485	218	0.999829
485	27	0.999474
485	346	0.998999
485	163	0.998621
485	342	0.999464
485	288	0.999531
485	93	0.998956
485	55	0.999544
485	67	0.999391
485	27	0.999837
485	59	0.999454
485	370	0.998419
485	484	0.999519
485	30	0.999245
485	187	0.998861
485	447	0.999718
485	450	0.998845
485	413	0.999307
485	320	0.9985
485	288	0.999533
485	48	0.999799
485	211	0.999251
485	338	0.999143
485	347	0.999488
485	391	0.998424
485	148	0.999156
485	386	0.998619
485	115	0.999495
485	416	0.999226
485	390	0.999168
485	157	0.999364
485	149	0.998548
485	138	0.999492
485	150	0.999791
485	83	0.998562
485	46	0.998462
485	51	0.99851
485	251	0.999274
485	196	0.999336
485	328	0.999604
485	391	0.998301
485	163	0.998628
485	151	0.998718
485	160	0.999988
485	220	0.999236
485	152	0.999756
485	452	0.99985
485	317	0.999666
485	82	0.999442
485	388	0.99884
485	407	0.998348
485	430	0.999803
485	79	0.999884
485	104	0.999751
485	150	0.998947
485	138	0.99959
485	279	0.999454
485	294	0.999243
485	102	0.999044
485	208	0.999901
485	315	0.999035
485	389	0.999855
485	230	0.999229
485	444	0.999219
485	108	0.99893
485	130	0.999831
485	400	0.998863
485	218	0.998911
485	262	0.998816
485	246	0.999146
485	225	0.998683
485	118	0.998951
485	435	0.998484
485	416	0.999327
485	115	0.999559
485	476	0.999295
485	283	0.998883
485	45	0.998809
485	116	0.999486
485	339	0.999369
485	199	0.998517
485	128	0.99911
485	270	0.998757
485	281	0.999096
485	223	0.998377
485	459	0.998807
485	215	0.999554
485	183	0.999359
485	98	0.999493
485	180	0.998491
485	321	0.998687
485	291	0.999741
485	24	0.999395
485	220	0.998405
485	408	0.999331
485	82	0.998402
485	352	0.998806
485	51	0.999079
485	402	0.998826
485	237	0.999882
485	298	0.999118
485	34	0.999927
485	241	0.999331
485	136	0.998666
485	219	0.998832
485	110	0.998616
485	436	0.998897
485	28	0.999739
485	300	0.99939
485	366	0.999639
485	307	0.999089
485	365	0.999829
485	311	0.999604
485	197	0.998832
485	52	0.9995
485	83	0.998921
485	201	0.99985
485	396	0.998833
485	238	0.999229
485	114	0.99977
485	98	0.998959
485	97	0.998455
485	242	0.99936
485	426	0.999853
485	317	0.99971
485	330	0.999677
485	97	0.998638
485	149	0.998566
485	315	0.999362
485	392	0.999981
485	412	0.999566
485	351	0.999933
485	381	0.998657
485	70	0.999965
485	479	0.999836
485	298	0.998985
485	244	0.998661
485	445	0.998681
485	276	0.999165
485	125	0.999334
485	217	0.999049
485	157	0.999792
485	166	0.999391
485	478	0.998858
485	165	0.998794
485	467	0.999578
485	218	0.998464
485	228	0.999042
485	44	0.999971
485	409	0.998293
485	470	0.999321
485	394	0.999538
485	202	0.99934
485	104	0.998664
485	72	0.999998
485	287	0.999765
485	319	0.99959
485	359	0.998674
485	178	0.999398
485	468	0.999044
485	172	0.999786
485	173	0.999355
485	335	0.998825
485	323	0.998464
485	305	0.999855
485	190	0.999763
485	217	0.99922
485	387	0.998719
485	102	0.998752
485	408	0.998503
485	169	0.998296
485	426	0.999016
485	200	0.999189
485	280	0.99883
485	254	0.998792
485	463	0.999978
485	308	0.998728
485	309	0.999436
485	30	0.999703
485	38	0.999614
485	240	0.999234
485	180	0.999013
485	110	0.999272
485	371	0.998493
485	299	0.999483
485	318	0.999127
485	114	0.99901
485	45	0.998771
485	415	0.999436
485	139	0.998688
485	140	0.998391
485	148	0.999772
485	81	0.999079
485	167	0.999205
485	318	0.998272
485	450	0.9992
485	70	0.999665
485	252	0.99884
485	479	0.998825
485	266	0.999782
485	133	0.998942
485	79	0.998484
485	84	0.999473
485	344	0.999296
485	130	0.999181
485	470	0.998434
485	477	0.999111
485	134	0.998678
485	59	0.99958
485	130	0.999111
485	154	0.998747
485	247	0.998757
485	321	0.999827
485	270	0.998896
485	408	0.999213
485	465	0.998514
485	186	0.998533
485	204	0.999267
485	271	0.999718
485	366	0.998535
485	337	0.999153
485	376	0.998685
485	424	0.9995
485	462	0.999627
485	130	0.999528
485	352	0.999939
485	263	0.999265
485	282	0.999514
485	118	0.998545
485	24	0.999442
485	94	0.999238
485	250	0.99855
485	317	0.99873
485	112	0.998478
485	310	0.998958
485	81	0.999846
485	27	0.998536
485	476	0.998272
485	227	0.999865
485	30	0.999407
485	236	0.999784
485	283	0.999063
485	182	0.998681
485	477	0.998711
485	372	0.998858
485	378	0.998493
485	214	0.99882
485	418	0.999995
485	307	0.999986
485	252	0.999613
485	110	0.99917
485	463	0.999791
485	455	0.999853
485	390	0.99888
485	28	0.999115
485	127	0.998559
485	304	0.999393
485	374	0.998286
485	253	0.999018
485	376	0.999822
485	91	0.999554
485	236	0.999148
485	136	0.999915
485	462	0.999231
485	64	0.999333
485	152	0.998771
485	179	0.999658
485	224	0.998305
485	217	0.999884
485	262	0.998614
485	74	0.999246
485	218	0.998296
485	283	0.999089
485	465	0.998365
485	320	0.99958
485	145	0.998737
485	301	0.999879
485	414	0.999462
485	353	0.999416
485	197	0.999893
485	466	0.998823
485	147	0.999042
485	124	0.999812
485	24	0.999144
485	113	0.998744
485	176	0.998992
485	96	0.999614
485	111	0.99831
485	89	0.999862
485	67	0.999554
485	186	0.999345
485	211	0.999056
485	446	0.999139
485	379	0.999685
485	451	0.999253
485	400	0.999644
485	136	0.99968
485	394	0.999298
485	349	0.999875
485	478	0.998731
485	277	0.999011
485	363	0.999001
485	309	0.999466
485	416	0.998497
485	31	0.99855
485	221	0.999986
485	105	0.999409
485	172	0.998856
485	93	0.999969
485	199	0.999416
485	163	0.998947
485	472	0.998274
485	182	0.999632
485	462	0.998854
485	399	0.998434
485	403	0.999843
485	412	0.999366
485	145	0.999537
485	282	0.999507
485	59	0.999087
485	451	0.999448
485	216	0.9986
485	425	0.999569
485	204	0.998369
485	217	0.999967
485	436	0.998916
485	305	0.998655
485	347	0.999312
485	80	0.999245
485	126	0.998481
485	457	0.999188
485	130	0.998797
485	271	0.998388
485	447	0.998845
485	427	0.998674
485	30	0.99875
485	62	0.999079
485	291	0.999027
485	321	0.999877
485	196	0.999485
485	438	0.999359
485	181	0.999099
485	133	0.999113
485	299	0.9994
485	415	0.998681
485	246	0.998683
485	120	0.999333
485	27	0.999241
485	411	0.999006
485	174	0.999758
485	417	0.999967
485	94	0.999312
485	236	0.999443
485	335	0.999079
485	163	0.9986
485	382	0.998307
485	90	0.999481
485	384	0.999718
485	297	0.998871
485	221	0.999075
485	314	0.99897
485	118	0.999357
485	237	0.999042
485	454	0.999198
485	183	0.999748
485	388	0.999219
485	308	0.999073
485	335	0.99873
485	24	0.99953
485	239	0.99978
485	427	0.999533
485	196	0.998319
485	103	0.999782
485	237	0.998984
485	130	0.999124
485	221	0.999353
485	379	0.998372
485	299	0.998519
485	267	0.999471
485	272	0.998476
485	242	0.998357
485	382	0.99991
485	368	0.999101
485	29	0.998341
485	196	0.999163
485	428	0.998559
485	430	0.998384
485	302	0.999004
485	210	0.998498
485	439	0.99903
485	291	0.999627
485	453	0.99855
485	309	0.999763
485	49	0.998583
485	253	0.998536
485	182	0.999896
485	312	0.998574
485	327	0.999001
485	262	0.999865
485	230	0.999538
485	251	0.998844
485	483	0.999324
485	383	0.998433
485	315	0.998737
485	270	0.998688
485	484	0.99893
485	301	0.999832
485	222	0.998642
485	219	0.999232
485	158	0.999654
485	334	0.999927
485	213	0.998935
485	308	0.999419
485	459	0.999507
485	462	0.998281
485	131	0.999518
485	441	0.998676
485	403	0.999888
485	81	0.998771
485	326	0.999744
485	53	0.999188
485	39	0.998951
485	353	0.998782
485	207	0.998956
485	87	0.998358
485	119	0.999053
485	88	0.998443
485	250	0.998856
485	341	0.999865
485	406	0.999675
485	97	0.999652
485	438	0.999409
485	30	0.998554
485	230	0.99987
485	153	0.999822
485	196	0.999239
485	427	0.998583
485	25	0.999511
485	90	0.999531
485	71	0.99883
485	260	0.998331
485	449	0.999552
485	357	0.998754
485	463	0.998811
485	378	0.999454
485	156	0.999068
485	467	0.999575
485	110	0.998654
485	267	0.999761
485	145	0.998935
485	100	0.999312
485	427	0.999461
485	109	0.998947
485	247	0.999706
485	415	0.999777
485	221	0.999054
485	107	0.998766
485	271	0.998966
485	142	0.99959
485	401	0.998659
485	328	0.999165
485	426	0.999699
485	132	0.99879
485	365	0.99971
485	121	0.999336
485	403	0.998547
485	284	0.999013
485	375	0.998272
485	259	0.999609
485	431	0.999628
485	410	0.999108
485	358	0.998947
485	112	0.999537
485	105	0.998581
485	433	0.998286
485	182	0.999901
485	421	0.998754
485	413	0.99913
485	327	0.999364
485	32	0.999827
485	372	0.999086
485	184	0.999877
485	136	0.999725
485	62	0.999863
485	455	0.99935
485	41	0.998871
485	316	0.998531
485	167	0.99874
485	45	0.999827
485	355	0.99955
485	284	0.999049
485	188	0.998678
485	102	0.999938
485	109	0.999084
485	440	0.998972
485	262	0.999703
485	337	0.999488
485	104	0.999627
485	25	0.999281
485	25	0.998535
485	343	0.999941
485	268	0.998951
485	410	0.998336
485	57	0.999595
485	405	0.99927
485	247	0.99968
485	28	0.998571
485	477	0.998522
485	483	0.999832
485	321	0.99856
485	288	0.998379
485	128	0.9999
485	63	0.99944
485	421	0.99925
485	274	0.998685
485	470	0.999015
485	447	0.999694
485	63	0.999978
485	278	0.998459
485	136	0.998493
485	472	0.998844
485	192	0.999385
485	164	0.998757
485	181	0.998963
485	134	0.999739
485	296	0.998289
485	393	0.999941
485	469	0.998664
485	438	0.998882
485	429	0.998282
485	249	0.999684
485	240	0.99976
485	292	0.999901
485	342	0.999091
485	167	0.999594
485	420	0.99972
485	261	0.998573
485	141	0.999424
485	342	0.999931
485	26	0.998985
485	350	0.99863
485	400	0.999808
485	111	0.999016
485	439	0.999654
485	77	0.999122
485	74	0.999813
485	442	0.999777
485	461	0.999895
485	209	0.998877
485	282	0.998286
485	320	0.999665
485	319	0.999037
485	283	0.999366
485	464	0.998552
485	105	0.998438
485	270	0.998621
485	416	0.999601
485	114	0.998928
485	143	0.998483
485	135	0.999008
485	367	0.998324
485	51	0.99882
485	94	0.999841
485	35	0.999587
485	35	0.999409
485	39	0.998904
485	275	0.99906
485	281	0.998921
485	304	0.999272
485	302	0.999264
485	88	0.999649
485	214	0.998835
485	433	0.999523
485	100	0.999191
485	42	0.998714
485	84	0.998576
485	94	0.999226
485	478	0.999805
485	139	0.999229
485	126	0.99976
485	328	0.999675
485	216	0.999175
485	401	0.99864
485	226	0.999668
485	415	0.999732
485	281	0.999474
485	445	0.998398
485	148	0.999061
485	464	0.999336
485	128	0.998832
485	337	0.999283
485	388	0.998509
485	364	0.999844
485	151	0.998555
485	283	0.999772
485	254	0.998607
485	343	0.998464
485	232	0.999044
485	397	0.998659
485	56	0.998875
485	246	0.998352
485	366	0.999419
485	468	0.998322
485	431	0.99969
485	482	0.999772
485	184	0.999111
485	218	0.999092
485	387	0.998276
485	221	0.999523
485	147	0.999824
485	146	0.998932
485	338	0.999452
485	376	0.998386
485	249	0.999471
485	294	0.999391
485	168	0.998961
485	197	0.999445
485	387	0.998301
485	154	0.998407
485	37	0.999395
485	433	0.999919
485	442	0.999212
485	71	0.999065
485	93	0.998723
485	301	0.99945
485	332	0.999602
485	398	0.999627
485	480	0.999874
485	319	0.999149
485	392	0.998408
485	122	0.999436
485	81	0.999246
485	149	0.998327
485	382	0.999188
485	158	0.999224
485	112	0.99888
485	398	0.999997
485	465	0.99845
485	380	0.999092
485	219	0.999343
485	232	0.998402
485	57	0.998581
485	43	0.999967
485	429	0.999851
485	327	0.999729
485	78	0.998956
485	276	0.998654
485	441	0.998861
485	457	0.998333
485	115	0.999606
485	78	0.999001
485	397	0.999817
485	69	0.99894
485	380	0.998393
485	89	0.999469
485	197	0.998402
485	369	0.99851
485	87	0.998991
485	458	0.999404
485	196	0.998902
485	348	0.998901
485	337	0.99978
485	276	0.999777
485	178	0.998393
485	317	0.999576
485	467	0.999172
485	122	0.999739
485	71	0.998502
485	306	0.998541
485	74	0.99894
485	185	0.999604
485	161	0.999314
485	361	0.999751
485	348	0.998322
485	262	0.999519
485	297	0.99855
485	49	0.998776
485	400	0.999111
485	466	0.998674
485	416	0.998911
485	109	0.999137
485	476	0.999378
485	86	0.998635
485	316	0.998352
485	314	0.999386
485	438	0.999438
485	287	0.999248
485	84	0.999628
485	122	0.999461
485	203	0.999537
485	246	0.998889
485	459	0.999182
485	176	0.999898
485	50	0.998505
485	319	0.99955
485	417	0.998602
485	200	0.998666
485	468	0.999805
485	333	0.998381
485	281	0.998992
485	72	0.998823
485	326	0.999725
485	303	0.999625
485	256	0.998828
485	131	0.99981
485	392	0.999803
485	89	0.998605
485	204	0.998768
485	430	0.998832
485	146	0.998533
485	443	0.999808
485	192	0.99832
485	316	0.998431
485	321	0.999742
485	109	0.999697
485	112	0.999504
485	297	0.998645
485	400	0.999587
485	167	0.998775
485	431	0.999723
485	63	0.999105
485	230	0.998384
485	344	0.99873
485	469	0.999018
485	145	0.999882
485	359	0.999582
485	77	0.998666
485	230	0.998994
485	240	0.998357
485	406	0.999194
485	230	0.998681
485	287	0.998657
485	441	0.999265
485	318	0.998422
485	402	0.998326
485	325	0.999378
485	320	0.998322
485	31	0.999594
485	247	0.998384
485	344	0.999371
485	125	0.999552
485	353	0.999611
485	467	0.99944
485	32	0.998453
485	188	0.999274
485	417	0.998459
485	189	0.999578
485	106	0.999125
485	256	0.998571
485	256	0.999893
485	296	0.99999
485	40	0.998987
485	47	0.999205
485	211	0.999792
485	260	0.999874
485	133	0.998619
485	239	0.99996
485	206	0.999359
485	32	0.998372
485	268	0.999058
485	444	0.999853
485	195	0.998345
485	388	0.998376
485	294	0.998612
485	57	0.999601
485	181	0.999735
485	68	0.999824
485	192	0.999773
485	145	0.998491
485	112	0.999172
485	411	0.99999
485	374	0.998436
485	366	0.998519
485	162	0.999512
485	142	0.999239
485	144	0.999333
485	352	0.999831
485	337	0.999538
485	337	0.999319
485	327	0.999507
485	205	0.999284
485	437	0.999227
485	416	0.998859
485	299	0.998956
485	223	0.99992
485	284	0.998811
485	126	0.998759
485	266	0.999165
485	260	0.999023
485	437	0.998745
485	182	0.999277
485	362	0.999635
485	188	0.999445
485	253	0.998928
485	77	0.99898
485	355	0.998918
485	341	0.998704
485	340	0.998548
485	262	0.999049
485	401	0.999355
485	162	0.999227
485	307	0.998502
485	251	0.998415
485	280	0.999744
485	481	0.999372
485	220	0.998569
485	100	0.998481
485	316	0.998978
485	278	0.999334
485	112	0.999048
485	268	0.999077
485	101	0.999386
485	152	0.999334
485	309	0.999246
485	450	0.999435
485	276	0.998744
485	207	0.998286
485	426	0.999824
485	143	0.999504
485	145	0.999068
485	434	0.999903
485	137	0.998745
485	382	0.998536
485	189	0.999599
485	149	0.99913
485	234	0.998654
485	367	0.999595
485	425	0.999639
485	319	0.99987
485	139	0.99964
485	434	0.998953
485	211	0.999296
485	481	0.999875
485	460	0.999243
485	233	0.999452
485	186	0.998436
485	125	0.999516
485	362	0.998797
485	421	0.998889
485	292	0.998693
485	396	0.998457
485	243	0.99962
485	340	0.999822
485	216	0.998973
485	302	0.998616
485	321	0.99941
485	163	0.998868
485	291	0.999822
485	345	0.999601
485	419	0.999239
485	321	0.998395
485	228	0.998604
485	87	0.999162
485	464	0.999772
485	405	0.998647
485	378	0.998521
485	60	0.999583
485	45	0.999696
485	298	0.999319
485	37	0.999391
485	316	0.998902
485	309	0.999727
485	58	0.999946
485	312	0.998279
485	368	0.999986
485	341	0.999984
485	446	0.99981
485	258	0.999703
485	444	0.999623
485	94	0.999962
485	383	0.999226
485	134	0.998341
485	190	0.998801
485	350	0.998757
485	376	0.999706
485	389	0.999082
485	156	0.998797
485	479	0.999471
485	219	0.998619
485	129	0.998345
485	222	0.999067
485	340	0.999995
485	62	0.999108
485	108	0.999658
485	203	0.999502
485	323	0.998972
485	324	0.998623
485	254	0.998885
485	363	0.999967
485	341	0.999395
485	162	0.998921
485	90	0.999156
485	57	0.999694
485	366	0.999042
485	313	0.998564
485	424	0.999086
485	78	0.999203
485	29	0.999165
485	231	0.999431
485	241	0.999191
485	161	0.998723
485	366	0.999322
485	112	0.998386
485	141	0.999239
485	36	0.999132
485	114	0.998517
485	29	0.998609
485	223	0.998915
485	76	0.999067
485	343	0.9994
485	385	0.999296
485	129	0.998507
485	323	0.998949
485	262	0.999333
485	252	0.998376
485	31	0.999153
485	84	0.999317
485	324	0.99967
485	61	0.999011
485	199	0.999327
485	256	0.999644
485	444	0.999348
485	186	0.999694
485	438	0.999848
485	118	0.999782
485	340	0.99869
485	35	0.999516
485	24	0.999687
485	394	0.999402
485	134	0.999156
485	45	0.99987
485	358	0.999744
485	479	0.999933
485	180	0.998775
485	258	0.998946
485	216	0.999103
485	153	0.998866
485	362	0.999371
485	75	0.998377
485	386	0.999628
485	53	0.998712
485	466	0.99971
485	314	0.998896
485	77	0.999132
485	43	0.998495
485	83	0.998851
485	36	0.998633
485	376	0.999697
485	232	0.998341
485	402	0.998402
485	390	0.999682
485	116	0.999054
485	93	0.998737
485	294	0.99903
485	417	0.998773
485	121	0.999552
485	230	0.999746
485	131	0.999545
485	159	0.99934
485	422	0.999222
485	41	0.998889
485	370	0.998607
485	477	0.999521
485	112	0.998355
485	263	0.999322
485	163	0.999481
485	330	0.998583
485	284	0.998769
485	323	0.999393
485	420	0.998887
485	277	0.999155
485	256	0.999855
485	454	0.998647
485	90	0.999457
485	270	0.999545
485	227	0.998768
485	31	0.999101
485	139	0.999054
485	172	0.999443
485	127	0.999194
485	203	0.998522
485	471	0.999685
485	62	0.998497
485	120	0.999739
485	187	0.999281
485	384	0.998284
485	32	0.999682
485	281	0.998315
485	452	0.999471
485	378	0.999442
485	329	0.998569
485	105	0.99977
485	234	0.999682
485	61	0.998522
485	104	0.999704
485	143	0.99878
485	356	0.999877
485	430	0.999429
485	332	0.999761
485	401	0.998338
485	392	0.9986
485	288	0.99832
485	326	0.998773
485	260	0.999697
485	86	0.998968
485	376	0.999054
485	95	0.998839
485	41	0.999155
485	350	0.999092
485	190	0.998997
485	61	0.999761
485	214	0.998778
485	70	0.998353
485	420	0.999279
485	303	0.999421
485	56	0.998464
485	33	0.998693
485	442	0.998562
485	86	0.998517
485	118	0.998293
485	256	0.999844
485	231	0.998597
485	308	0.999685
485	397	0.999245
485	442	0.999832
485	320	0.999825
485	223	0.998661
485	76	0.999516
485	381	0.998645
485	333	0.998716
485	67	0.999222
485	76	0.999291
485	334	0.998597
485	128	0.999108
485	144	0.99851
485	130	0.999454
485	50	0.998989
485	199	0.998756
485	138	0.998377
485	102	0.998334
485	366	0.999063
485	360	0.999953
485	236	0.998305
485	104	0.999713
485	302	0.998457
485	467	0.999879
485	479	0.998548
485	74	0.999308
485	456	0.999004
485	387	0.998904
485	98	0.999341
485	63	0.998877
485	439	0.998605
485	215	0.998631
485	273	0.999727
485	29	0.998718
485	344	0.999506
485	310	0.998771
485	442	0.99893
485	352	0.998362
485	352	0.999421
485	174	0.998588
485	138	0.998975
485	195	0.999391
485	425	0.998522
485	354	0.998303
485	483	0.998954
485	331	0.998991
485	425	0.998593
485	399	0.999825
485	183	0.999958
485	149	0.998997
485	459	0.999229
485	181	0.998429
485	340	0.998664
485	243	0.999317
485	44	0.999248
485	66	0.999967
485	207	0.998908
485	300	0.998514
485	241	0.998611
485	157	0.999604
485	319	0.998626
485	419	0.999583
485	333	0.999162
485	400	0.99996
485	161	0.9993
485	415	0.998459
485	150	0.998438
485	339	0.999346
485	296	0.99887
485	275	0.999188
485	35	0.998516
485	400	0.999608
485	358	0.998731
485	60	0.999563
485	85	0.999144
485	144	0.999628
485	170	0.999322
485	152	0.999751
485	205	0.999086
485	397	0.998324
485	299	0.999547
485	417	0.999284
485	174	0.998959
485	153	0.998954
485	50	0.998657
485	244	0.998754
485	164	0.999569
485	98	0.999837
485	44	0.999611
485	156	0.99849
485	112	0.999201
485	260	0.99888
485	406	0.99884
485	89	0.99851
485	318	0.999981
485	403	0.999283
485	56	0.998783
485	235	0.999609
485	440	0.998324
485	148	0.998837
485	347	0.99892
485	82	0.999319
485	354	0.999215
485	245	0.999485
485	33	0.998642
485	245	0.99864
485	475	0.999725
485	304	0.998503
485	28	0.99985
485	86	0.998353
485	128	0.999274
485	39	0.999203
485	169	0.999779
485	379	0.998498
485	468	0.99941
485	472	0.998963
485	189	0.998403
485	137	0.999141
485	481	0.999758
485	77	0.999666
485	123	0.998942
485	393	0.999499
485	227	0.998731
485	351	0.998832
485	247	0.998864
485	51	0.999336
485	200	0.998688
485	399	0.999302
485	315	0.999371
485	378	0.999091
485	280	0.998669
485	371	0.999395
485	302	0.998303
485	44	0.999467
485	29	0.999016
485	114	0.998478
485	445	0.99954
485	465	0.999239
485	393	0.998852
485	84	0.998783
485	85	0.998395
485	318	0.999378
485	434	0.999775
485	146	0.998529
485	42	0.999566
485	294	0.999666
485	124	0.999587
485	293	0.999943
485	168	0.998552
485	260	0.998604
485	386	0.998699
485	111	0.999997
485	287	0.999397
485	35	0.999606
485	284	0.999822
485	267	0.99878
485	372	0.998693
485	163	0.999953
485	249	0.998877
485	37	0.998503
485	367	0.998412
485	474	0.9984
485	75	0.999006
485	314	0.999773
485	292	0.998566
485	333	0.99878
485	232	0.998664
485	208	0.999395
485	254	0.999474
485	342	0.999205
485	29	0.999903
485	176	0.998761
485	178	0.998538
485	48	0.999784
485	47	0.998968
485	75	0.998293
485	210	0.999578
485	278	0.998797
485	343	0.999678
485	275	0.998731
485	449	0.999075
485	314	0.998426
485	323	0.998535
485	302	0.998386
485	305	0.999374
485	399	0.998289
485	24	0.998552
485	53	0.999246
485	138	0.998334
485	139	0.998452
485	479	0.999336
485	64	0.998569
485	267	0.999182
485	327	0.999952
485	445	0.999224
485	394	0.999537
485	238	0.998747
485	259	0.998605
485	263	0.999443
485	349	0.99949
485	101	0.999533
485	354	0.998396
485	175	0.999912
485	34	0.998322
485	138	0.999193
485	107	0.998908
485	270	0.999035
485	385	0.999035
485	396	0.999737
485	62	0.999715
485	129	0.998776
485	452	0.999303
485	97	0.999964
485	152	0.99913
485	263	0.999004
485	477	0.998386
485	176	0.998395
485	150	0.998664
485	241	0.999165
485	95	0.999879
485	212	0.998814
485	447	0.999557
485	267	0.999578
485	213	0.998462
485	386	0.998944
485	220	0.998707
485	363	0.999338
485	465	0.998852
485	301	0.999037
485	318	0.99925
485	482	0.998707
485	333	0.99958
485	56	0.999429
485	343	0.999398
485	466	0.999058
485	121	0.998984
485	309	0.999943
485	408	0.999181
485	67	0.998719
485	177	0.999723
485	107	0.999493
485	186	0.999359
485	269	0.998833
485	116	0.999882
485	83	0.999327
485	388	0.999882
485	237	0.999796
485	309	0.99837
485	133	0.998726
485	455	0.999763
485	196	0.99901
485	296	0.999675
485	475	0.999436
485	100	0.998851
485	447	0.999369
485	135	0.999893
485	357	0.998647
485	96	0.998498
485	229	0.999253
485	229	0.999817
485	410	0.998393
485	314	0.998517
485	196	0.998921
485	94	0.999113
485	367	0.999893
485	272	0.998426
485	352	0.998497
485	180	0.999903
485	308	0.999557
485	242	0.999348
485	373	0.998795
485	405	0.999742
485	373	0.999697
485	225	0.998588
485	73	0.999046
485	93	0.999822
485	231	0.999177
485	373	0.998904
485	214	0.99902
485	475	0.999716
485	168	0.999974
485	357	0.998327
485	98	0.999281
485	430	0.998314
485	482	0.999092
485	287	0.998498
485	141	0.998972
485	229	0.998331
485	473	0.998284
485	63	0.998852
485	100	0.998479
485	206	0.998531
485	265	0.999236
485	380	0.998533
485	474	0.998885
485	202	0.999948
485	126	0.998441
485	468	0.99959
485	310	0.998346
485	48	0.999094
485	356	0.999132
485	62	0.998939
485	263	0.999232
485	152	0.998293
485	479	0.999556
485	215	0.999182
485	116	0.999243
485	233	0.998484
485	354	0.99878
485	169	0.998826
485	119	0.998899
485	214	0.999426
485	353	0.998868
485	434	0.998298
485	232	0.99894
485	166	0.999421
485	404	0.999891
485	44	0.998953
485	354	0.999502
485	335	0.998514
485	185	0.999732
485	269	0.999499
485	212	0.998721
485	47	0.999651
485	81	0.998968
485	205	0.999502
485	242	0.998616
485	144	0.998676
485	477	0.999039
485	413	0.999965
485	397	0.999611
485	130	0.999729
485	428	0.999927
485	76	0.999952
485	115	0.998402
485	343	0.998991
485	320	0.999096
485	321	0.999516
485	372	0.998756
485	85	0.99888
485	475	0.999345
485	158	0.998775
485	195	0.998502
485	256	0.998322
485	356	0.999075
485	266	0.998697
485	34	0.999601
485	350	0.999974
485	52	0.999905
485	466	0.9999
485	350	0.999065
485	438	0.998402
485	412	0.999863
485	436	0.999592
485	99	0.998676
485	161	0.999412
485	326	0.999967
485	433	0.999699
485	117	0.999286
485	208	0.998954
485	337	0.998673
485	295	0.999167
485	188	0.999725
485	202	0.999971
485	396	0.99986
485	48	0.998666
485	66	0.999637
485	112	0.999841
485	95	0.999106
485	235	0.998402
485	143	0.999369
485	440	0.998384
485	27	0.998507
485	50	0.998338
485	431	0.99856
485	60	0.999509
485	461	0.998545
485	59	0.998996
485	454	0.998771
485	318	0.998509
485	57	0.999685
485	394	0.999509
485	397	0.999711
485	472	0.999257
485	313	0.998369
485	173	0.998977
485	91	0.999402
485	125	0.999998
485	266	0.999391
485	481	0.998386
485	454	0.999516
485	237	0.999438
485	401	0.999398
485	117	0.999346
485	311	0.998386
485	476	0.998997
485	113	0.999633
485	363	0.999903
485	230	0.998954
485	84	0.999554
485	223	0.999241
485	118	0.998533
485	423	0.999519
485	275	0.999046
485	276	0.999027
485	450	0.999893
485	83	0.998699
485	58	0.99856
485	457	0.999984
485	184	0.99897
485	403	0.998535
485	352	0.999156
485	100	0.999053
485	31	0.998479
485	54	0.998692
485	308	0.999448
485	457	0.999958
485	264	0.998913
485	170	0.998353
485	355	0.998405
485	476	0.999756
485	137	0.999557
485	332	0.998908
485	219	0.999677
485	376	0.999336
485	402	0.999094
485	319	0.998282
485	130	0.999815
485	166	0.999255
485	364	0.999253
485	364	0.998904
485	66	0.999203
485	219	0.999345
485	327	0.99851
485	200	0.999302
485	195	0.999222
485	233	0.998422
485	60	0.99908
485	286	0.9984
485	189	0.998422
485	250	0.999729
485	179	0.998763
485	26	0.998768
485	318	0.998469
485	387	0.999393
485	455	0.998947
485	441	0.999583
485	194	0.999509
485	107	0.998973
485	479	0.999293
485	412	0.999583
485	377	0.999236
485	50	0.999599
485	69	0.998478
485	270	0.998664
485	82	0.998801
485	113	0.999964
485	450	0.998524
485	317	0.9984
485	371	0.999972
485	274	0.999205
485	359	0.998889
485	100	0.998507
485	158	0.999149
485	46	0.999646
485	33	0.999576
485	213	0.998353
485	231	0.999803
485	440	0.999668
485	391	0.998303
485	427	0.999756
485	61	0.999001
485	46	0.998431
485	99	0.999324
485	392	0.99944
485	141	0.999557
485	334	0.999289
485	244	0.999516
485	43	0.999834
485	42	0.999922
485	320	0.999188
485	483	0.999651
485	137	0.999168
485	323	0.998797
485	312	0.998752
485	76	0.998446
485	52	0.998837
485	61	0.998481
485	278	0.999912
485	332	0.999099
485	252	0.999227
485	131	0.999723
485	452	0.998624
485	484	0.998909
485	281	0.99985
485	196	0.998787
485	452	0.999753
485	83	0.999972
485	331	0.999035
485	297	0.998536
485	216	0.999378
485	453	0.998571
485	454	0.999986
485	378	0.999329
485	365	0.999428
485	327	0.999756
485	305	0.99936
485	219	0.999608
485	160	0.998775
485	240	0.999509
485	398	0.999813
485	98	0.999163
485	341	0.998576
485	297	0.999289
485	212	0.999329
485	41	0.999274
485	481	0.99996
485	481	0.99844
485	206	0.999327
485	299	0.999988
485	53	0.999569
485	137	0.998421
485	260	0.999099
485	63	0.999734
485	46	0.99887
485	261	0.9994
485	386	0.999583
485	437	0.999525
485	401	0.998379
485	77	0.998768
485	475	0.999429
485	136	0.999289
485	188	0.999711
485	301	0.999528
485	330	0.999618
485	198	0.999734
485	165	0.999792
485	360	0.998369
485	425	0.998916
485	219	0.999678
485	333	0.998623
485	29	0.998954
485	299	0.999933
485	112	0.999443
485	389	0.999616
485	376	0.999969
485	191	0.998298
485	263	0.999167
485	63	0.998465
485	359	0.999086
485	206	0.99941
485	464	0.999988
485	241	0.999141
485	232	0.99934
485	236	0.999933
485	455	0.999149
485	270	0.999952
485	303	0.998588
485	135	0.999748
485	98	0.998946
485	133	0.999108
485	400	0.998288
485	114	0.998742
485	277	0.998852
485	291	0.999086
485	92	0.999953
485	248	0.999862
485	43	0.998692
485	296	0.998471
485	169	0.99882
485	451	0.998331
485	45	0.998737
485	431	0.999144
485	52	0.998963
485	229	0.99906
485	175	0.998909
485	153	0.999352
485	174	0.999331
485	302	0.998307
485	312	0.999366
485	187	0.999964
485	107	0.998379
485	460	0.998956
485	182	0.99875
485	283	0.998652
485	355	0.999749
485	356	0.998535
485	51	0.999092
485	294	0.999362
485	237	0.999219
485	56	0.99967
485	351	0.999276
485	248	0.998681
485	435	0.99841
485	135	0.99897
485	308	0.999806
485	354	0.998676
485	234	0.999319
485	117	0.999601
485	288	0.999023
485	224	0.999786
485	135	0.998959
485	313	0.998638
485	367	0.999156
485	227	0.999815
485	43	0.999965
485	416	0.998595
485	211	0.998552
485	232	0.999652
485	159	0.999201
485	107	0.999872
485	397	0.998443
485	268	0.999205
485	265	0.999132
485	39	0.999753
485	297	0.999583
485	161	0.999907
485	35	0.99945
485	288	0.999557
485	339	0.999094
485	305	0.99987
485	148	0.999768
485	483	0.999124
485	89	0.998372
485	196	0.999238
485	343	0.999065
485	88	0.999105
485	434	0.998345
485	443	0.998533
485	399	0.999421
485	54	0.999091
485	183	0.999471
485	204	0.999464
485	154	0.999447
485	119	0.998928
485	28	0.998562
485	345	0.999168
485	189	0.998863
485	26	0.999151
485	156	0.998953
485	479	0.999875
485	163	0.999277
485	126	0.999308
485	102	0.99884
485	48	0.999533
485	286	0.999684
485	128	0.998522
485	113	0.998462
485	316	0.998593
485	167	0.998393
485	358	0.999659
485	392	0.999189
485	202	0.999146
485	359	0.998807
485	387	0.999789
485	166	0.999625
485	56	0.99986
485	148	0.998859
485	311	0.998901
485	315	0.999148
485	237	0.998731
485	165	0.999984
485	324	0.998688
485	410	0.999933
485	336	0.999528
485	243	0.998611
485	287	0.998533
485	26	0.999784
485	481	0.998441
485	262	0.998567
485	372	0.998345
485	145	0.999357
485	109	0.999232
485	157	0.999863
485	123	0.99931
485	180	0.9986
485	225	0.999371
485	179	0.99977
485	193	0.998358
485	454	0.998421
485	272	0.999092
485	326	0.999699
485	204	0.999029
485	291	0.999099
485	422	0.998997
485	170	0.998469
485	349	0.998303
485	390	0.998408
485	215	0.999188
485	475	0.999383
485	166	0.99955
485	249	0.998488
485	290	0.99934
485	75	0.999627
485	144	0.999455
485	446	0.999516
485	379	0.999303
485	100	0.999421
485	227	0.999355
485	464	0.999665
485	331	0.999787
485	287	0.999362
485	364	0.998317
485	222	0.999772
485	224	0.999118
485	370	0.999535
485	453	0.999886
485	333	0.999976
485	95	0.999428
485	235	0.998692
485	469	0.999407
485	244	0.999965
485	411	0.999773
485	229	0.999272
485	464	0.998626
485	450	0.998899
485	323	0.99978
485	239	0.999122
485	260	0.99944
485	118	0.99913
485	260	0.998274
485	272	0.998756
485	155	0.998573
485	147	0.999628
485	27	0.999827
485	459	0.99967
485	310	0.999604
485	122	0.998586
485	400	0.999139
485	188	0.998533
485	382	0.999149
485	383	0.998272
485	237	0.998336
485	25	0.999305
485	341	0.998661
485	318	0.998683
485	101	0.99908
485	24	0.999746
485	258	0.999576
485	351	0.998408
485	427	0.998438
485	326	0.99963
485	60	0.998315
485	41	0.998509
485	110	0.998334
485	471	0.999812
485	260	0.999267
485	346	0.998376
485	241	0.998668
485	220	0.998408
485	147	0.999651
485	214	0.998322
485	234	0.999203
485	301	0.999222
485	351	0.998985
485	243	0.998759
485	116	0.998894
485	455	0.998664
485	395	0.999113
485	35	0.999933
485	319	0.999914
485	222	0.999644
485	103	0.999557
485	286	0.998469
485	261	0.998469
485	395	0.99935
485	218	0.99898
485	178	0.998357
485	253	0.998322
485	378	0.999001
485	426	0.999388
485	110	0.99836
485	452	0.999485
485	136	0.99926
485	325	0.999243
485	55	0.998638
485	472	0.999061
485	237	0.998909
485	95	0.999761
485	403	0.998298
485	64	0.998327
485	83	0.998835
485	316	0.999986
485	170	0.999447
485	293	0.999748
485	219	0.999419
485	442	0.999689
485	427	0.998996
485	155	0.998595
485	146	0.999907
485	168	0.999874
485	456	0.999716
485	98	0.999654
485	220	0.998507
485	365	0.998633
485	88	0.999253
485	345	0.999879
485	423	0.999789
485	249	0.998889
485	376	0.998505
485	404	0.998509
485	377	0.998548
485	101	0.99873
485	368	0.999659
485	340	0.999604
485	407	0.998398
485	123	0.998291
485	390	0.999239
485	218	0.99934
485	202	0.998505
485	482	0.999625
485	239	0.999481
485	139	0.999056
485	226	0.999941
485	484	0.99854
485	198	0.999756
485	428	0.999908
485	193	0.998631
485	226	0.999556
485	139	0.999967
485	240	0.999431
485	476	0.999908
485	111	0.999229
485	150	0.998899
485	463	0.999506
485	320	0.999732
485	302	0.998597
485	433	0.998408
485	196	0.998645
485	445	0.999822
485	395	0.999251
485	323	0.999919
485	41	0.998415
485	223	0.999203
485	154	0.999037
485	269	0.99901
485	349	0.99873
485	331	0.999893
485	346	0.998915
485	458	0.999063
485	417	0.998959
485	420	0.999656
485	466	0.998845
485	95	0.998984
485	293	0.999875
485	99	0.998726
485	176	0.999127
485	89	0.998814
485	131	0.999265
485	264	0.998835
485	319	0.999872
485	270	0.999488
485	110	0.998602
485	330	0.998828
485	272	0.99982
485	327	0.999369
485	230	0.998581
485	276	0.999544
485	446	0.998521
485	41	0.99835
485	159	0.99882
485	247	0.999426
485	362	0.999685
485	132	0.999174
485	374	0.999699
485	384	0.998384
485	312	0.999895
485	140	0.998949
485	271	0.999042
485	434	0.998433
485	313	0.99889
485	311	0.998664
485	150	0.999734
485	365	0.999149
485	422	0.998293
485	118	0.998678
485	476	0.999547
485	238	0.998398
485	51	0.999722
485	36	0.999915
485	458	0.999037
485	411	0.998421
485	445	0.999896
485	156	0.998852
485	138	0.999182
485	322	0.999671
485	89	0.999914
485	28	0.999018
485	56	0.999454
485	344	0.998801
485	237	0.998286
485	343	0.998873
485	73	0.999397
485	116	0.999765
485	65	0.99854
485	309	0.998434
485	49	0.9995
485	233	0.998687
485	265	0.998619
485	216	0.998502
485	242	0.999168
485	197	0.99902
485	124	0.998614
485	191	0.999391
485	449	0.998788
485	195	0.998595
485	92	0.998346
485	251	0.998548
485	391	0.99978
485	396	0.998991
485	93	0.998745
485	298	0.998937
485	194	0.99859
485	217	0.998621
485	177	0.999462
485	32	0.99931
485	271	0.999493
485	366	0.999862
485	369	0.998588
485	49	0.999471
485	260	0.999398
485	197	0.998973
485	231	0.998761
485	317	0.998906
485	265	0.999957
485	238	0.998814
485	400	0.999092
485	27	0.998887
485	287	0.998298
485	445	0.99969
485	433	0.999072
485	239	0.999264
485	304	0.999177
485	112	0.998769
485	189	0.99868
485	182	0.999613
485	27	0.998346
485	418	0.998581
485	174	0.999905
485	360	0.999232
485	272	0.999296
485	284	0.99902
485	153	0.999677
485	73	0.999298
485	128	0.99911
485	61	0.999106
485	242	0.999779
485	37	0.99968
485	66	0.999924
485	303	0.999281
485	463	0.998509
485	72	0.998552
485	321	0.998495
485	285	0.999917
485	130	0.998813
485	252	0.999003
485	468	0.998756
485	124	0.999172
485	30	0.999661
485	68	0.999113
485	343	0.998866
485	59	0.998352
485	382	0.999623
485	354	0.998892
485	316	0.998902
485	237	0.998844
485	90	0.9999
485	238	0.998573
485	362	0.999429
485	376	0.998426
485	36	0.999801
485	319	0.998607
485	365	0.999889
485	342	0.999346
485	79	0.999184
485	169	0.999082
485	228	0.998365
485	134	0.999647
485	307	0.999862
485	279	0.999969
485	409	0.998331
485	362	0.998699
485	143	0.999201
485	479	0.999329
485	280	0.998459
485	432	0.99907
485	268	0.999003
485	117	0.998303
485	47	0.999048
485	275	0.99869
485	118	0.99841
485	412	0.999167
485	405	0.998711
485	67	0.998868
485	480	0.998961
485	366	0.99913
485	352	0.999796
485	120	0.999096
485	307	0.998823
485	222	0.999091
485	476	0.998408
485	126	0.998412
485	48	0.999003
485	102	0.999424
485	193	0.998863
485	456	0.999569
485	255	0.998597
485	184	0.999732
485	353	0.998289
485	137	0.998991
485	79	0.998604
485	118	0.998882
485	121	0.998495
485	453	0.998341
485	138	0.998859
485	64	0.998389
485	424	0.998704
485	198	0.998481
485	145	0.999438
485	432	0.998852
485	56	0.99865
485	346	0.998861
485	331	0.999137
485	45	0.999431
485	59	0.999241
485	400	0.999846
485	421	0.999564
485	329	0.999094
485	111	0.999585
485	43	0.998852
485	107	0.999979
485	33	0.999516
485	406	0.998662
485	162	0.999168
485	168	0.998896
485	261	0.999416
485	148	0.99906
485	150	0.99992
485	134	0.99976
485	97	0.998345
485	186	0.998775
485	434	0.998757
485	266	0.999079
485	434	0.999946
485	285	0.998763
485	115	0.999789
485	216	0.998276
485	143	0.998994
485	149	0.998528
485	224	0.998586
485	329	0.99953
485	217	0.998617
485	145	0.998833
485	45	0.99921
485	150	0.998507
485	82	0.998771
485	259	0.999659
485	235	0.998339
485	114	0.999898
485	406	0.999284
485	464	0.999471
485	99	0.998478
485	422	0.999805
485	343	0.999167
485	284	0.998892
485	472	0.99939
485	307	0.999124
485	116	0.998386
485	383	0.999087
485	287	0.999514
485	462	0.998453
485	126	0.998775
485	183	0.9995
485	36	0.999506
485	146	0.999447
485	198	0.999042
485	286	0.999474
485	258	0.99849
485	381	0.998681
485	73	0.999506
485	69	0.998733
485	204	0.999302
485	461	0.999677
485	55	0.999461
485	56	0.999523
485	428	0.998559
485	293	0.998752
485	438	0.999048
485	305	0.999177
485	96	0.99948
485	414	0.99878
485	421	0.998422
485	369	0.99995
485	413	0.998617
485	382	0.999445
485	200	0.999917
485	66	0.999782
485	166	0.998472
485	305	0.99986
485	402	0.999767
485	28	0.998624
485	187	0.998405
485	47	0.999927
485	319	0.998989
485	186	0.99903
485	241	0.999863
485	338	0.999592
485	342	0.998403
485	116	0.998357
485	137	0.999127
485	129	0.999143
485	33	0.999557
485	337	0.999238
485	342	0.998604
485	323	0.999507
485	425	0.998541
485	205	0.9983
485	292	0.99863
485	254	0.998547
485	276	0.998374
485	304	0.999836
485	359	0.998578
485	114	0.999967
485	254	0.998358
485	345	0.999208
485	452	0.999105
485	121	0.998291
485	124	0.998402
485	466	0.998978
485	36	0.998469
485	223	0.9999
485	352	0.99837
485	180	0.999632
485	328	0.998289
485	165	0.999421
485	462	0.999366
485	41	0.998669
485	179	0.999405
485	376	0.99972
485	442	0.999205
485	120	0.999348
485	317	0.999385
485	191	0.999267
485	312	0.998478
485	257	0.999592
485	426	0.99959
485	400	0.999875
485	188	0.999407
485	324	0.999001
485	382	0.999933
485	414	0.999111
485	418	0.998533
485	118	0.998314
485	215	0.998555
485	435	0.998372
485	175	0.999423
485	231	0.9993
485	459	0.999447
485	278	0.998405
485	191	0.999948
485	135	0.998977
485	59	0.99898
