4000
259	62	0.998821
259	82	0.999642
259	246	0.998708
259	254	0.999148
259	93	0.999254
259	236	0.999512
259	68	0.999051
259	41	0.999134
259	16	0.998719
259	44	0.998828
259	30	0.998794
259	33	0.999109
259	247	0.999466
259	114	0.999423
259	169	0.998979
259	254	0.999162
259	233	0.998662
259	99	0.999303
259	70	0.999213
259	57	0.998825
259	156	0.999428
259	225	0.999803
259	150	0.998779
259	204	0.999036
259	141	0.99884
259	26	0.999897
259	184	0.999058
259	248	0.99974
259	222	0.999511
259	201	0.999916
259	169	0.998659
259	84	0.998976
259	155	0.999635
259	233	0.998949
259	106	0.999012
259	104	0.999177
259	219	0.999895
259	40	0.998938
259	127	0.999523
259	132	0.999501
259	143	0.999964
259	30	0.998782
259	172	0.99976
259	149	0.999264
259	247	0.998699
259	243	0.99863
259	43	0.998639
259	56	0.999681
259	220	0.99894
259	169	0.999085
259	28	0.999033
259	197	0.999705
259	17	0.999123
259	39	0.999841
259	117	0.999043
259	74	0.998832
259	237	0.998747
259	73	0.998894
259	102	0.999018
259	55	0.999166
259	183	0.999975
259	169	0.999539
259	198	0.999722
259	101	0.999261
259	116	0.999927
259	61	0.998839
259	258	0.999058
259	216	0.999198
259	154	0.999758
259	107	0.999322
259	246	0.999507
259	184	0.999089
259	207	0.999055
259	59	0.998882
259	233	0.999487
259	228	0.999993
259	132	0.999776
259	220	0.998835
259	195	0.999333
259	151	0.999733
259	191	0.998607
259	59	0.999462
259	123	0.998937
259	208	0.999342
259	230	0.999785
259	232	0.998833
259	108	0.998815
259	142	0.99892
259	180	0.998603
259	55	0.999751
259	87	0.999959
259	247	0.99934
259	215	0.998674
259	201	0.999853
259	166	0.999345
259	79	0.999243
259	74	0.999778
259	225	0.999898
259	256	0.999072
259	138	0.999621
259	226	0.999324
259	158	0.999841
259	88	0.999001
259	232	0.998867
259	135	0.999229
259	124	0.998688
259	48	0.9997
259	77	0.999965
259	168	0.999683
259	128	0.999666
259	204	0.999057
259	92	0.999325
259	135	0.998681
259	213	0.999655
259	46	0.999025
259	116	0.999241
259	72	0.999683
259	233	0.999831
259	22	0.999164
259	236	0.998969
259	133	0.99969
259	58	0.999947
259	246	0.999966
259	128	0.999919
259	216	0.999174
259	253	0.999551
259	40	0.999082
259	97	0.998849
259	256	0.998729
259	139	0.998699
259	75	0.9989
259	58	0.998683
259	111	0.999455
259	110	0.999051
259	178	0.999046
259	170	0.999153
259	150	0.99954
259	149	0.999617
259	161	0.999494
259	58	0.999948
259	193	0.999088
259	58	0.99888
259	60	0.999925
259	160	0.999293
259	108	0.998748
259	164	0.999287
259	239	0.998933
259	76	0.998912
259	116	0.999862
259	89	0.99931
259	57	0.998773
259	129	0.99955
259	82	0.999966
259	34	0.999625
259	121	0.99957
259	196	0.998694
259	192	0.999951
259	34	0.999746
259	256	0.998951
259	48	0.999435
259	45	0.999965
259	27	0.999512
259	109	0.998705
259	95	0.998769
259	225	0.999688
259	67	0.999822
259	209	0.998752
259	31	0.999718
259	138	0.998961
259	119	0.9989
259	151	0.999079
259	53	0.999205
259	98	0.999579
259	144	0.99923
259	82	0.999245
259	184	0.999479
259	238	0.999574
259	54	0.999857
259	194	0.998801
259	56	0.999508
259	123	0.999428
259	223	0.998994
259	96	0.99995
259	132	0.999234
259	62	0.999275
259	230	0.999778
259	36	0.998846
259	165	0.999509
259	252	0.998772
259	142	0.999793
259	41	0.999224
259	172	0.99893
259	258	0.998868
259	103	0.999726
259	122	0.999276
259	165	0.998945
259	198	0.999856
259	179	0.999624
259	168	0.998669
259	209	0.99995
259	127	0.998723
259	139	0.999234
259	46	0.999915
259	233	0.999857
259	71	0.999596
259	72	0.998923
259	198	0.999015
259	41	0.999033
259	42	0.998747
259	169	0.999322
259	237	0.99892
259	75	0.999544
259	109	0.998653
259	174	0.998716
259	154	0.999007
259	154	0.998743
259	112	0.99943
259	192	0.998852
259	59	0.998637
259	219	0.999902
259	220	0.999658
259	24	0.998882
259	225	0.999767
259	24	0.998811
259	33	0.999543
259	230	0.998694
259	129	0.999925
259	100	0.999814
259	111	0.999477
259	220	0.999641
259	163	0.998871
259	90	0.999435
259	184	0.99917
259	144	0.999294
259	54	0.999406
259	239	0.9996
259	180	0.999008
259	81	0.999862
259	148	0.998665
259	82	0.999319
259	95	0.999871
259	86	0.999461
259	206	0.999824
259	19	0.999451
259	115	0.999163
259	210	0.998618
259	43	0.99879
259	189	0.998797
259	41	0.999053
259	95	0.999748
259	42	0.998991
259	222	0.999997
259	240	0.999357
259	58	0.999637
259	64	0.999933
259	61	0.999788
259	34	0.999591
259	197	0.999465
259	138	0.999824
259	179	0.999035
259	232	0.999015
259	222	0.999159
259	95	0.999951
259	249	0.999829
259	113	0.999824
259	99	0.998952
259	117	0.999758
259	45	0.998856
259	203	0.999676
259	77	0.998662
259	217	0.999951
259	149	0.998783
259	147	0.999957
259	90	0.999563
259	257	0.999843
259	50	0.999567
259	55	0.999831
259	55	0.999996
259	204	0.999824
259	178	0.998799
259	190	0.998732
259	206	0.999473
259	71	0.99976
259	43	0.999273
259	79	0.999103
259	25	0.999799
259	117	0.998762
259	41	0.999381
259	23	0.999219
259	51	0.999768
259	59	0.999061
259	79	0.999621
259	59	0.999607
259	131	0.999345
259	212	0.999607
259	152	0.999026
259	31	0.999303
259	94	0.99893
259	241	0.999037
259	202	0.999121
259	33	0.998951
259	174	0.99948
259	43	0.999497
259	189	0.998884
259	150	0.998678
259	160	0.999595
259	158	0.99892
259	52	0.99916
259	177	0.999482
259	131	0.999609
259	66	0.999257
259	62	0.998889
259	192	0.99941
259	146	0.999398
259	191	0.999822
259	150	0.99943
259	92	0.998617
259	166	0.999054
259	228	0.998666
259	122	0.99995
259	45	0.999624
259	147	0.999591
259	126	0.999978
259	151	0.999385
259	111	0.999989
259	66	0.999923
259	65	0.999454
259	233	0.99885
259	188	0.999442
259	247	0.999276
259	108	0.998831
259	63	0.999187
259	60	0.999145
259	199	0.998836
259	93	0.999479
259	154	0.998868
259	40	0.998891
259	225	0.999771
259	184	0.999057
259	125	0.999434
259	67	0.999831
259	235	0.99869
259	122	0.999378
259	51	0.999553
259	36	0.999915
259	159	0.999117
259	21	0.998868
259	18	0.998983
259	242	0.999666
259	40	0.99974
259	47	0.999846
259	45	0.999554
259	17	0.999807
259	201	0.998729
259	62	0.998924
259	103	0.998623
259	206	0.998948
259	83	0.999244
259	60	0.999096
259	107	0.999906
259	211	0.999744
259	29	0.999754
259	30	0.99947
259	222	0.998652
259	126	0.999578
259	72	0.999788
259	219	0.998997
259	172	0.999307
259	174	0.999932
259	53	0.998744
259	224	0.999032
259	22	0.999684
259	25	0.998976
259	20	0.999123
259	167	0.998759
259	150	0.999314
259	41	0.999797
259	183	0.998662
259	130	0.999178
259	196	0.999004
259	19	0.999427
259	145	0.999978
259	109	0.998995
259	61	0.999433
259	170	0.999466
259	32	0.999424
259	251	0.999572
259	242	0.999289
259	58	0.998787
259	213	0.998803
259	152	0.998748
259	162	0.998741
259	100	0.999299
259	253	0.998722
259	89	0.999412
259	18	0.999318
259	92	0.9996
259	175	0.999985
259	80	0.999479
259	215	0.999131
259	228	0.99953
259	164	0.999709
259	211	0.999127
259	49	0.999466
259	78	0.999804
259	245	0.999491
259	88	0.999057
259	91	0.99884
259	112	0.999384
259	146	0.999074
259	227	0.999008
259	133	0.999994
259	248	0.999403
259	214	0.998734
259	110	0.999933
259	27	0.999012
259	143	0.999941
259	218	0.999361
259	241	0.999813
259	102	0.999479
259	156	0.999515
259	189	0.999913
259	256	0.999118
259	247	0.998719
259	131	0.999403
259	191	0.99999
259	232	0.998669
259	249	0.999198
259	154	0.999357
259	178	0.998963
259	228	0.998768
259	161	0.999778
259	98	0.999528
259	106	0.999659
259	141	0.999809
259	153	0.998651
259	224	0.99905
259	198	0.999783
259	207	0.999335
259	121	0.998624
259	211	0.99928
259	94	0.999146
259	215	0.999852
259	90	0.999751
259	98	0.999053
259	113	0.999338
259	133	0.999366
259	131	0.99869
259	158	0.999871
259	113	0.999788
259	230	0.999663
259	178	0.99941
259	69	0.998704
259	224	0.999631
259	250	0.99892
259	129	0.999698
259	149	0.998903
259	133	0.999632
259	133	0.999985
259	124	0.999934
259	130	0.998697
259	216	0.999895
259	65	0.99919
259	150	0.999197
259	46	0.999361
259	48	0.999634
259	185	0.999356
259	114	0.999564
259	129	0.998832
259	202	0.999806
259	18	0.999511
259	166	0.999859
259	112	0.999385
259	180	0.999328
259	52	0.999544
259	110	0.999596
259	26	0.999624
259	226	0.999544
259	60	0.998743
259	248	0.999391
259	211	0.999993
259	135	0.99947
259	176	0.999593
259	214	0.999604
259	63	0.999487
259	107	0.999199
259	54	0.999399
259	181	0.999537
259	130	0.999792
259	90	0.999719
259	168	0.999125
259	137	0.999463
259	120	0.999549
259	179	0.999296
259	111	0.998868
259	185	0.999556
259	251	0.999856
259	86	0.99897
259	195	0.999032
259	217	0.998793
259	160	0.999414
259	238	0.999561
259	100	0.998694
259	252	0.999584
259	244	0.999859
259	250	0.999549
259	74	0.999546
259	107	0.999438
259	25	0.999088
259	182	0.999357
259	204	0.998891
259	256	0.999932
259	147	0.999751
259	222	0.999367
259	41	0.999019
259	95	0.998613
259	104	0.99928
259	37	0.99998
259	210	0.998672
259	224	0.999
259	159	0.999311
259	45	0.99892
259	92	0.99911
259	198	0.998881
259	216	0.999375
259	85	0.999424
259	126	0.998921
259	114	0.998751
259	24	0.999834
259	248	0.999669
259	98	0.998898
259	247	0.998778
259	87	0.99944
259	178	0.999445
259	90	0.998857
259	113	0.999797
259	167	0.998778
259	111	0.998817
259	216	0.998963
259	19	0.999834
259	241	0.999378
259	35	0.999546
259	35	0.999085
259	195	0.999987
259	59	0.999809
259	68	0.999445
259	160	0.999398
259	97	0.998959
259	207	0.999483
259	74	0.998916
259	27	0.998889
259	86	0.999177
259	159	0.999537
259	58	0.998699
259	53	0.999431
259	242	0.999304
259	124	0.99874
259	91	0.999163
259	143	0.999399
259	220	0.999456
259	87	0.998926
259	257	0.999673
259	110	0.999248
259	32	0.999247
259	41	0.998919
259	120	0.998986
259	238	0.999096
259	108	0.999827
259	193	0.999892
259	80	0.999508
259	91	0.999983
259	130	0.999795
259	34	0.999887
259	257	0.998866
259	30	0.999966
259	171	0.999533
259	126	0.999148
259	193	0.999452
259	178	0.999265
259	207	0.998748
259	133	0.998965
259	248	0.999113
259	244	0.999427
259	53	0.999384
259	65	0.998867
259	16	0.99995
259	97	0.999543
259	112	0.998665
259	85	0.998825
259	239	0.998786
259	231	0.999008
259	72	0.999915
259	168	0.999651
259	223	0.998771
259	56	0.998621
259	138	0.998831
259	149	0.999817
259	208	0.999043
259	106	0.998917
259	213	0.999838
259	101	0.999493
259	227	0.998807
259	90	0.999536
259	145	0.999083
259	237	0.998835
259	90	0.99963
259	111	0.99981
259	197	0.99957
259	212	0.999489
259	49	0.999768
259	111	0.998843
259	70	0.999827
259	41	0.998807
259	30	0.998884
259	55	0.998606
259	98	0.999219
259	249	0.998758
259	204	0.999177
259	104	0.999909
259	243	0.998983
259	242	0.999463
259	253	0.998729
259	230	0.998698
259	241	0.999878
259	203	0.999884
259	244	0.999516
259	236	0.999959
259	117	0.999114
259	222	0.99918
259	41	0.99938
259	157	0.999176
259	78	0.999901
259	100	0.999215
259	89	0.999982
259	28	0.999434
259	97	0.998835
259	237	0.999822
259	105	0.99942
259	159	0.999356
259	154	0.999776
259	46	0.999711
259	174	0.998723
259	181	0.999709
259	102	0.999909
259	158	0.999686
259	122	0.999011
259	82	0.998618
259	179	0.999198
259	126	0.999153
259	228	0.998697
259	181	0.999902
259	113	0.998836
259	112	0.998889
259	18	0.999964
259	26	0.999652
259	59	0.999385
259	27	0.999325
259	97	0.998933
259	161	0.999993
259	127	0.999652
259	211	0.999399
259	109	0.998605
259	132	0.998873
259	54	0.99898
259	183	0.999856
259	108	0.999741
259	18	0.999146
259	167	0.999827
259	250	0.999039
259	114	0.998727
259	91	0.999373
259	104	0.998761
259	201	0.999829
259	215	0.998958
259	179	0.99891
259	46	0.999936
259	212	0.999222
259	194	0.998677
259	73	0.999518
259	249	0.998729
259	215	0.998803
259	137	0.999855
259	181	0.999772
259	74	0.999602
259	21	0.998695
259	86	0.999148
259	189	0.998609
259	30	0.99975
259	57	0.99917
259	206	0.999276
259	236	0.9994
259	59	0.999448
259	28	0.999572
259	190	0.999268
259	130	0.998748
259	121	0.999424
259	136	0.999695
259	139	0.999497
259	211	0.999965
259	75	0.999618
259	138	0.99949
259	172	0.999148
259	105	0.999177
259	167	0.999208
259	38	0.999571
259	154	0.999599
259	148	0.999561
259	161	0.999294
259	60	0.999215
259	84	0.998898
259	136	0.999741
259	244	0.999514
259	242	0.999846
259	171	0.999987
259	219	0.999297
259	27	0.99994
259	227	0.998838
259	159	0.999888
259	213	0.998894
259	120	0.998715
259	200	0.999698
259	222	0.998751
259	117	0.999779
259	186	0.999734
259	202	0.999565
259	252	0.999075
259	35	0.999458
259	172	0.99954
259	157	0.999855
259	140	0.999795
259	20	0.999997
259	38	0.999268
259	229	0.998733
259	38	0.998621
259	213	0.999537
259	228	0.999511
259	115	0.999029
259	206	0.999874
259	170	0.999224
259	135	0.99882
259	196	0.999911
259	128	0.999813
259	137	0.999807
259	209	0.999259
259	71	0.998864
259	116	0.998902
259	109	0.999417
259	229	0.99961
259	221	0.998764
259	130	0.999332
259	95	0.998709
259	184	0.999367
259	66	0.998744
259	157	0.998853
259	25	0.999906
259	201	0.99925
259	236	0.99891
259	59	0.99987
259	153	0.999028
259	132	0.999697
259	162	0.999205
259	170	0.999065
259	83	0.999539
259	187	0.999254
259	93	0.999627
259	141	0.999904
259	37	0.999307
259	49	0.999829
259	173	0.999266
259	150	0.999876
259	214	0.999979
259	46	0.999971
259	68	0.999683
259	57	0.998995
259	86	0.999278
259	226	0.99994
259	135	0.999153
259	212	0.999462
259	102	0.999107
259	180	0.998843
259	179	0.998637
259	37	0.99892
259	196	0.999222
259	132	0.999002
259	186	0.999382
259	248	0.998931
259	26	0.999684
259	81	0.999958
259	187	0.999634
259	170	0.999475
259	37	0.999656
259	191	0.999022
259	54	0.999955
259	106	0.999509
259	156	0.999533
259	65	0.999863
259	182	0.999117
259	83	0.999164
259	80	0.998977
259	116	0.998704
259	215	0.999511
259	88	0.998683
259	80	0.99949
259	132	0.999051
259	67	0.998878
259	80	0.999121
259	60	0.999148
259	255	0.999462
259	89	0.999089
259	137	0.999635
259	244	0.998962
259	74	0.999381
259	153	0.999708
259	169	0.999141
259	185	0.99953
259	211	0.999839
259	176	0.999223
259	34	0.999391
259	141	0.999809
259	81	0.999445
259	118	0.999804
259	238	0.999813
259	134	0.999491
259	204	0.998613
259	97	0.999089
259	159	0.998889
259	239	0.999892
259	159	0.999156
259	137	0.999522
259	55	0.9991
259	200	0.999194
259	203	0.999909
259	20	0.999799
259	206	0.999272
259	237	0.999054
259	78	0.999188
259	139	0.999487
259	141	0.999631
259	194	0.999944
259	48	0.999641
259	107	0.999687
259	240	0.999322
259	232	0.999125
259	90	0.999389
259	111	0.998772
259	148	0.999051
259	256	0.998938
259	57	0.99861
259	195	0.999452
259	92	0.998733
259	204	0.999809
259	165	0.999971
259	148	0.999106
259	26	0.999584
259	57	0.999831
259	220	0.999164
259	67	0.998815
259	220	0.999366
259	34	0.999213
259	241	0.998878
259	89	0.999104
259	247	0.99966
259	211	0.999335
259	248	0.999117
259	200	0.999578
259	198	0.999209
259	55	0.999
259	167	0.999521
259	16	0.99947
259	251	0.999374
259	192	0.999494
259	209	0.999268
259	98	0.998874
259	122	0.999761
259	229	0.998979
259	97	0.998903
259	248	0.998761
259	22	0.998803
259	222	0.998783
259	228	0.999053
259	243	0.999611
259	121	0.999218
259	188	0.998977
259	138	0.999178
259	49	0.999973
259	129	0.998752
259	109	0.9988
259	188	0.999138
259	26	0.999043
259	53	0.999918
259	42	0.999068
259	31	0.999653
259	212	0.999076
259	75	0.999068
259	134	0.9997
259	231	0.999519
259	26	0.999929
259	175	0.999856
259	82	0.998662
259	185	0.999592
259	133	0.999319
259	228	0.999029
259	155	0.998995
259	59	0.998836
259	98	0.998951
259	233	0.999477
259	234	0.999519
259	236	0.999824
259	63	0.998764
259	229	0.999653
259	143	0.999876
259	194	0.999929
259	47	0.999381
259	200	0.999198
259	61	0.999047
259	252	0.99904
259	238	0.998762
259	221	0.999311
259	53	0.999099
259	59	0.999944
259	190	0.998838
259	115	0.999262
259	227	0.999423
259	125	0.999897
259	110	0.999874
259	200	0.99989
259	48	0.999898
259	73	0.998787
259	160	0.998684
259	246	0.99941
259	85	0.999287
259	208	0.999166
259	45	0.998794
259	33	0.999054
259	91	0.999046
259	76	0.999512
259	183	0.998704
259	93	0.999516
259	144	0.999919
259	182	0.999339
259	143	0.999585
259	91	0.999892
259	38	0.99875
259	60	0.999155
259	146	0.999005
259	58	0.999343
259	116	0.999913
259	118	0.999076
259	216	0.999463
259	156	0.999448
259	50	0.999525
259	230	0.998667
259	89	0.999553
259	94	0.99961
259	131	0.999551
259	225	0.999734
259	222	0.999848
259	80	0.999646
259	233	0.999402
259	66	0.99888
259	82	0.998711
259	73	0.99887
259	174	0.999306
259	89	0.999435
259	103	0.999832
259	111	0.999227
259	99	0.999046
259	239	0.999222
259	25	0.998888
259	29	0.998734
259	55	0.9998
259	89	0.999314
259	75	0.999624
259	153	0.998649
259	120	0.999211
259	51	0.998676
259	56	0.999652
259	228	0.999342
259	30	0.999074
259	41	0.999616
259	111	0.999431
259	19	0.998711
259	198	0.999748
259	65	0.998948
259	115	0.999289
259	213	0.999951
259	183	0.998968
259	55	0.998697
259	190	0.998921
259	168	0.998942
259	90	0.999421
259	103	0.998889
259	257	0.998972
259	173	0.999662
259	205	0.999518
259	81	0.999195
259	83	0.998625
259	107	0.998853
259	195	0.999257
259	243	0.998778
259	145	0.999842
259	187	0.999244
259	241	0.999414
259	145	0.999371
259	168	0.999209
259	27	0.99881
259	87	0.999982
259	256	0.999571
259	242	0.999567
259	177	0.999049
259	156	0.999874
259	163	0.999702
259	206	0.999542
259	176	0.999558
259	42	0.999925
259	83	0.999971
259	250	0.99975
259	171	0.998987
259	94	0.999111
259	205	0.999709
259	140	0.999775
259	33	0.998627
259	240	0.99916
259	198	0.999828
259	51	0.99924
259	16	0.999952
259	122	0.999674
259	101	0.998969
259	183	0.999363
259	238	0.999192
259	158	0.999547
259	32	0.99935
259	200	0.999163
259	47	0.999166
259	71	0.99867
259	33	0.998606
259	71	0.999536
259	169	0.998733
259	223	0.998959
259	120	0.998987
259	230	0.999792
259	160	0.999335
259	52	0.999375
259	91	0.999171
259	138	0.999792
259	126	0.999469
259	32	0.999054
259	69	0.999106
259	257	0.999961
259	109	0.999684
259	181	0.998969
259	160	0.998666
259	152	0.998958
259	117	0.999631
259	154	0.999856
259	119	0.999814
259	62	0.999346
259	65	0.999665
259	82	0.998719
259	219	0.999308
259	149	0.99972
259	90	0.999086
259	174	0.998854
259	182	0.998743
259	190	0.999116
259	162	0.99873
259	64	0.998934
259	168	0.999509
259	194	0.998773
259	168	0.999515
259	152	0.999793
259	36	0.998694
259	43	0.999245
259	130	0.998814
259	216	0.999762
259	156	0.999634
259	97	0.999427
259	139	0.999734
259	46	0.998874
259	129	0.998603
259	60	0.999982
259	189	0.999426
259	213	0.99911
259	168	0.999448
259	33	0.999705
259	54	0.999663
259	67	0.999595
259	84	0.998804
259	143	0.998708
259	251	0.998849
259	57	0.998639
259	91	0.999083
259	235	0.99973
259	58	0.999152
259	184	0.999736
259	79	0.998863
259	48	0.99924
259	197	0.998994
259	58	0.998645
259	171	0.999855
259	104	0.999888
259	123	0.999243
259	173	0.999222
259	155	0.998652
259	188	0.99957
259	90	0.998692
259	106	0.999662
259	224	0.998803
259	234	0.999484
259	225	0.999294
259	170	0.99953
259	113	0.999109
259	109	0.999639
259	78	0.999055
259	244	0.999333
259	240	0.999191
259	209	0.999382
259	73	0.999932
259	50	0.999646
259	139	0.998815
259	197	0.998743
259	211	0.999727
259	101	0.998934
259	25	0.999546
259	199	0.998644
259	254	0.99878
259	114	0.998662
259	197	0.999134
259	93	0.998674
259	118	0.999082
259	75	0.999964
259	236	0.9993
259	257	0.999303
259	108	0.99923
259	180	0.999761
259	103	0.999163
259	91	0.998864
259	167	0.999406
259	34	0.99887
259	46	0.99947
259	123	0.999736
259	120	0.998993
259	18	0.999741
259	224	0.999259
259	249	0.99905
259	89	0.998796
259	38	0.999604
259	168	0.998694
259	152	0.998887
259	159	0.999982
259	94	0.998648
259	151	0.999496
259	148	0.999821
259	53	0.999976
259	108	0.999455
259	69	0.998804
259	194	0.9996
259	187	0.999012
259	152	0.999751
259	39	0.999053
259	258	0.998611
259	69	0.999635
259	58	0.999136
259	104	0.999535
259	129	0.999002
259	230	0.998948
259	50	0.999906
259	159	0.999856
259	200	0.99882
259	135	0.999577
259	37	0.999134
259	258	0.998609
259	219	0.999817
259	103	0.99955
259	31	0.998617
259	113	0.999768
259	147	0.999994
259	242	0.998656
259	22	0.999271
259	37	0.999234
259	183	0.999437
259	97	0.999482
259	130	0.998616
259	51	0.999785
259	60	0.998898
259	164	0.999458
259	215	0.999947
259	227	0.999146
259	38	0.998697
259	199	0.999623
259	88	0.998899
259	73	0.998779
259	167	0.998621
259	256	0.999774
259	219	0.999332
259	89	0.999525
259	255	0.999856
259	18	0.999586
259	18	0.999512
259	72	0.998678
259	155	0.999602
259	141	0.999055
259	143	0.999976
259	54	0.999451
259	213	0.998895
259	235	0.999593
259	191	0.999311
259	117	0.999934
259	153	0.999558
259	152	0.999697
259	229	0.99898
259	33	0.999437
259	256	0.999937
259	69	0.998981
259	47	0.999167
259	228	0.999202
259	195	0.998843
259	94	0.998888
259	28	0.998912
259	132	0.999666
259	49	0.999793
259	210	0.999739
259	112	0.999174
259	251	0.998658
259	235	0.999727
259	151	0.99915
259	185	0.999632
259	112	0.999586
259	175	0.999134
259	212	0.998955
259	135	0.999044
259	246	0.99872
259	168	0.998779
259	234	0.999296
259	233	0.999053
259	230	0.999739
259	245	0.999848
259	116	0.999008
259	105	0.998611
259	75	0.999971
259	201	0.998613
259	42	0.99961
259	235	0.999215
259	188	0.999632
259	251	0.999834
259	39	0.999765
259	60	0.999116
259	154	0.99922
259	175	0.999979
259	59	0.999891
259	95	0.999658
259	166	0.9993
259	113	0.99912
259	185	0.999007
259	135	0.999128
259	166	0.999326
259	64	0.998758
259	36	0.999134
259	199	0.999103
259	214	0.999259
259	28	0.999184
259	183	0.999329
259	18	0.998857
259	118	0.99931
259	106	0.99998
259	61	0.999683
259	176	0.999965
259	174	0.999407
259	167	0.999184
259	98	0.999532
259	76	0.999996
259	35	0.999153
259	16	0.998606
259	237	0.99948
259	208	0.999959
259	148	0.999581
259	109	0.999451
259	207	0.999577
259	242	0.999722
259	65	0.999329
259	248	0.999673
259	67	0.999346
259	104	0.999704
259	162	0.999688
259	210	0.998698
259	162	0.999044
259	244	0.999475
259	174	0.999623
259	46	0.999596
259	24	0.999111
259	70	0.998854
259	95	0.999156
259	168	0.999296
259	194	0.99919
259	99	0.998898
259	219	0.998811
259	235	0.998857
259	177	0.99866
259	119	0.998894
259	45	0.999462
259	51	0.999972
259	200	0.999881
259	71	0.999472
259	79	0.999683
259	113	0.999171
259	225	0.999835
259	171	0.999842
259	166	0.999028
259	193	0.998618
259	164	0.998916
259	230	0.998913
259	86	0.998723
259	96	0.999871
259	156	0.998994
259	177	0.998884
259	101	0.999999
259	73	0.999303
259	251	0.999732
259	206	0.999068
259	119	0.998921
259	121	0.999918
259	124	0.999449
259	175	0.999396
259	78	0.998658
259	173	0.999012
259	120	0.999479
259	34	0.999103
259	104	0.999068
259	179	0.998895
259	92	0.999405
259	110	0.999557
259	152	0.999508
259	96	0.999706
259	125	0.999264
259	157	0.998895
259	242	0.999509
259	185	0.999817
259	106	0.999099
259	125	0.998748
259	252	0.999955
259	122	0.999219
259	67	0.999578
259	54	0.999236
259	95	0.999023
259	123	0.998825
259	88	0.999883
259	78	0.999878
259	209	0.999941
259	258	0.999556
259	174	0.998857
259	202	0.998899
259	121	0.999983
259	57	0.999589
259	38	0.998966
259	219	0.999905
259	155	0.999884
259	233	0.999792
259	74	0.999174
259	126	0.999301
259	141	0.999733
259	88	0.999515
259	102	0.999561
259	36	0.99966
259	157	0.999958
259	224	0.998941
259	162	0.99894
259	102	0.999512
259	226	0.999901
259	130	0.999209
259	213	0.999711
259	168	0.999278
259	214	0.999423
259	36	0.999247
259	102	0.999014
259	171	0.999918
259	135	0.99956
259	174	0.999139
259	62	0.999218
259	194	0.999571
259	199	0.999845
259	116	0.999732
259	204	0.999894
259	59	0.999648
259	229	0.998752
259	105	0.998832
259	142	0.998744
259	167	0.999174
259	206	0.999726
259	242	0.999361
259	201	0.998937
259	142	0.998822
259	80	0.999142
259	60	0.999923
259	37	0.998882
259	180	0.999035
259	78	0.99884
259	92	0.999575
259	39	0.999177
259	100	0.998611
259	252	0.999913
259	39	0.998854
259	59	0.998955
259	198	0.999955
259	95	0.998826
259	72	0.998912
259	76	0.998806
259	139	0.999693
259	60	0.999676
259	142	0.999609
259	227	0.999676
259	83	0.99999
259	160	0.999456
259	73	0.998835
259	172	0.999718
259	181	0.999074
259	71	0.998697
259	35	0.998969
259	157	0.999463
259	247	0.999124
259	186	0.999496
259	164	0.998888
259	258	0.999609
259	245	0.99938
259	125	0.999716
259	39	0.999885
259	231	0.998959
259	157	0.999028
259	101	0.999261
259	254	0.999019
259	145	0.999378
259	31	0.999292
259	72	0.999649
259	185	0.998695
259	228	0.999943
259	104	0.998814
259	110	0.999373
259	97	0.999483
259	190	0.999881
259	73	0.998711
259	162	0.998603
259	235	0.999118
259	152	0.998645
259	71	0.99957
259	73	0.999264
259	71	0.998807
259	27	0.999902
259	137	0.999843
259	210	0.999299
259	23	0.999117
259	25	0.999876
259	137	0.998653
259	85	0.999866
259	227	0.99942
259	22	0.998895
259	115	0.999693
259	64	0.999185
259	58	0.999472
259	106	0.999049
259	101	0.999888
259	204	0.998997
259	124	0.998683
259	109	0.999469
259	170	0.999371
259	240	0.998916
259	192	0.999498
259	196	0.999799
259	132	0.999515
259	172	0.999926
259	179	0.998677
259	138	0.999653
259	70	0.999961
259	99	0.999012
259	165	0.999789
259	169	0.998806
259	171	0.998712
259	230	0.999124
259	153	0.998973
259	200	0.999294
259	257	0.998931
259	189	0.999407
259	155	0.999667
259	215	0.999753
259	213	0.99934
259	127	0.999463
259	238	0.999121
259	19	0.999698
259	247	0.999223
259	32	0.999918
259	72	0.999159
259	234	0.998912
259	149	0.998652
259	200	0.999772
259	20	0.998698
259	16	0.999933
259	82	0.998632
259	18	0.999782
259	246	0.998917
259	74	0.998857
259	250	0.999476
259	74	0.999326
259	255	0.999448
259	72	0.999005
259	241	0.998845
259	205	0.999965
259	135	0.999107
259	54	0.998702
259	106	0.999962
259	34	0.999836
259	153	0.999557
259	80	0.999297
259	186	0.99868
259	65	0.999809
259	193	0.999958
259	106	0.999448
259	70	0.998993
259	97	0.999968
259	182	0.999602
259	82	0.998634
259	200	0.999015
259	57	0.998983
259	224	0.999444
259	226	0.998977
259	215	0.998617
259	31	0.998981
259	234	0.999613
259	61	0.999243
259	200	0.999927
259	37	0.999307
259	232	0.999247
259	120	0.999361
259	167	0.998832
259	35	0.999392
259	42	0.999955
259	149	0.999522
259	160	0.99904
259	43	0.999241
259	60	0.99881
259	139	0.999265
259	202	0.998637
259	124	0.998984
259	20	0.998931
259	39	0.999683
259	256	0.999497
259	126	0.999322
259	180	0.998768
259	232	0.999976
259	183	0.998705
259	110	0.999346
259	239	0.998937
259	44	0.999381
259	118	0.998631
259	184	0.998956
259	139	0.99968
259	113	0.999767
259	42	0.999331
259	65	0.999117
259	91	0.999321
259	138	0.999433
259	123	0.999679
259	180	0.99948
259	195	0.998659
259	64	0.999996
259	247	0.999287
259	20	0.99979
259	164	0.999299
259	112	0.999607
259	26	0.999521
259	74	0.999201
259	233	0.998948
259	128	0.998709
259	230	0.999887
259	161	0.999631
259	111	0.999118
259	118	0.999174
259	89	0.999156
259	229	0.999705
259	140	0.998813
259	107	0.998613
259	94	0.999565
259	182	0.999269
259	29	0.998677
259	70	0.998646
259	50	0.998628
259	99	0.998881
259	165	0.999554
259	89	0.99898
259	231	0.999252
259	18	0.999054
259	30	0.998744
259	159	0.999409
259	200	0.999183
259	153	0.99915
259	42	0.999493
259	168	0.999739
259	159	0.999895
259	32	0.999871
259	39	0.999043
259	133	0.998878
259	184	0.999736
259	28	0.999245
259	231	0.999905
259	34	0.999121
259	244	0.999623
259	18	0.999319
259	40	0.99893
259	57	0.999444
259	89	0.999841
259	154	0.999346
259	101	0.999026
259	186	0.999863
259	251	0.998663
259	171	0.998986
259	40	0.999301
259	179	0.99904
259	89	0.998666
259	137	0.999593
259	159	0.998617
259	30	0.998949
259	193	0.998793
259	177	0.999192
259	178	0.999009
259	193	0.999618
259	127	0.999644
259	249	0.998768
259	75	0.99916
259	52	0.998956
259	17	0.999618
259	217	0.99881
259	187	0.999684
259	160	0.999932
259	202	0.999201
259	159	0.998813
259	205	0.999997
259	32	0.999894
259	230	0.999131
259	181	0.998902
259	238	0.999009
259	102	0.999885
259	182	0.998866
259	90	0.998861
259	134	0.999477
259	58	0.999663
259	217	0.999222
259	175	0.999533
259	65	0.998899
259	82	0.99913
259	125	0.999845
259	114	0.999836
259	47	0.998748
259	174	0.999486
259	255	0.999103
259	201	0.999604
259	109	0.99966
259	235	0.999171
259	170	0.998672
259	16	0.99866
259	105	0.999891
259	182	0.998701
259	220	0.999248
259	150	0.999976
259	168	0.998712
259	82	0.998705
259	19	0.998713
259	228	0.999795
259	91	0.999878
259	246	0.999577
259	35	0.998874
259	79	0.999036
259	154	0.998889
259	58	0.999238
259	133	0.999148
259	189	0.999898
259	41	0.998642
259	35	0.998789
259	99	0.999204
259	232	0.999378
259	67	0.998662
259	127	0.99994
259	98	0.999251
259	213	0.99948
259	160	0.999162
259	133	0.999937
259	87	0.999454
259	194	0.998991
259	66	0.999493
259	177	0.999201
259	166	0.999343
259	85	0.999458
259	151	0.999686
259	117	0.998733
259	210	0.998857
259	32	0.999237
259	134	0.99944
259	180	0.998828
259	248	0.99891
259	249	0.999852
259	145	0.998674
259	93	0.998667
259	92	0.998747
259	101	0.998613
259	222	0.999293
259	203	0.999631
259	228	0.999069
259	56	0.999862
259	111	0.998785
259	168	0.999104
259	37	0.999701
259	85	0.998912
259	53	0.999107
259	195	0.998618
259	34	0.998986
259	49	0.999226
259	82	0.999433
259	128	0.99904
259	97	0.998704
259	91	0.99868
259	56	0.999617
259	129	0.999807
259	50	0.999663
259	182	0.998725
259	121	0.999853
259	56	0.999251
259	94	0.999577
259	117	0.998692
259	64	0.999374
259	44	0.999399
259	204	0.998747
259	53	0.999793
259	88	0.999417
259	165	0.999705
259	165	0.999136
259	245	0.998873
259	162	0.999368
259	210	0.999883
259	175	0.999433
259	113	0.999431
259	209	0.998754
259	134	0.99961
259	148	0.998825
259	22	0.999319
259	104	0.99954
259	88	0.99909
259	63	0.999739
259	108	0.999725
259	177	0.99894
259	193	0.99968
259	144	0.999051
259	155	0.999768
259	18	0.99913
259	30	0.999276
259	162	0.998757
259	68	0.999482
259	118	0.999514
259	87	0.999123
259	95	0.999866
259	165	0.999613
259	245	0.999579
259	79	0.99956
259	241	0.999117
259	114	0.998705
259	166	0.99872
259	38	0.999128
259	89	0.999649
259	46	0.999894
259	94	0.9998
259	178	0.999109
259	124	0.999155
259	87	0.998665
259	140	0.998786
259	108	0.998648
259	145	0.998683
259	168	0.999987
259	144	0.999332
259	186	0.999951
259	128	0.999107
259	46	0.99942
259	224	0.998894
259	52	0.999822
259	98	0.999173
259	131	0.999088
259	71	0.998894
259	164	0.999104
259	246	0.998859
259	146	0.999537
259	55	0.99961
259	103	0.998747
259	125	0.998868
259	44	0.999873
259	103	0.999216
259	206	0.999646
259	214	0.999152
259	122	0.9991
259	73	0.999489
259	118	0.999751
259	200	0.999693
259	75	0.999317
259	33	0.999762
259	115	0.999392
259	204	0.999173
259	120	0.999301
259	77	0.999261
259	101	0.99938
259	154	0.999564
259	192	0.999853
259	21	0.999881
259	99	0.999447
259	52	0.998711
259	200	0.99954
259	171	0.998906
259	19	0.999753
259	228	0.999867
259	165	0.999578
259	126	0.998606
259	166	0.998997
259	115	0.999004
259	250	0.99905
259	156	0.998825
259	91	0.998959
259	18	0.998773
259	57	0.99995
259	171	0.999188
259	187	0.999955
259	19	0.999683
259	116	0.999016
259	52	0.999825
259	80	0.999613
259	151	0.999891
259	169	0.998613
259	88	0.9988
259	170	0.998776
259	75	0.998752
259	245	0.999985
259	217	0.998709
259	249	0.99906
259	51	0.999701
259	209	0.999611
259	101	0.998741
259	48	0.999254
259	84	0.999114
259	69	0.99862
259	162	0.999912
259	189	0.999665
259	193	0.999957
259	129	0.999585
259	220	0.999187
259	209	0.999744
259	48	0.998877
259	225	0.999888
259	26	0.999771
259	215	0.998762
259	100	0.999381
259	66	0.999136
259	41	0.998782
259	139	0.999958
259	151	0.999785
259	222	0.999672
259	205	0.999614
259	216	0.999363
259	205	0.999213
259	253	0.999368
259	168	0.999252
259	156	0.999783
259	48	0.99981
259	135	0.999899
259	169	0.999262
259	146	0.999754
259	224	0.999969
259	219	0.99923
259	247	0.999199
259	66	0.999409
259	121	0.999241
259	69	0.999202
259	112	0.998698
259	76	0.999546
259	148	0.999363
259	206	0.999468
259	111	0.999741
259	62	0.999314
259	89	0.999782
259	216	0.999873
259	231	0.999989
259	62	0.999704
259	250	0.999346
259	101	0.998603
259	22	0.998709
259	117	0.999681
259	161	0.99942
259	216	0.999862
259	67	0.99948
259	237	0.999053
259	224	0.999187
259	31	0.999632
259	42	0.999901
259	242	0.998875
259	127	0.998852
259	190	0.999265
259	126	0.999535
259	238	0.998968
259	65	0.998884
259	224	0.999486
259	104	0.999074
259	213	0.999515
259	211	0.999923
259	38	0.999143
259	63	0.998684
259	230	0.999779
259	215	0.999366
259	221	0.999754
259	81	0.99866
259	134	0.99899
259	47	0.998831
259	33	0.999765
259	57	0.999859
259	177	0.998764
259	175	0.999361
259	238	0.999536
259	185	0.999111
259	157	0.999662
259	99	0.9994
259	234	0.999554
259	56	0.999878
259	243	0.999106
259	200	0.998722
259	201	0.999542
259	220	0.999733
259	144	0.998639
259	92	0.99995
259	144	0.998718
259	18	0.999972
259	17	0.999976
259	124	0.999677
259	256	0.999287
259	80	0.999822
259	82	0.999996
259	223	0.999674
259	251	0.999118
259	74	0.99906
259	29	0.999071
259	48	0.999268
259	161	0.999375
259	179	0.99899
259	67	0.999363
259	61	0.999557
259	44	0.999518
259	95	0.999413
259	163	0.999272
259	100	0.999856
259	145	0.99941
259	204	0.999593
259	141	0.999577
259	188	0.999459
259	150	0.998845
259	89	0.999215
259	78	0.998764
259	86	0.998665
259	255	0.999632
259	154	0.999201
259	16	0.998857
259	31	0.99979
259	69	0.99974
259	120	0.999293
259	99	0.998715
259	168	0.999912
259	122	0.9997
259	38	0.999739
259	106	0.99886
259	37	0.999169
259	141	0.999324
259	89	0.999572
259	163	0.999292
259	225	0.998891
259	99	0.999346
259	206	0.999869
259	145	0.999487
259	71	0.998909
259	131	0.998941
259	257	0.998931
259	49	0.99969
259	81	0.998954
259	61	0.998649
259	27	0.998677
259	145	0.998794
259	212	0.999494
259	142	0.998701
259	156	0.999711
259	92	0.999069
259	216	0.999197
259	64	0.999005
259	59	0.999487
259	24	0.999579
259	205	0.999241
259	27	0.999206
259	112	0.998934
259	60	0.998907
259	174	0.999451
259	253	0.998651
259	254	0.998666
259	239	0.999057
259	255	0.998613
259	108	0.999496
259	67	0.998896
259	203	0.999944
259	105	0.999176
259	121	0.999856
259	176	0.998677
259	22	0.999568
259	178	0.998998
259	95	0.998931
259	129	0.999071
259	115	0.99909
259	50	0.999234
259	122	0.999402
259	205	0.998648
259	187	0.999375
259	94	0.998683
259	211	0.998794
259	239	0.998722
259	113	0.999248
259	132	0.998697
259	91	0.999057
259	213	0.998638
259	81	0.999723
259	212	0.999319
259	255	0.999061
259	90	0.998861
259	189	0.999839
259	41	0.999082
259	81	0.998905
259	127	0.999254
259	59	0.998666
259	55	0.998984
259	95	0.999512
259	256	0.999286
259	154	0.999761
259	225	0.999849
259	77	0.999848
259	224	0.999375
259	63	0.999279
259	117	0.999979
259	194	0.999384
259	119	0.998768
259	55	0.998937
259	122	0.99866
259	200	0.99985
259	142	0.99941
259	87	0.999294
259	199	0.999062
259	214	0.999166
259	231	0.998744
259	161	0.99937
259	120	0.99987
259	158	0.999019
259	61	0.999718
259	253	0.999908
259	26	0.999275
259	102	0.999853
259	61	0.999681
259	152	0.999508
259	183	0.998775
259	91	0.99948
259	134	0.999452
259	121	0.999367
259	56	0.998954
259	209	0.998641
259	182	0.998923
259	150	0.998896
259	74	0.998691
259	75	0.999505
259	94	0.999683
259	60	0.99961
259	76	0.998853
259	176	0.998868
259	227	0.999519
259	165	0.999145
259	38	0.999695
259	237	0.999252
259	109	0.999153
259	38	0.999331
259	232	0.99885
259	181	0.999259
259	199	0.999845
259	181	0.999364
259	29	0.998981
259	76	0.999304
259	49	0.999491
259	153	0.999472
259	98	0.998832
259	223	0.9997
259	222	0.99873
259	21	0.999128
259	120	0.998667
259	136	0.998733
259	19	0.999727
259	197	0.999243
259	63	0.99878
259	140	0.999915
259	226	0.999089
259	163	0.999169
259	112	0.999373
259	63	0.99899
259	37	0.999658
259	183	0.999792
259	103	0.999375
259	134	0.998916
259	21	0.999841
259	56	0.99987
259	223	0.999904
259	155	0.999644
259	156	0.99923
259	60	0.998885
259	151	0.998857
259	203	0.999839
259	76	0.999782
259	232	0.999367
259	226	0.999159
259	37	0.998631
259	90	0.999938
259	191	0.999827
259	172	0.999597
259	163	0.998708
259	80	0.999061
259	85	0.998623
259	88	0.999074
259	130	0.999016
259	154	0.998839
259	69	0.998607
259	218	0.998947
259	243	0.998684
259	84	0.998933
259	182	0.999614
259	112	0.999388
259	116	0.999104
259	185	0.999247
259	247	0.998768
259	72	0.999382
259	163	0.998933
259	218	0.998779
259	181	0.999563
259	134	0.999514
259	86	0.999173
259	52	0.999765
259	212	0.999002
259	245	0.999536
259	230	0.999529
259	61	0.99915
259	46	0.999489
259	134	0.999637
259	25	0.99998
259	63	0.999733
259	151	0.999164
259	52	0.998813
259	239	0.99904
259	221	0.998938
259	119	0.9989
259	164	0.999266
259	203	0.998822
259	22	0.999285
259	209	0.99993
259	17	0.998744
259	251	0.999135
259	91	0.998625
259	58	0.999767
259	189	0.998709
259	254	0.999461
259	218	0.999796
259	143	0.999324
259	165	0.999426
259	52	0.999402
259	80	0.999086
259	86	0.999455
259	50	0.999107
259	204	0.999493
259	121	0.999171
259	191	0.999912
259	233	0.999992
259	155	0.999177
259	147	0.999469
259	24	0.999025
259	107	0.998765
259	57	0.998831
259	155	0.999247
259	206	0.999053
259	86	0.999222
259	204	0.999385
259	234	0.998662
259	47	0.998609
259	200	0.999346
259	212	0.99928
259	125	0.998969
259	242	0.999789
259	247	0.998859
259	255	0.998648
259	165	0.999706
259	56	0.998961
259	205	0.999245
259	214	0.999985
259	174	0.998779
259	74	0.998951
259	237	0.999204
259	136	0.999145
259	218	0.999406
259	170	0.99974
259	193	0.999635
259	237	0.999725
259	16	0.999395
259	172	0.998776
259	57	0.998702
259	75	0.999537
259	29	0.999895
259	113	0.999188
259	153	0.999855
259	138	0.998822
259	105	0.99979
259	247	0.999887
259	35	0.999507
259	177	0.9997
259	105	0.998718
259	113	0.998789
259	211	0.99992
259	210	0.999106
259	30	0.998846
259	190	0.999258
259	29	0.999739
259	135	0.999523
259	54	0.999941
259	178	0.999635
259	143	0.998782
259	66	0.999828
259	120	0.998669
259	184	0.999096
259	95	0.999166
259	166	0.999544
259	210	0.998746
259	226	0.998852
259	200	0.999167
259	85	0.999561
259	81	0.998667
259	38	0.999891
259	148	0.999451
259	108	0.999354
259	231	0.998966
259	160	0.998838
259	240	0.998699
259	76	0.998938
259	90	0.999782
259	102	0.999505
259	162	0.999769
259	35	0.999906
259	30	0.998828
259	19	0.999709
259	125	0.999818
259	82	0.999589
259	132	0.99915
259	115	0.999937
259	179	0.998868
259	238	0.998863
259	61	0.998662
259	66	0.998924
259	54	0.99988
259	166	0.999841
259	202	0.999166
259	217	0.999658
259	206	0.999943
259	143	0.998991
259	184	0.999296
259	56	0.999306
259	256	0.999448
259	78	0.999276
259	214	0.999294
259	146	0.999135
259	160	0.998744
259	26	0.99866
259	211	0.999659
259	108	0.998924
259	98	0.999565
259	107	0.998687
259	22	0.999149
259	17	0.999248
259	40	0.999231
259	168	0.998843
259	39	0.999285
259	114	0.999597
259	171	0.999941
259	60	0.999117
259	42	0.999729
259	130	0.999729
259	73	0.998787
259	81	0.999364
259	104	0.998991
259	122	0.999442
259	52	0.99862
259	123	0.999987
259	190	0.999311
259	28	0.998987
259	127	0.999674
259	255	0.999143
259	53	0.999711
259	192	0.999345
259	182	0.999493
259	178	0.999755
259	136	0.999357
259	214	0.998688
259	244	0.999272
259	182	0.999167
259	216	0.998845
259	194	0.99863
259	37	0.998698
259	247	0.998695
259	138	0.999367
259	55	0.998718
259	107	0.999472
259	65	0.999681
259	127	0.99936
259	71	0.998792
259	194	0.999007
259	204	0.999653
259	178	0.999895
259	229	0.998956
259	132	0.999139
259	132	0.998676
259	133	0.999021
259	67	0.999683
259	76	0.999423
259	18	0.999894
259	202	0.998628
259	118	0.999667
259	223	0.999378
259	110	0.998997
259	100	0.999927
259	124	0.999947
259	129	0.999403
259	104	0.999244
259	50	0.999454
259	36	0.999902
259	18	0.998905
259	185	0.998747
259	42	0.999716
259	20	0.998666
259	226	0.999414
259	255	0.998898
259	177	0.9988
259	52	0.999681
259	101	0.999547
259	44	0.999723
259	226	0.999001
259	179	0.999602
259	62	0.999711
259	115	0.999644
259	46	0.999347
259	221	0.998979
259	186	0.998895
259	219	0.999435
259	189	0.999767
259	94	0.999442
259	37	0.99861
259	199	0.999392
259	160	0.999561
259	179	0.999906
259	27	0.998832
259	172	0.99923
259	112	0.999465
259	55	0.999609
259	110	0.999817
259	93	0.999734
259	182	0.999007
259	216	0.999976
259	31	0.999107
259	215	0.999733
259	30	0.999999
259	44	0.999103
259	52	0.999999
259	101	0.999881
259	229	0.999983
259	229	0.999322
259	102	0.998958
259	185	0.999839
259	211	0.999069
259	132	0.999961
259	225	0.998773
259	148	0.999032
259	130	0.999044
259	95	0.999945
259	134	0.999841
259	34	0.999032
259	229	0.998658
259	209	0.998704
259	42	0.999227
259	27	0.998665
259	18	0.999769
259	155	0.999423
259	42	0.998684
259	26	0.999547
259	220	0.999815
259	195	0.999607
259	93	0.998632
259	125	0.99985
259	118	0.998785
259	153	0.999575
259	120	0.9997
259	210	0.999384
259	103	0.999072
259	137	0.99863
259	208	0.998843
259	124	0.998843
259	243	0.999866
259	244	0.999301
259	58	0.998723
259	107	0.999026
259	181	0.998634
259	84	0.999265
259	255	0.999978
259	134	0.998843
259	60	0.999776
259	113	0.998739
259	60	0.999824
259	172	0.999959
259	30	0.999289
259	188	0.999294
259	41	0.999229
259	242	0.99918
259	238	0.999359
259	103	0.999563
259	196	0.999846
259	99	0.99887
259	200	0.999857
259	233	0.999037
259	64	0.99976
259	158	0.999623
259	74	0.998948
259	61	0.999862
259	33	0.999906
259	21	0.999132
259	249	0.999795
259	151	0.998776
259	121	0.999442
259	238	0.999719
259	149	0.999941
259	164	0.999502
259	248	0.998648
259	64	0.998736
259	95	0.999884
259	56	0.999926
259	151	0.999074
259	120	0.999849
259	31	0.999665
259	54	0.999516
259	83	0.998611
259	147	0.999557
259	78	0.999314
259	209	0.999547
259	19	0.998806
259	191	0.99904
259	136	0.999238
259	23	0.999044
259	195	0.999934
259	71	0.998912
259	199	0.999803
259	163	0.999803
259	216	0.999725
259	233	0.999881
259	91	0.999737
259	216	0.999497
259	28	0.999303
259	183	0.998783
259	198	0.998919
259	115	0.998822
259	41	0.999584
259	187	0.999486
259	194	0.999297
259	180	0.999514
259	89	0.99884
259	78	0.999604
259	119	0.998771
259	217	0.999054
259	60	0.999394
259	190	0.998832
259	210	0.998806
259	251	0.999118
259	153	0.99929
259	255	0.999958
259	248	0.999104
259	173	0.998833
259	117	0.998635
259	93	0.998639
259	124	0.999589
259	34	0.999223
259	61	0.99973
259	123	0.999912
259	175	0.998963
259	90	0.999448
259	46	0.999012
259	212	0.999831
259	36	0.999398
259	134	0.99974
259	195	0.999254
259	157	0.998963
259	193	0.998621
259	78	0.998842
259	85	0.999311
259	188	0.998973
259	70	0.999929
259	193	0.999737
259	144	0.999435
259	134	0.999318
259	190	0.99988
259	69	0.999789
259	197	0.998673
259	226	0.999501
259	240	0.999923
259	202	0.999972
259	102	0.999947
259	112	0.999111
259	89	0.999521
259	27	0.999955
259	163	0.998829
259	168	0.999159
259	24	0.999722
259	249	0.998916
259	207	0.998916
259	175	0.999211
259	79	0.999564
259	70	0.998676
259	49	0.999251
259	151	0.999208
259	57	0.999574
259	229	0.999489
259	76	0.99873
259	50	0.999916
259	146	0.999352
259	98	0.998921
259	132	0.99973
259	190	0.999873
259	62	0.99989
259	182	0.999638
259	241	0.999825
259	143	0.999919
259	176	0.999015
259	118	0.999775
259	107	0.999333
259	197	0.998637
259	40	0.998779
259	174	0.998727
259	75	0.998697
259	63	0.998986
259	110	0.999514
259	104	0.999454
259	223	0.999339
259	247	0.999743
259	55	0.999326
259	131	0.999523
259	124	0.998949
259	55	0.999022
259	231	0.999273
259	197	0.999757
259	228	0.999452
259	81	0.99862
259	107	0.999019
259	151	0.999764
259	74	0.998674
259	244	0.999908
259	126	0.999591
259	76	0.999852
259	56	0.999257
259	209	0.999265
259	155	0.999252
259	127	0.999029
259	184	0.999602
259	199	0.999381
259	118	0.999803
259	55	0.999164
259	101	0.999788
259	160	0.999632
259	177	0.998838
259	71	0.998773
259	223	0.999076
259	20	0.999487
259	73	0.99949
259	95	0.998807
259	35	0.999367
259	247	0.99967
259	195	0.999802
259	252	0.99955
259	153	0.999857
259	153	0.998659
259	185	0.999592
259	229	0.999803
259	40	0.999459
259	155	0.999097
259	245	0.998656
259	67	0.999357
259	224	0.999032
259	145	0.998977
259	143	0.99931
259	44	0.999347
259	69	0.999891
259	92	0.999127
259	148	0.999244
259	148	0.999028
259	110	0.999962
259	78	0.999516
259	252	0.999932
259	56	0.99873
259	210	0.998912
259	176	0.998623
259	193	0.999296
259	253	0.999863
259	33	0.999385
259	197	0.999469
259	126	0.999997
259	137	0.999259
259	123	0.999556
259	115	0.998631
259	207	0.999706
259	65	0.998899
259	191	0.999387
259	64	0.999385
259	213	0.998928
259	35	0.998868
259	256	0.999118
259	142	0.999899
259	136	0.99891
259	221	0.998797
259	178	0.998928
259	211	0.999002
259	188	0.99892
259	207	0.999972
259	153	0.999306
259	242	0.999069
259	177	0.999037
259	113	0.998603
259	159	0.999338
259	134	0.999138
259	143	0.998606
259	18	0.998768
259	222	0.998616
259	241	0.998846
259	26	0.998611
259	56	0.99905
259	118	0.999508
259	56	0.999325
259	23	0.99953
259	81	0.999909
259	84	0.999332
259	24	0.999599
259	233	0.998831
259	227	0.999706
259	120	0.999405
259	73	0.998947
259	206	0.999061
259	136	0.999948
259	214	0.998903
259	231	0.99904
259	59	0.99904
259	92	0.999697
259	140	0.999304
259	135	0.999074
259	200	0.99881
259	40	0.999093
259	51	0.999653
259	129	0.999391
259	244	0.998709
259	102	0.999081
259	94	0.999127
259	149	0.999518
259	61	0.999082
259	54	0.999908
259	16	0.998902
259	74	0.999231
259	73	0.999999
259	162	0.999632
259	165	0.998974
259	149	0.998845
259	181	0.999611
259	95	0.998838
259	26	0.999516
259	121	0.999138
259	63	0.999089
259	166	0.999057
259	56	0.999447
259	34	0.999515
259	114	0.999681
259	227	0.999444
259	216	0.998885
259	33	0.999382
259	188	0.999669
259	214	0.99911
259	185	0.998842
259	185	0.999293
259	106	0.999869
259	31	0.999229
259	215	0.999192
259	173	0.998966
259	55	0.999442
259	85	0.999278
259	192	0.998984
259	148	0.999551
259	127	0.999268
259	76	0.998828
259	223	0.999704
259	115	0.999539
259	125	0.998772
259	28	0.998944
259	67	0.998732
259	243	0.999444
259	207	0.998744
259	40	0.999959
259	83	0.99949
259	165	0.999667
259	181	0.999164
259	214	0.998885
259	56	0.999737
259	236	0.99988
259	97	0.999353
259	179	0.999219
259	233	0.998751
259	185	0.999141
259	40	0.998966
259	205	0.999279
259	133	0.998987
259	89	0.998725
259	180	0.999489
259	226	0.999285
259	128	0.999382
259	133	0.999677
259	24	0.999514
259	159	0.999691
259	241	0.999475
259	42	0.998814
259	24	0.999913
259	162	0.99909
259	96	0.999655
259	240	0.999454
259	160	0.999968
259	172	0.998624
259	209	0.999272
259	219	0.999536
259	63	0.999667
259	138	0.999922
259	210	0.998924
259	94	0.999744
259	160	0.999891
259	93	0.998701
259	233	0.998968
259	213	0.998811
259	86	0.999226
259	99	0.999294
259	223	0.999326
259	47	0.999676
259	101	0.999285
259	90	0.998801
259	173	0.998649
259	166	0.998842
259	236	0.998634
259	248	0.998924
259	238	0.999881
259	208	0.999637
259	231	0.99949
259	140	0.999036
259	139	0.999236
259	134	0.999754
259	53	0.999319
259	243	0.998931
259	222	0.999368
259	69	0.999127
259	237	0.999374
259	83	0.998727
259	231	0.999237
259	191	0.998726
259	257	0.998895
259	91	0.998988
259	54	0.999257
259	154	0.999238
259	229	0.999929
259	231	0.999262
259	207	0.999563
259	177	0.998694
259	105	0.999157
259	178	0.999563
259	57	0.999855
259	26	0.999134
259	147	0.999025
259	40	0.999706
259	77	0.998891
259	120	0.999243
259	97	0.999247
259	121	0.998757
259	174	0.999114
259	165	0.999023
259	210	0.999089
259	155	0.999704
259	166	0.998833
259	91	0.999381
259	124	0.999388
259	121	0.999642
259	211	0.99922
259	82	0.999184
259	242	0.999751
259	173	0.999523
259	59	0.999174
259	151	0.999941
259	165	0.99937
259	132	0.999983
259	201	0.999793
259	69	0.999049
259	29	0.999002
259	194	0.999463
259	34	0.999736
259	241	0.999722
259	70	0.998646
259	20	0.99891
259	29	0.999435
259	222	0.999853
259	20	0.998875
259	32	0.99995
259	243	0.999398
259	245	0.999245
259	217	0.998746
259	181	0.99962
259	35	0.99884
259	183	0.999588
259	181	0.999103
259	101	0.998896
259	25	0.998994
259	83	0.998861
259	100	0.998859
259	225	0.998797
259	65	0.998804
259	238	0.999055
259	134	0.999431
259	185	0.999655
259	253	0.998793
259	241	0.998888
259	104	0.99924
259	196	0.999314
259	250	0.99976
259	246	0.998938
259	251	0.998979
259	109	0.998891
259	240	0.999005
259	158	0.998708
259	154	0.998733
259	258	0.999447
259	90	0.99967
259	253	0.99942
259	103	0.999195
259	94	0.998617
259	211	0.999948
259	152	0.999918
259	177	0.998977
259	105	0.99881
259	111	0.999366
259	60	0.999083
259	238	0.99898
259	35	0.999667
259	193	0.999463
259	87	0.999546
259	200	0.99891
259	114	0.999019
259	35	0.998845
259	254	0.998637
259	240	0.999198
259	206	0.999986
259	188	0.999919
259	94	0.999521
259	161	0.998963
259	71	0.999574
259	41	0.999371
259	256	0.999922
259	202	0.998634
259	164	0.999324
259	62	0.998804
259	62	0.999558
259	103	0.999261
259	247	0.998903
259	42	0.999577
259	152	0.999243
259	190	0.99878
259	34	0.998845
259	146	0.998913
259	88	0.998933
259	26	0.999308
259	140	0.999972
259	133	0.999676
259	230	0.998725
259	145	0.999294
259	195	0.999264
259	59	0.999157
259	57	0.999585
259	190	0.999659
259	154	0.999577
259	199	0.999769
259	134	0.998773
259	63	0.998655
259	27	0.999099
259	225	0.998726
259	183	0.99955
259	98	0.999677
259	151	0.999972
259	250	0.99967
259	191	0.999269
259	181	0.999417
259	152	0.998736
259	102	0.999083
259	177	0.999525
259	100	0.999346
259	162	0.999164
259	126	0.999163
259	88	0.999932
259	125	0.999496
259	43	0.999476
259	252	0.999762
259	23	0.999074
259	122	0.999624
259	181	0.999528
259	227	0.999241
259	145	0.999028
259	60	0.999209
259	217	0.999033
259	181	0.999384
259	241	0.999259
259	242	0.999709
259	60	0.999581
259	105	0.999565
259	68	0.998905
259	33	0.999322
259	52	0.999426
259	101	0.999195
259	171	0.998642
259	153	0.998847
259	27	0.998882
259	88	0.999511
259	54	0.999709
259	77	0.998977
259	89	0.999783
259	18	0.999345
259	214	0.999679
259	228	0.99972
259	92	0.999789
259	243	0.999926
259	238	0.999822
259	211	0.999335
259	80	0.998859
259	185	0.9994
259	153	0.998786
259	245	0.999475
259	36	0.99985
259	223	0.999609
259	136	0.999936
259	56	0.999051
259	71	0.998606
259	183	0.998778
259	175	0.999252
259	68	0.999339
259	112	0.999132
259	166	0.999968
259	41	0.999102
259	227	0.999779
259	241	0.998762
259	251	0.999204
259	208	0.999454
259	130	0.99973
259	27	0.999866
259	250	0.999028
259	204	0.999659
259	48	0.999853
259	76	0.998669
259	117	0.999152
259	115	0.99936
259	183	0.999839
259	247	0.998737
259	82	0.999564
259	111	0.999005
259	220	0.998726
259	257	0.999448
259	22	0.999961
259	56	0.999116
259	190	0.999737
259	149	0.998711
259	51	0.999744
259	169	0.999169
259	129	0.999737
259	235	0.998677
259	35	0.99979
259	64	0.999229
259	221	0.998639
259	60	0.999051
259	239	0.999722
259	56	0.998776
259	23	0.998725
259	81	0.998681
259	224	0.999433
259	173	0.999906
259	42	0.998667
259	206	0.999215
259	182	0.999832
259	18	0.998607
259	167	0.998984
259	42	0.999455
259	32	0.999544
259	212	0.999306
259	173	0.998944
259	210	0.999311
259	123	0.998729
259	190	0.99886
259	56	0.99919
259	201	0.999755
259	200	0.999036
259	160	0.999831
259	97	0.999813
259	220	0.999572
259	118	0.999029
259	185	0.998814
259	64	0.999911
259	129	0.998662
259	88	0.998725
259	204	0.999321
259	114	0.998722
259	49	0.99949
259	238	0.999124
259	255	0.999134
259	87	0.99869
259	51	0.99985
259	128	0.998771
259	86	0.99879
259	108	0.998638
259	111	0.999382
259	157	0.99944
259	144	0.998769
259	71	0.998672
259	51	0.99961
259	20	0.998926
259	33	0.998719
259	212	0.998787
259	120	0.999911
259	196	0.999535
259	234	0.999251
259	90	0.999191
259	43	0.99942
259	182	0.999029
259	143	0.999423
259	175	0.999338
259	180	0.998725
259	88	0.999719
259	50	0.9995
259	81	0.998789
259	188	0.999315
259	106	0.999558
259	202	0.998705
259	24	0.99867
259	154	0.999672
259	154	0.999859
259	146	0.998832
259	220	0.9997
259	195	0.999902
259	234	0.998613
259	248	0.998658
259	152	0.998778
259	124	0.998935
259	151	0.999659
259	219	0.999477
259	136	0.99913
259	154	0.998613
259	198	0.998852
259	78	0.999653
259	109	0.998651
259	145	0.99955
259	168	0.999862
259	118	0.999475
259	192	0.999139
259	101	0.999452
259	168	0.999211
259	205	0.999909
259	148	0.998979
259	243	0.999065
259	102	0.998986
259	199	0.999026
259	143	0.999455
259	256	0.999792
259	129	0.999857
259	120	0.999579
259	133	0.998852
259	172	0.999843
259	84	0.999577
259	205	0.99925
259	249	0.999414
259	107	0.999553
259	117	0.999894
259	189	0.9996
259	115	0.999071
259	97	0.999828
259	181	0.998741
259	149	0.999414
259	87	0.999021
259	200	0.99974
259	129	0.998663
259	224	0.999359
259	242	0.999658
259	183	0.999417
259	128	0.999695
259	131	0.999301
259	232	0.999389
259	234	0.999786
259	69	0.998882
259	135	0.998948
259	171	0.99987
259	217	0.999349
259	184	0.999747
259	240	0.999996
259	205	0.999143
259	183	0.999324
259	38	0.99956
259	106	0.998813
259	152	0.99982
259	149	0.999268
259	242	0.999892
259	136	0.999265
259	156	0.999033
259	28	0.999448
259	112	0.999396
259	30	0.999919
259	38	0.999036
259	226	0.999804
259	52	0.998736
259	258	0.998913
259	30	0.999734
259	149	0.998933
259	43	0.998663
259	88	0.999247
259	125	0.999765
259	157	0.999986
259	242	0.999356
259	35	0.998898
259	239	0.999976
259	77	0.999782
259	26	0.99909
259	130	0.999405
259	38	0.999247
259	206	0.999662
259	189	0.999944
259	219	0.999095
259	30	0.99974
259	241	0.999533
259	231	0.998677
259	125	0.999033
259	86	0.999852
259	183	0.998799
259	150	0.999396
259	188	0.999651
259	230	0.998892
259	93	0.999539
259	202	0.999071
259	130	0.999765
259	52	0.999364
259	125	0.999275
259	48	0.999502
259	96	0.99863
259	217	0.999245
259	211	0.998746
259	136	0.998779
259	194	0.999266
259	241	0.998881
259	81	0.999864
259	104	0.999814
259	139	0.998772
259	42	0.999008
259	58	0.999117
259	244	0.999775
259	68	0.999067
259	181	0.999482
259	113	0.99915
259	231	0.999297
259	250	0.99929
259	174	0.999032
259	214	0.999416
259	154	0.999519
259	74	0.999054
259	181	0.999204
259	26	0.999704
259	113	0.99897
259	195	0.999704
259	247	0.999755
259	200	0.99922
259	225	0.998955
259	237	0.999597
259	176	0.99969
259	34	0.9994
259	60	0.998899
259	60	0.999497
259	242	0.999326
259	130	0.999406
259	172	0.999592
259	53	0.999394
259	160	0.998866
259	127	0.999843
259	24	0.999933
259	32	0.99969
259	104	0.999121
259	156	0.99917
259	193	0.998803
259	177	0.999251
259	91	0.999515
259	37	0.999306
259	234	0.998755
259	251	0.99944
259	52	0.99905
259	214	0.999043
259	225	0.999333
259	170	0.999634
259	106	0.999625
259	62	0.999202
259	116	0.998789
259	76	0.999181
259	225	0.999509
259	241	0.999835
259	92	0.999065
259	91	0.999167
259	92	0.998631
259	157	0.999398
259	209	0.999325
259	249	0.999037
259	77	0.998737
259	196	0.999864
259	83	0.999677
259	198	0.999433
259	172	0.999945
259	185	0.999428
259	18	0.999705
259	161	0.999431
259	190	0.998833
259	177	0.99913
259	66	0.999933
259	230	0.999498
259	51	0.998669
259	80	0.999706
259	27	0.999149
259	40	0.999795
259	188	0.999103
259	39	0.999781
259	112	0.999325
259	65	0.99947
259	258	0.999224
259	52	0.998792
259	203	0.999909
259	171	0.999539
259	95	0.998931
259	154	0.999878
259	129	0.999853
259	85	0.999324
259	138	0.999923
259	145	0.999666
259	194	0.999727
259	193	0.999452
259	36	0.999797
259	31	0.999952
259	134	0.999169
259	180	0.999078
259	202	0.99974
259	33	0.999356
259	169	0.99906
259	210	0.99899
259	22	0.999387
259	92	0.998642
259	159	0.999184
259	258	0.999454
259	206	0.999783
259	38	0.999997
259	201	0.999364
259	143	0.998887
259	128	0.998891
259	33	0.999092
259	150	0.999371
259	174	0.999093
259	205	0.999646
259	238	0.998757
259	232	0.999528
259	192	0.999959
259	31	0.998688
259	41	0.999373
259	196	0.999037
259	137	0.999096
259	170	0.999895
259	42	0.999993
259	236	0.99869
259	158	0.999709
259	241	0.999628
259	202	0.998896
259	116	0.998979
259	249	0.999085
259	258	0.99922
259	167	0.999324
259	99	0.999878
259	122	0.998765
259	168	0.999743
259	144	0.99872
259	16	0.998765
259	208	0.999093
259	255	0.998637
259	246	0.999025
259	56	0.998949
259	254	0.998746
259	151	0.999526
259	256	0.99867
259	54	0.999507
259	18	0.999849
259	237	0.99944
259	143	0.998849
259	207	0.999171
259	108	0.998772
259	53	0.999159
259	158	0.998857
259	145	0.999442
259	248	0.99886
259	202	0.999459
259	237	0.998785
259	194	0.999023
259	153	0.999687
259	148	0.999611
259	172	0.999836
259	65	0.998796
259	211	0.999452
259	72	0.998713
259	21	0.998751
259	64	0.998934
259	16	0.999591
259	126	0.99888
259	156	0.998639
259	130	0.999806
259	158	0.999737
259	85	0.999994
259	219	0.99936
259	33	0.999123
259	107	0.998801
259	130	0.999447
259	238	0.999469
259	28	0.999279
259	58	0.998621
259	23	0.999055
259	59	0.999449
259	151	0.999198
259	166	0.999873
259	201	0.998854
259	240	0.999864
259	48	0.998624
259	66	0.99982
259	75	0.999529
259	67	0.999901
259	23	0.998718
259	252	0.998603
259	202	0.998988
259	175	0.998617
259	230	0.99953
259	22	0.998954
259	58	0.998828
259	133	0.999197
259	120	0.999349
259	125	0.999885
259	238	0.999873
259	28	0.998646
259	225	0.99994
259	108	0.998747
259	37	0.999469
259	198	0.999212
259	179	0.999233
259	186	0.998613
259	32	0.999561
259	139	0.999648
259	100	0.999259
259	246	0.998727
259	127	0.999118
259	47	0.998771
259	191	0.999254
259	35	0.999895
259	41	0.999466
259	28	0.999199
259	126	0.999799
259	165	0.999575
259	232	0.999424
259	59	0.998856
259	248	0.999884
259	16	0.998931
259	184	0.998799
259	113	0.999433
259	17	0.999797
259	121	0.998988
259	171	0.99981
259	63	0.999693
259	253	0.998906
259	43	0.999546
259	225	0.999783
259	143	0.999739
259	78	0.99942
259	114	0.999004
259	181	0.999149
259	64	0.999339
259	216	0.99892
259	71	0.999338
259	25	0.999484
259	16	0.999563
259	147	0.998887
259	205	0.999775
259	211	0.998711
259	100	0.99994
259	55	0.999892
259	31	0.998998
259	60	0.998746
259	206	0.998866
259	102	0.9997
259	17	0.999407
259	246	0.999384
259	133	0.999241
259	213	0.999111
259	196	0.99982
259	186	0.999199
259	123	0.999285
259	175	0.999191
259	157	0.999814
259	21	0.999519
259	161	0.99898
259	144	0.999645
259	19	0.999338
259	91	0.998875
259	104	0.999697
259	30	0.999679
259	37	0.999727
259	172	0.999642
259	153	0.999004
259	53	0.998708
259	183	0.99998
259	37	0.99993
259	147	0.998977
259	42	0.998623
259	253	0.998864
259	33	0.999022
259	63	0.999845
259	162	0.999496
259	46	0.999976
259	158	0.998715
259	33	0.999778
259	155	0.999919
259	258	0.999836
259	41	0.998801
259	37	0.999273
259	88	0.999588
259	181	0.998981
259	66	0.999346
259	32	0.999324
259	72	0.998674
259	80	0.999116
259	52	0.99911
259	238	0.999064
259	200	0.999829
259	166	0.998824
259	93	0.999845
259	126	0.998959
259	40	0.998846
259	40	0.999779
259	205	0.999757
259	158	0.999061
259	77	0.999171
259	102	0.999954
259	88	0.999997
259	198	0.999308
259	209	0.999435
259	17	0.999987
259	65	0.999975
259	229	0.99885
259	119	0.998997
259	198	0.999336
259	100	0.999767
259	134	0.999818
259	218	0.998722
259	130	0.999624
259	197	0.998658
259	116	0.99967
259	160	0.998874
259	216	0.999004
259	150	0.999563
259	74	0.99955
259	165	0.999726
259	205	0.999856
259	149	0.99944
259	55	0.998713
259	161	0.999328
259	226	0.998706
259	137	0.999755
259	117	0.99979
259	150	0.999933
259	182	0.99911
259	81	0.998691
259	45	0.999523
259	157	0.999308
259	182	0.998652
259	20	0.999166
259	65	0.999155
259	169	0.999855
259	215	0.998956
259	93	0.999676
259	258	0.999779
259	65	0.999846
259	193	0.999451
259	241	0.999596
259	239	0.998926
259	106	0.999326
259	178	0.999665
259	178	0.999167
259	155	0.998942
259	135	0.999574
259	172	0.999635
259	78	0.999353
259	112	0.998888
259	115	0.998962
259	184	0.998933
259	116	0.998708
259	27	0.99918
259	188	0.998845
259	255	0.999768
259	206	0.998688
259	34	0.998885
259	120	0.999651
259	223	0.999884
259	192	0.999197
259	174	0.999197
259	32	0.998896
259	256	0.999289
259	91	0.999551
259	32	0.998815
259	43	0.999095
259	199	0.998779
259	82	0.99963
259	238	0.999431
259	63	0.999537
259	26	0.999873
259	248	0.999494
259	65	0.998605
259	200	0.99937
259	224	0.99931
259	37	0.999022
259	24	0.999009
259	114	0.999753
259	56	0.99863
259	215	0.999776
259	135	0.999361
259	193	0.998863
259	66	0.998994
259	156	0.999568
259	183	0.999417
259	171	0.998718
259	237	0.999491
259	64	0.999391
259	252	0.999303
259	122	0.998684
259	116	0.999363
259	70	0.999377
259	109	0.999163
259	254	0.99968
259	119	0.999918
259	172	0.999497
259	87	0.999231
259	201	0.998716
259	243	0.99947
259	256	0.999159
259	24	0.999802
259	256	0.999236
259	95	0.999195
259	188	0.999836
259	64	0.99866
259	85	0.999343
259	127	0.999683
259	186	0.999557
259	209	0.999919
259	62	0.998719
259	230	0.999088
259	235	0.999764
259	224	0.999625
259	118	0.999947
259	239	0.999997
259	30	0.999662
259	63	0.99979
259	218	0.999776
259	234	0.99929
259	77	0.998864
259	132	0.999934
259	253	0.998698
259	247	0.999831
259	45	0.999683
259	200	0.999083
259	177	0.999238
259	206	0.999535
259	77	0.999244
259	176	0.999674
259	83	0.999923
259	51	0.999575
259	194	0.999023
259	42	0.99944
259	185	0.99993
259	75	0.998722
259	38	0.999712
259	199	0.999141
259	256	0.99947
259	156	0.999957
259	66	0.999448
259	226	0.999394
259	25	0.998715
259	256	0.999958
259	89	0.999923
259	51	0.998765
259	16	0.999727
259	83	0.999577
259	97	0.998928
259	97	0.999793
259	52	0.999936
259	80	0.99879
259	98	0.999528
259	149	0.999911
259	232	0.999216
259	105	0.998605
259	238	0.999016
259	63	0.999118
259	132	0.99974
259	195	0.999596
259	173	0.999177
259	152	0.999131
259	105	0.999296
259	44	0.999297
259	95	0.99905
259	114	0.999382
259	243	0.99925
259	135	0.999192
259	179	0.999272
259	125	0.999659
259	62	0.998609
259	222	0.998762
259	154	0.999698
259	170	0.999978
259	26	0.999458
259	195	0.999074
259	206	0.999289
259	62	0.999644
259	122	0.999493
259	166	0.998734
259	174	0.998931
259	96	0.998734
259	57	0.998874
259	156	0.999032
259	51	0.999321
259	177	0.999922
259	16	0.998748
259	241	0.998853
259	45	0.999623
259	231	0.999751
259	203	0.999522
259	130	0.999103
259	208	0.998665
259	201	0.998801
259	129	0.9998
259	152	0.998764
259	228	0.998739
259	54	0.999051
259	198	0.998678
259	178	0.999466
259	147	0.999227
259	136	0.999201
259	59	0.999118
259	178	0.999673
259	94	0.999142
259	43	0.999831
259	245	0.999709
259	214	0.998916
259	173	0.998797
259	113	0.998821
259	131	0.998743
259	157	0.999371
259	18	0.999818
259	85	0.999853
259	76	0.999937
259	181	0.999339
259	100	0.99885
259	203	0.999554
259	206	0.999732
259	81	0.999683
259	110	0.998916
259	209	0.999
259	73	0.998892
259	114	0.999641
259	209	0.99949
259	148	0.998655
259	62	0.99888
259	111	0.999849
259	39	0.999054
259	233	0.999075
259	104	0.998637
259	115	0.999702
259	29	0.998729
259	51	0.999595
259	120	0.999944
259	199	0.999406
259	89	0.999607
259	46	0.999593
259	40	0.999606
259	45	0.999585
259	157	0.998912
259	55	0.998743
259	228	0.998899
259	45	0.999009
259	249	0.999184
259	111	0.999412
259	111	0.999028
259	245	0.999206
259	205	0.998976
259	174	0.999616
259	76	0.99973
259	46	0.99872
259	97	0.998624
259	219	0.999529
259	88	0.999609
259	77	0.999318
259	120	0.999897
259	254	0.999518
259	251	0.99885
259	254	0.999011
259	149	0.999315
259	136	0.999294
259	65	0.999374
259	240	0.999698
259	189	0.999665
259	197	0.999055
259	240	0.999155
259	251	0.999899
259	199	0.999539
259	243	0.998846
259	104	0.999199
259	159	0.999578
259	16	0.999983
259	191	0.999891
259	221	0.999898
259	183	0.998764
259	187	0.999853
259	213	0.998884
259	241	0.999919
259	190	0.999744
259	203	0.999507
259	51	0.999789
259	119	0.998845
259	131	0.998739
259	74	0.999964
259	32	0.998635
259	92	0.999493
259	137	0.999403
259	249	0.998948
259	230	0.999275
259	80	0.999116
259	99	0.998771
259	104	0.998744
259	118	0.999776
259	155	0.999145
259	117	0.998744
259	83	0.999667
259	103	0.998878
259	231	0.999173
259	227	0.999234
259	126	0.999364
259	229	0.999145
259	128	0.999259
259	179	0.999233
259	219	0.999389
259	54	0.998817
259	71	0.999104
259	138	0.999461
259	66	0.99886
259	43	0.999973
259	230	0.998688
259	217	0.999201
259	152	0.99906
259	27	0.998642
259	128	0.999191
259	150	0.999835
259	229	0.99888
259	208	0.999835
259	253	0.999444
259	137	0.99916
259	16	0.999373
259	250	0.999102
259	214	0.999229
259	222	0.998942
259	57	0.999146
259	225	0.99869
259	135	0.999491
259	105	0.999677
259	232	0.999382
259	113	0.999442
259	174	0.999509
259	126	0.99866
259	60	0.99982
259	146	0.999764
259	84	0.998723
259	195	0.999964
259	147	0.998875
259	200	0.998969
259	95	0.999377
259	112	0.999672
259	211	0.999192
259	175	0.999375
259	127	0.998695
259	164	0.998808
259	130	0.999758
259	210	0.998859
259	31	0.999789
259	253	0.999427
259	113	0.998669
259	88	0.999285
259	85	0.999356
259	201	0.998713
259	102	0.998817
259	203	0.999357
259	173	0.9995
259	33	0.999739
259	141	0.998644
259	38	0.999897
259	18	0.999934
259	211	0.998799
259	254	0.999326
259	163	0.999392
259	248	0.999255
259	26	0.999961
259	44	0.999171
259	139	0.999095
259	199	0.99968
259	192	0.998927
259	210	0.99918
259	112	0.999704
259	135	0.999684
259	186	0.999028
259	185	0.999595
259	205	0.999082
259	117	0.9994
259	66	0.999976
259	127	0.999909
259	32	0.998678
259	179	0.99878
259	80	0.998782
259	231	0.998712
259	51	0.999948
259	116	0.998692
259	51	0.999941
259	207	0.99917
259	28	0.999604
259	152	0.998804
259	82	0.999649
259	172	0.998771
259	183	0.998947
259	175	0.999294
259	188	0.999519
259	175	0.998873
259	84	0.999892
259	209	0.999922
259	145	0.999251
259	187	0.999145
259	135	0.998773
259	233	0.999684
259	225	0.999479
259	178	0.998894
259	235	0.998705
259	223	0.999572
259	239	0.999353
259	197	0.999437
259	216	0.999269
259	122	0.998748
259	225	0.999521
259	108	0.999487
259	153	0.998744
259	256	0.999353
259	146	0.998613
259	79	0.99963
259	22	0.999683
259	199	0.999461
259	199	0.999402
259	177	0.999532
259	132	0.999904
259	50	0.999648
259	131	0.999489
259	216	0.999901
259	103	0.999046
259	225	0.999881
259	41	0.999863
259	59	0.999958
259	155	0.999325
259	204	0.9989
259	234	0.999023
259	241	0.99992
259	144	0.998873
259	24	0.99957
259	250	0.999809
259	169	0.999827
259	168	0.999609
259	139	0.998628
259	147	0.99887
259	133	0.998613
259	32	0.99975
259	75	0.998895
259	168	0.99875
259	50	0.999065
259	153	0.999509
259	42	0.999136
259	145	0.998818
259	105	0.999366
259	210	0.99949
259	126	0.999145
259	167	0.999307
259	162	0.999793
259	132	0.998994
259	220	0.998651
259	32	0.999254
259	126	0.999522
259	79	0.99915
259	204	0.998718
259	176	0.999892
259	156	0.999449
259	221	0.999226
259	72	0.999143
259	43	0.99899
259	147	0.999975
259	63	0.999553
259	105	0.999782
259	187	0.999345
259	46	0.999454
259	255	0.999444
259	30	0.998937
259	95	0.99982
259	76	0.998826
259	249	0.99961
259	144	0.999811
259	200	0.999484
259	51	0.998882
259	97	0.999713
259	159	0.999509
259	105	0.999627
259	234	0.998902
259	222	0.999055
259	57	0.998786
259	156	0.998775
259	159	0.999373
259	234	0.999156
259	247	0.999841
259	166	0.999512
259	111	0.998923
259	121	0.999163
259	65	0.999845
259	69	0.99874
259	48	0.99941
259	17	0.999046
259	201	0.99931
259	240	0.999086
259	253	0.999054
259	59	0.999427
259	216	0.998928
259	159	0.99925
259	205	0.999222
259	216	0.999599
259	145	0.999906
259	95	0.998794
259	156	0.998688
259	41	0.999867
259	156	0.998861
259	47	0.999399
259	108	0.999283
259	140	0.999124
259	241	0.999722
259	240	0.999632
259	242	0.999778
259	203	0.999549
259	16	0.999607
259	254	0.999669
259	131	0.998974
259	211	0.999211
259	61	0.998746
259	94	0.999072
259	185	0.998814
259	167	0.999025
259	105	0.999919
259	245	0.999577
259	45	0.998839
259	193	0.999789
259	67	0.998782
259	36	0.998678
259	186	0.999127
259	143	0.999325
259	131	0.999961
259	34	0.999623
259	79	0.999413
259	175	0.999381
259	164	0.998919
259	199	0.999227
259	246	0.998792
259	132	0.999069
259	228	0.999058
259	37	0.998808
259	82	0.999202
259	63	0.999243
259	165	0.998723
259	224	0.998931
