4000
357	72	0.999376
357	153	0.999703
357	154	0.99953
357	173	0.999605
357	130	0.999779
357	240	0.999154
357	197	0.99895
357	296	0.999868
357	40	0.999826
357	267	0.999765
357	37	0.998888
357	189	0.998874
357	80	0.999034
357	252	0.999418
357	61	0.999393
357	335	0.999331
357	183	0.998876
357	353	0.998868
357	274	0.999128
357	323	0.999423
357	233	0.999805
357	270	0.998992
357	112	0.999209
357	215	0.999615
357	119	0.999875
357	178	0.998841
357	260	0.99979
357	248	0.999019
357	61	0.999325
357	116	0.999779
357	147	0.999408
357	351	0.999029
357	233	0.99964
357	142	0.999548
357	36	0.998863
357	135	0.99923
357	66	0.999876
357	245	0.999736
357	196	0.999344
357	315	0.999023
357	125	0.999123
357	33	0.999217
357	150	0.999706
357	175	0.999882
357	46	0.999046
357	234	0.999512
357	212	0.999979
357	205	0.999462
357	182	0.998807
357	323	0.999551
357	117	0.999239
357	56	0.999214
357	330	0.999803
357	220	0.999564
357	60	0.998938
357	41	0.998826
357	71	0.999944
357	270	0.999386
357	337	0.999816
357	133	0.998869
357	287	0.99985
357	180	0.998823
357	169	0.999686
357	140	0.999217
357	147	0.999028
357	195	0.998984
357	268	0.998864
357	147	0.999099
357	241	0.999543
357	289	0.998844
357	107	0.999159
357	52	0.999711
357	118	0.999921
357	249	0.999783
357	258	0.999833
357	275	0.999761
357	217	0.999266
357	226	0.999622
357	121	0.999071
357	253	0.999298
357	288	0.999705
357	41	0.999023
357	143	0.998978
357	163	0.999139
357	228	0.999662
357	168	0.999053
357	301	0.999319
357	320	0.999928
357	155	0.999604
357	87	0.999879
357	132	0.998978
357	282	0.999623
357	345	0.999446
357	244	0.999084
357	315	0.998812
357	210	0.999915
357	206	0.999321
357	285	0.999457
357	347	0.999975
357	121	0.999983
357	281	0.998881
357	208	0.999028
357	339	0.999147
357	71	0.998932
357	226	0.999482
357	33	0.998906
357	329	0.998967
357	33	0.999276
357	350	0.998926
357	288	0.999482
357	122	0.999802
357	147	0.999222
357	323	0.999033
357	281	0.999764
357	126	0.999313
357	291	0.999399
357	326	0.999905
357	185	0.999792
357	136	0.999186
357	188	0.999124
357	329	0.999634
357	52	0.998848
357	135	0.999579
357	255	0.999771
357	143	0.99891
357	184	0.999427
357	195	0.999767
357	256	0.999101
357	342	0.99956
357	71	0.999195
357	282	0.99901
357	130	0.999525
357	201	0.999328
357	79	0.999704
357	158	0.999999
357	317	0.999758
357	347	0.999575
357	148	0.999412
357	306	0.998808
357	39	0.998817
357	146	0.999654
357	264	0.999199
357	262	0.998881
357	314	0.999371
357	110	0.999013
357	139	0.999376
357	317	0.999362
357	101	0.998998
357	211	0.998889
357	150	0.999102
357	147	0.999853
357	94	0.999523
357	303	0.999394
357	41	0.998955
357	214	0.999887
357	320	0.999936
357	324	0.999924
357	244	0.999745
357	125	0.999244
357	122	0.99938
357	258	0.998988
357	111	0.999834
357	161	0.999123
357	88	0.999116
357	238	0.999055
357	296	0.999957
357	59	0.999334
357	319	0.998836
357	46	0.999607
357	277	0.998956
357	203	0.999766
357	229	0.999459
357	355	0.999942
357	44	0.999635
357	319	0.999372
357	183	0.999058
357	201	0.999924
357	82	0.999905
357	181	0.999281
357	335	0.999654
357	81	0.99912
357	279	0.999151
357	282	0.999621
357	73	0.998823
357	334	0.998959
357	228	0.99994
357	214	0.999003
357	268	0.998849
357	250	0.999586
357	109	0.999656
357	336	0.999335
357	102	0.99948
357	164	0.999406
357	50	0.999944
357	98	0.998944
357	172	0.999034
357	133	0.998937
357	280	0.998849
357	56	0.999686
357	260	0.999714
357	307	0.999983
357	289	0.99969
357	186	0.99932
357	294	0.999512
357	194	0.999338
357	327	0.999004
357	204	0.999989
357	215	0.998971
357	265	0.999969
357	228	0.99934
357	290	0.999721
357	194	0.99957
357	342	0.99994
357	232	0.999623
357	250	0.998849
357	345	0.999662
357	236	0.99898
357	274	0.999054
357	101	0.999819
357	238	0.999899
357	339	0.99923
357	315	0.999646
357	71	0.999163
357	140	0.999834
357	77	0.99937
357	348	0.999154
357	99	0.998867
357	333	0.999593
357	191	0.99956
357	188	0.999943
357	154	0.999397
357	221	0.999559
357	248	0.998841
357	55	0.999086
357	192	0.999718
357	70	0.999446
357	252	0.999017
357	170	0.998986
357	348	0.99969
357	40	0.99881
357	68	0.999792
357	74	0.99976
357	74	0.999352
357	305	0.999718
357	330	0.99898
357	46	0.999897
357	335	0.999964
357	239	0.998899
357	167	0.999677
357	335	0.999468
357	170	0.999075
357	342	0.999315
357	65	0.999601
357	272	0.999158
357	264	0.999283
357	328	0.999576
357	257	0.999123
357	132	0.999761
357	282	0.999938
357	101	0.999002
357	279	0.999525
357	194	0.998824
357	273	0.99903
357	68	0.999928
357	352	0.999338
357	187	0.99881
357	250	0.999086
357	266	0.99883
357	239	0.999905
357	222	0.999324
357	53	0.999396
357	230	0.99943
357	144	0.999851
357	219	0.999981
357	116	0.999625
357	140	0.999723
357	287	0.999068
357	335	0.999908
357	318	0.9994
357	157	0.998837
357	284	0.999601
357	143	0.999384
357	148	0.999356
357	174	0.999545
357	331	0.999235
357	268	0.999508
357	289	0.999548
357	220	0.999196
357	56	0.999928
357	145	0.999098
357	227	0.999616
357	227	0.998922
357	58	0.999693
357	248	0.999275
357	285	0.999415
357	91	0.998961
357	154	0.999599
357	336	0.999054
357	274	0.999115
357	338	0.99952
357	112	0.99891
357	288	0.998928
357	325	0.99931
357	114	0.999133
357	207	0.999826
357	297	0.99995
357	32	0.998874
357	235	0.999988
357	295	0.999291
357	331	0.999047
357	181	0.99959
357	312	0.999711
357	275	0.999754
357	254	0.999223
357	85	0.999103
357	77	0.998899
357	254	0.999457
357	302	0.999055
357	262	0.999585
357	351	0.999211
357	88	0.999089
357	126	0.999427
357	156	0.999378
357	69	0.998951
357	236	0.999665
357	37	0.999477
357	109	0.999784
357	267	0.999729
357	35	0.999993
357	295	0.999617
357	125	0.99953
357	251	0.999634
357	133	0.999029
357	136	0.999027
357	200	0.999126
357	351	0.998867
357	163	0.99918
357	38	0.99917
357	260	0.999827
357	216	0.99901
357	215	0.999908
357	289	0.999785
357	160	0.998971
357	263	0.999108
357	273	0.999438
357	201	0.999253
357	348	0.999184
357	228	0.999177
357	236	0.999631
357	93	0.999893
357	106	0.999199
357	297	0.999811
357	184	0.999915
357	215	0.999386
357	255	0.999872
357	260	0.999277
357	194	0.999667
357	229	0.999721
357	93	0.999499
357	310	0.999104
357	144	0.999672
357	252	0.998967
357	295	0.999638
357	187	0.999283
357	51	0.999681
357	86	0.998963
357	138	0.999386
357	308	0.998994
357	48	0.999968
357	242	0.999378
357	343	0.999198
357	187	0.999653
357	322	0.998963
357	100	0.998965
357	244	0.99957
357	84	0.998887
357	192	0.99886
357	323	0.999182
357	154	0.999111
357	61	0.999409
357	288	0.999437
357	248	0.998998
357	124	0.999092
357	89	0.99901
357	349	0.999661
357	265	0.999482
357	171	0.999068
357	139	0.999507
357	149	0.999732
357	320	0.999958
357	343	0.99991
357	60	0.999691
357	64	0.999164
357	302	0.999288
357	187	0.999457
357	237	0.999977
357	126	0.999219
357	134	0.999729
357	339	0.999708
357	252	0.999183
357	289	0.999208
357	326	0.999508
357	33	0.999164
357	250	0.999939
357	155	0.999013
357	68	0.999233
357	101	0.998979
357	324	0.998839
357	42	0.999661
357	111	0.999998
357	70	0.999201
357	348	0.99978
357	68	0.999768
357	303	0.999659
357	142	0.999692
357	110	0.999925
357	308	0.99953
357	199	0.999068
357	191	0.998974
357	106	0.999072
357	125	0.999925
357	300	0.99957
357	201	0.999586
357	44	0.998992
357	205	0.999607
357	119	0.998855
357	234	0.999363
357	206	0.998822
357	288	0.99959
357	78	0.998876
357	56	0.999623
357	202	0.999296
357	82	0.999004
357	276	0.999745
357	283	0.998866
357	87	0.999147
357	147	0.9999
357	70	0.999202
357	63	0.999827
357	144	0.99969
357	321	0.999879
357	199	0.99991
357	79	0.998856
357	308	0.998843
357	318	0.99896
357	70	0.999473
357	279	0.999079
357	175	0.999955
357	216	0.999451
357	167	0.999222
357	83	0.998875
357	80	0.99936
357	73	0.999351
357	324	0.998917
357	310	0.999952
357	167	0.999939
357	127	0.999739
357	33	0.998948
357	40	0.999072
357	176	0.998992
357	265	0.999711
357	60	0.99914
357	227	0.999553
357	49	0.999208
357	287	0.999659
357	290	0.99898
357	234	0.998819
357	203	0.999232
357	260	0.998816
357	294	0.998944
357	120	0.999313
357	184	0.998807
357	194	0.999778
357	239	0.999609
357	353	0.999755
357	65	0.998979
357	354	0.998969
357	332	0.99932
357	224	0.999117
357	53	0.999164
357	55	0.999011
357	129	0.999591
357	340	0.999882
357	335	0.998931
357	169	0.999957
357	223	0.999145
357	208	0.999239
357	350	0.999328
357	356	0.999764
357	93	0.999469
357	279	0.999132
357	282	0.999168
357	335	0.999539
357	217	0.99973
357	302	0.999857
357	66	0.99922
357	246	0.999242
357	322	0.998917
357	243	0.999758
357	303	0.999567
357	35	0.999933
357	45	0.999549
357	254	0.999235
357	115	0.998988
357	64	0.99935
357	251	0.999233
357	165	0.99886
357	350	0.999075
357	230	0.999837
357	298	0.999108
357	326	0.999641
357	188	0.999298
357	218	0.999773
357	252	0.999316
357	193	0.999823
357	281	0.998978
357	261	0.999407
357	242	0.999951
357	183	0.999403
357	270	0.999207
357	291	0.999807
357	175	0.999848
357	259	0.999235
357	329	0.999184
357	281	0.999006
357	104	0.998956
357	201	0.998838
357	143	0.999592
357	61	0.999601
357	199	0.999053
357	284	0.999444
357	304	0.999776
357	139	0.999392
357	130	0.999638
357	123	0.99987
357	85	0.999519
357	270	0.999079
357	319	0.999306
357	254	0.999095
357	287	0.999876
357	131	0.998838
357	51	0.999591
357	118	0.999866
357	256	0.999988
357	48	0.999022
357	302	0.999178
357	113	0.999266
357	230	0.999743
357	224	0.999449
357	287	0.999825
357	84	0.99979
357	49	0.999058
357	37	0.999459
357	75	0.999691
357	250	0.999405
357	104	0.999901
357	93	0.999085
357	187	0.998994
357	302	0.999724
357	298	0.999372
357	96	0.999702
357	239	0.999771
357	296	0.998937
357	220	0.999811
357	198	0.999746
357	212	0.99924
357	250	0.998833
357	326	0.999056
357	315	0.999716
357	334	0.999182
357	121	0.999133
357	131	0.999828
357	223	0.99992
357	38	0.998879
357	288	0.999553
357	124	0.999548
357	104	0.999278
357	186	0.999578
357	225	0.999213
357	178	0.999753
357	178	0.999118
357	141	0.999339
357	183	0.999953
357	45	0.999599
357	102	0.998981
357	82	0.999678
357	68	0.998836
357	154	0.99921
357	267	0.999028
357	101	0.998912
357	248	0.999234
357	102	0.998889
357	130	0.999043
357	104	0.999795
357	78	0.999152
357	203	0.999742
357	98	0.999109
357	254	0.999495
357	171	0.999041
357	286	0.999537
357	116	0.9997
357	344	0.999961
357	39	0.999283
357	50	0.999722
357	82	0.999868
357	115	0.99963
357	136	0.999491
357	348	0.999798
357	214	0.999381
357	152	0.999908
357	122	0.999947
357	201	0.998926
357	183	0.999248
357	183	0.999384
357	96	0.999675
357	80	0.999801
357	256	0.999151
357	167	0.998948
357	151	0.999308
357	174	0.998969
357	206	0.998851
357	166	0.99937
357	326	0.999393
357	45	0.998935
357	317	0.999704
357	322	0.999568
357	298	0.999097
357	146	0.999862
357	105	0.998953
357	160	0.999487
357	251	0.999513
357	264	0.9998
357	188	0.999378
357	275	0.999927
357	191	0.99991
357	204	0.998907
357	196	0.999428
357	228	0.999092
357	341	0.999222
357	176	0.999188
357	37	0.999432
357	356	0.999065
357	211	0.999098
357	342	0.999936
357	38	0.999495
357	100	0.999275
357	164	0.999044
357	137	0.99992
357	249	0.999272
357	58	0.999402
357	112	0.999389
357	49	0.99985
357	152	0.99982
357	203	0.998991
357	213	0.99979
357	326	0.999777
357	351	0.999041
357	254	0.999139
357	340	0.999889
357	103	0.999462
357	165	0.999089
357	287	0.999692
357	238	0.999649
357	297	0.999641
357	184	0.999538
357	109	0.999252
357	187	0.999013
357	292	0.999551
357	237	0.999357
357	156	0.998818
357	173	0.999513
357	112	0.999471
357	113	0.999395
357	119	0.99926
357	320	0.999999
357	60	0.999771
357	103	0.999616
357	176	0.999118
357	40	0.999919
357	208	0.999473
357	202	0.999137
357	345	0.999562
357	236	0.999066
357	292	0.999656
357	316	0.998943
357	235	0.998891
357	270	0.999106
357	232	0.999705
357	218	0.998938
357	169	0.999864
357	172	0.999222
357	325	0.99885
357	209	0.99929
357	133	0.999599
357	128	0.999194
357	280	0.999802
357	340	0.999327
357	114	0.9999
357	130	0.999248
357	267	0.999327
357	59	0.999071
357	208	0.999343
357	261	0.999712
357	207	0.999893
357	197	0.999344
357	185	0.999256
357	284	0.999754
357	41	0.999483
357	81	0.999736
357	280	0.999572
357	71	0.999563
357	243	0.999029
357	215	0.998875
357	294	0.999444
357	220	0.99883
357	111	0.999654
357	349	0.998917
357	334	0.999617
357	218	0.999894
357	91	0.999794
357	115	0.99924
357	168	0.998919
357	177	0.99886
357	63	0.999987
357	37	0.999133
357	106	0.998991
357	58	0.999971
357	326	0.998884
357	131	0.999188
357	289	0.999495
357	140	0.998966
357	130	0.99925
357	73	0.999559
357	96	0.999595
357	157	0.999687
357	123	0.999564
357	262	0.999425
357	323	0.998962
357	248	0.999033
357	50	0.999922
357	111	0.999133
357	210	0.999213
357	151	0.999228
357	163	0.998967
357	320	0.999325
357	242	0.999984
357	169	0.999539
357	258	0.999358
357	356	0.999568
357	86	0.999908
357	245	0.999573
357	177	0.998916
357	350	0.999351
357	59	0.999813
357	144	0.999875
357	74	0.998929
357	82	0.998977
357	94	0.999728
357	260	0.999977
357	55	0.99885
357	308	0.999711
357	120	0.999931
357	91	0.99913
357	64	0.999864
357	66	0.99993
357	134	0.999848
357	311	0.998994
357	75	0.999185
357	201	0.999062
357	267	0.998946
357	204	0.999785
357	159	0.998869
357	184	0.999574
357	44	0.998935
357	91	0.998926
357	89	0.99997
357	245	0.999365
357	335	0.999632
357	213	0.999288
357	163	0.999938
357	145	0.998898
357	94	0.999854
357	121	0.999397
357	67	0.998949
357	272	0.999046
357	314	0.99924
357	356	0.99906
357	229	0.998904
357	95	0.9996
357	83	0.999833
357	140	0.999739
357	353	0.999955
357	156	0.999411
357	32	0.999358
357	258	0.999451
357	355	0.999345
357	278	0.999681
357	255	0.999423
357	141	0.999915
357	288	0.999581
357	305	0.999041
357	300	0.999659
357	353	0.999496
357	40	0.999054
357	99	0.99898
357	230	0.999561
357	250	0.998837
357	281	0.99953
357	253	0.999251
357	269	0.999893
357	236	0.999924
357	253	0.999506
357	294	0.999834
357	174	0.999047
357	354	0.99887
357	171	0.999801
357	59	0.999582
357	251	0.998912
357	167	0.999981
357	355	0.999272
357	324	0.999117
357	263	0.998814
357	92	0.999887
357	137	0.999619
357	262	0.999064
357	310	0.998897
357	301	0.999308
357	210	0.999667
357	225	0.999654
357	285	0.999349
357	200	0.999611
357	85	0.999684
357	175	0.999196
357	316	0.999059
357	45	0.99911
357	249	0.99958
357	122	0.999768
357	310	0.999551
357	73	0.998839
357	270	0.99881
357	294	0.999875
357	179	0.999351
357	186	0.999211
357	126	0.999086
357	88	0.999149
357	247	0.999893
357	258	0.999424
357	285	0.998944
357	164	0.999748
357	220	0.999568
357	160	0.99935
357	133	0.999702
357	73	0.999494
357	110	0.998962
357	158	0.99912
357	277	0.999699
357	325	0.999465
357	126	0.999611
357	111	0.999522
357	316	0.999442
357	356	0.998817
357	100	0.999841
357	237	0.999796
357	346	0.999282
357	276	0.999741
357	219	0.999832
357	176	0.999685
357	135	0.999759
357	50	0.998948
357	190	0.999517
357	44	0.999564
357	253	0.999625
357	103	0.999
357	211	0.998991
357	246	0.999916
357	109	0.9997
357	236	0.999652
357	287	0.999016
357	200	0.999044
357	296	0.999612
357	194	0.999452
357	264	0.999436
357	289	0.998888
357	342	0.999455
357	243	0.999124
357	41	0.999946
357	353	0.999147
357	225	0.999766
357	89	0.999241
357	332	0.999973
357	332	0.999798
357	99	0.999759
357	96	0.999604
357	161	0.999233
357	338	0.999543
357	192	0.9998
357	190	0.998889
357	306	0.998915
357	226	0.999693
357	199	0.999981
357	350	0.999158
357	202	0.998944
357	97	0.999428
357	71	0.999433
357	123	0.999034
357	132	0.999101
357	103	0.999615
357	206	0.999071
357	316	0.999652
357	124	0.99965
357	86	0.998918
357	305	0.999178
357	139	0.999844
357	84	0.999689
357	134	0.999451
357	305	0.999105
357	109	0.998972
357	214	0.999938
357	258	0.99885
357	324	0.999513
357	244	0.999619
357	62	0.999927
357	240	0.999351
357	279	0.999153
357	323	0.999003
357	82	0.999559
357	104	0.999675
357	70	0.999405
357	131	0.998856
357	40	0.999253
357	220	0.999139
357	74	0.999498
357	37	0.999177
357	207	0.998897
357	60	0.998861
357	135	0.99896
357	244	0.999307
357	55	0.999539
357	45	0.999034
357	299	0.999129
357	325	0.999936
357	260	0.99895
357	349	0.999427
357	88	0.999387
357	115	0.999729
357	237	0.998901
357	114	0.999141
357	195	0.998955
357	81	0.999118
357	274	0.999155
357	89	0.998949
357	122	0.999646
357	198	0.999876
357	39	0.999857
357	285	0.999236
357	264	0.999496
357	267	0.998938
357	286	0.999538
357	94	0.998998
357	356	0.998946
357	320	0.999643
357	245	0.99971
357	54	0.999096
357	121	0.999445
357	150	0.999168
357	186	0.999065
357	60	0.999314
357	153	0.998988
357	42	0.999607
357	112	0.99986
357	169	0.99907
357	203	0.999102
357	109	0.99934
357	244	0.999109
357	306	0.999743
357	305	0.999444
357	220	0.999807
357	273	0.998924
357	213	0.999423
357	63	0.998891
357	191	0.999873
357	235	0.998944
357	139	0.999426
357	191	0.999739
357	319	0.99973
357	130	0.999659
357	98	0.999773
357	262	0.99894
357	226	0.999289
357	276	0.999055
357	241	0.999932
357	48	0.999284
357	42	0.998924
357	50	0.999628
357	204	0.999634
357	209	0.99952
357	250	0.999172
357	347	0.999233
357	236	0.999149
357	57	0.9998
357	296	0.999501
357	310	0.999369
357	185	0.999394
357	306	0.999773
357	82	0.999514
357	186	0.999946
357	277	0.999064
357	321	0.999077
357	121	0.999629
357	194	0.99982
357	72	0.999233
357	160	0.998903
357	38	0.999862
357	70	0.999847
357	153	0.999154
357	177	0.99924
357	186	0.999981
357	355	0.99942
357	300	0.999544
357	308	0.999654
357	299	0.999096
357	214	0.999833
357	89	0.999296
357	277	0.999539
357	194	0.999747
357	78	0.999288
357	256	0.99985
357	59	0.999141
357	41	0.999256
357	315	0.999631
357	164	0.999239
357	33	0.999349
357	300	0.999426
357	105	0.999053
357	338	0.999306
357	243	0.999648
357	353	0.999103
357	258	0.999777
357	43	0.99979
357	307	0.999647
357	242	0.999122
357	144	0.999413
357	314	0.999696
357	32	0.999685
357	169	0.999937
357	49	0.999431
357	107	0.999749
357	261	0.998906
357	39	0.999091
357	246	0.999864
357	315	0.999389
357	214	0.998887
357	145	0.998841
357	178	0.999551
357	104	0.999341
357	235	0.999474
357	305	0.999681
357	51	0.999216
357	39	0.999946
357	272	0.999505
357	190	0.999209
357	137	0.999674
357	142	0.998874
357	135	0.999937
357	155	0.999481
357	148	0.99992
357	224	0.999721
357	225	0.998866
357	345	0.99936
357	129	0.999635
357	346	0.999239
357	235	0.999556
357	283	0.999708
357	75	0.998884
357	53	0.999678
357	328	0.999006
357	124	0.999493
357	125	0.999456
357	65	0.99926
357	131	0.998946
357	178	0.999033
357	287	0.999078
357	106	0.999108
357	72	0.999388
357	241	0.999217
357	255	0.9998
357	75	0.998907
357	75	0.998992
357	234	0.998884
357	177	0.999325
357	289	0.999306
357	241	0.998977
357	261	0.999402
357	215	0.999362
357	330	0.998911
357	278	0.99913
357	241	0.999081
357	266	0.99964
357	304	0.999115
357	294	0.999405
357	273	0.999002
357	229	0.999894
357	73	0.999
357	211	0.999679
357	281	0.999989
357	102	0.999089
357	39	0.999018
357	135	0.998986
357	38	0.99922
357	300	0.999518
357	270	0.998934
357	273	0.999728
357	310	0.999737
357	334	0.999634
357	116	0.999511
357	225	0.998856
357	77	0.999627
357	317	0.999241
357	194	0.999037
357	213	0.999575
357	294	0.999544
357	291	0.999221
357	57	0.999333
357	165	0.999909
357	257	0.998968
357	251	0.998968
357	174	0.999321
357	224	0.999157
357	124	0.999325
357	346	0.999841
357	318	0.999644
357	102	0.999238
357	139	0.99981
357	325	0.999248
357	352	0.998969
357	237	0.999427
357	320	0.999871
357	186	0.999043
357	187	0.999053
357	234	0.999555
357	62	0.998994
357	223	0.999927
357	53	0.999607
357	117	0.998912
357	99	0.99984
357	258	0.999691
357	256	0.999557
357	329	0.999829
357	197	0.999172
357	203	0.999937
357	87	0.999296
357	95	0.999504
357	216	0.999207
357	280	0.99924
357	353	0.999254
357	284	0.999166
357	319	0.99934
357	77	0.999612
357	193	0.999434
357	318	0.999663
357	291	0.999267
357	271	0.999975
357	105	0.999259
357	125	0.999167
357	102	0.999846
357	261	0.99992
357	202	0.999865
357	353	0.999108
357	119	0.999901
357	133	0.999178
357	349	0.999129
357	224	0.999341
357	183	0.999151
357	235	0.99981
357	210	0.999507
357	304	0.998917
357	225	0.999437
357	136	0.998833
357	225	0.999186
357	76	0.998898
357	116	0.999754
357	65	0.999973
357	233	0.999702
357	356	0.999728
357	193	0.99893
357	68	0.998922
357	299	0.99931
357	240	0.999693
357	341	0.999414
357	221	0.999217
357	292	0.998875
357	133	0.999607
357	329	0.999795
357	65	0.999821
357	223	0.999575
357	334	0.999449
357	349	0.999259
357	115	0.99986
357	170	0.99906
357	274	0.99957
357	116	0.999216
357	284	0.999925
357	280	0.999276
357	43	0.999666
357	85	0.998996
357	98	0.999559
357	233	0.99885
357	57	0.999912
357	110	0.999994
357	151	0.999301
357	244	0.999403
357	137	0.999635
357	241	0.99904
357	83	0.999239
357	92	0.999862
357	177	0.999334
357	195	0.999499
357	76	0.999537
357	266	0.999594
357	338	0.999487
357	171	0.999386
357	307	0.999916
357	313	0.998919
357	261	0.999956
357	66	0.998872
357	312	0.999684
357	222	0.999909
357	42	0.999309
357	294	0.998839
357	286	0.999215
357	147	0.999439
357	288	0.999303
357	329	0.999134
357	125	0.998838
357	134	0.999278
357	342	0.999434
357	222	0.999846
357	261	0.99985
357	298	0.998891
357	291	0.999397
357	278	0.999785
357	191	0.999
357	164	0.999925
357	139	0.999405
357	162	0.999659
357	300	0.999358
357	95	0.999995
357	278	0.999632
357	43	0.998906
357	140	0.998842
357	292	0.999562
357	276	0.999442
357	123	0.999433
357	139	0.999304
357	266	0.999491
357	213	0.999785
357	50	0.999877
357	134	0.998905
357	107	0.999491
357	310	0.99886
357	288	0.999244
357	125	0.999117
357	322	0.999826
357	91	0.999362
357	202	0.999499
357	99	0.999277
357	351	0.999
357	228	0.999815
357	315	0.999418
357	354	0.999499
357	263	0.999282
357	192	0.999346
357	201	0.99994
357	318	0.999163
357	61	0.999784
357	258	0.998934
357	268	0.999796
357	331	0.999393
357	154	0.999742
357	353	0.998961
357	348	0.999087
357	153	0.999273
357	97	0.999225
357	213	0.999612
357	164	0.998922
357	189	0.998912
357	193	0.999969
357	162	0.999655
357	246	0.998915
357	64	0.999579
357	81	0.999349
357	123	0.999347
357	202	0.999392
357	158	0.999245
357	280	0.999488
357	254	0.999266
357	37	0.999947
357	240	0.99888
357	171	0.999906
357	342	0.99911
357	47	0.999621
357	235	0.999383
357	345	0.999432
357	246	0.999349
357	276	0.999767
357	268	0.999827
357	68	0.99935
357	232	0.999059
357	89	0.999968
357	215	0.999958
357	141	0.999085
357	345	0.999168
357	231	0.999563
357	213	0.999691
357	284	0.998869
357	210	0.99918
357	105	0.999355
357	337	0.999406
357	202	0.999109
357	159	0.999085
357	300	0.999773
357	36	0.999508
357	196	0.999003
357	59	0.999425
357	268	0.999536
357	244	0.999108
357	288	0.99984
357	338	0.999832
357	337	0.998832
357	125	0.999877
357	234	0.999471
357	247	0.999623
357	169	0.998879
357	76	0.999257
357	212	0.999722
357	43	0.999062
357	122	0.999196
357	165	0.999464
357	155	0.999879
357	233	0.999033
357	58	0.999582
357	222	0.99937
357	90	0.999012
357	178	0.999792
357	279	0.99916
357	299	0.999194
357	69	0.999302
357	144	0.999623
357	69	0.999797
357	59	0.999555
357	76	0.9999
357	80	0.999412
357	303	0.99985
357	118	0.999099
357	108	0.9998
357	288	0.999689
357	171	0.99973
357	176	0.999709
357	234	0.999944
357	72	0.999493
357	207	0.999105
357	331	0.999957
357	239	0.99966
357	131	0.999531
357	190	0.999105
357	322	0.999238
357	307	0.99936
357	138	0.999875
357	338	0.999298
357	88	0.999734
357	90	0.999869
357	140	0.999845
357	184	0.999882
357	185	0.999375
357	144	0.998986
357	127	0.999766
357	342	0.999151
357	279	0.99974
357	69	0.998998
357	184	0.998981
357	150	0.99989
357	293	0.998823
357	44	0.998832
357	337	0.999201
357	348	0.999011
357	203	0.998894
357	210	0.999118
357	345	0.999202
357	145	0.999842
357	239	0.998829
357	61	0.999409
357	310	0.998962
357	157	0.998925
357	306	0.999848
357	219	0.999161
357	227	0.999097
357	242	0.999091
357	147	0.999191
357	291	0.999964
357	228	0.999334
357	139	0.999624
357	50	0.999675
357	320	0.999331
357	136	0.999209
357	287	0.999166
357	54	0.999407
357	353	0.999601
357	168	0.998916
357	100	0.998946
357	303	0.998878
357	52	0.999279
357	204	0.999842
357	314	0.999512
357	264	0.999284
357	322	0.999592
357	73	0.999524
357	53	0.999615
357	199	0.998866
357	260	0.999463
357	59	0.999426
357	303	0.999918
357	99	0.999043
357	153	0.999331
357	167	0.999926
357	91	0.99913
357	249	0.999098
357	175	0.999586
357	39	0.999199
357	88	0.998968
357	123	0.999091
357	47	0.998874
357	289	0.999535
357	188	0.99905
357	93	0.998999
357	107	0.999036
357	103	0.99994
357	196	0.999071
357	94	0.999834
357	343	0.999426
357	221	0.999056
357	281	0.99919
357	331	0.998832
357	180	0.999021
357	136	0.999809
357	183	0.99942
357	60	0.999278
357	178	0.999259
357	109	0.999295
357	183	0.999114
357	267	0.999732
357	314	0.999185
357	111	0.999512
357	276	0.999259
357	127	0.999971
357	74	0.998968
357	67	0.999987
357	290	0.998838
357	102	0.999362
357	110	0.998894
357	100	0.999672
357	149	0.999752
357	200	0.999611
357	230	0.999025
357	163	0.999126
357	174	0.999599
357	240	0.99939
357	306	0.998894
357	286	0.999747
357	239	0.999637
357	216	0.99927
357	61	0.998975
357	268	0.999634
357	221	0.999351
357	192	0.999283
357	295	0.998823
357	35	0.999146
357	202	0.999525
357	242	0.999334
357	201	0.999314
357	299	0.998887
357	93	0.99895
357	54	0.999853
357	284	0.998878
357	77	0.999726
357	100	0.999544
357	346	0.99892
357	180	0.999215
357	312	0.999758
357	331	0.99991
357	337	0.999659
357	88	0.999496
357	325	0.999857
357	150	0.999091
357	309	0.999629
357	152	0.999623
357	89	0.99895
357	341	0.999202
357	335	0.999504
357	66	0.998948
357	32	0.999685
357	80	0.999215
357	103	0.999449
357	274	0.999003
357	191	0.999369
357	356	0.999018
357	68	0.99906
357	237	0.999253
357	275	0.999827
357	148	0.999816
357	221	0.999486
357	230	0.998929
357	199	0.999352
357	338	0.999803
357	122	0.999926
357	71	0.999442
357	212	0.999403
357	90	0.99993
357	248	0.999804
357	232	0.999211
357	292	0.999091
357	161	0.999526
357	60	0.999672
357	86	0.998843
357	183	0.999584
357	321	0.998873
357	113	0.998885
357	325	0.999821
357	180	0.999075
357	296	0.999186
357	263	0.99977
357	279	0.998917
357	343	0.999301
357	74	0.999777
357	280	0.999423
357	180	0.999955
357	92	0.999496
357	65	0.999683
357	272	0.999666
357	151	0.999784
357	141	0.999936
357	139	0.999293
357	192	0.999686
357	93	0.999625
357	170	0.999955
357	124	0.999864
357	322	0.999597
357	297	0.999118
357	216	0.999006
357	219	0.998961
357	256	0.999025
357	199	0.999538
357	62	0.999272
357	183	0.999326
357	74	0.999496
357	181	0.999605
357	151	0.998948
357	223	0.999914
357	179	0.999037
357	155	0.999993
357	214	0.999245
357	319	0.999969
357	66	0.99899
357	80	0.999488
357	345	0.999722
357	335	0.999752
357	288	0.999062
357	212	0.999002
357	350	0.999795
357	75	0.999183
357	120	0.999033
357	253	0.999939
357	187	0.998855
357	274	0.999222
357	295	0.99895
357	269	0.999983
357	268	0.999751
357	141	0.999835
357	305	0.998923
357	124	0.999765
357	350	0.999096
357	45	0.999728
357	136	0.998831
357	329	0.999677
357	219	0.999905
357	302	0.999013
357	263	0.998993
357	214	0.999926
357	250	0.999831
357	321	0.998969
357	241	0.999009
357	106	0.999894
357	155	0.999983
357	353	0.999071
357	206	0.999518
357	143	0.999494
357	278	0.999999
357	94	0.99907
357	133	0.999659
357	285	0.999405
357	84	0.999813
357	33	0.999795
357	184	0.999079
357	36	0.999606
357	344	0.999624
357	181	0.998847
357	252	0.998816
357	287	0.999827
357	219	0.999506
357	331	0.99973
357	184	0.999089
357	75	0.999579
357	82	0.999152
357	278	0.999728
357	82	0.999436
357	245	0.999708
357	127	0.999315
357	58	0.998861
357	275	0.999332
357	278	0.999663
357	195	0.999805
357	237	0.99931
357	150	0.999946
357	320	0.999134
357	348	0.999895
357	138	0.999227
357	247	0.9994
357	118	0.999434
357	187	0.999178
357	193	0.999103
357	334	0.99911
357	180	0.999281
357	332	0.99972
357	33	0.99922
357	303	0.999897
357	142	0.998971
357	211	0.999002
357	188	0.999164
357	288	0.99907
357	298	0.998875
357	307	0.99998
357	273	0.999242
357	193	0.99969
357	309	0.9997
357	162	0.999858
357	195	0.999538
357	40	0.999983
357	315	0.998872
357	306	0.998884
357	264	0.999675
357	343	0.999944
357	41	0.999875
357	234	0.999287
357	347	0.999068
357	43	0.999179
357	144	0.999449
357	132	0.999194
357	297	0.999341
357	237	0.999745
357	158	0.999054
357	124	0.999486
357	336	0.998949
357	35	0.999525
357	226	0.999912
357	351	0.999764
357	112	0.999164
357	231	0.999294
357	172	0.999944
357	282	0.999715
357	69	0.999677
357	88	0.999841
357	211	0.999167
357	197	0.999285
357	72	0.999205
357	164	0.999444
357	211	0.999908
357	315	0.99893
357	82	0.998936
357	110	0.999061
357	219	0.998844
357	144	0.998994
357	132	0.99959
357	295	0.999134
357	63	0.99977
357	331	0.999228
357	346	0.999384
357	332	0.999593
357	342	0.999046
357	88	0.998906
357	356	0.998969
357	42	0.998893
357	159	0.999893
357	98	0.999721
357	324	0.999458
357	354	0.998866
357	203	0.999421
357	212	0.999999
357	72	0.999746
357	337	0.999789
357	137	0.998938
357	195	0.999033
357	93	0.999549
357	156	0.998886
357	78	0.999036
357	44	0.998818
357	61	0.998857
357	60	0.999613
357	119	0.999578
357	40	0.998895
357	78	0.999205
357	176	0.999128
357	85	0.999363
357	194	0.999143
357	85	0.99896
357	116	0.998923
357	209	0.999505
357	166	0.999582
357	343	0.99883
357	61	0.999159
357	217	0.998853
357	111	0.99999
357	264	0.999501
357	156	0.999543
357	250	0.999308
357	266	0.999846
357	201	0.999942
357	86	0.999433
357	123	0.999499
357	157	0.998912
357	261	0.999415
357	246	0.998935
357	154	0.999061
357	88	0.999345
357	38	0.998971
357	316	0.999798
357	300	0.999164
357	86	0.999511
357	175	0.999108
357	339	0.999335
357	80	0.99969
357	216	0.999495
357	174	0.998963
357	322	0.998948
357	119	0.99936
357	322	0.999623
357	230	0.998882
357	271	0.999575
357	61	0.999732
357	94	0.999288
357	316	0.999483
357	350	0.999397
357	175	0.999203
357	33	0.999597
357	157	0.999905
357	160	0.999804
357	340	0.999226
357	166	0.999281
357	221	0.999611
357	228	0.999913
357	350	0.99896
357	345	0.998885
357	312	0.99956
357	96	0.999267
357	276	0.999697
357	176	0.999003
357	229	0.99922
357	40	0.99919
357	102	0.99913
357	231	0.999103
357	349	0.999573
357	318	0.999112
357	97	0.999572
357	312	0.999921
357	203	0.999572
357	186	0.999381
357	189	0.99997
357	288	0.999163
357	148	0.999717
357	280	0.999778
357	34	0.999456
357	174	0.999673
357	94	0.999992
357	115	0.998849
357	261	0.999454
357	154	0.998867
357	246	0.999598
357	304	0.999857
357	80	0.999102
357	356	0.998941
357	202	0.99982
357	80	0.999073
357	34	0.999246
357	91	0.998929
357	203	0.999613
357	245	0.999279
357	45	0.999265
357	64	0.998905
357	272	0.998822
357	89	0.999349
357	339	0.999675
357	126	0.998867
357	239	0.999932
357	246	0.999229
357	142	0.999031
357	227	0.999214
357	187	0.999973
357	221	0.999084
357	322	0.999239
357	306	0.999631
357	187	0.999157
357	168	0.999962
357	333	0.999375
357	143	0.999437
357	225	0.999736
357	158	0.999601
357	127	0.999369
357	119	0.999624
357	212	0.999109
357	101	0.999371
357	150	0.998996
357	174	0.999492
357	331	0.999634
357	106	0.999085
357	281	0.999905
357	304	0.999081
357	345	0.999715
357	224	0.998838
357	328	0.99968
357	334	0.999029
357	341	0.999709
357	270	0.999465
357	274	0.999302
357	248	0.999606
357	349	0.998884
357	336	0.999755
357	194	0.999089
357	158	0.999273
357	142	0.999957
357	290	0.998837
357	270	0.999724
357	55	0.999706
357	201	0.999638
357	135	0.998899
357	195	0.999891
357	184	0.999194
357	273	0.999932
357	315	0.999098
357	150	0.999529
357	231	0.999609
357	252	0.999054
357	227	0.999857
357	111	0.999205
357	132	0.999805
357	337	0.999517
357	300	0.999517
357	149	0.999004
357	128	0.999397
357	57	0.999711
357	53	0.999017
357	230	0.999711
357	137	0.998934
357	307	0.998848
357	318	0.999525
357	199	0.99909
357	125	0.998931
357	155	0.999203
357	208	0.999254
357	209	0.998833
357	269	0.999858
357	306	0.999369
357	262	0.99951
357	51	0.999165
357	100	0.999234
357	89	0.99972
357	242	0.999869
357	209	0.99886
357	181	0.999937
357	345	0.999822
357	90	0.999821
357	322	0.999871
357	354	0.999501
357	342	0.998844
357	203	0.998894
357	35	0.999801
357	334	0.999073
357	170	0.999114
357	351	0.999704
357	43	0.999424
357	305	0.998929
357	195	0.998954
357	199	0.999209
357	250	0.999671
357	225	0.998813
357	122	0.999957
357	325	0.999606
357	127	0.998812
357	231	0.998822
357	171	0.999141
357	278	0.999334
357	105	0.999
357	38	0.99882
357	106	0.999084
357	64	0.999235
357	58	0.99932
357	73	0.999767
357	79	0.99998
357	286	0.999009
357	266	0.999313
357	145	0.999279
357	222	0.998879
357	72	0.99982
357	232	0.998816
357	328	0.999303
357	153	0.998831
357	303	0.999518
357	105	0.999499
357	171	0.999309
357	251	0.999493
357	328	0.999449
357	85	0.999684
357	93	0.999085
357	197	0.999182
357	338	0.999969
357	55	0.999446
357	290	0.999697
357	164	0.999745
357	300	0.999493
357	77	0.999674
357	257	0.999471
357	299	0.999499
357	323	0.999831
357	60	0.998973
357	325	0.999732
357	257	0.999745
357	208	0.999074
357	192	0.999251
357	301	0.998827
357	115	0.999011
357	41	0.999807
357	327	0.999933
357	68	0.99885
357	223	0.999421
357	211	0.998923
357	282	0.999556
357	333	0.999967
357	238	0.999465
357	133	0.999449
357	325	0.999046
357	354	0.999921
357	168	0.999866
357	334	0.999124
357	232	0.999998
357	70	0.999745
357	269	0.999879
357	304	0.999748
357	109	0.999412
357	154	0.99969
357	114	0.999498
357	134	0.999146
357	304	0.999455
357	351	0.999065
357	340	0.999716
357	194	0.999779
357	131	0.999288
357	96	0.998899
357	326	0.999449
357	179	0.999356
357	325	0.999914
357	136	0.999612
357	143	0.999241
357	324	0.999464
357	141	0.998998
357	281	0.999285
357	298	0.998884
357	277	0.998929
357	138	0.999723
357	261	0.999513
357	96	0.999362
357	141	0.999431
357	45	0.999389
357	116	0.998944
357	74	0.999705
357	145	0.999154
357	184	0.999183
357	328	0.999158
357	125	0.999382
357	188	0.999241
357	309	0.999951
357	353	0.999073
357	306	0.999961
357	212	0.999924
357	40	0.999343
357	53	0.999357
357	110	0.998879
357	344	0.999189
357	107	0.999089
357	42	0.999347
357	250	0.999531
357	196	0.999134
357	267	0.998849
357	143	0.999554
357	216	0.999661
357	247	0.999512
357	54	0.999048
357	177	0.999637
357	58	0.99956
357	253	0.998879
357	167	0.999149
357	93	0.999387
357	78	0.999226
357	196	0.999839
357	45	0.999282
357	53	0.999027
357	183	0.998889
357	124	0.999727
357	295	0.999266
357	167	0.999652
357	214	0.998823
357	269	0.999273
357	217	0.999445
357	106	0.998928
357	97	0.999377
357	130	0.999544
357	305	0.999004
357	231	0.99925
357	123	0.998935
357	311	0.999934
357	125	0.998955
357	238	0.999715
357	284	0.99936
357	201	0.999946
357	248	0.998967
357	204	0.999619
357	285	0.999431
357	226	0.99995
357	229	0.99913
357	127	0.998996
357	57	0.998968
357	241	0.999344
357	155	0.999539
357	311	0.999296
357	355	0.999423
357	268	0.999017
357	120	0.999629
357	221	0.999034
357	234	0.999591
357	108	0.999595
357	85	0.99925
357	81	0.999028
357	210	0.998887
357	92	0.99911
357	254	0.999199
357	122	0.999185
357	322	0.999662
357	265	0.999862
357	137	0.999339
357	319	0.999785
357	224	0.998975
357	267	0.999139
357	102	0.998818
357	292	0.99925
357	72	0.999197
357	95	0.999021
357	148	0.999562
357	81	0.999332
357	48	0.999593
357	88	0.999003
357	76	0.99924
357	82	0.999819
357	297	0.99993
357	56	0.999092
357	221	0.999389
357	338	0.999071
357	71	0.999159
357	140	0.998931
357	167	0.99963
357	254	0.999798
357	221	0.999239
357	69	0.999662
357	343	0.999584
357	277	0.999179
357	126	0.998975
357	347	0.999644
357	279	0.999355
357	82	0.999374
357	287	0.999246
357	319	0.999434
357	93	0.999529
357	139	0.999543
357	132	0.999499
357	35	0.999998
357	64	0.999579
357	254	0.999856
357	122	0.999004
357	275	0.999313
357	152	0.999865
357	260	0.999461
357	258	0.999663
357	74	0.999703
357	103	0.999857
357	177	0.999687
357	219	0.999473
357	50	0.999998
357	282	0.999969
357	168	0.999668
357	311	0.999396
357	63	0.999085
357	43	0.999976
357	281	0.999048
357	253	0.999642
357	213	0.999277
357	190	0.999029
357	319	0.998827
357	332	0.999974
357	49	0.998998
357	331	0.999303
357	177	0.999464
357	46	0.999504
357	172	0.99883
357	71	0.999804
357	279	0.99891
357	205	0.998981
357	148	0.998845
357	244	0.998916
357	259	0.999774
357	130	0.999724
357	146	0.999564
357	110	0.999777
357	146	0.999462
357	294	0.998812
357	254	0.999632
357	147	0.999438
357	34	0.999883
357	271	0.998996
357	183	0.999502
357	274	0.999681
357	64	0.999807
357	189	0.999417
357	316	0.999615
357	79	0.999711
357	294	0.998972
357	111	0.998895
357	221	0.99905
357	56	0.999293
357	275	0.999233
357	336	0.999784
357	317	0.998931
357	328	0.999084
357	43	0.999112
357	126	0.999203
357	157	0.998926
357	180	0.999587
357	348	0.99965
357	307	0.999499
357	329	0.999228
357	168	0.999055
357	124	0.999623
357	118	0.99927
357	149	0.999699
357	338	0.999721
357	133	0.99886
357	216	0.999141
357	301	0.999492
357	85	0.99985
357	287	0.999349
357	144	0.999901
357	37	0.999471
357	66	0.999794
357	253	0.998898
357	304	0.998937
357	207	0.999584
357	305	0.99998
357	353	0.999118
357	114	0.998807
357	216	0.999535
357	145	0.999742
357	227	0.999642
357	224	0.998922
357	330	0.998965
357	116	0.999381
357	99	0.999132
357	225	0.998848
357	333	0.999754
357	119	0.999304
357	206	0.999526
357	261	0.999536
357	308	0.999499
357	171	0.999008
357	147	0.999232
357	269	0.999603
357	265	0.999617
357	144	0.999304
357	122	0.999643
357	44	0.999067
357	349	0.999919
357	256	0.999081
357	270	0.998829
357	339	0.998986
357	56	0.998992
357	346	0.999671
357	184	0.999134
357	162	0.999667
357	237	0.999612
357	247	0.999617
357	36	0.999502
357	253	0.99926
357	108	0.998851
357	268	0.999621
357	223	0.99958
357	36	0.998824
357	194	0.999451
357	246	0.999374
357	258	0.999071
357	156	0.999809
357	201	0.999723
357	233	0.999199
357	303	0.999419
357	254	0.99911
357	248	0.99995
357	289	0.99945
357	349	0.998992
357	174	0.999821
357	122	0.999204
357	314	0.998853
357	312	0.999025
357	42	0.999556
357	320	0.999052
357	257	0.999052
357	216	0.998917
357	46	0.999885
357	67	0.999328
357	150	0.999409
357	320	0.999134
357	145	0.999491
357	240	0.99931
357	306	0.999817
357	168	0.999901
357	354	0.999489
357	185	0.999863
357	336	0.999681
357	340	0.999179
357	344	0.999722
357	231	0.998961
357	46	0.999449
357	349	0.999191
357	317	0.999116
357	103	0.999976
357	189	0.999685
357	170	0.999854
357	121	0.999693
357	304	0.999189
357	107	0.999636
357	57	0.999418
357	214	0.9999
357	38	0.999452
357	291	0.999952
357	329	0.999449
357	224	0.99931
357	51	0.999248
357	294	0.999324
357	85	0.99927
357	210	0.99945
357	217	0.998813
357	244	0.999427
357	174	0.999669
357	57	0.998898
357	130	0.99976
357	345	0.999912
357	325	0.999222
357	272	0.999194
357	157	0.999748
357	158	0.999381
357	97	0.999264
357	148	0.999387
357	261	0.999202
357	49	0.999003
357	65	0.999776
357	307	0.998971
357	68	0.999974
357	308	0.999345
357	256	0.999461
357	154	0.999673
357	218	0.999685
357	112	0.999616
357	222	0.99899
357	210	0.999282
357	225	0.999463
357	219	0.999157
357	346	0.999575
357	58	0.999199
357	256	0.999339
357	50	0.999624
357	181	0.999504
357	173	0.99921
357	251	0.99895
357	171	0.999918
357	256	0.999808
357	81	0.999847
357	305	0.99966
357	337	0.999009
357	143	0.999927
357	83	0.99906
357	162	0.999378
357	182	0.999714
357	352	0.998874
357	335	0.999264
357	333	0.999982
357	316	0.998925
357	181	0.999465
357	70	0.998824
357	221	0.999142
357	237	0.999079
357	133	0.999412
357	207	0.999405
357	91	0.999613
357	197	0.99957
357	185	0.999366
357	253	0.999718
357	105	0.999734
357	175	0.999419
357	174	0.99997
357	332	0.999477
357	202	0.999344
357	240	0.998965
357	183	0.999369
357	102	0.999459
357	256	0.999008
357	307	0.999863
357	225	0.999062
357	73	0.999597
357	329	0.999382
357	53	0.999512
357	95	0.998922
357	113	0.99966
357	304	0.999555
357	64	0.999424
357	125	0.999538
357	350	0.999527
357	316	0.999788
357	100	0.999615
357	122	0.999495
357	93	0.999285
357	79	0.999209
357	236	0.999774
357	41	0.99929
357	288	0.999192
357	193	0.999958
357	314	0.999825
357	230	0.999411
357	137	0.998963
357	80	0.999795
357	45	0.999041
357	263	0.999355
357	170	0.999462
357	188	0.998953
357	343	0.998851
357	70	0.999542
357	144	0.999081
357	53	0.999134
357	115	0.999309
357	271	0.999618
357	302	0.998899
357	172	0.999693
357	94	0.99914
357	197	0.998937
357	261	0.999518
357	103	0.999273
357	215	0.99952
357	61	0.998832
357	123	0.999885
357	125	0.998905
357	229	0.999432
357	232	0.99927
357	288	0.999553
357	139	0.999377
357	79	0.999715
357	225	0.99974
357	192	0.999689
357	314	0.999084
357	166	0.999383
357	330	0.999382
357	79	0.999309
357	125	0.999262
357	85	0.999668
357	203	0.999381
357	283	0.9996
357	80	0.998936
357	102	0.999304
357	124	0.999498
357	233	0.999604
357	157	0.999532
357	201	0.999994
357	166	0.999723
357	306	0.999248
357	99	0.999423
357	43	0.999654
357	303	0.999064
357	264	0.999702
357	262	0.999556
357	239	0.999266
357	175	0.999959
357	68	0.999064
357	86	0.999059
357	94	0.999543
357	172	0.999895
357	347	0.999947
357	291	0.999493
357	190	0.999468
357	50	0.999062
357	99	0.999969
357	125	0.999786
357	101	0.999357
357	50	0.999324
357	212	0.999667
357	327	0.999141
357	225	0.999654
357	233	0.999483
357	284	0.999533
357	120	0.999773
357	65	0.999308
357	200	0.999108
357	331	0.999993
357	349	0.999803
357	75	0.999955
357	293	0.999006
357	165	0.999878
357	152	0.999777
357	138	0.999748
357	105	0.999409
357	326	0.999932
357	206	0.99916
357	315	0.999945
357	228	0.998917
357	308	0.999077
357	272	0.999039
357	53	0.999658
357	157	0.999502
357	42	0.999699
357	343	0.999313
357	332	0.998851
357	59	0.999595
357	315	0.998944
357	86	0.99886
357	82	0.999251
357	81	0.999301
357	93	0.999394
357	154	0.999142
357	109	0.999486
357	129	0.999695
357	108	0.999266
357	327	0.998886
357	35	0.999661
357	174	0.999236
357	101	0.999841
357	314	0.99911
357	314	0.999628
357	239	0.999609
357	167	0.999944
357	73	0.999823
357	330	0.999666
357	220	0.998959
357	63	0.999737
357	78	0.998885
357	149	0.9995
357	166	0.999735
357	164	0.998909
357	288	0.999226
357	131	0.999665
357	163	0.999392
357	338	0.999811
357	183	0.999692
357	269	0.99914
357	33	0.999692
357	150	0.999903
357	70	0.99938
357	266	0.999967
357	340	0.999346
357	97	0.999159
357	283	0.999513
357	173	0.999557
357	137	0.999278
357	212	0.999986
357	116	0.999884
357	252	0.999056
357	77	0.999467
357	328	0.998875
357	208	0.998872
357	39	0.999677
357	319	0.999672
357	298	0.999517
357	258	0.99974
357	211	0.999147
357	89	0.999303
357	131	0.998923
357	173	0.999207
357	104	0.998904
357	234	0.998906
357	67	0.99958
357	81	0.999617
357	272	0.999225
357	117	0.998868
357	41	0.99904
357	347	0.999883
357	69	0.999163
357	308	0.999822
357	345	0.999209
357	209	0.998829
357	75	0.999982
357	226	0.999679
357	191	0.999896
357	196	0.999163
357	133	0.999599
357	266	0.999382
357	282	0.99948
357	315	0.999994
357	154	0.99995
357	141	0.999943
357	33	0.999196
357	294	0.9994
357	337	0.999616
357	124	0.999868
357	84	0.999964
357	344	0.998922
357	290	0.998967
357	304	0.999167
357	209	0.999426
357	47	0.999672
357	187	0.999862
357	119	0.999944
357	204	0.999433
357	166	0.99964
357	310	0.998951
357	158	0.999618
357	348	0.999555
357	263	0.999114
357	118	0.998863
357	237	0.99998
357	141	0.999304
357	68	0.998867
357	33	0.999356
357	95	0.99923
357	121	0.999885
357	179	0.999085
357	262	0.999603
357	251	0.999499
357	327	0.999594
357	225	0.998938
357	227	0.998987
357	148	0.999975
357	105	0.999428
357	190	0.998946
357	356	0.999619
357	210	0.998816
357	231	0.999879
357	135	0.999421
357	280	0.999153
357	269	0.999634
357	163	0.999506
357	237	0.999513
357	71	0.999697
357	262	0.999227
357	173	0.999737
357	223	0.999905
357	341	0.999455
357	147	0.999878
357	184	0.998853
357	118	0.999464
357	100	0.999461
357	317	0.999185
357	295	0.999942
357	306	0.999661
357	121	0.999765
357	276	0.999031
357	223	0.999661
357	164	0.999118
357	305	0.99914
357	142	0.998981
357	63	0.999597
357	276	0.999976
357	137	0.998839
357	261	0.999086
357	289	0.999371
357	221	0.999825
357	219	0.999273
357	259	0.999335
357	81	0.998835
357	264	0.999786
357	326	0.999527
357	194	0.998835
357	122	0.99896
357	164	0.999727
357	77	0.998951
357	336	0.998824
357	157	0.999804
357	61	0.998934
357	202	0.999209
357	271	0.99985
357	85	0.998825
357	309	0.999916
357	42	0.999389
357	318	0.999814
357	245	0.999974
357	307	0.999729
357	216	0.99948
357	266	0.999141
357	168	0.999607
357	344	0.999037
357	270	0.9994
357	105	0.999321
357	67	0.999159
357	265	0.999559
357	172	0.999409
357	251	0.999476
357	224	0.999675
357	116	0.999576
357	88	0.9995
357	177	0.998944
357	147	0.999559
357	311	0.999039
357	87	0.999946
357	34	0.999728
357	356	0.998969
357	116	0.999028
357	96	0.999788
357	324	0.999918
357	292	0.998999
357	71	0.99987
357	284	0.999993
357	198	0.999831
357	174	0.998838
357	289	0.999926
357	140	0.998874
357	222	0.999298
357	223	0.999504
357	270	0.999332
357	211	0.998999
357	48	0.999196
357	244	0.999055
357	109	0.999049
357	352	0.999375
357	321	0.99882
357	272	0.998996
357	136	0.99911
357	309	0.999789
357	215	0.999629
357	121	0.999597
357	314	0.998965
357	164	0.999434
357	353	0.999149
357	49	0.999584
357	288	0.999559
357	250	0.999402
357	145	0.999518
357	167	0.999327
357	191	0.999468
357	214	0.999778
357	202	0.999958
357	154	0.99997
357	206	0.999459
357	212	0.999951
357	268	0.999333
357	341	0.999779
357	178	0.999829
357	164	0.999734
357	229	0.999825
357	175	0.998888
357	38	0.998872
357	304	0.999271
357	301	0.999699
357	241	0.99901
357	83	0.99909
357	32	0.999272
357	79	0.999568
357	285	0.999936
357	355	0.998875
357	204	0.999365
357	330	0.999937
357	311	0.999308
357	123	0.999104
357	298	0.99901
357	151	0.998839
357	310	0.999791
357	42	0.998955
357	88	0.999709
357	256	0.999679
357	342	0.9993
357	142	0.999021
357	314	0.999087
357	164	0.999635
357	139	0.998836
357	325	0.999097
357	166	0.999687
357	339	0.999386
357	73	0.999245
357	265	0.999749
357	97	0.99911
357	131	0.999549
357	129	0.999801
357	233	0.999158
357	280	0.99885
357	91	0.999491
357	32	0.999748
357	197	0.999562
357	133	0.99919
357	216	0.999345
357	134	0.999394
357	177	0.999431
357	112	0.998825
357	160	0.998903
357	162	0.999104
357	41	0.999116
357	207	0.999086
357	261	0.999574
357	228	0.999667
357	284	0.999335
357	113	0.999671
357	117	0.999511
357	67	0.999112
357	108	0.999755
357	200	0.999157
357	207	0.998932
357	301	0.999735
357	139	0.998894
357	302	0.99984
357	229	0.999343
357	92	0.999029
357	218	0.999749
357	76	0.999109
357	191	0.999988
357	271	0.999699
357	295	0.999392
357	245	0.999592
357	118	0.999405
357	66	0.999033
357	288	0.999573
357	307	0.999865
357	177	0.999177
357	138	0.998982
357	273	0.999498
357	247	0.999078
357	276	0.99913
357	260	0.999547
357	265	0.998822
357	205	0.999925
357	79	0.999553
357	229	0.999402
357	229	0.999389
357	65	0.999811
357	216	0.999568
357	53	0.999794
357	131	0.999646
357	185	0.999585
357	233	0.999277
357	141	0.998985
357	52	0.999359
357	157	0.999399
357	70	0.999072
357	333	0.999693
357	133	0.999976
357	198	0.999132
357	87	0.999862
357	348	0.999595
357	118	0.999609
357	223	0.999735
357	155	0.9993
357	330	0.999071
357	290	0.999334
357	184	0.99925
357	179	0.998808
357	196	0.999457
357	42	0.999109
357	201	0.999722
357	339	0.999758
357	105	0.998971
357	143	0.999759
357	175	0.999226
357	75	0.999963
357	49	0.999697
357	106	0.999491
357	345	0.999912
357	101	0.999857
357	52	0.999321
357	230	0.999976
357	68	0.99932
357	295	0.999213
357	279	0.998985
357	179	0.999371
357	216	0.999848
357	356	0.99953
357	136	0.998941
357	87	0.999129
357	267	0.9998
357	245	0.998923
357	101	0.999859
357	339	0.999792
357	64	0.999284
357	226	0.999176
357	296	0.999352
357	51	0.999619
357	185	0.99948
357	354	0.998863
357	210	0.999629
357	221	0.999124
357	272	0.999202
357	216	0.999957
357	274	0.999282
357	113	0.999963
357	40	0.999043
357	127	0.999729
357	251	0.999419
357	118	0.999077
357	57	0.99923
357	189	0.999627
357	103	0.999396
357	117	0.999415
357	291	0.999213
357	245	0.999989
357	272	0.998974
357	77	0.99908
357	302	0.99927
357	215	0.99906
357	213	0.999796
357	60	0.999768
357	79	0.999916
357	141	0.999766
357	281	0.999004
357	163	0.999919
357	203	0.999896
357	103	0.999297
357	215	0.999333
357	208	0.998923
357	97	0.999927
357	349	0.999684
357	90	0.999117
357	300	0.99892
357	91	0.999262
357	343	0.999412
357	129	0.999514
357	199	0.999504
357	308	0.998874
357	207	0.9993
357	301	0.999013
357	152	0.999122
357	39	0.999885
357	129	0.999419
357	151	0.998954
357	77	0.99963
357	160	0.99952
357	322	0.999597
357	330	0.998839
357	63	0.999716
357	268	0.999956
357	313	0.999436
357	208	0.999788
357	315	0.999498
357	86	0.999412
357	112	0.999733
357	161	0.999002
357	39	0.998862
357	232	0.998888
357	70	0.998832
357	318	0.998848
357	131	0.99972
357	112	0.999242
357	176	0.999629
357	272	0.999675
357	78	0.999128
357	195	0.999804
357	246	0.999254
357	290	0.998944
357	326	0.999856
357	151	0.999412
357	210	0.999977
357	86	0.999678
357	64	0.998918
357	332	0.999522
357	154	0.998842
357	212	0.99942
357	270	0.998951
357	246	0.9989
357	59	0.999593
357	306	0.999353
357	150	0.999376
357	128	0.998917
357	145	0.999656
357	42	0.998959
357	288	0.99961
357	166	0.999188
357	212	0.9995
357	118	0.998854
357	87	0.999091
357	42	0.999518
357	207	0.999486
357	71	0.999573
357	228	0.999355
357	355	0.999659
357	275	0.999927
357	355	0.99908
357	33	0.999505
357	342	0.998978
357	279	0.999226
357	346	0.998851
357	46	0.998851
357	174	0.999522
357	284	0.99908
357	146	0.999114
357	45	0.998894
357	45	0.999357
357	73	0.998909
357	88	0.999106
357	130	0.999205
357	337	0.999728
357	40	0.999833
357	85	0.998917
357	159	0.998866
357	306	0.999448
357	128	0.999448
357	170	0.999729
357	317	0.999479
357	327	0.998861
357	75	0.999545
357	226	0.998833
357	250	0.99986
357	247	0.999848
357	339	0.999957
357	126	0.999586
357	192	0.999376
357	314	0.999931
357	77	0.999671
357	181	0.998858
357	238	0.999882
357	114	0.99894
357	141	0.998999
357	326	0.999288
357	53	0.999703
357	280	0.999556
357	105	0.999316
357	53	0.998884
357	139	0.999389
357	271	0.99965
357	227	0.999977
357	155	0.999315
357	34	0.99973
357	185	0.998963
357	159	0.999681
357	236	0.998887
357	248	0.9998
357	238	0.99921
357	267	0.99918
357	238	0.999462
357	174	0.998918
357	266	0.999467
357	90	0.999611
357	143	0.999461
357	194	0.999036
357	210	0.999538
357	114	0.999029
357	126	0.999457
357	83	0.999034
357	34	0.999856
357	350	0.999174
357	305	0.999508
357	69	0.999036
357	333	0.999294
357	55	0.999555
357	289	0.999386
357	200	0.999043
357	128	0.99979
357	78	0.999566
357	193	0.999363
357	278	0.999853
357	328	0.998904
357	146	0.999631
357	325	0.99882
357	181	0.999576
357	179	0.999967
357	91	0.99963
357	208	0.999183
357	50	0.99991
357	270	0.998861
357	130	0.999569
357	295	0.999468
357	46	0.999003
357	355	0.999524
357	297	0.99952
357	177	0.999727
357	94	0.999549
357	78	0.999724
357	273	0.999856
357	65	0.998905
357	134	0.999662
357	317	0.99952
357	102	0.999071
357	188	0.999632
357	115	0.999742
357	243	0.999939
357	203	0.999474
357	157	0.998811
357	91	0.999661
357	57	0.999111
357	244	0.998972
357	213	0.999853
357	312	0.999535
357	134	0.999246
357	176	0.999442
357	34	0.999687
357	179	0.999341
357	247	0.999572
357	72	0.998857
357	346	0.9994
357	213	0.999889
357	104	0.999324
357	124	0.99974
357	81	0.998807
357	213	0.999211
357	134	0.998895
357	84	0.999949
357	187	0.999207
357	139	0.999049
357	122	0.99894
357	122	0.999721
357	289	0.998816
357	201	0.999134
357	330	0.998844
357	216	0.999883
357	127	0.99911
357	296	0.998909
357	281	0.999166
357	227	0.999137
357	204	0.999477
357	117	0.998951
357	106	0.999002
357	225	0.999518
357	222	0.999891
357	206	0.999412
357	308	0.999248
357	339	0.999916
357	64	0.999574
357	285	0.999122
357	271	0.998875
357	294	0.998889
357	135	0.999464
357	43	0.999477
357	121	0.998925
357	129	0.999382
357	138	0.999572
357	278	0.999438
357	87	0.99917
357	94	0.999207
357	298	0.999174
357	182	0.999921
357	79	0.998991
357	288	0.999796
357	335	0.99963
357	58	0.999413
357	175	0.998882
357	111	0.999421
357	301	0.999516
357	354	0.998985
357	35	0.999109
357	56	0.999047
357	267	0.999755
357	277	0.999865
357	137	0.999745
357	149	0.999658
357	156	0.998863
357	350	0.998831
357	345	0.99907
357	42	0.999578
357	42	0.99965
357	90	0.999916
357	107	0.9995
357	219	0.999345
357	182	0.999013
357	78	0.998981
357	154	0.999236
357	44	0.998839
357	310	0.99932
357	307	0.999598
357	253	0.999971
357	67	0.999735
357	350	0.999888
357	194	0.999783
357	259	0.999786
357	149	0.999802
357	139	0.999627
357	297	0.999022
357	308	0.999505
357	253	0.998991
357	46	0.999975
357	106	0.999267
357	195	0.998977
357	341	0.998829
357	297	0.999723
357	67	0.999881
357	235	0.999481
357	304	0.999695
357	62	0.999518
357	187	0.99948
357	48	0.999087
357	190	0.999066
357	117	0.998929
357	136	0.999866
357	280	0.999254
357	43	0.999667
357	281	0.999736
357	354	0.999926
357	211	0.999306
357	227	0.999159
357	314	0.999903
357	152	0.999822
357	107	0.999514
357	175	0.999308
357	228	0.999984
357	273	0.999315
357	156	0.999594
357	341	0.999865
357	196	0.999746
357	175	0.999801
357	325	0.999217
357	87	0.998912
357	335	0.999881
357	50	0.999346
357	290	0.998812
357	155	0.998884
357	40	0.999184
357	136	0.999133
357	335	0.99945
357	194	0.998969
357	179	0.999915
357	308	0.998868
357	42	0.99895
357	67	0.999833
357	352	0.99934
357	100	0.999706
357	215	0.99929
357	59	0.999909
357	250	0.999327
357	173	0.999307
357	181	0.999699
357	256	0.999715
357	309	0.998843
357	121	0.998926
357	148	0.999613
357	294	0.999444
357	257	0.999155
357	187	0.999946
357	255	0.999163
357	97	0.999434
357	243	0.999476
357	207	0.999072
357	106	0.999302
357	156	0.999542
357	169	0.998816
357	323	0.999251
357	228	0.998816
357	231	0.999998
357	88	0.999279
357	125	0.999526
357	190	0.999235
357	353	0.9997
357	184	0.999021
357	87	0.99997
357	307	0.99898
357	210	0.999384
357	252	0.999506
357	129	0.999706
357	97	0.999863
357	318	0.999522
357	219	0.999862
357	33	0.999736
357	168	0.998997
357	222	0.99901
357	325	0.999055
357	339	0.999351
357	104	0.999409
357	165	0.998887
357	334	0.999711
357	198	0.999524
357	149	0.999025
357	251	0.999766
357	80	0.999238
357	168	0.99995
357	252	0.999486
357	276	0.999382
357	297	0.999761
357	256	0.999999
357	228	0.999062
357	146	0.999612
357	106	0.999133
357	101	0.99934
357	187	0.999267
357	205	0.999438
357	232	0.998851
357	331	0.999621
357	112	0.999142
357	43	0.999718
357	228	0.99906
357	55	0.99903
357	53	0.999353
357	111	0.999204
357	329	0.999988
357	114	0.999247
357	140	0.999835
357	78	0.999184
357	303	0.999019
357	99	0.998824
357	273	0.999671
357	249	0.998985
357	197	0.998944
357	346	0.999431
357	75	0.99934
357	150	0.999151
357	93	0.999345
357	80	0.999643
357	195	0.999677
357	279	0.999915
357	126	0.999533
357	76	0.999908
357	307	0.998905
357	249	0.999474
357	213	0.999081
357	92	0.999345
357	305	0.999706
357	235	0.998984
357	237	0.999869
357	123	0.999495
357	37	0.999192
357	284	0.99883
357	356	0.999275
357	67	0.999561
357	89	0.999709
357	44	0.999284
357	233	0.999876
357	219	0.999467
357	65	0.999137
357	297	0.998897
357	181	0.999084
357	209	0.999532
357	186	0.999591
357	82	0.999703
357	186	0.99974
357	307	0.99959
357	235	0.998843
357	159	0.999477
357	237	0.999581
357	289	0.999522
357	283	0.998811
357	191	0.999879
357	201	0.999822
357	283	0.999213
357	356	0.998832
357	187	0.999798
357	136	0.999517
357	254	0.999312
357	133	0.999339
357	100	0.999209
357	349	0.998878
357	312	0.99977
357	257	0.999851
357	243	0.999059
357	103	0.999402
357	92	0.999041
357	222	0.999074
357	251	0.999878
357	168	0.999857
357	41	0.999041
357	169	0.999072
357	245	0.998975
357	192	0.999098
357	246	0.999605
357	212	0.999928
357	35	0.999759
357	273	0.999878
357	129	0.999925
357	161	0.999109
357	86	0.999926
357	280	0.999616
357	91	0.999773
357	313	0.999356
357	335	0.999685
357	309	0.999838
357	242	0.999513
357	261	0.999425
357	211	0.999129
357	47	0.999937
357	349	0.999087
357	163	0.99963
357	45	0.9996
357	199	0.999334
357	355	0.999853
357	129	0.999454
357	231	0.99947
357	153	0.998855
357	225	0.999164
357	167	0.999182
357	118	0.999009
357	168	0.999334
357	296	0.999235
357	341	0.999028
357	236	0.999078
357	58	0.999767
357	274	0.999073
357	295	0.999309
357	325	0.999879
357	188	0.999
357	215	0.99938
357	207	0.99981
357	266	0.999933
357	312	0.999834
357	135	0.99911
357	38	0.99893
357	139	0.998906
357	58	0.999998
357	338	0.999692
357	140	0.99991
357	228	0.999492
357	333	0.998906
357	60	0.999465
357	155	0.999945
357	256	0.999777
357	327	0.999383
357	252	0.999326
357	98	0.999053
357	98	0.999936
357	97	0.998994
357	55	0.998889
357	115	0.999244
357	89	0.999514
357	157	0.999188
357	234	0.999995
357	43	0.999584
357	66	0.999604
357	263	0.999179
357	188	0.999149
357	32	0.99937
357	343	0.998998
357	183	0.999291
357	236	0.999287
357	155	0.999129
357	254	0.999763
357	98	0.999489
357	195	0.999786
357	149	0.999251
357	139	0.999277
357	185	0.999998
357	138	0.999483
357	84	0.999271
357	310	0.998861
357	44	0.999868
357	316	0.999486
357	52	0.999173
357	77	0.999252
357	168	0.999734
357	100	0.999745
357	135	0.999353
357	268	0.999918
357	252	0.999871
357	289	0.999751
357	156	0.999439
357	208	0.999481
357	112	0.999056
357	312	0.999783
357	209	0.999448
357	258	0.999417
357	338	0.999222
357	356	0.999889
357	67	0.999598
357	129	0.999106
357	230	0.999879
357	170	0.998811
357	194	0.999434
357	89	0.999499
357	327	0.999355
357	318	0.999425
357	232	0.999337
357	350	0.998868
357	292	0.998979
357	269	0.999025
357	148	0.999887
357	241	0.999382
357	116	0.998826
357	144	0.999222
357	80	0.999412
357	355	0.99931
357	289	0.999386
357	350	0.99918
357	321	0.99969
357	99	0.999059
357	133	0.999444
357	315	0.999981
357	102	0.99925
357	259	0.999265
357	323	0.999124
357	237	0.999079
357	60	0.999869
357	336	0.998889
357	188	0.999159
357	257	0.999982
357	89	0.9995
357	232	0.999512
357	51	0.998985
357	182	0.999328
357	267	0.999364
357	286	0.999875
357	106	0.999165
357	37	0.999668
357	192	0.999784
357	183	0.998938
357	42	0.99969
357	156	0.999709
357	243	0.999508
357	165	0.999675
357	40	0.999098
357	337	0.999366
357	162	0.999487
357	111	0.999944
357	290	0.999281
357	177	0.999801
357	148	0.999128
357	192	0.999077
357	227	0.999029
357	196	0.998977
357	73	0.999035
357	106	0.998988
357	58	0.999201
357	252	0.998868
357	254	0.999753
357	174	0.999943
357	134	0.999126
357	294	0.998814
357	283	0.999897
357	47	0.999096
357	302	0.99953
357	182	0.999232
357	211	0.999266
357	80	0.99901
357	144	0.9996
357	86	0.99991
357	299	0.999327
357	304	0.999632
357	291	0.99945
357	328	0.999875
357	202	0.99922
357	232	0.999969
357	252	0.999002
357	190	0.999584
357	92	0.999642
357	148	0.999006
357	280	0.999347
357	334	0.998863
357	90	0.999184
357	206	0.998906
357	284	0.999016
357	154	0.999667
357	210	0.999154
357	262	0.999732
357	208	0.998961
357	281	0.999041
357	145	0.999514
357	213	0.999467
357	121	0.999281
357	184	0.999443
357	68	0.999649
357	319	0.999506
357	296	0.998854
357	353	0.999757
357	224	0.99916
357	169	0.999463
357	250	0.99994
357	87	0.998862
357	270	0.998858
357	299	0.999159
357	146	0.998975
357	205	0.998913
357	44	0.999889
357	339	0.999197
357	67	0.999631
357	253	0.999126
357	67	0.999098
357	57	0.99931
357	191	0.999356
357	272	0.999931
357	138	0.999816
357	101	0.999114
357	72	0.999061
357	59	0.998886
357	163	0.999377
357	113	0.999685
357	235	0.999504
357	291	0.999467
357	153	0.999782
357	121	0.99987
357	87	0.999763
357	176	0.998966
357	337	0.998906
357	326	0.99921
357	68	0.999124
357	148	0.999547
357	82	0.999179
357	332	0.99972
357	320	0.999066
357	228	0.999363
357	178	0.999381
357	122	0.998953
357	242	0.998864
357	295	0.999674
357	40	0.999926
357	52	0.998985
357	200	0.99918
357	204	0.999576
357	251	0.999553
357	208	0.998966
357	49	0.999724
357	55	0.999696
357	256	0.999386
357	37	0.999962
357	251	0.999653
357	288	0.999095
357	328	0.999293
357	344	0.999618
357	186	0.999627
357	73	0.999139
357	144	0.999288
357	44	0.998999
357	196	0.998807
357	269	0.999698
357	169	0.999718
357	354	0.999192
357	99	0.999455
357	341	0.999801
357	112	0.999186
357	47	0.999955
357	93	0.999648
357	341	0.998899
357	350	0.999226
357	165	0.998912
357	313	0.99953
357	70	0.999646
357	59	0.998993
357	83	0.999526
357	291	0.999456
357	146	0.998874
357	338	0.999252
357	237	0.999757
357	140	0.998825
357	324	0.999563
357	233	0.99917
357	305	0.999111
357	172	0.999468
357	115	0.999672
357	165	0.999183
357	318	0.999112
357	298	0.999962
357	165	0.999792
357	269	0.99909
357	199	0.99938
357	80	0.999568
357	160	0.999741
357	254	0.999267
357	140	0.999755
357	138	0.999955
357	282	0.99987
357	35	0.999293
357	215	0.999062
357	332	0.998856
357	273	0.99882
357	292	0.999592
357	39	0.999166
357	50	0.999374
357	152	0.999594
357	143	0.999066
357	132	0.999544
357	303	0.999895
357	80	0.999118
357	241	0.999894
357	350	0.999248
357	297	0.998916
357	356	0.99888
357	297	0.998838
357	178	0.999275
357	79	0.999723
357	135	0.999795
357	76	0.999687
357	316	0.999329
357	201	0.999773
357	257	0.999324
357	246	0.999318
357	217	0.999406
357	98	0.999059
357	251	0.999108
357	354	0.999324
357	109	0.999833
357	234	0.99998
357	51	0.998879
357	305	0.999029
357	76	0.999545
357	227	0.999449
357	121	0.999046
357	67	0.999003
357	203	0.998812
357	149	0.99932
357	211	0.999047
357	71	0.999749
357	191	0.999122
357	261	0.999543
357	122	0.999808
357	36	0.998928
357	189	0.999792
357	312	0.998909
357	170	0.998948
357	66	0.999176
357	186	0.999776
357	69	0.999381
357	326	0.998925
357	104	0.999452
357	296	0.998947
357	354	0.999625
357	65	0.999455
357	237	0.999405
357	292	0.999996
357	196	0.99976
357	129	0.999844
357	57	0.999789
357	183	0.999833
357	204	0.999662
357	306	0.999933
357	354	0.998929
357	349	0.999356
357	118	0.998812
357	174	0.999502
357	318	0.999207
357	170	0.999123
357	66	0.999018
357	109	0.999254
357	232	0.999123
357	215	0.998868
357	212	0.998887
357	104	0.999037
357	33	0.999666
357	293	0.999514
357	282	0.999239
357	313	0.999266
357	152	0.999672
357	136	0.998858
357	297	0.999709
357	129	0.999933
357	305	0.998829
357	166	0.999092
357	43	0.999191
357	53	0.999165
357	71	0.999309
357	262	0.998878
357	105	0.999563
357	140	0.999847
357	94	0.999681
357	303	0.999455
357	82	0.999163
357	85	0.999557
357	74	0.99955
357	270	0.998918
357	207	0.998866
357	345	0.998893
357	41	0.999728
357	135	0.999543
357	171	0.999331
357	207	0.999975
357	97	0.999517
357	225	0.999225
357	169	0.999656
357	171	0.999567
357	137	0.999632
357	299	0.998848
357	159	0.99944
357	293	0.99969
357	207	0.999259
357	345	0.999734
357	44	0.999439
357	118	0.998998
357	307	0.999035
357	64	0.99998
357	115	0.999042
357	292	0.999126
357	233	0.999185
357	200	0.999423
357	264	0.999157
357	198	0.999135
357	73	0.998962
357	353	0.998888
357	131	0.999294
357	92	0.999829
357	269	0.999096
357	293	0.999659
357	228	0.999023
357	349	0.999862
357	147	0.999439
357	273	0.999423
357	64	0.999994
357	201	0.998916
357	254	0.999859
357	350	0.999798
357	203	0.999728
357	169	0.999798
357	180	0.999925
357	233	0.999553
357	57	0.99994
357	304	0.999778
357	91	0.999847
357	103	0.99904
357	298	0.999324
357	143	0.998897
357	201	0.999642
357	119	0.999349
357	209	0.999586
357	231	0.999716
357	189	0.999784
357	159	0.998869
357	284	0.99942
357	128	0.99948
357	219	0.99916
357	330	0.998839
357	63	0.999277
357	353	0.999661
357	55	0.999222
357	101	0.999089
357	88	0.999037
357	76	0.999149
357	266	0.999491
357	351	0.999607
357	336	0.999495
357	234	0.999514
357	159	0.99938
357	87	0.999332
357	173	0.999928
357	113	0.999257
357	161	0.999835
357	84	0.999075
357	150	0.999922
357	256	0.999846
357	50	0.999332
357	91	0.999863
357	34	0.999393
357	43	0.999703
357	33	0.999154
357	312	0.999511
357	279	0.998912
357	341	0.999529
357	247	0.999474
357	244	0.999545
357	311	0.9996
357	300	0.998825
357	318	0.99964
357	320	0.999004
357	353	0.999944
357	109	0.998885
357	107	0.999884
357	338	0.999537
357	135	0.999108
357	343	0.998986
357	239	0.999341
357	130	0.999579
357	86	0.999989
357	80	0.999878
357	42	0.999943
357	184	0.999406
357	161	0.999993
357	62	0.999343
357	289	0.999388
357	304	0.999479
357	341	0.999723
357	327	0.999072
357	298	0.999907
357	280	0.999117
357	71	0.999545
357	255	0.999865
357	268	0.999325
357	259	0.999823
357	73	0.999192
357	139	0.998897
357	69	0.999946
357	207	0.999562
357	212	0.99955
357	49	0.999696
357	279	0.999285
357	340	0.999115
357	335	0.999366
357	85	0.999864
357	156	0.999817
357	356	0.999901
357	276	0.999386
357	255	0.998892
357	143	0.99944
357	43	0.999353
357	83	0.998922
357	63	0.999791
357	262	0.99985
357	82	0.999064
357	102	0.9994
357	320	0.998829
357	122	0.999247
357	301	0.999192
357	171	0.999783
357	85	0.99906
357	239	0.999421
357	247	0.99882
357	180	0.999479
357	344	0.99882
357	187	0.999684
357	225	0.999504
357	77	0.998894
357	189	0.99992
357	78	0.999554
357	117	0.999362
357	90	0.999374
357	257	0.999052
357	256	0.999559
357	278	0.999778
357	36	0.998827
357	101	0.999258
357	325	0.999185
357	112	0.998953
357	96	0.999272
357	142	0.999858
357	283	0.998997
357	256	0.999939
357	212	0.998812
357	50	0.999632
357	172	0.999423
357	70	0.999277
357	124	0.999153
357	263	0.999895
357	50	0.999427
357	250	0.998919
357	115	0.999575
357	348	0.999564
357	262	0.999732
357	63	0.999868
357	232	0.999502
357	339	0.999757
357	100	0.99935
357	207	0.999554
357	121	0.999814
357	74	0.998903
357	327	0.999396
357	44	0.999563
357	213	0.999785
357	126	0.99959
357	325	0.999259
357	37	0.998807
357	235	0.999052
357	343	0.998994
357	114	0.999916
357	72	0.999648
357	254	0.999942
357	45	0.999208
357	164	0.998822
357	36	0.999124
357	327	0.999035
357	113	0.9993
357	299	0.999771
357	145	0.999002
357	40	0.999842
357	257	0.99899
357	212	0.998997
357	40	0.998956
357	323	0.999037
357	120	0.999209
357	94	0.99881
357	297	0.999683
357	149	0.999452
357	174	0.999302
357	87	0.999747
357	84	0.999619
357	207	0.999451
357	240	0.999143
357	227	0.999737
357	84	0.999081
357	37	0.999698
357	318	0.999413
357	218	0.999567
357	255	0.999207
357	139	0.999938
357	38	0.999851
357	248	0.998863
357	180	0.999222
357	164	0.999958
357	296	0.999668
357	57	0.999598
357	309	0.999712
357	89	0.99931
357	220	0.999686
357	325	0.999128
357	245	0.999267
357	191	0.999541
357	95	0.999634
357	317	0.99921
357	220	0.999426
357	209	0.999746
357	299	0.999697
357	185	0.998838
357	269	0.998826
357	271	0.999025
357	42	0.999785
357	338	0.999254
357	338	0.999772
357	131	0.999653
357	343	0.99989
357	273	0.998838
357	172	0.999266
357	256	0.998823
357	59	0.999603
357	350	0.999369
357	287	0.999146
357	347	0.999924
357	231	0.999959
357	176	0.999798
357	119	0.999
357	337	0.999427
357	103	0.999115
357	295	0.998885
357	241	0.999202
357	181	0.999376
357	298	0.999499
357	341	0.999089
357	41	0.999142
357	71	0.999656
357	109	0.999011
357	278	0.99895
357	174	0.999955
357	311	0.998992
357	240	0.999066
357	48	0.999669
357	281	0.999857
357	286	0.999241
357	166	0.999581
357	60	0.9998
357	118	0.999474
357	347	0.999876
357	113	0.999264
357	302	0.999615
357	269	0.99968
357	58	0.99894
357	217	0.999041
357	293	0.999542
357	168	0.999257
357	260	0.999189
357	108	0.999873
357	125	0.999333
357	199	0.999031
357	259	0.998904
357	115	0.999759
357	222	0.999977
357	176	0.999047
357	343	0.999955
357	227	0.999219
357	117	0.998853
357	80	0.999191
357	258	0.999087
357	284	0.99964
357	38	0.999764
357	271	0.999714
357	204	0.998979
357	115	0.99887
357	178	0.999623
357	235	0.999059
357	162	0.998934
357	161	0.999027
357	346	0.998919
357	215	0.999327
357	86	0.999903
357	125	0.999721
357	66	0.999658
357	241	0.998937
357	97	0.999265
357	219	0.998912
357	260	0.999004
357	173	0.999112
357	80	0.999541
357	343	0.999006
357	245	0.999165
357	343	0.999347
357	283	0.998956
357	209	0.999968
357	317	0.999693
357	43	0.999588
357	350	0.999134
357	135	0.999281
357	152	0.999368
357	145	0.999469
357	273	0.999511
357	190	0.999627
357	244	0.99977
357	158	0.998911
357	218	0.999406
357	315	0.999075
357	175	0.999524
357	36	0.999759
357	82	0.999785
357	279	0.999011
357	125	0.999271
357	102	0.999722
