4500
493	360	0.998977
493	450	0.999927
493	285	0.999103
493	29	0.999666
493	269	0.999734
493	210	0.999119
493	474	0.998896
493	209	0.998843
493	334	0.999038
493	296	0.999408
493	289	0.999134
493	104	0.999212
493	470	0.998722
493	455	0.999538
493	29	0.999623
493	394	0.999457
493	342	0.999527
493	283	0.999633
493	317	0.998848
493	442	0.999012
493	448	0.999345
493	63	0.998693
493	83	0.999785
493	238	0.99971
493	406	0.99953
493	81	0.998643
493	71	0.999641
493	43	0.999403
493	72	0.999694
493	237	0.998735
493	23	0.999062
493	403	0.999129
493	345	0.998681
493	211	0.999841
493	102	0.998929
493	256	0.998788
493	75	0.998844
493	175	0.999527
493	317	0.998912
493	352	0.999199
493	133	0.999093
493	300	0.999877
493	421	0.998856
493	259	0.99947
493	350	0.998699
493	128	0.999329
493	288	0.999686
493	163	0.999362
493	326	0.999675
493	321	0.999479
493	240	0.998631
493	461	0.999637
493	172	0.99974
493	367	0.999614
493	42	0.998876
493	64	0.999293
493	460	0.999427
493	465	0.999982
493	490	0.998984
493	87	0.999647
493	71	0.998977
493	25	0.999299
493	224	0.998739
493	323	0.999995
493	438	0.99979
493	475	0.999692
493	355	0.999549
493	443	0.999723
493	154	0.99911
493	181	0.999147
493	460	0.999136
493	176	0.999748
493	345	0.999045
493	232	0.999319
493	435	0.999163
493	450	0.999948
493	68	0.999522
493	399	0.999271
493	83	0.999299
493	42	0.999347
493	463	0.998889
493	310	0.999216
493	162	0.998681
493	180	0.998751
493	128	0.999288
493	142	0.99867
493	224	0.999629
493	335	0.999422
493	350	0.99881
493	281	0.99881
493	311	0.999674
493	159	0.999531
493	173	0.999556
493	98	0.999519
493	69	0.999593
493	228	0.999455
493	292	0.999738
493	36	0.998709
493	141	0.998648
493	323	0.998908
493	302	0.998803
493	89	0.999056
493	151	0.999958
493	28	0.999084
493	464	0.999986
493	490	0.999849
493	408	0.999819
493	74	0.998683
493	333	0.998798
493	259	0.998787
493	109	0.999504
493	121	0.999516
493	217	0.998728
493	452	0.998721
493	397	0.998726
493	286	0.999003
493	244	0.999134
493	397	0.999723
493	117	0.999084
493	260	0.998687
493	265	0.998915
493	325	0.99888
493	77	0.999512
493	375	0.999574
493	160	0.998874
493	190	0.9993
493	322	0.99907
493	32	0.999004
493	73	0.999568
493	35	0.999059
493	117	0.999988
493	350	0.999964
493	119	0.998655
493	404	0.999423
493	454	0.999803
493	389	0.999032
493	178	0.999389
493	169	0.999355
493	320	0.999966
493	300	0.998756
493	69	0.999474
493	300	0.999659
493	366	0.999155
493	449	0.998993
493	371	0.999929
493	419	0.999453
493	412	0.999945
493	397	0.999999
493	413	0.999768
493	331	0.999877
493	26	0.999089
493	389	0.999049
493	128	0.998774
493	391	0.999203
493	260	0.998869
493	41	0.998854
493	342	0.99891
493	397	0.999811
493	214	0.999942
493	420	0.998677
493	180	0.999704
493	237	0.999188
493	277	0.999875
493	138	0.999514
493	470	0.998815
493	229	0.999212
493	28	0.999468
493	162	0.999896
493	223	0.999845
493	367	0.998792
493	475	0.999759
493	486	0.999266
493	481	0.999581
493	274	0.99996
493	155	0.999738
493	65	0.999448
493	298	0.999518
493	208	0.99933
493	255	0.999615
493	377	0.999878
493	319	0.998632
493	130	0.999186
493	387	0.999745
493	257	0.999255
493	116	0.999148
493	140	0.999605
493	319	0.999694
493	90	0.999689
493	376	0.998814
493	42	0.999814
493	158	0.999747
493	157	0.999107
493	117	0.999501
493	75	0.998813
493	218	0.999073
493	96	0.998758
493	479	0.998813
493	205	0.999225
493	206	0.998952
493	211	0.999399
493	208	0.998919
493	293	0.999875
493	34	0.999545
493	280	0.999347
493	482	0.999399
493	161	0.9988
493	311	0.99974
493	252	0.999347
493	131	0.999808
493	64	0.998876
493	73	0.998834
493	296	0.999322
493	87	0.999759
493	444	0.999069
493	193	0.999642
493	100	0.999166
493	350	0.999999
493	353	0.999992
493	335	0.998982
493	274	0.999781
493	217	0.998825
493	104	0.999564
493	306	0.999833
493	456	0.999062
493	159	0.998821
493	442	0.999026
493	200	0.999822
493	256	0.998899
493	359	0.998755
493	452	0.998631
493	171	0.998631
493	27	0.999452
493	56	0.998974
493	155	0.999103
493	278	0.999711
493	117	0.999069
493	237	0.999566
493	288	0.999279
493	132	0.99969
493	259	0.99952
493	464	0.999903
493	31	0.999771
493	340	0.999794
493	321	0.999542
493	183	0.998767
493	125	0.999667
493	144	0.999312
493	412	0.999979
493	277	0.999289
493	443	0.999363
493	421	0.999459
493	351	0.999659
493	327	0.999921
493	196	0.999693
493	311	0.999311
493	442	0.999319
493	158	0.999004
493	282	0.99963
493	54	0.99907
493	96	0.998726
493	184	0.998843
493	271	0.99964
493	243	0.999551
493	163	0.999307
493	122	0.999289
493	422	0.999904
493	104	0.999801
493	388	0.998908
493	171	0.999464
493	447	0.999203
493	168	0.999588
493	329	0.999549
493	428	0.999026
493	310	0.99904
493	69	0.999819
493	170	0.999692
493	98	0.999329
493	203	0.999759
493	440	0.999319
493	94	0.999452
493	222	0.999623
493	203	0.999507
493	416	0.999452
493	239	0.999145
493	283	0.998997
493	381	0.999834
493	421	0.998876
493	458	0.998725
493	485	0.998689
493	163	0.998971
493	465	0.999549
493	251	0.999114
493	69	0.999241
493	201	0.999657
493	432	0.999594
493	466	0.998692
493	253	0.999033
493	167	0.999279
493	323	0.999911
493	155	0.999668
493	181	0.999942
493	110	0.999525
493	317	0.999948
493	415	0.999167
493	263	0.999618
493	113	0.999777
493	145	0.999575
493	140	0.999793
493	310	0.999237
493	168	0.999055
493	106	0.999664
493	38	0.998997
493	356	0.999916
493	435	0.999748
493	374	0.999792
493	461	0.999718
493	413	0.999541
493	161	0.999357
493	79	0.999718
493	292	0.999388
493	441	0.999188
493	173	0.99916
493	324	0.99898
493	173	0.998654
493	109	0.998929
493	323	0.999731
493	23	0.998789
493	223	0.999004
493	190	0.998839
493	456	0.999449
493	246	0.999601
493	365	0.999106
493	268	0.998839
493	258	0.999833
493	394	0.998859
493	236	0.999293
493	355	0.998854
493	327	0.9991
493	361	0.998859
493	221	0.999462
493	221	0.998873
493	247	0.999084
493	300	0.998866
493	218	0.999086
493	214	0.999733
493	383	0.998732
493	410	0.998755
493	277	0.998662
493	266	0.998798
493	112	0.999514
493	347	0.999836
493	169	0.99991
493	169	0.998995
493	341	0.998677
493	259	0.999599
493	98	0.999574
493	78	0.999863
493	398	0.99908
493	133	0.998814
493	137	0.998728
493	484	0.998754
493	417	0.998707
493	320	0.999762
493	332	0.999059
493	415	0.998803
493	193	0.999027
493	124	0.999338
493	224	0.999292
493	460	0.999377
493	420	0.999123
493	277	0.999823
493	257	0.999123
493	171	0.999996
493	406	0.999019
493	159	0.999764
493	227	0.99991
493	72	0.999683
493	475	0.999773
493	482	0.999679
493	377	0.999918
493	72	0.999325
493	304	0.99929
493	373	0.999001
493	195	0.99983
493	368	0.999118
493	86	0.998951
493	492	0.999304
493	457	0.999671
493	24	0.999949
493	291	0.999344
493	107	0.999055
493	168	0.998967
493	379	0.998713
493	412	0.998949
493	223	0.998711
493	28	0.999327
493	241	0.999481
493	260	0.999297
493	492	0.998934
493	478	0.99961
493	150	0.999336
493	166	0.999296
493	214	0.999841
493	336	0.998939
493	74	0.999512
493	187	0.999453
493	47	0.99941
493	183	0.998687
493	382	0.998926
493	200	0.999803
493	412	0.998907
493	448	0.999784
493	327	0.999762
493	23	0.999942
493	485	0.999419
493	105	0.999185
493	145	0.999919
493	325	0.998663
493	125	0.998985
493	42	0.999959
493	414	0.999757
493	449	0.9998
493	256	0.999188
493	415	0.999904
493	56	0.999293
493	174	0.999468
493	106	0.99942
493	292	0.998963
493	103	0.99934
493	320	0.999355
493	200	0.999829
493	188	0.998848
493	175	0.999523
493	162	0.999501
493	193	0.998684
493	242	0.998865
493	405	0.998944
493	48	0.998991
493	294	0.99937
493	146	0.998992
493	381	0.999364
493	116	0.999364
493	473	0.999425
493	104	0.999149
493	420	0.998965
493	108	0.999281
493	248	0.999531
493	349	0.998843
493	110	0.999652
493	169	0.99959
493	330	0.999364
493	65	0.998959
493	25	0.999418
493	373	0.999892
493	374	0.99991
493	435	0.999645
493	89	0.998669
493	157	0.999919
493	180	0.99944
493	213	0.999017
493	466	0.999714
493	89	0.999948
493	363	0.999457
493	351	0.998955
493	201	0.998995
493	274	0.998915
493	434	0.998813
493	482	0.999337
493	371	0.999221
493	287	0.998639
493	113	0.999229
493	277	0.998655
493	95	0.999071
493	270	0.999538
493	404	0.998855
493	434	0.998963
493	355	0.999601
493	179	0.999375
493	179	0.999815
493	309	0.999552
493	346	0.999122
493	110	0.999589
493	359	0.999984
493	27	0.99977
493	392	0.999856
493	194	0.998893
493	88	0.998704
493	80	0.999278
493	150	0.999464
493	309	0.999912
493	203	0.999519
493	245	0.99885
493	64	0.999568
493	340	0.999251
493	466	0.999537
493	174	0.999312
493	311	0.998914
493	133	0.999056
493	192	0.998833
493	196	0.999271
493	326	0.999599
493	135	0.999888
493	421	0.999127
493	234	0.999323
493	270	0.999381
493	331	0.998911
493	438	0.999397
493	259	0.999032
493	293	0.998825
493	137	0.999055
493	418	0.998904
493	97	0.999063
493	207	0.999597
493	204	0.998735
493	33	0.999364
493	415	0.999688
493	316	0.9998
493	406	0.999414
493	229	0.999214
493	245	0.999307
493	319	0.999999
493	412	0.999197
493	413	0.999049
493	180	0.99943
493	325	0.999653
493	282	0.999481
493	394	0.999379
493	266	0.999618
493	168	0.999237
493	434	0.999259
493	245	0.9996
493	455	0.99946
493	327	0.999483
493	461	0.999322
493	169	0.999678
493	170	0.999833
493	451	0.999426
493	287	0.999251
493	161	0.999985
493	219	0.999559
493	227	0.999451
493	157	0.999668
493	27	0.998839
493	340	0.999792
493	161	0.999857
493	337	0.999123
493	370	0.999375
493	468	0.999341
493	62	0.99901
493	194	0.999277
493	98	0.999992
493	394	0.998874
493	395	0.99909
493	375	0.999736
493	248	0.999064
493	27	0.999622
493	142	0.998934
493	320	0.998928
493	38	0.999736
493	321	0.999353
493	213	0.999082
493	152	0.998777
493	440	0.998956
493	256	0.998767
493	38	0.999203
493	166	0.999896
493	432	0.998806
493	284	0.99865
493	263	0.999929
493	253	0.999481
493	34	0.999169
493	154	0.998665
493	235	0.999045
493	355	0.999585
493	29	0.999112
493	92	0.999431
493	488	0.998937
493	338	0.999258
493	261	0.99943
493	478	0.998832
493	91	0.999781
493	426	0.999825
493	435	0.998798
493	330	0.999497
493	353	0.999059
493	199	0.999794
493	442	0.999704
493	407	0.999599
493	471	0.999453
493	391	0.998841
493	172	0.999759
493	345	0.999264
493	462	0.999322
493	136	0.99872
493	130	0.999249
493	83	0.998963
493	271	0.9996
493	181	0.998631
493	287	0.998721
493	321	0.999054
493	487	0.999963
493	211	0.99887
493	72	0.998763
493	136	0.999066
493	471	0.999077
493	396	0.999845
493	144	0.999899
493	235	0.999153
493	208	0.998695
493	487	0.999163
493	438	0.998817
493	455	0.998689
493	226	0.999862
493	23	0.999589
493	260	0.999123
493	421	0.999818
493	169	0.999225
493	209	0.999255
493	391	0.999894
493	236	0.999303
493	167	0.999507
493	466	0.99916
493	63	0.999497
493	303	0.999553
493	487	0.999321
493	441	0.999296
493	81	0.999952
493	463	0.999384
493	220	0.999816
493	329	0.9997
493	32	0.998828
493	490	0.99865
493	297	0.999006
493	310	0.998828
493	271	0.998748
493	301	0.99911
493	243	0.999753
493	206	0.999475
493	407	0.999084
493	141	0.999608
493	338	0.999574
493	406	0.998912
493	320	0.999241
493	300	0.999736
493	398	0.999137
493	460	0.999052
493	190	0.998689
493	429	0.99986
493	417	0.999145
493	315	0.998663
493	403	0.999233
493	239	0.999256
493	296	0.999542
493	101	0.999236
493	287	0.998828
493	127	0.998884
493	283	0.998662
493	366	0.999614
493	427	0.998736
493	177	0.999741
493	243	0.998996
493	434	0.999305
493	89	0.998636
493	151	0.999645
493	148	0.998996
493	97	0.998704
493	250	0.999748
493	266	0.99885
493	377	0.999564
493	397	0.999415
493	73	0.999829
493	195	0.998996
493	334	0.999271
493	466	0.999011
493	310	0.999585
493	248	0.998937
493	220	0.999986
493	235	0.999573
493	272	0.999555
493	234	0.999899
493	425	0.999164
493	372	0.999441
493	36	0.999781
493	330	0.999897
493	192	0.999955
493	142	0.999545
493	474	0.999736
493	492	0.998854
493	305	0.999511
493	341	0.998981
493	418	0.999408
493	88	0.998646
493	334	0.99936
493	51	0.998732
493	447	0.99914
493	256	0.999845
493	46	0.999697
493	87	0.999801
493	414	0.999618
493	342	0.998774
493	34	0.999594
493	98	0.99908
493	486	0.999503
493	248	0.999903
493	139	0.999653
493	389	0.999275
493	404	0.999163
493	233	0.999662
493	43	0.999905
493	372	0.999841
493	294	0.999893
493	257	0.998988
493	450	0.999536
493	67	0.998714
493	382	0.999292
493	162	0.999644
493	291	0.999896
493	329	0.999371
493	164	0.999642
493	109	0.99874
493	136	0.99999
493	121	0.999697
493	427	0.998843
493	230	0.998906
493	437	0.998662
493	313	0.998762
493	432	0.998832
493	402	0.9997
493	239	0.998881
493	189	0.998676
493	350	0.998776
493	447	0.999023
493	287	0.998707
493	346	0.99981
493	115	0.998991
493	282	0.999557
493	59	0.999223
493	285	0.998988
493	155	0.999648
493	244	0.999792
493	266	0.999836
493	491	0.999394
493	277	0.998971
493	485	0.998978
493	471	0.999184
493	240	0.998693
493	486	0.9993
493	231	0.998689
493	153	0.999099
493	75	0.999348
493	489	0.999993
493	112	0.999818
493	184	0.99908
493	314	0.999753
493	398	0.998793
493	415	0.998637
493	492	0.999333
493	134	0.999853
493	150	0.998948
493	223	0.999277
493	332	0.999463
493	245	0.998893
493	422	0.998662
493	264	0.999251
493	206	0.99954
493	201	0.998841
493	482	0.999514
493	204	0.99933
493	355	0.998808
493	272	0.999367
493	461	0.999019
493	280	0.998725
493	370	0.999663
493	28	0.999816
493	137	0.999734
493	193	0.999773
493	323	0.999599
493	321	0.999066
493	153	0.998732
493	312	0.999021
493	427	0.99999
493	302	0.999541
493	216	0.999852
493	418	0.998944
493	78	0.999945
493	196	0.999586
493	378	0.999337
493	160	0.999359
493	377	0.999345
493	234	0.999153
493	25	0.999897
493	170	0.999064
493	397	0.999751
493	368	0.999596
493	174	0.998674
493	492	0.999216
493	402	0.99964
493	236	0.998951
493	208	0.998726
493	429	0.999863
493	111	0.99979
493	213	0.998965
493	32	0.998635
493	343	0.998815
493	162	0.99963
493	280	0.998862
493	113	0.99947
493	310	0.998725
493	367	0.998756
493	352	0.999362
493	453	0.999321
493	58	0.999636
493	141	0.998762
493	168	0.999373
493	200	0.999712
493	51	0.999034
493	375	0.999784
493	378	0.999352
493	111	0.9991
493	445	0.999316
493	427	0.998684
493	434	0.998722
493	196	0.999493
493	385	0.99991
493	492	0.999025
493	218	0.99901
493	358	0.999519
493	287	0.999537
493	245	0.999349
493	460	0.99872
493	390	0.999156
493	172	0.999675
493	115	0.998713
493	201	0.999804
493	487	0.999899
493	399	0.999426
493	135	0.998993
493	103	0.999216
493	244	0.999051
493	441	0.999185
493	204	0.99994
493	175	0.99983
493	477	0.998948
493	77	0.99908
493	469	0.999933
493	216	0.998766
493	83	0.998717
493	406	0.999004
493	295	0.998941
493	439	0.99874
493	240	0.999615
493	362	0.999847
493	283	0.998756
493	162	0.998943
493	241	0.999637
493	450	0.999425
493	290	0.999562
493	375	0.999847
493	287	0.999074
493	466	0.999886
493	69	0.999049
493	94	0.999115
493	365	0.999163
493	477	0.999249
493	186	0.999367
493	226	0.999289
493	160	0.9991
493	57	0.999868
493	233	0.998756
493	307	0.998641
493	163	0.998829
493	59	0.99999
493	390	0.998725
493	214	0.998799
493	66	0.999073
493	301	0.998635
493	144	0.999526
493	176	0.999847
493	25	0.999974
493	262	0.99937
493	464	0.99974
493	387	0.999336
493	256	0.998641
493	48	0.998977
493	247	0.999842
493	329	0.99949
493	461	0.99877
493	311	0.998902
493	391	0.99906
493	443	0.998687
493	48	0.99956
493	450	0.999775
493	146	0.998732
493	305	0.999019
493	485	0.999911
493	86	0.999726
493	149	0.99986
493	485	0.998698
493	288	0.999557
493	141	0.999948
493	101	0.999705
493	149	0.999997
493	478	0.999867
493	441	0.999054
493	190	0.999925
493	373	0.998947
493	85	0.998778
493	87	0.999719
493	193	0.999953
493	34	0.999944
493	341	0.99981
493	275	0.999794
493	340	0.998974
493	67	0.999956
493	96	0.999785
493	471	0.999641
493	390	0.998945
493	59	0.999262
493	222	0.999485
493	448	0.999473
493	443	0.999918
493	286	0.999044
493	255	0.998647
493	371	0.998997
493	379	0.998639
493	359	0.999412
493	75	0.999441
493	426	0.999559
493	399	0.999786
493	26	0.999557
493	377	0.998817
493	259	0.999416
493	228	0.999737
493	250	0.999288
493	95	0.999701
493	154	0.999707
493	168	0.99982
493	401	0.999875
493	31	0.999705
493	92	0.999519
493	59	0.999373
493	380	0.998784
493	454	0.998822
493	365	0.999582
493	279	0.998755
493	296	0.999456
493	463	0.999418
493	49	0.999531
493	111	0.99972
493	337	0.999708
493	159	0.999158
493	113	0.998654
493	322	0.998967
493	290	0.999671
493	394	0.998922
493	204	0.99949
493	93	0.999142
493	289	0.999441
493	27	0.998795
493	54	0.999186
493	489	0.998646
493	440	0.999499
493	164	0.998687
493	381	0.999808
493	164	0.999818
493	358	0.998683
493	379	0.999986
493	448	0.999064
493	383	0.99977
493	160	0.999778
493	249	0.999023
493	204	0.99906
493	193	0.998988
493	387	0.998795
493	432	0.99919
493	213	0.998684
493	57	0.999195
493	40	0.999103
493	91	0.998772
493	413	0.999281
493	240	0.999567
493	305	0.999115
493	465	0.999916
493	25	0.998793
493	382	0.998665
493	442	0.998644
493	399	0.999829
493	296	0.999573
493	302	0.999645
493	384	0.998754
493	109	0.999336
493	142	0.999566
493	252	0.999814
493	111	0.998676
493	40	0.998844
493	303	0.999034
493	57	0.998955
493	390	0.9988
493	252	0.999227
493	167	0.998804
493	422	0.998828
493	488	0.998646
493	88	0.999479
493	177	0.999715
493	282	0.999564
493	47	0.999836
493	448	0.999681
493	119	0.999256
493	436	0.999842
493	307	0.998688
493	77	0.998732
493	338	0.999522
493	178	0.999041
493	423	0.998735
493	210	0.999308
493	335	0.998955
493	113	0.998944
493	377	0.99885
493	111	0.999679
493	44	0.999777
493	295	0.999275
493	358	0.998774
493	141	0.998997
493	349	0.999638
493	387	0.998793
493	304	0.999882
493	198	0.999162
493	122	0.998974
493	393	0.999644
493	251	0.9992
493	100	0.999975
493	36	0.999905
493	445	0.999529
493	386	0.9996
493	313	0.998683
493	121	0.998652
493	448	0.998934
493	344	0.99901
493	492	0.998821
493	482	0.999564
493	405	0.999462
493	122	0.999085
493	63	0.999201
493	144	0.999437
493	122	0.998918
493	274	0.999363
493	396	0.999255
493	104	0.998971
493	392	0.999048
493	56	0.998959
493	244	0.999503
493	261	0.99999
493	438	0.999159
493	385	0.999389
493	275	0.998715
493	468	0.998933
493	65	0.999222
493	486	0.99916
493	155	0.999018
493	288	0.998752
493	370	0.99973
493	442	0.999341
493	122	0.999325
493	182	0.999634
493	492	0.99888
493	65	0.999393
493	407	0.998914
493	218	0.999934
493	487	0.99874
493	178	0.999958
493	453	0.999223
493	299	0.99904
493	45	0.999627
493	382	0.998709
493	89	0.998966
493	62	0.998632
493	328	0.999248
493	386	0.999022
493	434	0.998939
493	398	0.999959
493	334	0.998974
493	330	0.999314
493	305	0.998803
493	60	0.999757
493	391	0.999336
493	339	0.999418
493	483	0.999273
493	316	0.998646
493	292	0.998885
493	122	0.999134
493	485	0.999553
493	457	0.999831
493	95	0.999596
493	327	0.99921
493	475	0.999629
493	367	0.998644
493	114	0.999232
493	435	0.999397
493	120	0.999227
493	264	0.999686
493	402	0.999523
493	289	0.999049
493	42	0.99952
493	158	0.999564
493	415	0.99952
493	217	0.998923
493	482	0.999767
493	397	0.999678
493	220	0.999067
493	242	0.999258
493	359	0.999884
493	247	0.999747
493	424	0.998832
493	318	0.998692
493	257	0.998866
493	470	0.999849
493	205	0.998641
493	415	0.999812
493	243	0.999095
493	182	0.999316
493	165	0.999337
493	328	0.999479
493	398	0.99931
493	134	0.999226
493	190	0.999381
493	315	0.999599
493	68	0.999844
493	235	0.999693
493	299	0.999577
493	142	0.998959
493	387	0.998999
493	24	0.999408
493	69	0.999129
493	370	0.999404
493	481	0.99908
493	272	0.998782
493	175	0.999037
493	427	0.999807
493	456	0.998637
493	445	0.999221
493	423	0.999193
493	41	0.999683
493	426	0.999012
493	461	0.998707
493	297	0.998744
493	389	0.999451
493	65	0.999682
493	316	0.999759
493	271	0.998893
493	359	0.999562
493	120	0.999786
493	379	0.999051
493	171	0.999701
493	217	0.998644
493	443	0.999847
493	182	0.999704
493	113	0.999311
493	305	0.999489
493	69	0.999903
493	166	0.999462
493	217	0.999315
493	256	0.998929
493	59	0.99971
493	347	0.9997
493	203	0.99937
493	164	0.999437
493	335	0.998952
493	130	0.999029
493	161	0.999836
493	272	0.999414
493	156	0.999729
493	24	0.999893
493	190	0.999182
493	265	0.999966
493	283	0.999505
493	84	0.999471
493	172	0.998943
493	307	0.999429
493	335	0.998867
493	478	0.999222
493	89	0.999533
493	151	0.99883
493	471	0.998886
493	270	0.998641
493	215	0.999612
493	370	0.999347
493	150	0.999557
493	277	0.999896
493	181	0.999004
493	146	0.999093
493	214	0.99888
493	39	0.999936
493	461	0.999023
493	286	0.999321
493	366	0.999878
493	316	0.99896
493	453	0.998814
493	25	0.9997
493	237	0.998717
493	394	0.998759
493	95	0.998693
493	277	0.999077
493	413	0.999808
493	131	0.999085
493	410	0.999552
493	359	0.999693
493	245	0.999742
493	228	0.999327
493	449	0.998777
493	254	0.999144
493	490	0.99997
493	449	0.999519
493	459	0.999056
493	459	0.999375
493	60	0.999607
493	471	0.99966
493	439	0.998663
493	366	0.998691
493	136	0.999067
493	401	0.999767
493	412	0.998948
493	164	0.999803
493	406	0.998989
493	377	0.998918
493	95	0.998631
493	436	0.999916
493	235	0.999659
493	73	0.999273
493	416	0.998923
493	107	0.998802
493	381	0.999631
493	257	0.999451
493	315	0.998919
493	119	0.998826
493	297	0.998747
493	134	0.999483
493	407	0.999768
493	381	0.998637
493	313	0.999951
493	331	0.999468
493	24	0.999066
493	205	0.99898
493	310	0.998635
493	154	0.999099
493	55	0.999166
493	451	0.999381
493	36	0.998725
493	166	0.999263
493	138	0.999927
493	278	0.999271
493	164	0.999078
493	457	0.99914
493	371	0.999415
493	187	0.999192
493	59	0.999705
493	367	0.99909
493	396	0.999826
493	460	0.999579
493	368	0.999899
493	372	0.998973
493	459	0.999629
493	133	0.999378
493	58	0.999127
493	42	0.999644
493	88	0.999982
493	327	0.998999
493	325	0.998944
493	298	0.999671
493	264	0.999147
493	376	0.99923
493	240	0.999968
493	462	0.998982
493	54	0.999784
493	249	0.999551
493	443	0.999437
493	201	0.998906
493	107	0.998659
493	278	0.999974
493	481	0.99873
493	388	0.99957
493	181	0.999088
493	60	0.999948
493	202	0.998891
493	362	0.998973
493	92	0.999418
493	343	0.999216
493	411	0.999103
493	480	0.999579
493	282	0.999815
493	112	0.998635
493	47	0.999477
493	24	0.999097
493	312	0.999106
493	451	0.999571
493	37	0.998956
493	84	0.999488
493	487	0.998963
493	191	0.998855
493	415	0.998862
493	44	0.999026
493	184	0.999242
493	179	0.998765
493	181	0.99893
493	86	0.999527
493	305	0.998758
493	206	0.999496
493	104	0.999038
493	480	0.999959
493	207	0.998651
493	250	0.999155
493	143	0.999568
493	424	0.999349
493	358	0.998989
493	407	0.999956
493	354	0.998635
493	312	0.999359
493	397	0.999531
493	399	0.999499
493	48	0.99865
493	161	0.99896
493	433	0.999218
493	205	0.998777
493	459	0.999886
493	264	0.998929
493	154	0.999226
493	251	0.998748
493	205	0.999252
493	204	0.998751
493	343	0.999081
493	437	0.999359
493	309	0.999174
493	201	0.999352
493	351	0.999007
493	347	0.998873
493	334	0.998662
493	301	0.99976
493	418	0.998677
493	435	0.999423
493	418	0.999996
493	475	0.999118
493	400	0.999722
493	330	0.999483
493	243	0.999345
493	33	0.999063
493	133	0.998651
493	26	0.999169
493	124	0.999634
493	245	0.999223
493	257	0.998818
493	208	0.998923
493	459	0.998828
493	196	0.999185
493	257	0.999286
493	124	0.999242
493	393	0.999362
493	195	0.999886
493	38	0.999638
493	306	0.998799
493	278	0.999731
493	47	0.999323
493	164	0.999981
493	46	0.999734
493	63	0.999601
493	384	0.999494
493	26	0.999699
493	485	0.99986
493	442	0.999363
493	434	0.999597
493	263	0.999603
493	384	0.998646
493	370	0.999107
493	96	0.998974
493	410	0.998721
493	261	0.99959
493	160	0.998813
493	76	0.999286
493	122	0.99956
493	318	0.999844
493	427	0.998948
493	269	0.999631
493	294	0.999851
493	324	0.998729
493	97	0.999674
493	261	0.999448
493	345	0.999742
493	355	0.999904
493	108	0.999327
493	93	0.999727
493	300	0.998893
493	322	0.999066
493	226	0.99976
493	151	0.999627
493	398	0.999574
493	246	0.999756
493	463	0.999384
493	122	0.9991
493	400	0.9997
493	439	0.99943
493	167	0.999852
493	260	0.999248
493	272	0.99986
493	362	0.999282
493	440	0.999167
493	307	0.998912
493	357	0.999873
493	257	0.998841
493	265	0.999522
493	30	0.999138
493	108	0.998822
493	188	0.998852
493	482	0.999112
493	213	0.998852
493	340	0.999886
493	83	0.99911
493	432	0.999723
493	173	0.999592
493	244	0.999048
493	375	0.998944
493	309	0.999245
493	369	0.999842
493	107	0.998995
493	122	0.999394
493	132	0.998828
493	209	0.998718
493	256	0.999986
493	192	0.998822
493	235	0.99898
493	96	0.998893
493	68	0.999525
493	233	0.998867
493	388	0.998982
493	397	0.998692
493	194	0.999423
493	475	0.999326
493	34	0.999449
493	300	0.999875
493	191	0.998981
493	410	0.999879
493	80	0.999301
493	347	0.999756
493	154	0.999268
493	44	0.999685
493	76	0.999247
493	328	0.999622
493	158	0.999733
493	194	0.999903
493	148	0.999985
493	366	0.999034
493	347	0.998869
493	214	0.99977
493	97	0.998955
493	62	0.999245
493	75	0.999931
493	396	0.999347
493	43	0.999348
493	129	0.998907
493	488	0.998709
493	267	0.999797
493	378	0.99947
493	238	0.999403
493	43	0.998711
493	321	0.999911
493	171	0.999844
493	81	0.999236
493	288	0.999386
493	296	0.999799
493	182	0.999405
493	293	0.999523
493	67	0.999342
493	398	0.999708
493	38	0.999796
493	467	0.999255
493	158	0.999384
493	28	0.998802
493	39	0.998997
493	406	0.9994
493	128	0.998788
493	283	0.9992
493	93	0.999692
493	285	0.99906
493	290	0.998992
493	427	0.999223
493	320	0.999901
493	223	0.999325
493	345	0.999123
493	63	0.998966
493	108	0.998926
493	276	0.999489
493	27	0.999056
493	248	0.999384
493	321	0.999089
493	63	0.999238
493	165	0.999229
493	215	0.999557
493	401	0.999018
493	81	0.999557
493	337	0.999331
493	194	0.999473
493	39	0.998725
493	443	0.999218
493	370	0.999078
493	121	0.999026
493	392	0.999071
493	256	0.999555
493	438	0.999663
493	261	0.9996
493	480	0.998665
493	27	0.998747
493	306	0.999419
493	266	0.999867
493	179	0.998684
493	290	0.998923
493	399	0.999579
493	454	0.999801
493	239	0.999434
493	157	0.999859
493	65	0.999826
493	437	0.999681
493	350	0.99959
493	289	0.999429
493	351	0.999882
493	41	0.999804
493	364	0.998718
493	86	0.999784
493	398	0.998776
493	125	0.999794
493	319	0.998821
493	400	0.998706
493	65	0.999467
493	330	0.999581
493	438	0.99944
493	312	0.999045
493	307	0.999622
493	98	0.999466
493	119	0.999904
493	144	0.999696
493	379	0.999215
493	224	0.999786
493	253	0.999636
493	291	0.99908
493	483	0.999064
493	354	0.998986
493	210	0.999636
493	213	0.999153
493	363	0.999081
493	195	0.999381
493	239	0.999667
493	250	0.999375
493	23	0.998707
493	394	0.999826
493	457	0.998676
493	40	0.998633
493	198	0.999267
493	227	0.999264
493	342	0.998902
493	332	0.999925
493	314	0.999425
493	112	0.999322
493	54	0.999249
493	338	0.99931
493	219	0.998977
493	273	0.998695
493	181	0.998956
493	411	0.999644
493	340	0.998862
493	183	0.999884
493	322	0.998713
493	240	0.998914
493	345	0.999112
493	96	0.999659
493	464	0.998714
493	432	0.998912
493	256	0.998767
493	292	0.999995
493	303	0.999733
493	301	0.999901
493	157	0.998889
493	29	0.999955
493	234	0.99963
493	464	0.999101
493	106	0.999545
493	382	0.99944
493	227	0.9999
493	490	0.99924
493	258	0.998722
493	149	0.998689
493	486	0.999132
493	281	0.999944
493	44	0.999255
493	126	0.998949
493	330	0.999557
493	358	0.999054
493	93	0.99976
493	248	0.999731
493	129	0.999267
493	484	0.999922
493	359	0.999318
493	414	0.999123
493	73	0.998888
493	341	0.999108
493	189	0.998975
493	226	0.999888
493	94	0.999214
493	466	0.999694
493	354	0.999416
493	462	0.99874
493	449	0.999241
493	256	0.999636
493	319	0.998982
493	354	0.998711
493	404	0.998632
493	435	0.999863
493	205	0.999348
493	491	0.998941
493	270	0.999697
493	122	0.998639
493	275	0.999244
493	160	0.999389
493	187	0.999
493	450	0.998836
493	367	0.999014
493	307	0.999844
493	294	0.999188
493	151	0.998788
493	71	0.99897
493	53	0.998669
493	128	0.999374
493	377	0.998825
493	370	0.998917
493	275	0.998639
493	456	0.999988
493	445	0.998945
493	413	0.999169
493	354	0.998865
493	422	0.999527
493	213	0.999825
493	174	0.999656
493	201	0.999312
493	365	0.998657
493	155	0.999223
493	137	0.999973
493	64	0.999208
493	448	0.999579
493	316	0.998837
493	476	0.999132
493	24	0.999549
493	151	0.999051
493	145	0.999667
493	307	0.999515
493	53	0.999519
493	182	0.9987
493	114	0.999177
493	49	0.999555
493	423	0.999029
493	260	0.999956
493	62	0.998977
493	35	0.998815
493	379	0.99873
493	73	0.998804
493	108	0.999734
493	206	0.999689
493	399	0.998978
493	82	0.999938
493	287	0.998989
493	450	0.998936
493	230	0.999373
493	211	0.998791
493	272	0.998974
493	446	0.999718
493	253	0.998758
493	490	0.99906
493	240	0.999742
493	258	0.999652
493	256	0.998856
493	25	0.999426
493	345	0.999082
493	369	0.999014
493	93	0.998683
493	459	0.99984
493	265	0.999348
493	300	0.999342
493	277	0.999036
493	79	0.999221
493	110	0.999166
493	89	0.999037
493	152	0.998866
493	315	0.99921
493	200	0.999673
493	367	0.999774
493	129	0.999671
493	460	0.999092
493	394	0.998929
493	211	0.99907
493	430	0.998703
493	439	0.998876
493	346	0.999399
493	84	0.999056
493	447	0.9991
493	199	0.999892
493	381	0.999788
493	161	0.999586
493	177	0.998966
493	65	0.999408
493	254	0.998748
493	256	0.998758
493	125	0.999485
493	413	0.999211
493	82	0.998954
493	361	0.999583
493	429	0.999664
493	128	0.999964
493	456	0.998691
493	310	0.998817
493	269	0.998765
493	434	0.999136
493	429	0.999121
493	380	0.999215
493	346	0.999271
493	247	0.999267
493	492	0.999912
493	35	0.9989
493	413	0.998819
493	430	0.999054
493	148	0.999837
493	277	0.999999
493	314	0.998631
493	65	0.998834
493	280	0.998691
493	359	0.999688
493	96	0.999411
493	50	0.998756
493	74	0.999018
493	414	0.999137
493	97	0.99946
493	334	0.999879
493	411	0.999171
493	373	0.998765
493	373	0.999384
493	243	0.999871
493	92	0.999321
493	140	0.999349
493	351	0.99959
493	453	0.998674
493	407	0.998866
493	468	0.999645
493	375	0.998637
493	90	0.999069
493	293	0.998999
493	310	0.999763
493	29	0.998652
493	86	0.999322
493	380	0.998641
493	133	0.99934
493	160	0.999563
493	235	0.99973
493	29	0.999649
493	97	0.999025
493	119	0.999525
493	301	0.999773
493	83	0.998792
493	293	0.998815
493	260	0.99963
493	145	0.998811
493	448	0.999064
493	368	0.999805
493	178	0.999377
493	75	0.99944
493	122	0.999571
493	54	0.999116
493	423	0.9997
493	313	0.999463
493	71	0.998882
493	27	0.999468
493	34	0.999468
493	84	0.999745
493	95	0.999056
493	273	0.99885
493	244	0.999192
493	77	0.999756
493	435	0.999171
493	86	0.999137
493	108	0.999485
493	79	0.999096
493	296	0.999867
493	148	0.99933
493	158	0.999462
493	346	0.998762
493	329	0.998743
493	287	0.999549
493	31	0.998963
493	332	0.998635
493	155	0.999331
493	345	0.999051
493	433	0.999556
493	429	0.999952
493	451	0.999434
493	100	0.999033
493	177	0.999914
493	76	0.998882
493	211	0.999629
493	215	0.998934
493	332	0.9988
493	248	0.99967
493	388	0.999426
493	52	0.999196
493	406	0.999294
493	31	0.999412
493	24	0.999942
493	64	0.999681
493	416	0.999544
493	296	0.999084
493	280	0.999768
493	470	0.999178
493	427	0.999322
493	297	0.999431
493	266	0.999367
493	196	0.99881
493	180	0.999389
493	32	0.998925
493	241	0.999518
493	142	0.999331
493	471	0.998643
493	40	0.999625
493	65	0.999267
493	24	0.998902
493	184	0.999958
493	486	0.999229
493	68	0.998971
493	348	0.999093
493	479	0.998874
493	467	0.999368
493	484	0.998774
493	255	0.99943
493	482	0.999096
493	300	0.999703
493	475	0.998713
493	272	0.999368
493	349	0.999333
493	490	0.998978
493	326	0.999473
493	327	0.99867
493	88	0.999577
493	328	0.999271
493	181	0.999134
493	82	0.999812
493	398	0.998921
493	375	0.999399
493	216	0.999292
493	305	0.998685
493	181	0.999069
493	75	0.998919
493	321	0.99893
493	323	0.999029
493	31	0.999247
493	59	0.999351
493	154	0.999756
493	309	0.999618
493	462	0.999174
493	150	0.999322
493	305	0.998866
493	286	0.999333
493	75	0.99953
493	150	0.9993
493	267	0.999197
493	265	0.999737
493	353	0.999522
493	444	0.999262
493	408	0.998859
493	104	0.999529
493	151	0.999793
493	42	0.998869
493	264	0.99947
493	324	0.999396
493	414	0.999408
493	219	0.998767
493	228	0.999875
493	419	0.99941
493	144	0.998803
493	454	0.998648
493	438	0.999312
493	223	0.99942
493	322	0.999682
493	271	0.999697
493	225	0.999562
493	489	0.998815
493	447	0.998888
493	155	0.999819
493	253	0.999671
493	454	0.999585
493	292	0.999196
493	145	0.999266
493	381	0.998736
493	408	0.99904
493	317	0.999952
493	211	0.998756
493	29	0.999158
493	55	0.999548
493	69	0.999179
493	199	0.998817
493	203	0.999667
493	355	0.998651
493	84	0.99954
493	270	0.999301
493	408	0.99917
493	74	0.998854
493	189	0.99953
493	32	0.999771
493	406	0.999027
493	80	0.999017
493	193	0.999592
493	143	0.99974
493	370	0.998817
493	485	0.999862
493	137	0.998936
493	294	0.999978
493	354	0.998952
493	302	0.999847
493	194	0.999984
493	348	0.999173
493	50	0.998947
493	153	0.999256
493	465	0.998992
493	252	0.999434
493	287	0.999242
493	111	0.999536
493	356	0.99969
493	363	0.999449
493	186	0.999911
493	215	0.999336
493	102	0.999678
493	332	0.99964
493	150	0.998672
493	182	0.999352
493	206	0.999048
493	122	0.999371
493	461	0.99894
493	177	0.998696
493	339	0.999373
493	414	0.999741
493	157	0.998891
493	447	0.999355
493	173	0.999225
493	113	0.999799
493	328	0.999114
493	296	0.999612
493	181	0.999747
493	172	0.999812
493	185	0.999725
493	333	0.999899
493	448	0.99865
493	395	0.999204
493	54	0.999074
493	226	0.999825
493	252	0.999474
493	94	0.999325
493	444	0.998699
493	135	0.999547
493	105	0.999692
493	448	0.999052
493	328	0.999814
493	243	0.999826
493	367	0.998851
493	215	0.999764
493	98	0.998643
493	393	0.998696
493	228	0.999999
493	102	0.999219
493	84	0.999433
493	343	0.998969
493	446	0.999027
493	38	0.999842
493	242	0.99883
493	350	0.999941
493	293	0.999651
493	376	0.999314
493	189	0.998952
493	201	0.998709
493	485	0.999981
493	224	0.99963
493	310	0.999221
493	276	0.999723
493	87	0.999456
493	474	0.998732
493	140	0.999453
493	410	0.999141
493	359	0.998815
493	54	0.998736
493	249	0.999805
493	106	0.999936
493	84	0.998952
493	23	0.999857
493	244	0.999871
493	36	0.999552
493	402	0.998774
493	417	0.999879
493	229	0.999557
493	121	0.999636
493	153	0.998984
493	361	0.999844
493	273	0.999907
493	154	0.999867
493	344	0.998792
493	386	0.999331
493	127	0.999796
493	26	0.999074
493	366	0.999423
493	358	0.998714
493	445	0.999456
493	405	0.999486
493	251	0.999856
493	418	0.999719
493	92	0.999434
493	127	0.999329
493	391	0.999088
493	154	0.999688
493	25	0.999777
493	239	0.999563
493	29	0.998698
493	392	0.998824
493	277	0.998851
493	339	0.99871
493	164	0.998766
493	86	0.999473
493	397	0.999618
493	357	0.999199
493	297	0.998897
493	156	0.998896
493	321	0.999645
493	421	0.999337
493	60	0.999286
493	217	0.999545
493	71	0.998945
493	331	0.998952
493	45	0.998758
493	153	0.9992
493	154	0.999889
493	479	0.999381
493	147	0.99957
493	97	0.998906
493	205	0.998673
493	136	0.998948
493	136	0.99949
493	491	0.998702
493	100	0.999456
493	272	0.999253
493	353	0.999366
493	398	0.999151
493	392	0.99927
493	251	0.999338
493	296	0.999568
493	33	0.999238
493	491	0.999814
493	45	0.99873
493	385	0.999401
493	164	0.999426
493	178	0.999416
493	216	0.998825
493	345	0.999353
493	343	0.999867
493	488	0.999058
493	156	0.999849
493	346	0.999683
493	414	0.999126
493	27	0.999547
493	341	0.999479
493	387	0.999134
493	250	0.999251
493	458	0.999278
493	66	0.999594
493	25	0.99898
493	304	0.999211
493	288	0.999175
493	111	0.999038
493	260	0.999918
493	492	0.999726
493	179	0.999037
493	451	0.999568
493	403	0.999405
493	139	0.998756
493	469	0.999274
493	170	0.998639
493	312	0.99959
493	468	0.999973
493	372	0.998688
493	356	0.999825
493	417	0.999763
493	287	0.999245
493	400	0.999019
493	199	0.999277
493	423	0.99943
493	210	0.999759
493	266	0.999525
493	210	0.99901
493	289	0.999212
493	412	0.999807
493	349	0.998684
493	436	0.999623
493	200	0.999055
493	409	0.998817
493	419	0.999942
493	50	0.998986
493	134	0.999389
493	155	0.998951
493	104	0.999999
493	366	0.998836
493	297	0.998699
493	236	0.999712
493	95	0.999127
493	457	0.999118
493	479	0.999933
493	348	0.998654
493	490	0.998995
493	43	0.999301
493	246	0.998865
493	483	0.999188
493	23	0.998862
493	429	0.999968
493	344	0.999007
493	234	0.998996
493	35	0.999044
493	293	0.999416
493	440	0.999666
493	310	0.999505
493	195	0.999863
493	459	0.999463
493	299	0.998724
493	100	0.999356
493	25	0.999355
493	329	0.998819
493	333	0.999179
493	321	0.999399
493	279	0.999903
493	345	0.999893
493	355	0.999975
493	253	0.999441
493	36	0.998854
493	154	0.99907
493	290	0.999075
493	379	0.999763
493	347	0.999144
493	144	0.99933
493	157	0.9998
493	492	0.998767
493	230	0.998933
493	339	0.999885
493	73	0.999974
493	390	0.999825
493	150	0.999151
493	237	0.999507
493	288	0.999931
493	112	0.998945
493	458	0.998718
493	204	0.99986
493	157	0.999434
493	448	0.999385
493	98	0.999389
493	380	0.999829
493	311	0.999385
493	474	0.999951
493	188	0.998765
493	97	0.999541
493	163	0.999526
493	318	0.99916
493	365	0.99929
493	125	0.998866
493	379	0.99999
493	477	0.999823
493	232	0.998817
493	441	0.999311
493	28	0.999445
493	168	0.998665
493	279	0.998632
493	365	0.998776
493	33	0.999583
493	303	0.998762
493	46	0.99994
493	358	0.998692
493	149	0.999603
493	48	0.999779
493	283	0.999696
493	443	0.999759
493	444	0.999673
493	270	0.999411
493	58	0.998951
493	80	0.999857
493	221	0.999104
493	348	0.998932
493	434	0.999789
493	263	0.999373
493	434	0.999301
493	235	0.999479
493	323	0.999159
493	128	0.999133
493	458	0.999408
493	44	0.99906
493	412	0.999622
493	301	0.99903
493	434	0.999675
493	297	0.999219
493	332	0.999069
493	171	0.998943
493	166	0.999903
493	284	0.999948
493	123	0.999018
493	337	0.999804
493	287	0.998862
493	168	0.999566
493	456	0.998982
493	487	0.999062
493	159	0.999456
493	455	0.998815
493	198	0.999059
493	383	0.999007
493	168	0.999299
493	153	0.998761
493	473	0.999104
493	295	0.999586
493	343	0.999099
493	484	0.999416
493	140	0.998892
493	416	0.999482
493	390	0.998937
493	121	0.999138
493	255	0.999579
493	289	0.999366
493	280	0.999944
493	97	0.999504
493	439	0.998856
493	218	0.9998
493	400	0.999455
493	183	0.998661
493	89	0.999264
493	75	0.998988
493	341	0.999256
493	285	0.999788
493	60	0.999574
493	23	0.999778
493	61	0.999023
493	346	0.999993
493	245	0.99885
493	192	0.998813
493	215	0.999007
493	80	0.99957
493	133	0.999429
493	130	0.999851
493	392	0.999779
493	442	0.999894
493	213	0.999649
493	219	0.998777
493	110	0.999488
493	122	0.999777
493	325	0.998635
493	96	0.999718
493	162	0.999827
493	322	0.998951
493	276	0.99959
493	230	0.999321
493	434	0.998729
493	26	0.999997
493	276	0.999742
493	268	0.999236
493	375	0.999668
493	31	0.999215
493	133	0.998873
493	120	0.998963
493	454	0.999801
493	487	0.999855
493	253	0.999329
493	143	0.999955
493	311	0.998766
493	27	0.999815
493	152	0.998704
493	435	0.999623
493	267	0.999216
493	371	0.999241
493	292	0.999942
493	107	0.998943
493	288	0.999152
493	486	0.999974
493	112	0.999877
493	338	0.999663
493	376	0.999696
493	381	0.9991
493	311	0.99971
493	336	0.999741
493	218	0.999381
493	467	0.998759
493	356	0.998662
493	423	0.998984
493	220	0.999548
493	156	0.999468
493	207	0.999234
493	341	0.998781
493	177	0.999214
493	290	0.999186
493	424	0.998975
493	106	0.998665
493	492	0.999964
493	307	0.999225
493	465	0.99877
493	33	0.999349
493	316	0.999793
493	342	0.998871
493	455	0.998926
493	31	0.998747
493	174	0.998885
493	249	0.999515
493	246	0.999021
493	254	0.999722
493	211	0.9997
493	262	0.999452
493	329	0.999662
493	469	0.999093
493	42	0.999389
493	365	0.999399
493	93	0.999086
493	406	0.998896
493	86	0.999483
493	324	0.999399
493	392	0.999886
493	334	0.999601
493	446	0.999331
493	449	0.999974
493	106	0.999756
493	120	0.998962
493	53	0.998826
493	402	0.999345
493	422	0.999921
493	316	0.999925
493	439	0.999866
493	139	0.999849
493	299	0.999325
493	171	0.999414
493	399	0.999133
493	247	0.998721
493	24	0.999312
493	89	0.999334
493	392	0.99951
493	418	0.999494
493	148	0.99961
493	435	0.999318
493	383	0.999541
493	200	0.99946
493	477	0.998643
493	122	0.999018
493	383	0.999451
493	94	0.999338
493	298	0.999493
493	60	0.999122
493	135	0.999019
493	157	0.999014
493	394	0.998921
493	488	0.998667
493	82	0.99953
493	491	0.9988
493	46	0.999926
493	243	0.998974
493	245	0.998833
493	94	0.998726
493	361	0.999985
493	70	0.999486
493	206	0.999697
493	45	0.999689
493	278	0.999923
493	185	0.999133
493	351	0.999215
493	255	0.998852
493	222	0.999748
493	350	0.99952
493	375	0.999333
493	404	0.998729
493	349	0.999837
493	163	0.999304
493	332	0.999351
493	418	0.998714
493	309	0.999636
493	404	0.998926
493	458	0.998867
493	41	0.999293
493	348	0.999227
493	52	0.998952
493	199	0.999019
493	113	0.999448
493	153	0.999012
493	32	0.998882
493	219	0.999321
493	141	0.999288
493	477	0.999158
493	97	0.999652
493	148	0.999638
493	127	0.998991
493	419	0.999914
493	409	0.999412
493	161	0.999416
493	264	0.998781
493	168	0.99966
493	285	0.999931
493	443	0.998929
493	162	0.999019
493	486	0.999095
493	297	0.999736
493	286	0.99921
493	215	0.999536
493	174	0.999415
493	191	0.999688
493	297	0.99916
493	337	0.999448
493	263	0.999852
493	460	0.999855
493	228	0.99983
493	426	0.998792
493	173	0.999862
493	257	0.998945
493	350	0.999457
493	111	0.999704
493	76	0.99886
493	455	0.998669
493	278	0.998751
493	175	0.999852
493	69	0.999477
493	432	0.998687
493	168	0.999553
493	205	0.99973
493	462	0.999205
493	297	0.999542
493	57	0.999043
493	285	0.999827
493	66	0.99906
493	59	0.999308
493	23	0.998978
493	47	0.999589
493	148	0.999692
493	461	0.999366
493	270	0.999634
493	424	0.999573
493	337	0.999466
493	144	0.999207
493	43	0.999978
493	275	0.998902
493	443	0.999315
493	359	0.999054
493	255	0.999241
493	263	0.998752
493	485	0.999729
493	121	0.999868
493	197	0.999188
493	470	0.999696
493	68	0.999451
493	193	0.999074
493	220	0.999878
493	216	0.999382
493	245	0.9989
493	267	0.99921
493	462	0.998672
493	244	0.999468
493	61	0.99906
493	474	0.998891
493	73	0.998683
493	211	0.999305
493	320	0.999878
493	84	0.998822
493	28	0.998843
493	381	0.999799
493	282	0.99956
493	159	0.99991
493	258	0.999501
493	304	0.998793
493	389	0.999619
493	411	0.999051
493	373	0.998678
493	413	0.999925
493	463	0.999329
493	465	0.999679
493	472	0.998763
493	330	0.999032
493	228	0.998906
493	314	0.998869
493	410	0.999011
493	112	0.999564
493	334	0.999666
493	330	0.998784
493	203	0.999722
493	343	0.999436
493	102	0.999399
493	296	0.999304
493	367	0.999777
493	173	0.999362
493	485	0.999134
493	250	0.999166
493	378	0.999496
493	39	0.999757
493	411	0.999947
493	151	0.9988
493	394	0.999147
493	204	0.998929
493	47	0.999775
493	229	0.998867
493	361	0.99962
493	232	0.999545
493	67	0.999738
493	151	0.99976
493	237	0.999636
493	489	0.998939
493	349	0.999592
493	231	0.999534
493	30	0.99936
493	40	0.999373
493	428	0.999674
493	271	0.999549
493	148	0.998799
493	468	0.999132
493	84	0.998906
493	189	0.999574
493	441	0.999229
493	100	0.999014
493	193	0.998683
493	307	0.99914
493	141	0.999897
493	72	0.99942
493	429	0.998952
493	208	0.998933
493	204	0.998763
493	246	0.999141
493	326	0.99874
493	396	0.999629
493	391	0.999163
493	414	0.998711
493	254	0.999941
493	343	0.998867
493	383	0.99977
493	356	0.999667
493	346	0.999211
493	232	0.998815
493	479	0.999375
493	361	0.999345
493	40	0.999781
493	81	0.999122
493	277	0.998696
493	401	0.99957
493	436	0.99989
493	250	0.999026
493	137	0.99898
493	331	0.999481
493	198	0.999197
493	418	0.999026
493	204	0.999208
493	341	0.999664
493	262	0.99977
493	84	0.999274
493	126	0.99943
493	82	0.999333
493	407	0.999916
493	352	0.998958
493	249	0.998985
493	440	0.99973
493	443	0.999085
493	427	0.999868
493	357	0.999812
493	226	0.998661
493	169	0.999688
493	166	0.998747
493	246	0.999507
493	288	0.998902
493	122	0.999767
493	110	0.998843
493	191	0.999006
493	73	0.999855
493	220	0.999767
493	259	0.998751
493	142	0.99987
493	338	0.999564
493	254	0.998678
493	228	0.99987
493	454	0.999149
493	246	0.99937
493	96	0.99987
493	419	0.999078
493	309	0.998865
493	387	0.998806
493	269	0.999179
493	392	0.998997
493	44	0.998943
493	439	0.998973
493	183	0.999189
493	76	0.998889
493	76	0.999737
493	246	0.999088
493	460	0.998896
493	230	0.998936
493	334	0.999701
493	40	0.998789
493	276	0.999045
493	133	0.999351
493	201	0.999836
493	256	0.999282
493	295	0.998799
493	226	0.998766
493	141	0.998635
493	309	0.999729
493	31	0.999225
493	364	0.999651
493	75	0.998847
493	177	0.99951
493	370	0.999353
493	151	0.999221
493	326	0.998914
493	137	0.999292
493	439	0.99944
493	56	0.999483
493	396	0.999933
493	210	0.999273
493	483	0.999311
493	403	0.999962
493	95	0.999677
493	149	0.999121
493	483	0.998747
493	37	0.998661
493	207	0.999075
493	56	0.99917
493	280	0.999307
493	270	0.998689
493	145	0.998841
493	217	0.999258
493	351	0.998681
493	437	0.999385
493	160	0.999745
493	391	0.999636
493	471	0.999453
493	220	0.999555
493	464	0.999951
493	401	0.999911
493	390	0.999275
493	466	0.998793
493	148	0.999279
493	457	0.999923
493	480	0.999879
493	460	0.999444
493	443	0.999823
493	56	0.998766
493	471	0.999944
493	201	0.999081
493	197	0.999014
493	90	0.999531
493	372	0.999694
493	47	0.999278
493	311	0.998876
493	310	0.998789
493	161	0.999096
493	219	0.999292
493	49	0.99969
493	189	0.999312
493	70	0.998717
493	197	0.998978
493	379	0.998977
493	39	0.999663
493	456	0.999336
493	173	0.999045
493	158	0.999733
493	320	0.999984
493	100	0.999771
493	333	0.999073
493	284	0.999638
493	226	0.998739
493	31	0.999449
493	316	0.999384
493	111	0.998782
493	379	0.99953
493	402	0.998784
493	411	0.999437
493	424	0.998971
493	319	0.998929
493	147	0.999986
493	144	0.999312
493	207	0.999445
493	489	0.999973
493	346	0.999601
493	194	0.998947
493	472	0.999986
493	99	0.999727
493	79	0.998663
493	484	0.99886
493	400	0.999171
493	350	0.998951
493	475	0.999729
493	243	0.999908
493	160	0.999158
493	95	0.99929
493	103	0.999277
493	127	0.999189
493	364	0.998763
493	82	0.998934
493	99	0.998733
493	343	0.999152
493	260	0.999718
493	382	0.999438
493	315	0.998706
493	378	0.999937
493	152	0.998659
493	436	0.999483
493	422	0.999564
493	201	0.998959
493	153	0.99959
493	418	0.998788
493	355	0.999652
493	278	0.999782
493	249	0.9998
493	483	0.999166
493	447	0.999588
493	370	0.99886
493	429	0.999525
493	449	0.99962
493	86	0.998933
493	296	0.999399
493	460	0.999162
493	470	0.999063
493	68	0.998984
493	486	0.998939
493	109	0.999884
493	120	0.999947
493	399	0.998971
493	91	0.998847
493	397	0.999226
493	118	0.999593
493	216	0.999551
493	390	0.999904
493	76	0.999389
493	251	0.998828
493	272	0.999314
493	182	0.999899
493	142	0.999237
493	446	0.998882
493	333	0.999741
493	278	0.999056
493	384	0.998741
493	389	0.999271
493	63	0.998752
493	271	0.999741
493	179	0.999911
493	489	0.999633
493	167	0.999444
493	237	0.999794
493	284	0.998933
493	323	0.999468
493	288	0.999953
493	254	0.999033
493	182	0.998692
493	282	0.999416
493	136	0.999629
493	181	0.999681
493	28	0.998672
493	383	0.99883
493	399	0.999705
493	341	0.999522
493	440	0.999736
493	262	0.999381
493	339	0.999001
493	252	0.99867
493	296	0.999301
493	484	0.999894
493	465	0.999129
493	443	0.999592
493	26	0.999921
493	419	0.999589
493	354	0.998635
493	276	0.999773
493	337	0.999489
493	377	0.999478
493	301	0.999014
493	44	0.999674
493	471	0.999756
493	414	0.999768
493	408	0.998978
493	465	0.998657
493	452	0.999141
493	32	0.999307
493	307	0.999955
493	200	0.999547
493	171	0.999825
493	131	0.998948
493	210	0.999286
493	32	0.999925
493	282	0.999297
493	142	0.999508
493	340	0.999155
493	364	0.999441
493	251	0.999389
493	364	0.998988
493	315	0.998818
493	59	0.998917
493	399	0.999022
493	453	0.9989
493	414	0.999162
493	429	0.999745
493	112	0.998807
493	274	0.999368
493	233	0.998923
493	163	0.998925
493	145	0.999512
493	369	0.999812
493	125	0.998991
493	224	0.999203
493	74	0.998751
493	299	0.999258
493	361	0.999414
493	126	0.99913
493	428	0.999149
493	176	0.999651
493	110	0.998699
493	309	0.999881
493	334	0.999936
493	470	0.999581
493	40	0.999885
493	313	0.999407
493	231	0.999938
493	314	0.99983
493	67	0.99872
493	112	0.998981
493	379	0.998908
493	336	0.998643
493	460	0.998774
493	252	0.999178
493	37	0.999892
493	78	0.999986
493	70	0.998776
493	79	0.999862
493	442	0.99977
493	266	0.999529
493	220	0.999215
493	232	0.999175
493	322	0.99969
493	106	0.999006
493	337	0.998657
493	476	0.998646
493	225	0.99906
493	112	0.999692
493	38	0.99919
493	430	0.998706
493	143	0.999047
493	23	0.999001
493	456	0.998687
493	227	0.999744
493	273	0.999934
493	304	0.999492
493	412	0.999996
493	353	0.998741
493	415	0.999037
493	221	0.998692
493	119	0.999958
493	299	0.999933
493	477	0.999631
493	391	0.999086
493	460	0.999901
493	491	0.999666
493	226	0.999052
493	114	0.99997
493	367	0.99911
493	280	0.999442
493	344	0.999842
493	199	0.998989
493	172	0.998673
493	380	0.999997
493	132	0.998635
493	239	0.99881
493	42	0.9998
493	41	0.99923
493	191	0.999405
493	74	0.999425
493	270	0.999718
493	121	0.999788
493	384	0.998632
493	139	0.999329
493	55	0.99977
493	169	0.998718
493	405	0.998659
493	160	0.999386
493	299	0.999286
493	191	0.999901
493	352	0.999175
493	36	0.999712
493	464	0.999959
493	223	0.999427
493	359	0.999792
493	225	0.99871
493	441	0.999355
493	381	0.999505
493	179	0.999958
493	36	0.9995
493	29	0.999121
493	269	0.999853
493	192	0.999447
493	365	0.999245
493	408	0.999785
493	230	0.999027
493	257	0.999419
493	118	0.999089
493	390	0.999774
493	239	0.999647
493	235	0.999995
493	381	0.999766
493	464	0.998855
493	262	0.999323
493	388	0.999877
493	75	0.998793
493	262	0.998717
493	365	0.999771
493	148	0.999186
493	86	0.999615
493	336	0.999342
493	193	0.999518
493	136	0.999571
493	386	0.999734
493	198	0.999215
493	237	0.99916
493	76	0.999169
493	475	0.998735
493	30	0.999937
493	391	0.999921
493	253	0.998986
493	152	0.999667
493	348	0.999251
493	456	0.998658
493	391	0.999445
493	424	0.999927
493	108	0.999715
493	222	0.998787
493	388	0.999752
493	321	0.999248
493	132	0.99914
493	65	0.999934
493	230	0.999889
493	61	0.999268
493	279	0.999912
493	328	0.999644
493	254	0.998658
493	386	0.999384
493	302	0.999297
493	68	0.999199
493	90	0.998873
493	51	0.999541
493	155	0.999255
493	74	0.999096
493	302	0.99982
493	49	0.999881
493	268	0.999989
493	358	0.999544
493	140	0.999018
493	407	0.999896
493	356	0.998876
493	226	0.999631
493	53	0.999274
493	188	0.999185
493	308	0.999353
493	69	0.999032
493	196	0.999941
493	349	0.99901
493	90	0.999857
493	69	0.999233
493	280	0.999568
493	310	0.999623
493	291	0.999144
493	210	0.999052
493	60	0.9989
493	104	0.999512
493	28	0.999504
493	492	0.998821
493	190	0.99887
493	303	0.999551
493	433	0.998681
493	47	0.999504
493	88	0.999375
493	253	0.998632
493	126	0.998958
493	487	0.999177
493	358	0.99888
493	303	0.999949
493	235	0.999867
493	198	0.999699
493	89	0.998848
493	381	0.998895
493	255	0.999238
493	239	0.999405
493	179	0.999641
493	407	0.999193
493	380	0.998974
493	392	0.99967
493	293	0.999968
493	328	0.99963
493	450	0.999234
493	34	0.999442
493	275	0.999177
493	413	0.999319
493	27	0.99873
493	346	0.999999
493	424	0.999384
493	46	0.999303
493	57	0.998678
493	66	0.999327
493	386	0.998704
493	98	0.999536
493	291	0.999475
493	152	0.999348
493	357	0.999351
493	117	0.999394
493	487	0.999574
493	347	0.998785
493	191	0.998936
493	227	0.999919
493	452	0.999512
493	166	0.99939
493	325	0.999559
493	407	0.999267
493	332	0.9995
493	431	0.998943
493	397	0.999223
493	430	0.99924
493	275	0.998683
493	63	0.999445
493	107	0.999218
493	165	0.99951
493	219	0.998982
493	114	0.999653
493	302	0.999693
493	370	0.999244
493	245	0.999119
493	412	0.99974
493	357	0.999441
493	155	0.999522
493	149	0.998647
493	382	0.999518
493	346	0.999331
493	392	0.999334
493	384	0.998765
493	135	0.9998
493	146	0.999356
493	138	0.999451
493	210	0.999466
493	82	0.999493
493	414	0.998635
493	142	0.999534
493	47	0.998945
493	470	0.999242
493	379	0.998881
493	424	0.998785
493	449	0.99947
493	387	0.99967
493	357	0.999418
493	155	0.99864
493	155	0.999979
493	399	0.999145
493	216	0.999244
493	186	0.999701
493	391	0.999527
493	268	0.99963
493	211	0.999138
493	476	0.99884
493	177	0.999027
493	290	0.999642
493	88	0.998867
493	176	0.999226
493	260	0.999448
493	201	0.998902
493	142	0.998904
493	399	0.99946
493	285	0.999497
493	451	0.998765
493	318	0.999999
493	53	0.99909
493	247	0.998782
493	29	0.999915
493	89	0.999008
493	213	0.998691
493	283	0.999099
493	356	0.999566
493	30	0.999819
493	385	0.999247
493	352	0.998952
493	283	0.999731
493	88	0.999742
493	409	0.99891
493	131	0.998944
493	267	0.999338
493	453	0.999445
493	287	0.99877
493	340	0.999847
493	272	0.999379
493	140	0.999393
493	197	0.999416
493	429	0.999604
493	46	0.999093
493	261	0.999003
493	143	0.998886
493	383	0.998691
493	333	0.999316
493	241	0.999293
493	109	0.998741
493	197	0.99929
493	176	0.998707
493	486	0.998803
493	307	0.999015
493	384	0.999212
493	175	0.998911
493	161	0.998639
493	260	0.999829
493	153	0.999311
493	132	0.999564
493	208	0.999914
493	481	0.999678
493	421	0.999489
493	291	0.999075
493	56	0.999708
493	108	0.999731
493	442	0.999047
493	199	0.99919
493	437	0.999359
493	309	0.999733
493	316	0.999553
493	403	0.999003
493	330	0.99917
493	146	0.999575
493	60	0.999338
493	172	0.999174
493	277	0.999544
493	434	0.999062
493	229	0.998704
493	50	0.999644
493	185	0.999159
493	271	0.998966
493	200	0.998911
493	490	0.999605
493	114	0.999479
493	71	0.998952
493	446	0.999314
493	148	0.999093
493	275	0.999445
493	260	0.999674
493	392	0.999796
493	134	0.99921
493	465	0.998699
493	348	0.999581
493	369	0.999944
493	384	0.999494
493	121	0.999778
493	460	0.999733
493	384	0.999245
493	134	0.999377
493	86	0.999089
493	397	0.999451
493	68	0.999837
493	436	0.999899
493	490	0.999278
493	315	0.998858
493	222	0.999067
493	370	0.999651
493	146	0.999911
493	116	0.999285
493	341	0.999106
493	169	0.999018
493	135	0.999271
493	102	0.999851
493	364	0.999438
493	341	0.998808
493	281	0.999337
493	395	0.999043
493	90	0.999689
493	442	0.999025
493	156	0.999747
493	219	0.999478
493	365	0.998966
493	154	0.999585
493	24	0.999385
493	197	0.999697
493	294	0.999279
493	232	0.998782
493	334	0.999341
493	463	0.998903
493	334	0.99891
493	419	0.99923
493	124	0.99991
493	154	0.998834
493	171	0.999877
493	353	0.999208
493	144	0.998977
493	403	0.999931
493	75	0.999975
493	63	0.999656
493	362	0.999444
493	206	0.9995
493	434	0.999882
493	43	0.998688
493	271	0.999356
493	342	0.999055
493	82	0.999825
493	392	0.998709
493	396	0.99991
493	450	0.998969
493	478	0.99888
493	59	0.999288
493	236	0.999303
493	486	0.999405
493	310	0.999093
493	198	0.999452
493	415	0.999781
493	446	0.998882
493	60	0.999738
493	208	0.999782
493	266	0.999377
493	383	0.999103
493	434	0.999004
493	422	0.998739
493	45	0.998919
493	183	0.999922
493	23	0.999108
493	194	0.999227
493	57	0.999244
493	61	0.999419
493	388	0.999496
493	299	0.998793
493	188	0.99923
493	329	0.999171
493	104	0.999184
493	333	0.999022
493	196	0.998911
493	58	0.999103
493	401	0.998699
493	151	0.999537
493	129	0.999564
493	393	0.999793
493	129	0.999462
493	359	0.999104
493	175	0.99947
493	340	0.998969
493	115	0.999934
493	236	0.999985
493	474	0.999144
493	185	0.999859
493	457	0.999637
493	253	0.999845
493	227	0.998847
493	332	0.999444
493	187	0.998975
493	265	0.999008
493	487	0.998651
493	247	0.999951
493	317	0.998684
493	312	0.998725
493	126	0.999993
493	95	0.999794
493	221	0.999747
493	257	0.999119
493	234	0.999777
493	460	0.999179
493	35	0.998781
493	347	0.999626
493	44	0.999638
493	61	0.999927
493	381	0.998741
493	206	0.998811
493	287	0.99939
493	484	0.999557
493	316	0.999455
493	67	0.999964
493	285	0.999252
493	484	0.999748
493	105	0.999242
493	256	0.99884
493	101	0.999314
493	389	0.999003
493	409	0.999577
493	165	0.999807
493	309	0.999466
493	244	0.999262
493	277	0.999127
493	168	0.9991
493	187	0.999578
493	253	0.999218
493	254	0.998971
493	210	0.999789
493	375	0.9994
493	189	0.999407
493	308	0.999362
493	161	0.999693
493	359	0.999849
493	156	0.999037
493	367	0.99954
493	162	0.998639
493	263	0.998839
493	260	0.999914
493	150	0.998741
493	32	0.998918
493	213	0.999037
493	428	0.999467
493	483	0.999979
493	383	0.998959
493	279	0.998954
493	212	0.998806
493	299	0.999014
493	356	0.999188
493	432	0.999304
493	106	0.998752
493	386	0.999912
493	268	0.999444
493	39	0.999082
493	43	0.999205
493	319	0.998907
493	236	0.999662
493	142	0.999605
493	72	0.99927
493	398	0.999971
493	64	0.999408
493	57	0.999221
493	89	0.998689
493	324	0.99994
493	112	0.999644
493	382	0.99989
493	97	0.998735
493	367	0.999493
493	448	0.998813
493	478	0.999348
493	124	0.998854
493	235	0.999636
493	28	0.999526
493	280	0.99971
493	294	0.999452
493	140	0.99962
493	274	0.998667
493	354	0.999608
493	476	0.999948
493	149	0.999304
493	211	0.999288
493	175	0.998934
493	238	0.999822
493	234	0.998844
493	458	0.999326
493	280	0.999631
493	238	0.998681
493	482	0.999863
493	289	0.998646
493	100	0.999444
493	349	0.99952
493	195	0.99877
493	404	0.999615
493	316	0.999163
493	407	0.999844
493	443	0.99909
493	256	0.999123
493	394	0.999807
493	436	0.999044
493	294	0.999505
493	383	0.998889
493	25	0.998877
493	43	0.999451
493	33	0.999801
493	119	0.998907
493	317	0.999375
493	75	0.99939
493	271	0.998748
493	78	0.999232
493	106	0.999426
493	68	0.999379
493	267	0.999447
493	118	0.999178
493	175	0.999847
493	125	0.999879
493	419	0.99982
493	90	0.999792
493	375	0.99913
493	411	0.999252
493	230	0.998965
493	261	0.998696
493	152	0.999604
493	308	0.999971
493	243	0.998637
493	32	0.998985
493	157	0.999499
493	429	0.998758
493	385	0.998855
493	254	0.998631
493	39	0.998991
493	166	0.998844
493	310	0.999121
493	289	0.99884
493	29	0.999568
493	61	0.999715
493	157	0.999392
493	468	0.999345
493	123	0.999001
493	44	0.999048
493	308	0.999786
493	429	0.999189
493	279	0.999849
493	170	0.999688
493	481	0.99931
493	418	0.998907
493	437	0.999899
493	301	0.999755
493	339	0.99934
493	238	0.999033
493	218	0.999985
493	332	0.999049
493	310	0.999048
493	113	0.998852
493	69	0.998923
493	448	0.999968
493	444	0.999737
493	163	0.999184
493	409	0.99991
493	121	0.999111
493	55	0.998819
493	46	0.999274
493	245	0.999253
493	195	0.99923
493	386	0.999089
493	438	0.999125
493	267	0.998667
493	250	0.999594
493	478	0.999215
493	342	0.999189
493	225	0.998747
493	302	0.999415
493	26	0.998684
493	465	0.998772
493	64	0.99893
493	359	0.999603
493	282	0.999448
493	136	0.999974
493	269	0.999685
493	139	0.998991
493	282	0.999562
493	125	0.999921
493	63	0.999177
493	365	0.999701
493	226	0.99967
493	142	0.999548
493	419	0.999
493	117	0.998991
493	314	0.999711
493	93	0.999618
493	284	0.999845
493	235	0.9998
493	458	0.999816
493	467	0.999552
493	394	0.998967
493	186	0.999838
493	488	0.998993
493	400	0.999166
493	337	0.99908
493	42	0.999126
493	28	0.998819
493	361	0.998641
493	371	0.999488
493	207	0.999549
493	466	0.998921
493	465	0.999963
493	466	0.999347
493	256	0.998937
493	216	0.99947
493	258	0.999496
493	54	0.999726
493	254	0.999985
493	361	0.998977
493	120	0.999926
493	81	0.998791
493	278	0.999523
493	323	0.998876
493	32	0.999604
493	193	0.998791
493	411	0.999715
493	178	0.998944
493	348	0.999929
493	373	0.999557
493	104	0.998725
493	492	0.999401
493	376	0.998758
493	173	0.99983
493	288	0.999438
493	299	0.99883
493	138	0.999745
493	323	0.999319
493	273	0.999597
493	352	0.999725
493	400	0.999868
493	95	0.999516
493	484	0.999026
493	24	0.999922
493	463	0.999312
493	141	0.999777
493	79	0.999944
493	477	0.998684
493	306	0.999923
493	375	0.999911
493	439	0.998733
493	178	0.999415
493	419	0.999845
493	331	0.999877
493	188	0.998754
493	257	0.999486
493	156	0.999054
493	199	0.998844
493	485	0.999156
493	414	0.999408
493	37	0.998999
493	226	0.99983
493	95	0.999297
493	107	0.999733
493	421	0.999336
493	166	0.999847
493	401	0.999467
493	464	0.999885
493	275	0.999822
493	301	0.999488
493	447	0.999112
493	386	0.998707
493	197	0.999574
493	27	0.999412
493	83	0.999995
493	387	0.999512
493	353	0.998698
493	202	0.999592
493	157	0.998958
493	248	0.999437
493	344	0.998975
493	111	0.99942
493	224	0.998869
493	83	0.999189
493	235	0.999192
493	213	0.999864
493	147	0.999247
493	230	0.999742
493	258	0.999137
493	132	0.999422
493	191	0.999199
493	455	0.999694
493	318	0.998813
493	108	0.999742
493	407	0.999255
493	303	0.99894
493	411	0.998933
493	165	0.999529
493	355	0.99986
493	386	0.999441
493	356	0.998902
493	271	0.999608
493	282	0.999953
493	49	0.998639
493	137	0.999852
493	77	0.999418
493	311	0.998865
493	263	0.999211
493	179	0.999763
493	412	0.999926
493	247	0.998885
493	398	0.999258
493	417	0.999075
493	398	0.999744
493	469	0.999904
493	251	0.999571
493	413	0.999178
493	294	0.999789
493	478	0.999025
493	30	0.99897
493	219	0.998966
493	311	0.999888
493	274	0.998828
493	428	0.999985
493	266	0.999614
493	395	0.99929
493	373	0.999852
493	181	0.999505
493	188	0.998735
493	190	0.999423
493	325	0.999167
493	377	0.999003
493	180	0.99883
493	245	0.998908
493	191	0.998919
493	437	0.999427
493	214	0.999111
493	290	0.999785
493	224	0.999949
493	182	0.999664
493	376	0.999349
493	462	0.999853
493	38	0.998826
493	85	0.999896
493	348	0.999956
493	412	0.999929
493	192	0.999066
493	267	0.999986
493	467	0.999838
493	84	0.999696
493	400	0.998636
493	472	0.999878
493	357	0.999315
493	87	0.998973
493	267	0.99865
493	186	0.998707
493	109	0.999247
493	185	0.99967
493	63	0.99997
493	107	0.999292
493	191	0.999634
493	474	0.999401
493	220	0.999188
493	308	0.999679
493	64	0.998633
493	328	0.99959
493	252	0.998882
493	337	0.999364
493	444	0.998815
493	45	0.999482
493	403	0.999225
493	47	0.999837
493	221	0.998699
493	200	0.998681
493	188	0.999866
493	39	0.999301
493	295	0.999477
493	308	0.999275
493	264	0.999838
493	52	0.999675
493	378	0.999099
493	363	0.999326
493	459	0.998929
493	201	0.999352
493	458	0.99973
493	312	0.998948
493	302	0.999784
493	445	0.999657
493	424	0.9999
493	274	0.99989
493	106	0.99972
493	115	0.998676
493	315	0.999963
493	466	0.999773
493	122	0.998975
493	43	0.998925
493	239	0.999081
493	119	0.999577
493	402	0.999082
493	353	0.999682
493	383	0.999601
493	309	0.999759
493	310	0.999952
493	346	0.998921
493	58	0.999538
493	230	0.999597
493	249	0.999949
493	470	0.998704
493	357	0.999207
493	293	0.9993
493	174	0.999032
493	255	0.99981
493	438	0.999386
493	89	0.999174
493	23	0.998904
493	103	0.999114
493	23	0.999653
493	346	0.998662
493	225	0.999211
493	153	0.999794
493	146	0.999415
493	76	0.998893
493	96	0.998941
493	421	0.999374
493	320	0.999581
493	95	0.999311
493	162	0.998644
493	360	0.999678
493	265	0.999442
493	221	0.998858
493	166	0.999349
493	346	0.999696
493	147	0.999905
493	472	0.999786
493	437	0.999333
493	310	0.99911
493	261	0.999629
493	239	0.999195
493	237	0.999645
493	70	0.999321
493	405	0.998855
493	93	0.998693
493	77	0.999266
493	278	0.999226
493	488	0.999718
493	146	0.99917
493	246	0.998781
493	221	0.999111
493	195	0.998658
493	378	0.999681
493	215	0.998665
493	98	0.999431
493	461	0.999455
493	419	0.99894
493	280	0.998632
493	469	0.999433
493	115	0.999956
493	362	0.999052
493	444	0.998943
493	387	0.998655
493	64	0.998892
493	250	0.999021
493	63	0.998641
493	479	0.999142
493	45	0.999966
493	39	0.999431
493	449	0.998803
493	212	0.999267
493	221	0.998882
493	274	0.998832
493	246	0.999931
493	237	0.999714
493	270	0.999663
493	321	0.999195
493	348	0.999975
493	126	0.998702
493	414	0.999205
493	449	0.999145
493	459	0.999848
493	400	0.999504
493	384	0.999203
493	174	0.999032
493	231	0.999184
493	80	0.999141
493	209	0.999226
493	225	0.998959
493	250	0.999649
493	342	0.998881
493	345	0.99908
493	39	0.998914
493	168	0.999877
493	87	0.999607
493	80	0.999281
493	263	0.999026
493	435	0.998866
493	377	0.99964
493	323	0.99994
493	411	0.999655
493	82	0.999688
493	386	0.99937
493	188	0.999716
493	450	0.998669
493	82	0.999253
493	50	0.999711
493	468	0.998683
493	38	0.999137
493	299	0.999307
493	192	0.998769
493	143	0.998936
493	463	0.999136
493	99	0.999878
493	139	0.999799
493	50	0.999859
493	161	0.998999
493	281	0.99865
493	315	0.99881
493	327	0.99964
493	141	0.998877
493	330	0.998772
493	423	0.999422
493	350	0.999464
493	420	0.999148
493	459	0.999986
493	476	0.999158
493	352	0.999001
493	292	0.999719
493	464	0.999444
493	300	0.999662
493	357	0.999541
493	243	0.999759
493	121	0.999356
493	137	0.999555
493	226	0.999475
493	353	0.999801
493	172	0.999825
493	88	0.998752
493	420	0.999205
493	79	0.999912
493	378	0.999479
493	184	0.999608
493	477	0.998896
493	89	0.999683
493	340	0.999785
493	244	0.998949
493	74	0.998799
493	164	0.999364
493	255	0.999963
493	54	0.999625
493	69	0.999986
493	316	0.998925
493	169	0.999071
493	201	0.999184
493	325	0.999464
493	362	0.998781
493	369	0.999069
493	163	0.999659
493	341	0.999897
493	487	0.998873
493	454	0.998696
493	194	0.998824
493	323	0.999693
493	362	0.998978
493	52	0.999992
493	465	0.999111
493	284	0.999862
493	272	0.99909
493	118	0.999334
493	247	0.999473
493	476	0.999145
493	117	0.999401
493	358	0.999386
493	283	0.998689
493	328	0.998667
493	298	0.99893
493	357	0.999671
493	24	0.999921
493	476	0.999541
493	477	0.998744
493	174	0.999553
493	316	0.999907
493	136	0.999192
493	297	0.998699
493	26	0.999201
493	158	0.999692
493	30	0.999049
493	30	0.999226
493	33	0.999712
493	183	0.99864
493	59	0.998912
493	100	0.99909
493	134	0.998891
493	98	0.999251
493	423	0.999348
493	379	0.999686
493	178	0.999719
493	366	0.999275
493	492	0.999385
493	237	0.999501
493	122	0.999021
493	149	0.998658
493	310	0.999084
493	414	0.999033
493	139	0.998756
493	323	0.999082
493	477	0.999945
493	318	0.999357
493	398	0.99956
493	334	0.999788
493	191	0.999292
493	179	0.999044
493	321	0.998662
493	65	0.99997
493	261	0.998991
493	153	0.999101
493	146	0.999716
493	86	0.999281
493	111	0.999664
493	185	0.999006
493	220	0.999534
493	28	0.999316
493	32	0.999164
493	89	0.999062
493	316	0.999533
493	217	0.999425
493	456	0.999849
493	429	0.998991
493	492	0.999949
493	38	0.999801
493	300	0.99908
493	175	0.998845
493	357	0.999516
493	52	0.99875
493	38	0.999263
493	200	0.998796
493	86	0.999755
493	272	0.999043
493	176	0.999027
493	397	0.998766
493	478	0.999407
493	198	0.999549
493	79	0.999003
493	451	0.998692
493	172	0.999867
493	356	0.999416
493	200	0.999375
493	232	0.999549
493	382	0.999429
493	423	0.999249
493	473	0.999163
493	106	0.999145
493	391	0.999299
493	438	0.999697
493	393	0.999151
493	313	0.999674
493	395	0.999638
493	67	0.999847
493	158	0.999567
493	165	0.998876
493	254	0.999093
493	483	0.998657
493	287	0.999856
493	232	0.999934
493	393	0.99976
493	265	0.998654
493	338	0.999944
493	221	0.999764
493	110	0.999836
493	415	0.999631
493	376	0.999063
493	100	0.999884
493	391	0.999753
493	185	0.999737
493	264	0.999153
493	71	0.999158
493	303	0.999015
493	460	0.999312
493	62	0.999437
493	413	0.998691
493	313	0.999014
493	370	0.999619
493	88	0.999178
493	312	0.998828
493	96	0.999885
493	419	0.999837
493	384	0.99919
493	286	0.999956
493	339	0.999267
493	268	0.998865
493	91	0.999899
493	26	0.998759
493	360	0.999488
493	279	0.99951
493	363	0.999408
493	447	0.999084
493	203	0.999825
493	222	0.999462
493	260	0.999578
493	53	0.998854
493	388	0.999726
493	456	0.999747
493	208	0.99974
493	138	0.999185
493	297	0.999037
493	415	0.998639
493	248	0.998688
493	35	0.999614
493	102	0.999829
493	78	0.999822
493	203	0.99914
493	330	0.999099
493	269	0.999864
493	33	0.999247
493	452	0.99987
493	150	0.9992
493	369	0.998899
493	203	0.998766
493	125	0.999648
493	24	0.998648
493	355	0.999418
493	392	0.998895
493	54	0.999894
493	303	0.998781
493	333	0.998736
493	145	0.999996
493	212	0.999774
493	250	0.999992
493	314	0.998726
493	30	0.999578
493	250	0.999106
493	403	0.99911
493	173	0.998703
493	373	0.999755
493	85	0.999267
493	457	0.999556
493	156	0.998814
493	226	0.999592
493	483	0.999341
493	42	0.998903
493	92	0.999985
493	225	0.999084
493	121	0.999877
493	135	0.999744
493	322	0.999353
493	343	0.999106
493	112	0.99916
493	205	0.999101
493	136	0.999894
493	194	0.998975
493	154	0.999659
493	94	0.998852
493	122	0.999748
493	363	0.998974
493	347	0.999586
493	431	0.999873
493	368	0.999685
493	107	0.999241
493	373	0.999403
493	306	0.99986
493	32	0.999977
493	86	0.999714
493	342	0.999871
493	142	0.999418
493	26	0.999062
493	457	0.999126
493	385	0.998778
493	323	0.999875
493	319	0.998728
493	187	0.999038
493	161	0.999897
493	306	0.999404
493	420	0.998751
493	177	0.998854
493	265	0.999342
493	29	0.999941
493	317	0.999296
493	392	0.999043
493	345	0.998636
493	237	0.999834
493	479	0.999919
493	89	0.99888
493	183	0.999438
493	195	0.999282
493	149	0.999277
493	295	0.999637
493	304	0.998914
493	424	0.999473
493	376	0.999838
493	492	0.999659
493	338	0.999284
493	250	0.999457
493	255	0.999594
493	103	0.998729
493	394	0.998674
493	448	0.999356
493	419	0.9995
493	350	0.998908
493	244	0.999138
493	179	0.999427
493	142	0.998925
493	168	0.99969
493	361	0.999032
493	366	0.998743
493	333	0.998888
493	190	0.998899
493	134	0.998748
493	261	0.998977
493	175	0.999789
493	285	0.998665
493	88	0.99924
493	77	0.998952
493	299	0.99999
493	338	0.999296
493	162	0.999407
493	145	0.99967
493	309	0.999805
493	49	0.998674
493	204	0.999938
493	266	0.998937
493	336	0.999814
493	79	0.99944
493	285	0.999664
493	358	0.999663
493	34	0.999379
493	41	0.999034
493	39	0.999726
493	376	0.999936
493	42	0.999762
493	321	0.998652
493	74	0.999736
493	94	0.999512
493	271	0.99893
493	119	0.999404
493	103	0.999919
493	262	0.999657
493	430	0.999645
493	94	0.999949
493	490	0.999822
493	286	0.999038
493	113	0.998833
493	401	0.999729
493	86	0.999063
493	447	0.999336
493	263	0.999174
493	354	0.999301
493	135	0.999923
493	75	0.998839
493	462	0.999955
493	388	0.999859
493	40	0.999763
493	189	0.999556
493	395	0.999101
493	33	0.998848
493	270	0.998792
493	206	0.998665
493	80	0.999033
493	36	0.999074
493	354	0.99926
493	363	0.999001
493	302	0.999666
493	271	0.999415
493	163	0.998959
493	114	0.999025
493	365	0.99907
493	230	0.998799
493	222	0.999433
493	131	0.99952
493	353	0.999029
493	320	0.999822
493	153	0.999238
493	49	0.999596
493	48	0.99934
493	124	0.99941
493	34	0.998852
493	106	0.998725
493	48	0.999389
493	294	0.999242
493	255	0.999166
493	488	0.998999
493	199	0.99947
493	460	0.99908
493	142	0.999352
493	301	0.999725
493	94	0.99931
493	74	0.999804
493	284	0.999611
493	191	0.999252
493	249	0.999273
493	295	0.999526
493	481	0.999511
493	149	0.999974
493	130	0.999226
493	146	0.999631
493	167	0.999208
493	67	0.999622
493	187	0.998799
493	129	0.999352
493	251	0.999411
493	422	0.999494
493	124	0.999836
493	216	0.998799
493	283	0.999953
493	313	0.998819
493	63	0.999368
493	311	0.999512
493	26	0.998915
493	192	0.999112
493	428	0.999414
493	466	0.999125
493	327	0.999074
493	79	0.998862
493	328	0.99933
493	369	0.998817
493	447	0.999467
493	253	0.999803
493	425	0.999978
493	392	0.999012
493	320	0.998737
493	405	0.999588
493	314	0.999834
493	301	0.999727
493	355	0.998769
493	129	0.999596
493	70	0.998855
493	288	0.999007
493	172	0.998748
493	416	0.999221
493	51	0.998715
493	237	0.999038
493	379	0.998636
493	68	0.999014
493	85	0.998943
493	152	0.999136
493	207	0.999319
493	332	0.998782
493	32	0.999931
493	445	0.998758
493	196	0.999907
493	78	0.999504
493	279	0.999578
493	126	0.998655
493	348	0.999916
493	138	0.998826
493	23	0.998758
493	138	0.999006
493	277	0.999942
493	309	0.999392
493	418	0.99891
493	424	0.999449
493	333	0.999307
493	104	0.999195
493	216	0.998836
493	290	0.998884
493	272	0.999203
493	181	0.999303
493	127	0.99959
493	73	0.998921
493	196	0.998655
493	390	0.999619
493	273	0.999062
493	356	0.999949
493	239	0.999747
493	372	0.999227
493	243	0.999674
493	29	0.999727
493	170	0.999267
493	231	0.999885
493	54	0.999396
493	51	0.999644
493	153	0.999908
493	399	0.998729
493	448	0.998978
493	479	0.999556
493	448	0.999922
493	391	0.999389
493	74	0.99913
493	336	0.999483
493	48	0.999958
493	206	0.998677
493	157	0.998899
493	48	0.998914
493	184	0.998695
493	91	0.99888
493	351	0.999697
493	297	0.999167
493	389	0.999553
493	371	0.998683
493	321	0.999622
493	322	0.999557
493	372	0.999966
493	183	0.998869
493	326	0.99944
493	308	0.999227
493	33	0.998787
493	388	0.999814
493	135	0.999282
493	122	0.999366
493	428	0.998885
493	64	0.999233
493	392	0.999222
493	229	0.999912
493	264	0.999792
493	298	0.999312
493	454	0.999375
493	195	0.999864
493	146	0.999033
493	375	0.999726
493	214	0.999044
493	455	0.999499
493	454	0.999062
493	384	0.999992
493	190	0.99982
493	449	0.99991
493	110	0.998739
493	39	0.998765
493	261	0.999633
493	391	0.999494
493	410	0.999073
493	296	0.999782
493	206	0.999683
493	388	0.999069
493	376	0.999963
493	473	0.99959
493	235	0.998871
493	321	0.99923
493	416	0.999603
493	79	0.999642
493	310	0.999178
493	487	0.999686
493	388	0.999823
493	311	0.999015
493	454	0.999107
493	327	0.999697
493	145	0.999334
493	241	0.999126
493	323	0.999829
493	167	0.999901
493	100	0.999179
493	264	0.999873
493	441	0.998839
493	386	0.999216
493	341	0.999571
493	368	0.998829
493	158	0.99877
493	166	0.999252
493	265	0.9996
493	75	0.999503
493	257	0.999696
493	303	0.998906
493	120	0.999045
493	144	0.999812
493	123	0.999771
493	366	0.999323
493	108	0.99875
493	409	0.998735
493	264	0.99956
493	341	0.998721
493	117	0.999888
493	131	0.999379
493	363	0.99991
493	401	0.998744
493	284	0.999375
493	191	0.999727
493	90	0.9997
493	421	0.999007
493	300	0.999793
493	112	0.999017
493	144	0.999734
493	223	0.999811
493	127	0.999294
493	310	0.999771
493	101	0.999682
493	343	0.999882
493	433	0.998678
493	264	0.999433
493	283	0.998684
493	461	0.998949
493	308	0.998854
493	52	0.999897
493	171	0.998728
493	134	0.998848
493	312	0.99924
493	333	0.999637
493	37	0.99982
493	88	0.998796
493	325	0.99931
493	411	0.999127
493	245	0.999793
493	110	0.998986
493	366	0.999101
493	274	0.999619
493	359	0.998962
493	367	0.99885
493	449	0.999438
493	151	0.999462
493	134	0.998713
493	167	0.999118
493	288	0.999693
493	104	0.999868
493	191	0.998744
493	492	0.999207
493	352	0.999195
493	297	0.999236
493	335	0.999605
493	471	0.998766
493	199	0.999193
493	400	0.999499
493	292	0.999162
493	401	0.999908
493	477	0.998933
493	417	0.999541
493	39	0.998802
493	470	0.999868
493	25	0.999762
493	390	0.999121
493	467	0.999304
493	291	0.999352
493	304	0.998635
493	204	0.999784
493	133	0.999675
493	326	0.999233
493	392	0.999953
493	419	0.999889
493	380	0.999411
493	53	0.998655
493	48	0.999158
493	447	0.999573
493	282	0.998877
493	248	0.999845
493	26	0.998713
493	210	0.999075
493	286	0.999493
493	423	0.999692
493	167	0.999422
493	414	0.999296
493	336	0.998818
493	460	0.999626
493	113	0.999622
493	403	0.998826
493	471	0.999408
493	210	0.999348
493	61	0.999936
493	50	0.998912
493	155	0.998903
493	156	0.999733
493	381	0.999526
493	152	0.999708
493	239	0.999127
493	487	0.999296
493	247	0.999177
493	57	0.998772
493	89	0.998918
493	309	0.999059
493	488	0.99949
493	236	0.999177
493	434	0.998724
493	481	0.999084
493	113	0.999027
493	60	0.999642
493	297	0.999921
493	116	0.998762
493	431	0.999279
493	153	0.999362
493	101	0.999388
493	419	0.998856
493	398	0.999218
493	398	0.999351
493	289	0.998932
493	300	0.999212
493	417	0.999392
493	391	0.999501
493	362	0.998632
493	476	0.999641
493	210	0.999316
493	87	0.999433
493	487	0.999334
493	392	0.999718
493	414	0.999156
493	351	0.998658
493	443	0.998711
493	436	0.999271
493	132	0.998952
493	112	0.999348
493	129	0.999427
493	336	0.998833
493	86	0.998817
493	425	0.998825
493	344	0.999627
493	245	0.999457
493	247	0.999753
493	293	0.999373
493	285	0.9988
493	385	0.999493
493	310	0.999336
493	149	0.999951
493	276	0.998889
493	161	0.999479
493	403	0.998965
493	419	0.999299
493	258	0.99888
493	27	0.999292
493	366	0.999167
493	408	0.99875
493	431	0.99956
493	75	0.999973
493	436	0.998878
493	307	0.9988
493	475	0.999382
493	271	0.9989
493	449	0.999134
493	88	0.999544
493	211	0.999605
493	287	0.999903
493	218	0.999619
493	418	0.99865
493	416	0.999889
493	90	0.999542
493	369	0.99979
493	180	0.999378
493	156	0.999499
493	122	0.999704
493	365	0.999537
493	112	0.999225
493	365	0.999764
493	41	0.999534
493	447	0.998796
493	172	0.998811
493	347	0.999707
493	75	0.999671
493	50	0.999208
493	310	0.999914
493	273	0.998639
493	280	0.999288
493	219	0.998658
493	364	0.999473
493	87	0.998947
493	264	0.998633
493	449	0.999021
493	279	0.999805
493	232	0.999382
493	348	0.998856
493	48	0.999564
493	373	0.999256
493	373	0.999936
493	236	0.999492
493	469	0.998808
493	382	0.999492
493	479	0.999489
493	343	0.999655
493	269	0.999667
493	83	0.999716
493	24	0.99972
493	398	0.999966
493	464	0.999166
493	379	0.999341
493	326	0.999884
493	89	0.999794
493	129	0.998969
493	368	0.999125
493	381	0.999341
493	100	0.999527
