5000
203	104	0.998927
203	58	0.999102
203	51	0.999738
203	22	0.999122
203	21	0.999915
203	157	0.999022
203	34	0.999814
203	22	0.999379
203	195	0.999648
203	38	0.999331
203	14	0.999544
203	21	0.999903
203	43	0.999557
203	185	0.999345
203	72	0.999737
203	61	0.999551
203	191	0.99975
203	77	0.999823
203	94	0.99942
203	175	0.999173
203	187	0.999734
203	22	0.999182
203	144	0.998997
203	99	0.99979
203	170	0.999375
203	140	0.999565
203	196	0.999255
203	105	0.999013
203	14	0.999547
203	145	0.999548
203	52	0.999062
203	145	0.999058
203	129	0.999441
203	165	0.999719
203	75	0.999725
203	33	0.999656
203	166	0.999013
203	131	0.999583
203	184	0.999725
203	103	0.99956
203	19	0.999845
203	115	0.9997
203	96	0.99937
203	88	0.999882
203	176	0.999808
203	117	0.998975
203	65	0.99928
203	103	0.999239
203	88	0.999541
203	27	0.999625
203	138	0.998937
203	186	0.999075
203	49	0.998972
203	140	0.999667
203	167	0.999092
203	202	0.999514
203	100	0.999577
203	134	0.999575
203	84	0.999248
203	38	0.999151
203	103	0.998934
203	53	0.999081
203	127	0.999038
203	139	0.999865
203	144	0.999963
203	69	0.999416
203	49	0.999935
203	201	0.999676
203	123	0.99938
203	113	0.999911
203	189	0.999427
203	125	0.999343
203	123	0.999909
203	73	0.999799
203	56	0.999701
203	54	0.998988
203	39	0.999752
203	57	0.999357
203	22	0.999471
203	52	0.999545
203	86	0.999237
203	156	0.999272
203	186	0.999334
203	60	0.999162
203	26	0.999226
203	40	0.999129
203	136	0.999069
203	95	0.999629
203	35	0.999674
203	84	0.99946
203	185	0.999305
203	49	0.999804
203	15	0.999195
203	60	0.999189
203	136	0.999124
203	75	0.999446
203	100	0.999284
203	191	0.999959
203	49	0.9999
203	197	0.999044
203	38	0.998974
203	34	0.999535
203	130	0.999087
203	153	0.999894
203	125	0.999362
203	129	0.999876
203	85	0.999842
203	64	0.999703
203	49	0.999385
203	21	0.999745
203	32	0.999565
203	61	0.998987
203	77	0.999815
203	202	0.999187
203	117	0.999671
203	174	0.999278
203	30	0.999549
203	124	0.998986
203	165	0.999169
203	64	0.998956
203	182	0.999949
203	137	0.999011
203	142	0.999125
203	91	0.999276
203	173	0.99893
203	182	0.999447
203	109	0.999585
203	18	0.999659
203	33	0.999682
203	35	0.999499
203	157	0.999849
203	129	0.999257
203	167	0.999776
203	124	0.999298
203	40	0.999373
203	40	0.999684
203	65	0.999318
203	42	0.999459
203	27	0.999795
203	82	0.999694
203	160	0.999529
203	31	0.999823
203	29	0.999539
203	201	0.999845
203	178	0.999876
203	193	0.999092
203	146	0.999117
203	57	0.999593
203	200	0.999388
203	16	0.999779
203	179	0.999047
203	111	0.998962
203	14	0.999824
203	187	0.99901
203	173	0.999241
203	147	0.999023
203	15	0.999356
203	82	0.999198
203	18	0.999353
203	101	0.999204
203	19	0.998928
203	126	0.999724
203	53	0.999736
203	97	0.999807
203	55	0.999232
203	113	0.999498
203	198	0.999126
203	92	0.999231
203	183	0.999351
203	125	0.999776
203	132	0.999348
203	108	0.999691
203	138	0.999732
203	129	0.999055
203	168	0.998925
203	113	0.999034
203	125	0.999514
203	126	0.999005
203	125	0.999788
203	97	0.99978
203	34	0.999913
203	16	0.999683
203	97	0.999002
203	20	0.999144
203	31	0.999296
203	105	0.998989
203	98	0.998957
203	165	0.999378
203	140	0.999781
203	77	0.99908
203	74	0.999725
203	129	0.999972
203	24	0.999816
203	182	0.99915
203	29	0.999119
203	51	0.999734
203	42	0.998963
203	54	0.999149
203	141	0.999336
203	177	0.999749
203	47	0.998999
203	128	0.999769
203	198	0.999536
203	173	0.999621
203	60	0.9996
203	96	0.999839
203	18	0.999045
203	120	0.999955
203	37	0.999441
203	43	0.999304
203	201	0.999458
203	109	0.99959
203	122	0.999424
203	34	0.998972
203	195	0.999776
203	45	0.999444
203	147	0.999184
203	84	0.999836
203	19	0.999467
203	58	0.999653
203	44	0.999942
203	127	0.999079
203	74	0.999565
203	154	0.999461
203	65	0.999409
203	46	0.999229
203	149	0.999859
203	161	0.999332
203	56	0.999154
203	50	0.999979
203	166	0.999293
203	124	0.999536
203	195	0.99956
203	118	0.999013
203	114	0.999517
203	133	0.999764
203	85	0.999121
203	75	0.999955
203	117	0.999594
203	97	0.999902
203	132	0.999413
203	151	0.999251
203	61	0.998996
203	115	0.999695
203	55	0.999506
203	75	0.999332
203	21	0.999647
203	84	0.999424
203	98	0.99977
203	83	0.999943
203	185	0.999947
203	182	0.999561
203	198	0.999987
203	43	0.999152
203	182	0.999554
203	54	0.999939
203	37	0.999492
203	76	0.999928
203	133	0.999946
203	77	0.999312
203	121	0.999272
203	149	0.999545
203	153	0.999544
203	156	0.999104
203	69	0.999196
203	79	0.999637
203	133	0.998988
203	18	0.99895
203	50	0.999506
203	119	0.999913
203	26	0.999132
203	71	0.99977
203	24	0.999854
203	158	0.999887
203	18	0.99932
203	29	0.999978
203	30	0.999814
203	75	0.999137
203	154	0.999522
203	74	0.99994
203	156	0.998947
203	29	0.999751
203	97	0.999465
203	80	0.99941
203	82	0.99894
203	107	0.999606
203	194	0.999127
203	134	0.999184
203	97	0.998914
203	49	0.999478
203	191	0.999726
203	144	0.999627
203	16	0.999748
203	151	0.999831
203	102	0.99994
203	57	0.999791
203	113	0.999132
203	96	0.999992
203	42	0.999631
203	64	0.999536
203	147	0.998955
203	56	0.999324
203	183	0.999191
203	108	0.999643
203	46	0.999597
203	152	0.999019
203	82	0.999928
203	146	0.999714
203	70	0.999835
203	113	0.999633
203	157	0.99956
203	167	0.999663
203	196	0.99901
203	22	0.999386
203	181	0.99963
203	165	0.999104
203	42	0.999801
203	114	0.99994
203	57	0.999607
203	193	0.998936
203	190	0.999919
203	51	0.999891
203	196	0.999711
203	167	0.999861
203	183	0.9992
203	34	0.999046
203	187	0.999988
203	148	0.999658
203	132	0.999572
203	130	0.999432
203	111	0.99904
203	155	0.99899
203	111	0.999377
203	37	0.999176
203	61	0.998921
203	64	0.999688
203	157	0.999313
203	88	0.999287
203	154	0.999322
203	136	0.999558
203	30	0.999356
203	72	0.999308
203	65	0.999038
203	148	0.999683
203	57	0.999727
203	86	0.999444
203	162	0.998985
203	31	0.999049
203	30	0.999877
203	93	0.999769
203	119	0.999161
203	186	0.999264
203	190	0.999857
203	164	0.999703
203	27	0.999208
203	187	0.999745
203	184	0.999269
203	42	0.999146
203	146	0.999955
203	118	0.99927
203	178	0.999664
203	78	0.999413
203	67	0.999482
203	75	0.998951
203	154	0.999231
203	165	0.999431
203	125	0.999186
203	175	0.999177
203	42	0.99949
203	78	0.999954
203	75	0.999794
203	76	0.999449
203	153	0.999478
203	16	0.998938
203	15	0.998914
203	145	0.999063
203	47	0.999466
203	147	0.999374
203	160	0.99959
203	171	0.999424
203	187	0.999238
203	77	0.999646
203	101	0.999063
203	35	0.999538
203	87	0.999701
203	76	0.999118
203	102	0.999254
203	138	0.999115
203	127	0.999136
203	182	0.999454
203	110	0.999411
203	19	0.999944
203	96	0.999218
203	145	0.999532
203	79	0.999021
203	135	0.999933
203	84	0.999134
203	18	0.999234
203	87	0.999921
203	164	0.999741
203	87	0.999006
203	151	0.999729
203	19	0.99906
203	30	0.999051
203	170	0.999804
203	18	0.999801
203	38	0.998939
203	64	0.999244
203	194	0.99902
203	122	0.999626
203	110	0.999578
203	100	0.99918
203	71	0.999247
203	34	0.999394
203	80	0.999688
203	139	0.999993
203	41	0.999876
203	166	0.999292
203	169	0.999754
203	96	0.999138
203	47	0.999169
203	27	0.998922
203	175	0.99981
203	175	0.999625
203	169	0.998972
203	182	0.999369
203	20	0.999786
203	193	0.999422
203	157	0.999958
203	41	0.999853
203	135	0.999234
203	37	0.999379
203	148	0.99946
203	109	0.999011
203	141	0.999024
203	145	0.999529
203	102	0.999531
203	84	0.99984
203	36	0.99937
203	183	0.999218
203	76	0.999212
203	139	0.99954
203	21	0.999049
203	178	0.998956
203	164	0.999622
203	119	0.99939
203	133	0.999319
203	103	0.999968
203	138	0.99981
203	200	0.998916
203	102	0.999815
203	80	0.999405
203	95	0.999176
203	164	0.999843
203	197	0.999827
203	139	0.99945
203	132	0.9998
203	84	0.999706
203	167	0.999115
203	116	0.998933
203	39	0.999848
203	58	0.999829
203	108	0.999239
203	120	0.999886
203	36	0.999382
203	52	0.999088
203	103	0.999548
203	188	0.99998
203	187	0.999162
203	15	0.999329
203	144	0.999823
203	98	0.998982
203	38	0.999619
203	50	0.999818
203	176	0.999149
203	56	0.999134
203	184	0.998928
203	137	0.99988
203	165	0.999605
203	159	0.999497
203	107	0.999088
203	130	0.999952
203	117	0.999067
203	85	0.999897
203	61	0.999011
203	21	0.999344
203	77	0.999761
203	161	0.999415
203	133	0.999007
203	77	0.999104
203	156	0.999951
203	169	0.999579
203	74	0.999019
203	125	0.999492
203	37	0.999991
203	84	0.999876
203	143	0.998992
203	75	0.999922
203	160	0.99963
203	44	0.999999
203	44	0.999755
203	179	0.999065
203	186	0.999897
203	32	0.999044
203	164	0.999876
203	44	0.999542
203	185	0.999993
203	92	0.999268
203	61	0.999419
203	167	0.999202
203	180	0.999348
203	107	0.999971
203	24	0.999923
203	201	0.99974
203	137	0.999787
203	83	0.99952
203	24	0.999639
203	127	0.999143
203	195	0.999776
203	61	0.999367
203	161	0.999465
203	200	0.999687
203	71	0.998976
203	158	0.999433
203	40	0.999473
203	189	0.998936
203	166	0.999461
203	51	0.999102
203	99	0.999947
203	99	0.99952
203	82	0.999117
203	86	0.999264
203	158	0.999275
203	13	0.999664
203	168	0.999457
203	125	0.999738
203	57	0.999382
203	125	0.999485
203	141	0.999566
203	202	0.999385
203	161	0.999342
203	109	0.999707
203	146	0.999296
203	119	0.99895
203	151	0.998949
203	161	0.999135
203	62	0.999008
203	171	0.999386
203	149	0.999487
203	188	0.999773
203	164	0.999939
203	50	0.999218
203	172	0.999616
203	22	0.999403
203	142	0.999175
203	116	0.999569
203	69	0.999787
203	66	0.999381
203	107	0.999561
203	87	0.999693
203	72	0.99934
203	36	0.999071
203	184	0.999412
203	31	0.999189
203	179	0.998952
203	200	0.999312
203	77	0.999576
203	126	0.999373
203	199	0.999806
203	71	0.999909
203	152	0.999239
203	88	0.998951
203	42	0.999734
203	178	0.999911
203	106	0.999701
203	112	0.999185
203	177	0.999925
203	15	0.999476
203	74	0.999965
203	94	0.999914
203	89	0.999274
203	131	0.999118
203	20	0.999051
203	24	0.999166
203	191	0.999148
203	125	0.999122
203	19	0.999607
203	105	0.999995
203	84	0.99925
203	83	0.998999
203	138	0.999423
203	100	0.999038
203	45	0.999312
203	17	0.999575
203	76	0.999098
203	27	0.999913
203	75	0.99966
203	111	0.999815
203	118	0.999348
203	34	0.999472
203	55	0.999483
203	177	0.999924
203	77	0.999699
203	159	0.999637
203	149	0.999075
203	176	0.999768
203	99	0.999138
203	199	0.999269
203	23	0.999398
203	16	0.999581
203	70	0.99998
203	29	0.999111
203	27	0.99907
203	52	0.999061
203	33	0.99999
203	198	0.99953
203	51	0.998983
203	185	0.999919
203	118	0.999662
203	182	0.999879
203	141	0.999956
203	171	0.999493
203	184	0.999524
203	145	0.999274
203	174	0.999679
203	103	0.99996
203	201	0.999856
203	188	0.999287
203	172	0.999286
203	180	0.999996
203	29	0.999353
203	48	0.999975
203	186	0.99905
203	143	0.999954
203	110	0.999068
203	81	0.99942
203	179	0.999135
203	94	0.999012
203	191	0.999285
203	102	0.999148
203	163	0.999659
203	165	0.99951
203	34	0.999062
203	123	0.999956
203	43	0.999491
203	74	0.999509
203	114	0.999143
203	15	0.999306
203	135	0.999993
203	173	0.999943
203	34	0.999425
203	201	0.999124
203	88	0.99988
203	71	0.999518
203	68	0.999677
203	147	0.999894
203	152	0.99962
203	114	0.999069
203	126	0.999293
203	115	0.999955
203	186	0.999343
203	84	0.999759
203	142	0.999966
203	121	0.999903
203	78	0.99922
203	145	0.999648
203	13	0.999995
203	110	0.999754
203	167	0.998999
203	16	0.999204
203	171	0.999046
203	82	0.99959
203	109	0.999798
203	155	0.999704
203	29	0.999145
203	13	0.999627
203	104	0.999177
203	91	0.999652
203	26	0.999607
203	141	0.999716
203	152	0.999679
203	170	0.999866
203	150	0.999117
203	111	0.999323
203	18	0.999163
203	171	0.999667
203	108	0.999885
203	123	0.999377
203	50	0.999904
203	171	0.99907
203	106	0.999926
203	191	0.999652
203	158	0.999988
203	120	0.999318
203	166	0.999911
203	72	0.999183
203	132	0.99987
203	152	0.999926
203	79	0.999427
203	96	0.999884
203	83	0.999808
203	25	0.999813
203	56	0.999256
203	161	0.999057
203	120	0.999151
203	140	0.999206
203	155	0.999546
203	78	0.999104
203	186	0.999697
203	122	0.999391
203	63	0.999642
203	78	0.999206
203	84	0.999944
203	197	0.999582
203	186	0.999181
203	113	0.999027
203	93	0.999256
203	187	0.998955
203	186	0.99916
203	49	0.999
203	119	0.998996
203	125	0.999959
203	190	0.999136
203	29	0.99963
203	71	0.999545
203	165	0.999764
203	34	0.999031
203	33	0.999731
203	19	0.999576
203	125	0.999148
203	169	0.999631
203	115	0.999774
203	56	0.999384
203	134	0.999248
203	138	0.999429
203	106	0.999324
203	55	0.999538
203	149	0.999874
203	61	0.999733
203	38	0.999798
203	25	0.999249
203	28	0.999237
203	170	0.999886
203	101	0.999263
203	138	0.999833
203	121	0.999615
203	74	0.99905
203	38	0.999003
203	191	0.999493
203	139	0.999343
203	80	0.999152
203	121	0.999181
203	173	0.999748
203	66	0.999477
203	31	0.999272
203	106	0.999669
203	146	0.999949
203	144	0.99932
203	76	0.999079
203	116	0.999981
203	179	0.999033
203	25	0.999205
203	67	0.999682
203	23	0.999583
203	65	0.999449
203	134	0.99896
203	114	0.999145
203	154	0.99965
203	57	0.999012
203	123	0.999474
203	60	0.999273
203	158	0.999559
203	19	0.999758
203	61	0.999356
203	185	0.999734
203	201	0.999464
203	44	0.999071
203	20	0.999184
203	34	0.999749
203	85	0.999696
203	178	0.99897
203	170	0.999243
203	27	0.999782
203	32	0.999155
203	160	0.999405
203	178	0.999971
203	197	0.999873
203	89	0.999506
203	33	0.998989
203	185	0.999254
203	66	0.99937
203	135	0.999446
203	16	0.999338
203	163	0.999827
203	162	0.999005
203	32	0.999873
203	150	0.999101
203	192	0.999233
203	168	0.999495
203	167	0.999884
203	63	0.99905
203	87	0.999455
203	35	0.999856
203	138	0.99966
203	127	0.999164
203	127	0.999555
203	70	0.999714
203	73	0.999836
203	111	0.999694
203	54	0.999967
203	127	0.999498
203	30	0.999011
203	120	0.999088
203	155	0.999706
203	49	0.999795
203	103	0.999365
203	86	0.999282
203	161	0.999483
203	25	0.999552
203	99	0.999557
203	201	0.999678
203	114	0.99915
203	110	0.999163
203	111	0.999997
203	43	0.999718
203	110	0.999728
203	185	0.999625
203	163	0.999962
203	191	0.998923
203	137	0.999053
203	91	0.999925
203	28	0.999978
203	158	0.999145
203	159	0.999348
203	110	0.999734
203	32	0.999422
203	16	0.999804
203	109	0.999781
203	35	0.999771
203	90	0.999109
203	189	0.999474
203	82	0.999433
203	118	0.998952
203	195	0.999549
203	95	0.999965
203	145	0.99998
203	144	0.999196
203	128	0.999857
203	91	0.999455
203	123	0.998985
203	141	0.9991
203	153	0.999147
203	172	0.99932
203	108	0.998947
203	132	0.999979
203	188	0.999785
203	89	0.99963
203	103	0.999189
203	178	0.999658
203	93	0.999617
203	180	0.999979
203	54	0.999013
203	84	0.999166
203	103	0.998978
203	136	0.999514
203	113	0.999059
203	170	0.998916
203	78	0.99969
203	59	0.99927
203	20	0.999301
203	156	0.999346
203	144	0.999285
203	182	0.999725
203	45	0.999667
203	178	0.999767
203	151	0.999351
203	19	0.999805
203	27	0.999142
203	95	0.999557
203	99	0.999361
203	85	0.999791
203	52	0.999669
203	30	0.999633
203	57	0.999889
203	74	0.999571
203	113	0.998912
203	51	0.999257
203	58	0.999544
203	111	0.999861
203	181	0.999633
203	85	0.999639
203	128	0.99988
203	85	0.99994
203	194	0.999218
203	122	0.999361
203	170	0.999678
203	102	0.999442
203	75	0.999925
203	107	0.999642
203	87	0.999923
203	69	0.999067
203	199	0.999818
203	75	0.99902
203	147	0.999962
203	140	0.999378
203	157	0.99896
203	180	0.999781
203	62	0.999186
203	96	0.999727
203	71	0.999999
203	88	0.999668
203	72	0.999183
203	146	0.999638
203	38	0.999151
203	62	0.999704
203	44	0.999333
203	144	0.999956
203	132	0.999388
203	94	0.998984
203	94	0.999106
203	138	0.999962
203	123	0.999528
203	137	0.999737
203	187	0.999551
203	100	0.999715
203	112	0.999097
203	103	0.999044
203	139	0.998914
203	100	0.998919
203	95	0.998951
203	96	0.999427
203	13	0.999462
203	140	0.999977
203	129	0.99916
203	152	0.999003
203	176	0.999633
203	101	0.99903
203	136	0.999107
203	56	0.999198
203	144	0.999472
203	126	0.999124
203	134	0.999693
203	85	0.998978
203	73	0.999429
203	102	0.999445
203	95	0.998934
203	165	0.999606
203	120	0.999947
203	92	0.999197
203	76	0.999789
203	173	0.999353
203	196	0.999481
203	21	0.99896
203	120	0.999022
203	42	0.999561
203	178	0.999383
203	143	0.999805
203	137	0.999168
203	175	0.999987
203	86	0.999693
203	118	0.999782
203	57	0.999893
203	112	0.999096
203	86	0.999925
203	91	0.999421
203	124	0.999392
203	178	0.998996
203	198	0.998975
203	50	0.999425
203	149	0.999132
203	110	0.99964
203	198	0.998984
203	70	0.99909
203	130	0.999839
203	56	0.999996
203	201	0.999554
203	129	0.999422
203	125	0.998978
203	142	0.998915
203	165	0.999489
203	152	0.999459
203	202	0.99974
203	44	0.999403
203	123	0.999657
203	158	0.99895
203	185	0.999657
203	40	0.999596
203	63	0.998968
203	104	0.999406
203	31	0.999852
203	107	0.999142
203	29	0.998957
203	189	0.999798
203	120	0.999434
203	40	0.999186
203	129	0.999593
203	64	0.999924
203	119	0.999478
203	160	0.99936
203	175	0.999017
203	113	0.999442
203	152	0.999145
203	124	0.999967
203	54	0.999392
203	191	0.999567
203	106	0.999053
203	36	0.999163
203	138	0.999458
203	129	0.999875
203	123	0.999756
203	74	0.998932
203	85	0.999025
203	91	0.998915
203	144	0.999992
203	77	0.999892
203	172	0.999629
203	33	0.999823
203	47	0.999214
203	71	0.99987
203	196	0.999628
203	63	0.999038
203	89	0.99935
203	79	0.999437
203	109	0.999504
203	27	0.999
203	182	0.999268
203	65	0.999652
203	112	0.998974
203	179	0.998934
203	170	0.999738
203	146	0.999983
203	88	0.999174
203	148	0.999191
203	135	0.999297
203	190	0.999249
203	132	0.999965
203	164	0.999706
203	170	0.999806
203	112	0.999226
203	16	0.999991
203	124	0.999251
203	69	0.999604
203	40	0.999382
203	103	0.999541
203	102	0.999826
203	163	0.999685
203	112	0.999326
203	39	0.999727
203	196	0.998958
203	182	0.999757
203	182	0.99934
203	111	0.999617
203	196	0.999674
203	37	0.999382
203	23	0.999926
203	142	0.99984
203	136	0.999213
203	191	0.999459
203	144	0.999582
203	145	0.999466
203	140	0.999087
203	191	0.999767
203	47	0.999528
203	37	0.998923
203	116	0.999583
203	202	0.999145
203	32	0.999011
203	181	0.999315
203	136	0.999329
203	119	0.999351
203	25	0.999193
203	92	0.999551
203	137	0.999047
203	52	0.999819
203	35	0.999888
203	176	0.999357
203	119	0.999007
203	27	0.999276
203	80	0.999786
203	157	0.999791
203	151	0.999968
203	19	0.999003
203	107	0.999768
203	96	0.999569
203	86	0.999626
203	193	0.998959
203	91	0.99942
203	166	0.999466
203	107	0.999917
203	108	0.998967
203	135	0.99995
203	181	0.999668
203	74	0.999179
203	117	0.998967
203	185	0.999093
203	28	0.99959
203	21	0.999752
203	170	0.999481
203	94	0.999892
203	149	0.999022
203	136	0.999077
203	30	0.999555
203	185	0.999717
203	160	0.999688
203	79	0.999696
203	30	0.999346
203	172	0.999804
203	85	0.999111
203	131	0.999939
203	120	0.999221
203	45	0.999351
203	195	0.999202
203	37	0.99925
203	96	0.999295
203	158	0.999279
203	185	0.999504
203	127	0.999925
203	131	0.999592
203	165	0.99974
203	156	0.999033
203	41	0.999326
203	25	0.999542
203	198	0.999237
203	27	0.999509
203	178	0.999939
203	155	0.999199
203	192	0.999356
203	84	0.998978
203	145	0.99902
203	189	0.999445
203	140	0.999112
203	169	0.999859
203	54	0.99905
203	168	0.999008
203	57	0.999557
203	186	0.999038
203	45	0.999324
203	76	0.999781
203	88	0.999237
203	162	0.999476
203	62	0.998983
203	70	0.99918
203	14	0.998919
203	162	0.999705
203	53	0.999155
203	174	0.999964
203	105	0.999566
203	16	0.999441
203	53	0.999092
203	90	0.999172
203	163	0.99957
203	128	0.999396
203	95	0.99952
203	128	0.999915
203	81	0.999311
203	58	0.999509
203	53	0.999313
203	23	0.999089
203	44	0.999549
203	157	0.999812
203	142	0.999978
203	159	0.99922
203	35	0.999573
203	17	0.999283
203	175	0.999852
203	143	0.999763
203	15	0.999399
203	70	0.999926
203	94	0.999768
203	64	0.999136
203	202	0.999049
203	135	0.999892
203	55	0.999593
203	50	0.999732
203	149	0.999872
203	194	0.999689
203	97	0.999573
203	104	0.999833
203	38	0.999095
203	27	0.999315
203	188	0.999983
203	48	0.999922
203	149	0.999373
203	48	0.999017
203	152	0.999996
203	37	0.999362
203	19	0.999385
203	123	0.99983
203	168	0.999373
203	65	0.999674
203	155	0.999717
203	190	0.999468
203	71	0.999741
203	115	0.999083
203	125	0.999307
203	29	0.999668
203	127	0.999023
203	145	0.999758
203	132	0.999258
203	82	0.999989
203	98	0.999179
203	116	0.999155
203	107	0.999856
203	140	0.999395
203	110	0.999853
203	28	0.999919
203	148	0.999722
203	26	0.999168
203	190	0.999236
203	92	0.999593
203	124	0.999166
203	30	0.999394
203	28	0.998939
203	84	0.998936
203	149	0.999094
203	84	0.999132
203	163	0.999384
203	44	0.998939
203	28	0.999011
203	119	0.999262
203	35	0.999055
203	170	0.998912
203	20	0.999961
203	122	0.99959
203	102	0.999725
203	148	0.99902
203	104	0.999828
203	175	0.999089
203	106	0.99898
203	100	0.999415
203	18	0.999373
203	160	0.999298
203	162	0.999489
203	115	0.999337
203	118	0.999647
203	171	0.999501
203	91	0.999759
203	188	0.999621
203	149	0.999316
203	105	0.999187
203	161	0.999717
203	134	0.999995
203	15	0.999875
203	85	0.999342
203	167	0.999951
203	48	0.999069
203	194	0.999071
203	136	0.999607
203	45	0.999672
203	196	0.999542
203	126	0.999777
203	161	0.999924
203	76	0.999082
203	198	0.998987
203	192	0.999166
203	70	0.999297
203	18	0.998933
203	126	0.999033
203	176	0.999782
203	133	0.999348
203	43	0.998975
203	175	0.999598
203	129	0.999349
203	186	0.999923
203	199	0.99946
203	53	0.999169
203	64	0.999407
203	25	0.999411
203	105	0.999749
203	198	0.999083
203	29	0.999509
203	136	0.999472
203	45	0.999559
203	89	0.99913
203	185	0.999976
203	158	0.999688
203	56	0.998996
203	155	0.999421
203	143	0.999429
203	119	0.999774
203	137	0.999444
203	200	0.999611
203	41	0.999681
203	26	0.999884
203	58	0.999505
203	33	0.998977
203	22	0.999696
203	107	0.999192
203	39	0.999466
203	201	0.999546
203	75	0.999522
203	68	0.999207
203	118	0.999597
203	197	0.999937
203	122	0.999838
203	51	0.999229
203	151	0.99922
203	152	0.999313
203	148	0.999961
203	28	0.999367
203	44	0.999647
203	151	0.99913
203	19	0.998935
203	186	0.99986
203	158	0.99916
203	155	0.999114
203	192	0.998987
203	167	0.999284
203	104	0.999722
203	43	0.999076
203	198	0.999714
203	49	0.999575
203	189	0.999026
203	92	0.999526
203	120	0.999185
203	66	0.999022
203	175	0.999936
203	128	0.999493
203	51	0.99973
203	192	0.999724
203	201	0.999637
203	128	0.999251
203	163	0.999546
203	196	0.999606
203	85	0.999801
203	175	0.998971
203	86	0.999034
203	189	0.999967
203	99	0.999641
203	54	0.99972
203	63	0.99951
203	59	0.999875
203	170	0.998936
203	72	0.999225
203	189	0.999718
203	38	0.999362
203	167	0.999989
203	150	0.999295
203	63	0.999847
203	124	0.999189
203	107	0.999158
203	18	0.999263
203	68	0.999861
203	188	0.999479
203	105	0.999109
203	79	0.999061
203	152	0.999036
203	171	0.999315
203	70	0.999622
203	194	0.999689
203	156	0.999121
203	166	0.999019
203	169	0.999839
203	100	0.999187
203	65	0.999092
203	201	0.999264
203	152	0.998928
203	14	0.999057
203	85	0.999156
203	140	0.999048
203	192	0.999756
203	110	0.999441
203	29	0.9994
203	123	0.999841
203	147	0.999595
203	116	0.999658
203	79	0.999388
203	62	0.999131
203	68	0.999596
203	176	0.999202
203	187	0.999309
203	176	0.998976
203	70	0.999471
203	158	0.999989
203	135	0.999136
203	121	0.999705
203	75	0.999803
203	73	0.999546
203	41	0.999396
203	151	0.999872
203	201	0.999776
203	113	0.999859
203	120	0.999456
203	185	0.999775
203	35	0.999171
203	26	0.999096
203	83	0.999139
203	185	0.999807
203	70	0.99962
203	171	0.999035
203	36	0.999088
203	50	0.999679
203	144	0.999995
203	78	0.999392
203	49	0.999413
203	128	0.99898
203	193	0.998951
203	175	0.999024
203	62	0.999839
203	73	0.999322
203	64	0.999608
203	147	0.99957
203	155	0.999931
203	81	0.99941
203	35	0.998988
203	196	0.999718
203	15	0.999748
203	123	0.999936
203	13	0.999182
203	73	0.998941
203	188	0.999107
203	155	0.999115
203	179	0.999972
203	43	0.999542
203	33	0.99932
203	151	0.999835
203	118	0.998922
203	183	0.999903
203	92	0.999692
203	49	0.999515
203	56	0.999453
203	79	0.999896
203	112	0.999509
203	26	0.999672
203	76	0.999423
203	31	0.999602
203	124	0.999852
203	93	0.999901
203	135	0.999601
203	98	0.999324
203	104	0.999385
203	158	0.999902
203	39	0.999001
203	57	0.999398
203	143	0.999237
203	159	0.999709
203	132	0.998984
203	127	0.999714
203	32	0.999037
203	191	0.9992
203	109	0.999829
203	116	0.999243
203	133	0.999481
203	163	0.99985
203	18	0.998992
203	174	0.999245
203	116	0.999816
203	160	0.999904
203	76	0.999237
203	149	0.999384
203	166	0.999214
203	183	0.99897
203	51	0.998959
203	160	0.999124
203	47	0.999033
203	24	0.999172
203	92	0.999964
203	93	0.999939
203	127	0.999653
203	54	0.999614
203	136	0.999026
203	117	0.999094
203	123	0.999139
203	47	0.999711
203	81	0.99944
203	56	0.999368
203	20	0.999182
203	66	0.999679
203	86	0.99896
203	81	0.999814
203	118	0.999443
203	122	0.999199
203	62	0.999407
203	190	0.999341
203	86	0.999896
203	105	0.99923
203	151	0.999914
203	26	0.999915
203	31	0.999362
203	64	0.999582
203	143	0.999061
203	167	0.999533
203	89	0.999744
203	123	0.999968
203	117	0.999662
203	99	0.99959
203	58	0.999145
203	160	0.998927
203	34	0.999418
203	111	0.999629
203	199	0.998912
203	154	0.999569
203	121	0.999977
203	105	0.999914
203	80	0.999195
203	136	0.999321
203	111	0.999997
203	153	0.999526
203	194	0.999601
203	101	0.999278
203	113	0.99932
203	22	0.999058
203	104	0.999979
203	40	0.999569
203	56	0.999675
203	57	0.999147
203	155	0.999455
203	53	0.999668
203	91	0.999258
203	187	0.999297
203	129	0.999881
203	42	0.999046
203	171	0.999787
203	177	0.99947
203	112	0.999499
203	116	0.999532
203	155	0.999854
203	145	0.999398
203	169	0.999192
203	88	0.999435
203	75	0.999023
203	194	0.999955
203	68	0.999118
203	47	0.999402
203	120	0.999104
203	180	0.999043
203	189	0.999905
203	146	0.999166
203	177	0.999284
203	127	0.999788
203	102	0.999026
203	150	0.999267
203	192	0.998916
203	82	0.99895
203	114	0.999336
203	42	0.999019
203	164	0.999011
203	82	0.999695
203	101	0.999297
203	110	0.999282
203	190	0.999395
203	146	0.999261
203	33	0.999583
203	140	0.999148
203	120	0.999806
203	148	0.999442
203	185	0.999234
203	22	0.999963
203	202	0.999539
203	129	0.999323
203	92	0.999484
203	113	0.999095
203	125	0.9996
203	139	0.9997
203	158	0.999145
203	158	0.999134
203	188	0.999622
203	21	0.999811
203	107	0.999105
203	187	0.999018
203	20	0.999368
203	27	0.999326
203	186	0.999212
203	68	0.99999
203	55	0.999013
203	20	0.998953
203	162	0.999974
203	39	0.999761
203	28	0.999732
203	183	0.999631
203	168	0.999836
203	152	0.999819
203	150	0.998985
203	35	0.999648
203	31	0.999368
203	19	0.999615
203	92	0.999163
203	47	0.999246
203	141	0.999149
203	138	0.999387
203	74	0.999865
203	55	0.99962
203	100	0.999687
203	55	0.999825
203	166	0.999559
203	59	0.999789
203	14	0.999937
203	189	0.999835
203	93	0.999804
203	65	0.999549
203	88	0.999506
203	165	0.999539
203	170	0.999693
203	144	0.999177
203	164	0.999163
203	122	0.998924
203	167	0.999065
203	59	0.998957
203	85	0.999722
203	52	0.998941
203	59	0.999666
203	183	0.999423
203	172	0.999788
203	160	0.999608
203	64	0.999102
203	53	0.99938
203	30	0.998989
203	196	0.999489
203	89	0.999776
203	66	0.999313
203	93	0.999493
203	90	0.999898
203	45	0.999962
203	140	0.99903
203	62	0.999201
203	154	0.999465
203	55	0.999688
203	43	0.999796
203	174	0.999402
203	139	0.999726
203	122	0.999919
203	86	0.999072
203	133	0.999409
203	104	0.999993
203	16	0.998913
203	16	0.999707
203	13	0.999711
203	105	0.999472
203	14	0.999947
203	110	0.999177
203	139	0.999566
203	73	0.99953
203	98	0.999818
203	157	0.998964
203	93	0.999217
203	189	0.999911
203	121	0.999224
203	124	0.99993
203	45	0.999773
203	139	0.999473
203	154	0.999321
203	184	0.999912
203	22	0.999693
203	105	0.999262
203	159	0.999439
203	59	0.99963
203	41	0.999008
203	90	0.999681
203	102	0.999944
203	128	0.999864
203	133	0.999564
203	161	0.999731
203	131	0.999457
203	61	0.999069
203	188	0.999508
203	89	0.999563
203	202	0.999214
203	119	0.999541
203	35	0.999605
203	184	0.998968
203	99	0.999786
203	139	0.999715
203	96	0.999195
203	126	0.999164
203	89	0.999595
203	55	0.999359
203	139	0.99907
203	195	0.998926
203	116	0.999868
203	59	0.999432
203	113	0.999623
203	155	0.999372
203	31	0.999317
203	74	0.999766
203	185	0.999674
203	43	0.999516
203	29	0.999309
203	129	0.999361
203	137	0.99997
203	82	0.999504
203	48	0.999955
203	24	0.999347
203	66	0.999487
203	176	0.999974
203	63	0.999951
203	132	0.998998
203	186	0.999151
203	180	0.999459
203	172	0.99896
203	124	0.999122
203	101	0.999001
203	28	0.999359
203	169	0.999666
203	111	0.999676
203	83	0.999418
203	110	0.999028
203	146	0.999674
203	142	0.999464
203	174	0.999724
203	27	0.999084
203	197	0.999145
203	171	0.999309
203	27	0.999783
203	45	0.999709
203	182	0.999161
203	135	0.998994
203	176	0.999061
203	201	0.999907
203	48	0.999129
203	98	0.999489
203	177	0.999705
203	126	0.999173
203	95	0.999107
203	158	0.999671
203	134	0.999177
203	82	0.999778
203	147	0.99982
203	56	0.999787
203	59	0.999699
203	31	0.999417
203	144	0.999214
203	116	0.999505
203	113	0.999196
203	72	0.999455
203	72	0.999511
203	80	0.998926
203	147	0.999419
203	186	0.999671
203	16	0.999402
203	155	0.999396
203	72	0.999093
203	100	0.99928
203	113	0.999052
203	121	0.999716
203	151	0.999724
203	145	0.999884
203	158	0.999169
203	44	0.999454
203	112	0.999285
203	102	0.999354
203	199	0.999538
203	152	0.999644
203	177	0.999517
203	19	0.999902
203	183	0.999509
203	104	0.999515
203	158	0.999703
203	178	0.998988
203	176	0.999825
203	28	0.999665
203	157	0.999852
203	161	0.999018
203	145	0.998955
203	155	0.999412
203	175	0.999564
203	31	0.999552
203	64	0.999519
203	31	0.999989
203	106	0.999572
203	94	0.999201
203	182	0.999875
203	163	0.999547
203	92	0.999444
203	137	0.999856
203	73	0.999507
203	130	0.999757
203	99	0.999657
203	195	0.998973
203	106	0.999387
203	91	0.99908
203	78	0.999741
203	97	0.999691
203	133	0.999377
203	152	0.999243
203	199	0.999731
203	60	0.99947
203	82	0.999605
203	28	0.998935
203	23	0.999688
203	85	0.999592
203	39	0.999556
203	53	0.99938
203	134	0.998996
203	23	0.999569
203	202	0.999928
203	131	0.99913
203	17	0.999648
203	53	0.999335
203	67	0.999045
203	74	0.999684
203	164	0.999921
203	112	0.999248
203	150	0.999129
203	142	0.999554
203	47	0.999104
203	86	0.999067
203	154	0.99928
203	177	0.999981
203	20	0.999159
203	170	0.99946
203	150	0.999577
203	136	0.999134
203	143	0.99928
203	161	0.999481
203	22	0.999279
203	187	0.999509
203	108	0.999561
203	110	0.999924
203	44	0.999395
203	56	0.999211
203	98	0.999976
203	33	0.999753
203	159	0.999408
203	159	0.999981
203	69	0.999889
203	202	0.999439
203	177	0.999358
203	145	0.999549
203	99	0.999547
203	77	0.999897
203	81	0.999102
203	79	0.999812
203	82	0.99984
203	69	0.999753
203	133	0.99956
203	127	0.998912
203	73	0.999326
203	170	0.999801
203	15	0.999631
203	22	0.999428
203	179	0.999752
203	167	0.999285
203	155	0.999979
203	107	0.99898
203	24	0.999324
203	167	0.999423
203	97	0.99935
203	129	0.999246
203	108	0.999762
203	119	0.999192
203	74	0.999069
203	181	0.999013
203	159	0.999767
203	155	0.999526
203	75	0.99998
203	201	0.999738
203	178	0.999481
203	102	0.999035
203	16	0.999362
203	52	0.999003
203	43	0.999087
203	100	0.999031
203	166	0.998969
203	164	0.999865
203	113	0.999853
203	44	0.999873
203	155	0.999498
203	145	0.99931
203	88	0.998996
203	185	0.999237
203	34	0.999616
203	152	0.999304
203	163	0.999075
203	33	0.999815
203	187	0.999102
203	171	0.999183
203	170	0.999123
203	94	0.999218
203	117	0.999192
203	78	0.998989
203	100	0.99957
203	37	0.999787
203	30	0.999859
203	15	0.999527
203	131	0.999017
203	148	0.999749
203	139	0.999796
203	21	0.999089
203	61	0.99901
203	39	0.999532
203	109	0.999221
203	183	0.999201
203	180	0.999863
203	97	0.999583
203	96	0.999776
203	140	0.999653
203	115	0.999619
203	181	0.998986
203	18	0.999133
203	82	0.999448
203	146	0.999021
203	23	0.999458
203	193	0.999505
203	147	0.999048
203	147	0.999042
203	155	0.999879
203	164	0.999432
203	63	0.999929
203	87	0.999446
203	77	0.999868
203	22	0.999759
203	111	0.999058
203	25	0.999951
203	75	0.999197
203	60	0.999393
203	58	0.999842
203	83	0.999697
203	75	0.999806
203	87	0.99894
203	68	0.99963
203	186	0.999213
203	50	0.999213
203	47	0.999849
203	195	0.999527
203	64	0.999616
203	22	0.999782
203	30	0.999847
203	139	0.999402
203	128	0.999156
203	139	0.999118
203	200	0.998912
203	76	0.999146
203	133	0.999823
203	186	0.999543
203	127	0.999095
203	76	0.999154
203	157	0.999109
203	73	0.999642
203	26	0.999301
203	128	0.999111
203	118	0.999202
203	190	0.999602
203	25	0.998922
203	37	0.999222
203	140	0.999185
203	131	0.999589
203	135	0.999683
203	26	0.999224
203	193	0.99894
203	81	0.999621
203	167	0.999455
203	164	0.999358
203	171	0.999967
203	24	0.999519
203	60	0.999126
203	171	0.999449
203	68	0.999799
203	138	0.999534
203	137	0.998968
203	17	0.999229
203	103	0.99913
203	84	0.999533
203	35	0.999441
203	43	0.999131
203	198	0.999492
203	103	0.999642
203	155	0.999813
203	123	0.999633
203	46	0.999129
203	129	0.999491
203	56	0.999476
203	80	0.999377
203	71	0.999421
203	151	0.999865
203	129	0.99999
203	182	0.999484
203	13	0.999441
203	111	0.999539
203	86	0.999202
203	184	0.999924
203	191	0.99959
203	33	0.999353
203	188	0.999197
203	25	0.999294
203	103	0.998933
203	67	0.999712
203	144	0.999404
203	159	0.99993
203	165	0.99892
203	52	0.999652
203	136	0.999928
203	113	0.999551
203	163	0.999258
203	29	0.999012
203	64	0.999655
203	100	0.999299
203	122	0.999607
203	27	0.998997
203	194	0.999083
203	157	0.999177
203	84	0.999323
203	33	0.999769
203	56	0.998948
203	37	0.999996
203	138	0.999057
203	188	0.999335
203	22	0.999886
203	126	0.999927
203	123	0.998965
203	98	0.999024
203	138	0.999762
203	179	0.999423
203	37	0.998997
203	99	0.999589
203	40	0.999011
203	66	0.999845
203	91	0.999109
203	72	0.999384
203	26	0.999651
203	105	0.999073
203	20	0.999644
203	114	0.999761
203	96	0.999478
203	106	0.998934
203	57	0.999607
203	91	0.999392
203	128	0.998965
203	201	0.998964
203	81	0.999935
203	143	0.999495
203	34	0.999657
203	196	0.999711
203	104	0.999125
203	197	0.998999
203	147	0.999841
203	185	0.999012
203	71	0.999006
203	157	0.999343
203	202	0.999805
203	49	0.999031
203	106	0.999149
203	53	0.99896
203	60	0.999064
203	184	0.999822
203	116	0.999625
203	162	0.99966
203	180	0.999591
203	61	0.999985
203	52	0.998959
203	195	0.999329
203	80	0.999434
203	161	0.999666
203	71	0.999596
203	129	0.999779
203	41	0.999938
203	97	0.999384
203	162	0.999584
203	200	0.999498
203	35	0.999491
203	96	0.999555
203	64	0.999276
203	172	0.999795
203	134	0.998914
203	52	0.999
203	35	0.998974
203	38	0.99972
203	26	0.999443
203	200	0.999819
203	82	0.999996
203	66	0.999049
203	69	0.999623
203	193	0.999696
203	113	0.999507
203	33	0.999971
203	158	0.999039
203	137	0.999676
203	173	0.999267
203	196	0.999412
203	142	0.999552
203	103	0.999776
203	85	0.999848
203	148	0.999304
203	98	0.999967
203	31	0.999267
203	149	0.999371
203	137	0.999493
203	142	0.999733
203	13	0.999996
203	43	0.999968
203	132	0.999477
203	27	0.999188
203	112	0.999253
203	186	0.99943
203	154	0.999711
203	136	0.999709
203	72	0.999832
203	166	0.999535
203	155	0.999345
203	133	0.999107
203	71	0.9994
203	152	0.999437
203	114	0.999264
203	116	0.999742
203	109	0.999572
203	43	0.999289
203	34	0.999306
203	109	0.99968
203	27	0.999706
203	125	0.999535
203	158	0.99998
203	17	0.999256
203	119	0.999707
203	86	0.999052
203	16	0.999811
203	142	0.999396
203	116	0.999095
203	107	0.999771
203	68	0.999593
203	64	0.99994
203	115	0.999107
203	121	0.999919
203	49	0.999571
203	191	0.999737
203	196	0.999875
203	74	0.999301
203	175	0.999083
203	68	0.999276
203	99	0.999348
203	130	0.999424
203	58	0.999298
203	24	0.999995
203	96	0.999232
203	55	0.999916
203	124	0.999849
203	107	0.999978
203	102	0.999024
203	94	0.999365
203	173	0.999893
203	83	0.999322
203	41	0.99975
203	79	0.999952
203	62	0.999872
203	161	0.998943
203	197	0.999452
203	16	0.99941
203	116	0.998927
203	83	0.999795
203	134	0.99912
203	181	0.999422
203	26	0.999986
203	139	0.999345
203	125	0.999442
203	167	0.999102
203	57	0.999687
203	53	0.999791
203	22	0.999204
203	14	0.999541
203	130	0.999433
203	192	0.999958
203	63	0.999334
203	109	0.998937
203	197	0.999833
203	13	0.999888
203	125	0.999313
203	111	0.99905
203	25	0.999515
203	53	0.999363
203	22	0.999563
203	84	0.999761
203	133	0.999564
203	181	0.998994
203	27	0.999075
203	162	0.999744
203	100	0.999777
203	86	0.999011
203	26	0.999021
203	64	0.999919
203	44	0.999645
203	97	0.999906
203	163	0.998915
203	79	0.99991
203	143	0.999013
203	122	0.999242
203	77	0.99905
203	149	0.999321
203	59	0.999782
203	99	0.999309
203	186	0.999042
203	109	0.999061
203	106	0.999644
203	36	0.999495
203	153	0.999149
203	139	0.999125
203	180	0.999571
203	98	0.99966
203	187	0.999351
203	54	0.999929
203	34	0.998918
203	154	0.999825
203	108	0.999391
203	157	0.999225
203	24	0.999068
203	117	0.999244
203	82	0.999721
203	42	0.998986
203	174	0.999502
203	186	0.999334
203	69	0.999159
203	82	0.999596
203	34	0.998964
203	146	0.999813
203	62	0.999014
203	39	0.998913
203	101	0.999685
203	87	0.999113
203	142	0.999593
203	199	0.999239
203	170	0.99962
203	153	0.999601
203	42	0.999192
203	92	0.999785
203	108	0.999733
203	29	0.998993
203	194	0.999961
203	184	0.99921
203	157	0.999458
203	120	0.999212
203	160	0.999087
203	156	0.999335
203	53	0.999359
203	145	0.999105
203	29	0.999084
203	124	0.999731
203	200	0.99997
203	93	0.999844
203	29	0.999507
203	122	0.999176
203	148	0.999152
203	86	0.999094
203	123	0.999395
203	72	0.999799
203	186	0.999015
203	20	0.999976
203	185	0.999725
203	185	0.99996
203	29	0.999517
203	116	0.999993
203	54	0.99979
203	131	0.999489
203	100	0.999088
203	144	0.999446
203	169	0.999337
203	23	0.999795
203	169	0.999073
203	175	0.999905
203	47	0.999137
203	155	0.999173
203	32	0.999703
203	155	0.999129
203	192	0.999554
203	73	0.999545
203	55	0.99987
203	129	0.999909
203	130	0.999033
203	90	0.999291
203	144	0.999084
203	100	0.999859
203	181	0.999818
203	174	0.999349
203	94	0.999428
203	166	0.99961
203	110	0.999006
203	155	0.99987
203	92	0.999512
203	141	0.999109
203	161	0.99911
203	88	0.999496
203	43	0.999703
203	71	0.999338
203	77	0.999458
203	28	0.999629
203	124	0.999499
203	159	0.999669
203	43	0.999998
203	78	0.998989
203	120	0.999493
203	60	0.999939
203	79	0.999357
203	56	0.998984
203	31	0.999067
203	57	0.999779
203	59	0.999241
203	126	0.999875
203	61	0.999965
203	135	0.999449
203	73	0.999884
203	64	0.999665
203	176	0.998913
203	68	0.999519
203	127	0.999452
203	74	0.999938
203	160	0.998958
203	106	0.999551
203	197	0.999032
203	34	0.999729
203	149	0.999126
203	86	0.999804
203	160	0.999986
203	139	0.999197
203	96	0.999681
203	53	0.999921
203	180	0.999365
203	138	0.999647
203	59	0.999134
203	181	0.999798
203	45	0.99954
203	58	0.999827
203	66	0.999751
203	84	0.999371
203	182	0.999748
203	139	0.99933
203	81	0.999946
203	189	0.999211
203	112	0.999476
203	174	0.999757
203	44	0.999056
203	99	0.99931
203	179	0.999927
203	92	0.998976
203	183	0.999954
203	51	0.999333
203	104	0.999202
203	109	0.999338
203	82	0.999284
203	26	0.999985
203	130	0.999133
203	148	0.999129
203	62	0.999248
203	132	0.999474
203	44	0.999914
203	104	0.999237
203	171	0.998981
203	111	0.999676
203	63	0.999865
203	132	0.999764
203	180	0.998987
203	67	0.999416
203	132	0.999155
203	167	0.999002
203	25	0.999321
203	190	0.999198
203	47	0.999533
203	149	0.999965
203	83	0.999146
203	147	0.999409
203	139	0.999956
203	157	0.999259
203	188	0.999694
203	172	0.99956
203	195	0.99965
203	103	0.999663
203	183	0.999267
203	82	0.999008
203	176	0.999466
203	196	0.999344
203	103	0.998955
203	106	0.99995
203	128	0.999527
203	151	0.999006
203	161	0.999212
203	171	0.999622
203	202	0.999175
203	94	0.998961
203	134	0.999122
203	26	0.999254
203	19	0.999975
203	16	0.999121
203	49	0.999227
203	81	0.9999
203	57	0.999407
203	100	0.999363
203	195	0.999394
203	24	0.999865
203	155	0.999503
203	133	0.999292
203	64	0.999192
203	61	0.999519
203	191	0.999967
203	115	0.999312
203	146	0.999632
203	95	0.998928
203	132	0.999239
203	153	0.999991
203	115	0.999641
203	99	0.999161
203	79	0.998951
203	136	0.999604
203	179	0.999804
203	33	0.998964
203	34	0.999741
203	56	0.999118
203	159	0.999946
203	116	0.999697
203	78	0.999151
203	105	0.999074
203	133	0.999555
203	195	0.999973
203	193	0.9991
203	98	0.999953
203	51	0.999717
203	161	0.99994
203	90	0.999831
203	28	0.999956
203	131	0.999843
203	183	0.998982
203	102	0.999477
203	131	0.99907
203	36	0.999032
203	171	0.999082
203	19	0.999656
203	94	0.999653
203	72	0.998968
203	140	0.999529
203	152	0.999136
203	133	0.999108
203	41	0.999404
203	160	0.999894
203	133	0.999546
203	131	0.999844
203	17	0.999069
203	201	0.999906
203	54	0.999206
203	159	0.999207
203	20	0.999697
203	38	0.99985
203	168	0.999363
203	198	0.999014
203	189	0.999823
203	28	0.9993
203	178	0.999978
203	114	0.999558
203	70	0.999728
203	86	0.999503
203	42	0.999289
203	124	0.99939
203	26	0.999752
203	163	0.999274
203	105	0.99913
203	34	0.999353
203	41	0.999405
203	21	0.999281
203	160	0.99966
203	38	0.999553
203	157	0.999887
203	19	0.999934
203	157	0.999788
203	164	0.999938
203	51	0.999007
203	31	0.999899
203	54	0.999148
203	188	0.999631
203	73	0.999034
203	183	0.999126
203	82	0.999762
203	101	0.99909
203	60	0.999034
203	131	0.999159
203	99	0.99934
203	190	0.999861
203	76	0.99938
203	86	0.999469
203	159	0.999012
203	156	0.999348
203	71	0.999836
203	42	0.99998
203	188	0.999504
203	96	0.999879
203	71	0.998924
203	84	0.999079
203	102	0.999043
203	148	0.999641
203	77	0.999168
203	13	0.999621
203	78	0.999425
203	54	0.999145
203	21	0.99926
203	133	0.999756
203	139	0.999379
203	110	0.999643
203	201	0.998955
203	71	0.999109
203	38	0.999051
203	55	0.99948
203	154	0.999059
203	132	0.999722
203	123	0.999805
203	124	0.999329
203	94	0.999992
203	198	0.999119
203	178	0.999224
203	68	0.999247
203	135	0.999743
203	22	0.999479
203	93	0.999832
203	71	0.999306
203	139	0.999447
203	179	0.999702
203	76	0.99978
203	40	0.999
203	157	0.999392
203	193	0.999672
203	101	0.999499
203	57	0.99984
203	106	0.999142
203	137	0.999675
203	157	0.999728
203	187	0.999297
203	115	0.999139
203	61	0.999368
203	103	0.99932
203	129	0.999211
203	135	0.999918
203	185	0.999567
203	113	0.999308
203	90	0.999619
203	40	0.998965
203	37	0.999034
203	197	0.999059
203	36	0.998999
203	54	0.999166
203	138	0.999079
203	42	0.99973
203	170	0.999915
203	44	0.999157
203	54	0.999456
203	198	0.99895
203	101	0.999353
203	44	0.999536
203	175	0.999866
203	194	0.999357
203	181	0.999238
203	168	0.999665
203	153	0.999779
203	112	0.999247
203	53	0.999096
203	196	0.99984
203	100	0.999882
203	162	0.998975
203	178	0.999027
203	16	0.999047
203	89	0.99918
203	66	0.99946
203	35	0.999741
203	22	0.99944
203	39	0.999498
203	131	0.999449
203	168	0.999286
203	21	0.999759
203	45	0.998973
203	149	0.999984
203	162	0.999676
203	54	0.999643
203	197	0.999293
203	89	0.999285
203	59	0.999397
203	124	0.999776
203	168	0.998999
203	66	0.999622
203	147	0.999588
203	21	0.999523
203	16	0.99963
203	78	0.999395
203	91	0.999396
203	96	0.999677
203	65	0.999708
203	36	0.998945
203	180	0.999036
203	20	0.99918
203	46	0.999334
203	182	0.999055
203	137	0.999404
203	103	0.999788
203	112	0.999466
203	72	0.999892
203	193	0.999189
203	69	0.999974
203	157	0.999127
203	80	0.999648
203	108	0.998919
203	141	0.998913
203	175	0.999818
203	35	0.999235
203	28	0.999625
203	156	0.999674
203	170	0.999555
203	118	0.999174
203	124	0.999795
203	160	0.99979
203	60	0.999532
203	79	0.999149
203	129	0.999083
203	39	0.999511
203	15	0.999529
203	57	0.999179
203	154	0.999563
203	128	0.999272
203	158	0.999647
203	92	0.999648
203	82	0.999309
203	37	0.99931
203	120	0.999346
203	118	0.999921
203	80	0.99933
203	25	0.998938
203	127	0.999208
203	135	0.998919
203	74	0.999373
203	136	0.999218
203	94	0.999826
203	198	0.999114
203	187	0.999015
203	194	0.999603
203	45	0.99951
203	68	0.99977
203	192	0.999857
203	172	0.999416
203	25	0.999679
203	139	0.999111
203	144	0.999567
203	42	0.99959
203	128	0.999605
203	57	0.999761
203	144	0.999512
203	123	0.99985
203	135	0.999989
203	17	0.999688
203	140	0.999769
203	172	0.999309
203	43	0.999832
203	93	0.998923
203	100	0.999108
203	42	0.999849
203	47	0.998934
203	109	0.999986
203	172	0.999111
203	20	0.999987
203	108	0.999679
203	79	0.999226
203	74	0.999577
203	27	0.999411
203	30	0.999163
203	117	0.999781
203	103	0.999771
203	26	0.998961
203	54	0.999642
203	18	0.999705
203	104	0.999366
203	31	0.999595
203	37	0.999068
203	116	0.999158
203	106	0.998952
203	201	0.999216
203	159	0.999468
203	57	0.999615
203	50	0.998953
203	177	0.999449
203	133	0.999595
203	175	0.999014
203	42	0.999442
203	26	0.999598
203	182	0.999556
203	198	0.999806
203	164	0.999638
203	135	0.999459
203	169	0.999876
203	94	0.999715
203	155	0.99934
203	141	0.999292
203	82	0.999971
203	140	0.999727
203	108	0.999768
203	153	0.999725
203	178	0.999949
203	57	0.99939
203	114	0.998978
203	57	0.999733
203	14	0.999768
203	75	0.999981
203	107	0.998978
203	30	0.99982
203	87	0.999799
203	22	0.999909
203	62	0.999092
203	23	0.999663
203	72	0.999471
203	88	0.99912
203	148	0.999709
203	54	0.99914
203	26	0.999187
203	200	0.999557
203	188	0.999753
203	193	0.999224
203	155	0.999564
203	192	0.999288
203	108	0.999143
203	164	0.999689
203	143	0.999996
203	43	0.999105
203	15	0.999838
203	193	0.99962
203	140	0.999953
203	78	0.999487
203	93	0.999435
203	148	0.999393
203	98	0.999028
203	171	0.999897
203	91	0.999593
203	154	0.999745
203	176	0.999817
203	148	0.999442
203	101	0.999611
203	113	0.998935
203	59	0.999318
203	152	0.998945
203	44	0.998983
203	28	0.99995
203	151	0.999371
203	83	0.99941
203	132	0.999021
203	57	0.999031
203	196	0.999569
203	109	0.999495
203	30	0.999793
203	84	0.999742
203	161	0.999342
203	50	0.99965
203	81	0.999814
203	28	0.998996
203	162	0.999746
203	45	0.999006
203	193	0.999331
203	55	0.999276
203	48	0.999242
203	61	0.999408
203	59	0.999813
203	176	0.9991
203	80	0.999385
203	52	0.999197
203	176	0.99894
203	56	0.999409
203	45	0.999023
203	198	0.999161
203	176	0.999688
203	103	0.999869
203	122	0.999837
203	89	0.999284
203	109	0.999163
203	116	0.99993
203	151	0.999976
203	40	0.99902
203	195	0.999594
203	13	0.999865
203	38	0.999615
203	91	0.999652
203	163	0.998912
203	172	0.999026
203	168	0.999115
203	90	0.9992
203	45	0.999629
203	37	0.999856
203	53	0.999959
203	109	0.999824
203	103	0.999329
203	77	0.999632
203	62	0.998983
203	140	0.999956
203	95	0.999801
203	107	0.99928
203	170	0.999691
203	191	0.998969
203	18	0.999645
203	96	0.999585
203	157	0.999918
203	137	0.999749
203	147	0.999396
203	103	0.99966
203	176	0.999671
203	137	0.999659
203	151	0.999799
203	53	0.999939
203	169	0.999654
203	184	0.998953
203	114	0.99997
203	50	0.99949
203	90	0.999541
203	151	0.999835
203	171	0.999287
203	34	0.999264
203	75	0.999973
203	72	0.999588
203	48	0.99918
203	144	0.999117
203	18	0.999656
203	130	0.998924
203	13	0.999445
203	107	0.999498
203	99	0.999482
203	39	0.999771
203	15	0.999257
203	101	0.999381
203	147	0.999196
203	144	0.999112
203	54	0.999697
203	31	0.998974
203	183	0.999884
203	102	0.998978
203	80	0.999113
203	149	0.999208
203	38	0.998932
203	172	0.999938
203	87	0.999147
203	107	0.99943
203	135	0.999963
203	62	0.999076
203	23	0.99892
203	94	0.99991
203	104	0.999553
203	62	0.999867
203	87	0.999386
203	187	0.998998
203	97	0.999293
203	192	0.999967
203	133	0.999559
203	65	0.999469
203	128	0.999207
203	166	0.999486
203	50	0.999911
203	96	0.999334
203	55	0.999732
203	26	0.999762
203	160	0.999119
203	177	0.999185
203	141	0.999052
203	176	0.999249
203	60	0.999899
203	70	0.999493
203	48	0.999341
203	129	0.999469
203	138	0.999885
203	145	0.999296
203	154	0.999978
203	39	0.998912
203	139	0.999271
203	29	0.99899
203	46	0.999867
203	32	0.99958
203	179	0.999931
203	192	0.999691
203	185	0.999762
203	108	0.999109
203	30	0.999697
203	130	0.999518
203	159	0.999677
203	45	0.999043
203	19	0.999467
203	95	0.999619
203	199	0.999147
203	43	0.999894
203	167	0.999877
203	155	0.999545
203	93	0.999903
203	123	0.999751
203	105	0.998971
203	137	0.999176
203	144	0.999018
203	34	0.999027
203	14	0.999763
203	15	0.999516
203	168	0.998959
203	112	0.999395
203	122	0.999504
203	75	0.999002
203	26	0.999563
203	74	0.999118
203	21	0.999479
203	201	0.999602
203	116	0.999243
203	201	0.99927
203	44	0.999963
203	139	0.999501
203	187	0.999182
203	84	0.999409
203	188	0.999242
203	177	0.999545
203	154	0.999601
203	103	0.999558
203	142	0.999179
203	147	0.999647
203	172	0.999065
203	189	0.999806
203	52	0.999372
203	145	0.999924
203	23	0.999919
203	22	0.999466
203	68	0.999326
203	153	0.998995
203	169	0.999134
203	152	0.999731
203	32	0.999598
203	98	0.99896
203	46	0.999035
203	142	0.999696
203	32	0.999903
203	198	0.999321
203	74	0.999362
203	18	0.999748
203	70	0.999008
203	105	0.999832
203	34	0.999496
203	19	0.999528
203	70	0.999933
203	88	0.999119
203	180	0.999861
203	129	0.99941
203	92	0.999486
203	57	0.999988
203	95	0.999815
203	26	0.999318
203	178	0.998936
203	197	0.999413
203	160	0.99941
203	82	0.998963
203	84	0.999157
203	183	0.999507
203	136	0.999819
203	159	0.998972
203	47	0.999631
203	108	0.999147
203	130	0.99934
203	32	0.999635
203	48	0.999804
203	14	0.999022
203	179	0.999956
203	183	0.999923
203	156	0.998912
203	56	0.999637
203	115	0.999819
203	108	0.999208
203	83	0.999098
203	144	0.99969
203	45	0.999284
203	189	0.999991
203	131	0.999733
203	132	0.999715
203	119	0.999276
203	177	0.999886
203	46	0.999246
203	27	0.999984
203	66	0.999589
203	68	0.999985
203	41	0.999171
203	22	0.999634
203	172	0.999817
203	164	0.999526
203	26	0.999368
203	40	0.999082
203	175	0.999787
203	183	0.999691
203	172	0.999933
203	57	0.999345
203	76	0.999187
203	165	0.999984
203	96	0.999929
203	74	0.999731
203	187	0.999095
203	163	0.999811
203	66	0.999258
203	123	0.999271
203	54	0.999429
203	198	0.999545
203	137	0.998989
203	14	0.999381
203	95	0.999025
203	38	0.999012
203	78	0.99982
203	173	0.999025
203	171	0.99957
203	91	0.999631
203	30	0.999419
203	147	0.998923
203	92	0.999453
203	114	0.99903
203	89	0.999888
203	46	0.999694
203	121	0.99922
203	58	0.999448
203	61	0.999457
203	33	0.999273
203	198	0.999755
203	110	0.999
203	118	0.999958
203	187	0.999217
203	134	0.999936
203	83	0.999695
203	41	0.999598
203	161	0.999926
203	169	0.999146
203	68	0.999997
203	50	0.999027
203	17	0.99936
203	44	0.999783
203	153	0.999245
203	142	0.999412
203	56	0.999492
203	120	0.999374
203	183	0.99896
203	88	0.999643
203	16	0.999439
203	155	0.998963
203	20	0.99962
203	152	0.999391
203	201	0.999221
203	57	0.999851
203	162	0.999407
203	22	0.999933
203	83	0.999244
203	151	0.999595
203	96	0.999975
203	189	0.999763
203	79	0.999898
203	55	0.999931
203	152	0.999626
203	141	0.999538
203	35	0.999234
203	28	0.999239
203	59	0.999748
203	113	0.999237
203	97	0.999095
203	56	0.999856
203	85	0.999017
203	156	0.999881
203	80	0.999365
203	132	0.999142
203	93	0.999392
203	123	0.998941
203	164	0.999074
203	192	0.999017
203	82	0.99985
203	27	0.999592
203	50	0.999334
203	143	0.999586
203	192	0.998988
203	15	0.999538
203	46	0.999221
203	167	0.999551
203	19	0.99978
203	112	0.99913
203	39	0.999911
203	105	0.999326
203	124	0.999705
203	151	0.999699
203	197	0.999539
203	101	0.999204
203	160	0.999659
203	46	0.99945
203	44	0.999232
203	53	0.999593
203	36	0.999436
203	145	0.999285
203	149	0.999546
203	116	0.99935
203	106	0.999082
203	77	0.999448
203	163	0.998933
203	186	0.999909
203	59	0.99963
203	37	0.999592
203	53	0.999627
203	128	0.998973
203	58	0.999276
203	37	0.999199
203	49	0.999684
203	32	0.999852
203	184	0.999309
203	189	0.999759
203	198	0.999857
203	189	0.9991
203	88	0.999379
203	158	0.999395
203	120	0.998977
203	91	0.999958
203	45	0.999089
203	64	0.99967
203	157	0.999456
203	151	0.9993
203	189	0.999671
203	19	0.99921
203	80	0.999909
203	196	0.999391
203	141	0.999546
203	133	0.99925
203	86	0.9997
203	17	0.999764
203	32	0.999597
203	202	0.999018
203	98	0.999341
203	93	0.999419
203	193	0.999523
203	184	0.999282
203	112	0.999771
203	36	0.999765
203	139	0.999198
203	130	0.999212
203	75	0.99896
203	81	0.999385
203	81	0.999485
203	189	0.999657
203	67	0.999481
203	137	0.999218
203	14	0.999272
203	146	0.999276
203	63	0.999596
203	74	0.999204
203	65	0.999889
203	130	0.999711
203	178	0.99902
203	106	0.99997
203	165	0.99957
203	28	0.999021
203	159	0.999717
203	36	0.999902
203	96	0.99934
203	47	0.999719
203	122	0.998999
203	142	0.99949
203	35	0.99909
203	116	0.999131
203	57	0.999843
203	172	0.999915
203	65	0.999182
203	39	0.998956
203	73	0.999728
203	180	0.999497
203	94	0.999247
203	132	0.999989
203	181	0.999444
203	72	0.999696
203	34	0.999853
203	194	0.999373
203	139	0.999242
203	96	0.999432
203	84	0.999025
203	171	0.998955
203	184	0.999309
203	46	0.99966
203	192	0.999558
203	168	0.999482
203	42	0.999854
203	189	0.999081
203	24	0.999768
203	163	0.999641
203	168	0.999152
203	159	0.999382
203	29	0.99892
203	115	0.999785
203	90	0.999943
203	179	0.999007
203	196	0.999677
203	142	0.999959
203	82	0.99969
203	64	0.999433
203	63	0.99969
203	17	0.99998
203	30	0.999003
203	114	0.999212
203	101	0.999848
203	157	0.999311
203	112	0.999253
203	135	0.999287
203	16	0.999221
203	144	0.999567
203	98	0.999455
203	177	0.999706
203	175	0.999055
203	117	0.999393
203	46	0.9994
203	52	0.999409
203	167	0.999236
203	87	0.998949
203	53	0.999147
203	89	0.999348
203	70	0.999129
203	136	0.999217
203	28	0.999936
203	176	0.999413
203	159	0.999384
203	136	0.999894
203	108	0.999465
203	195	0.999189
203	152	0.999985
203	100	0.999229
203	145	0.999706
203	57	0.999169
203	18	0.999793
203	82	0.999219
203	107	0.999897
203	109	0.999266
203	113	0.998975
203	66	0.999369
203	92	0.999695
203	170	0.998928
203	176	0.99954
203	82	0.99918
203	105	0.999486
203	55	0.999031
203	128	0.999417
203	162	0.999205
203	75	0.999183
203	43	0.999997
203	102	0.999597
203	172	0.998988
203	54	0.99945
203	28	0.999926
203	20	0.999175
203	165	0.99983
203	77	0.999613
203	176	0.998922
203	167	0.999741
203	112	0.999915
203	113	0.999802
203	150	0.99913
203	40	0.999548
203	130	0.999801
203	134	0.999244
203	40	0.99972
203	158	0.999829
203	187	0.999958
203	156	0.99927
203	120	0.999643
203	155	0.999149
203	97	0.999126
203	151	0.999239
203	138	0.999988
203	146	0.99953
203	193	0.999909
203	101	0.999751
203	186	0.998988
203	182	0.999851
203	51	0.999303
203	152	0.99909
203	191	0.999955
203	95	0.999876
203	27	0.999281
203	151	0.999154
203	194	0.999745
203	127	0.999264
203	85	0.999828
203	80	0.999806
203	143	0.99915
203	201	0.999486
203	55	0.999432
203	15	0.999074
203	190	0.998969
203	13	0.999453
203	13	0.999882
203	154	0.999714
203	154	0.999591
203	68	0.999264
203	68	0.999296
203	140	0.99914
203	27	0.999632
203	137	0.999607
203	23	0.999194
203	33	0.99973
203	45	0.999546
203	95	0.999842
203	59	0.999594
203	137	0.999144
203	147	0.998986
203	111	0.999208
203	79	0.999412
203	130	0.99985
203	24	0.999369
203	62	0.999733
203	157	0.999146
203	96	0.999402
203	107	0.99934
203	162	0.999211
203	43	0.999558
203	175	0.999576
203	129	0.998959
203	148	0.999534
203	202	0.999136
203	36	0.999715
203	110	0.999407
203	119	0.999912
203	43	0.999433
203	66	0.999201
203	162	0.99895
203	80	0.999607
203	59	0.999997
203	24	0.999324
203	88	0.999393
203	118	0.999559
203	158	0.999113
203	74	0.99895
203	177	0.999964
203	39	0.999884
203	149	0.999172
203	199	0.999701
203	113	0.999861
203	154	0.999804
203	179	0.999547
203	18	0.999801
203	81	0.999226
203	184	0.999715
203	90	0.999609
203	192	0.999642
203	66	0.999044
203	95	0.999674
203	78	0.999802
203	19	0.999995
203	158	0.999781
203	16	0.999048
203	170	0.999412
203	162	0.999512
203	38	0.999326
203	165	0.999693
203	120	0.99893
203	178	0.999496
203	186	0.999616
203	63	0.999212
203	126	0.99908
203	33	0.999383
203	108	0.999959
203	29	0.999663
203	183	0.999208
203	33	0.999266
203	14	0.999593
203	111	0.999577
203	50	0.998944
203	43	0.999033
203	41	0.999075
203	133	0.999428
203	192	0.999235
203	146	0.998972
203	154	0.999095
203	30	0.999554
203	33	0.999483
203	45	0.999207
203	73	0.999606
203	104	0.999572
203	181	0.999205
203	89	0.999976
203	31	0.998987
203	152	0.999264
203	194	0.999811
203	32	0.998985
203	200	0.999632
203	169	0.999119
203	114	0.998924
203	30	0.999491
203	148	0.999645
203	75	0.999593
203	140	0.999294
203	43	0.9994
203	101	0.999393
203	166	0.999191
203	170	0.999621
203	107	0.999122
203	35	0.999208
203	88	0.999918
203	160	0.999962
203	110	0.999603
203	131	0.99933
203	66	0.999197
203	105	0.999953
203	28	0.999073
203	112	0.999708
203	182	0.999367
203	54	0.999456
203	100	0.999959
203	80	0.999018
203	62	0.999076
203	75	0.999854
203	90	0.999662
203	132	0.999644
203	165	0.999259
203	16	0.999543
203	179	0.99926
203	200	0.999506
203	94	0.999889
203	56	0.99892
203	177	0.999337
203	139	0.999039
203	75	0.999497
203	165	0.999433
203	161	0.999184
203	108	0.999722
203	101	0.998975
203	21	0.999408
203	66	0.999007
203	137	0.999436
203	112	0.998933
203	174	0.999304
203	88	0.999506
203	79	0.999229
203	170	0.999335
203	83	0.999545
203	51	0.999914
203	172	0.999751
203	64	0.998941
203	193	0.999545
203	106	0.99957
203	131	0.999156
203	151	0.999517
203	166	0.999024
203	167	0.999008
203	37	0.999274
203	117	0.99895
203	191	0.999504
203	154	0.999465
203	192	0.99913
203	132	0.99907
203	184	0.999724
203	190	0.999
203	106	0.999496
203	148	0.999453
203	60	0.999208
203	38	0.999425
203	137	0.99962
203	22	0.999173
203	42	0.999032
203	111	0.999403
203	109	0.99897
203	126	0.999271
203	46	0.999925
203	23	0.999875
203	84	0.99977
203	184	0.999912
203	99	0.999713
203	197	0.999907
203	77	0.99895
203	109	0.998931
203	195	0.999927
203	44	0.999674
203	195	0.999621
203	152	0.999063
203	202	0.999884
203	202	0.999323
203	59	0.999713
203	83	0.999753
203	29	0.998914
203	95	0.999189
203	201	0.999471
203	161	0.999621
203	104	0.999232
203	136	0.999808
203	135	0.999837
203	111	0.99904
203	129	0.998922
203	107	0.999133
203	180	0.99892
203	24	0.999407
203	22	0.999506
203	82	0.99908
203	141	0.999418
203	174	0.999012
203	32	0.999286
203	83	0.99917
203	82	0.99995
203	38	0.998987
203	53	0.999618
203	96	0.999373
203	119	0.999049
203	99	0.999823
203	59	0.99996
203	16	0.999864
203	72	0.999754
203	180	0.999988
203	92	0.999083
203	131	0.999879
203	169	0.999889
203	143	0.99977
203	50	0.998976
203	53	0.998923
203	20	0.999508
203	172	0.99981
203	124	0.999687
203	99	0.999448
203	164	0.999477
203	147	0.999131
203	55	0.99904
203	147	0.999492
203	201	0.999704
203	23	0.999605
203	97	0.998938
203	158	0.999013
203	107	0.999332
203	125	0.999847
203	24	0.999778
203	27	0.999423
203	46	0.999517
203	50	0.999491
203	15	0.999379
203	24	0.999201
203	76	0.999322
203	194	0.999741
203	52	0.999378
203	41	0.999946
203	117	0.999279
203	109	0.999316
203	129	0.999324
203	178	0.999478
203	124	0.99964
203	92	0.999873
203	198	0.999184
203	103	0.999554
203	51	0.999163
203	117	0.99947
203	89	0.999616
203	128	0.999955
203	198	0.999514
203	24	0.999654
203	102	0.999711
203	100	0.999568
203	96	0.999187
203	192	0.999503
203	27	0.99906
203	101	0.999998
203	31	0.999466
203	35	0.998992
203	26	0.999593
203	70	0.999911
203	141	0.999169
203	32	0.999086
203	63	0.999923
203	27	0.998955
203	15	0.999038
203	173	0.999844
203	152	0.99975
203	49	0.999412
203	127	0.999796
203	62	0.999658
203	78	0.999864
203	131	0.999279
203	170	0.99895
203	180	0.999366
203	90	0.999529
203	140	0.999762
203	160	0.999201
203	171	0.999866
203	164	0.999607
203	96	0.999458
203	21	0.999071
203	19	0.999234
203	141	0.999459
203	83	0.999848
203	49	0.999263
203	101	0.999297
203	94	0.999796
203	21	0.999489
203	25	0.999773
203	109	0.999728
203	92	0.999635
203	114	0.99928
203	86	0.999819
203	113	0.999053
203	22	0.999638
203	177	0.999786
203	32	0.999547
203	149	0.999909
203	131	0.999456
203	180	0.999434
203	44	0.999493
203	63	0.999539
203	187	0.998955
203	27	0.999355
203	124	0.999479
203	139	0.999439
203	54	0.999088
203	16	0.999776
203	131	0.999749
203	102	0.999702
203	165	0.999802
203	105	0.999205
203	200	0.999211
203	188	0.999058
203	45	0.999418
203	53	0.999639
203	112	0.999927
203	61	0.999787
203	187	0.999843
203	125	0.99917
203	48	0.999447
203	17	0.999796
203	60	0.999018
203	124	0.99936
203	138	0.999095
203	145	0.999804
203	16	0.999371
203	139	0.99999
203	117	0.999647
203	91	0.999907
203	52	0.998962
203	29	0.999971
203	38	0.99962
203	42	0.999126
203	31	0.999874
203	80	0.999167
203	45	0.999835
203	124	0.99897
203	132	0.998976
203	103	0.999065
203	174	0.999031
203	84	0.999793
203	157	0.999745
203	199	0.999464
203	83	0.999053
203	100	0.999306
203	113	0.999005
203	23	0.999331
203	140	0.999235
203	81	0.999597
203	74	0.999902
203	79	0.99895
203	112	0.99903
203	159	0.999146
203	130	0.99984
203	154	0.99964
203	24	0.999717
203	96	0.999855
203	136	0.999509
203	189	0.999386
203	116	0.99908
203	191	0.999093
203	53	0.999206
203	90	0.999948
203	96	0.999907
203	152	0.999356
203	141	0.999986
203	45	0.999268
203	188	0.999144
203	132	0.999707
203	66	0.999516
203	196	0.999394
203	88	0.999534
203	163	0.999045
203	190	0.999433
203	113	0.999581
203	171	0.999109
203	76	0.999158
203	25	0.999751
203	87	0.998952
203	87	0.999183
203	60	0.999752
203	82	0.999073
203	17	0.999725
203	23	0.999526
203	66	0.999567
203	39	0.999094
203	70	0.999458
203	141	0.999481
203	148	0.999238
203	94	0.999461
203	90	0.999814
203	39	0.999596
203	93	0.999385
203	28	0.999439
203	128	0.999257
203	109	0.999245
203	157	0.999176
203	69	0.999343
203	91	0.999842
203	150	0.999147
203	103	0.99914
203	122	0.998912
203	27	0.999887
203	135	0.99981
203	70	0.999241
203	137	0.999144
203	39	0.999954
203	146	0.999936
203	33	0.999738
203	163	0.99904
203	161	0.99892
203	151	0.999158
203	171	0.999
203	32	0.99899
203	111	0.999542
203	142	0.999273
203	118	0.999326
203	76	0.999626
203	68	0.999301
203	44	0.999183
203	55	0.999694
203	133	0.999918
203	135	0.999156
203	50	0.999639
203	104	0.9994
203	182	0.999009
203	172	0.999727
203	115	0.999755
203	137	0.999929
203	154	0.999491
203	143	0.99954
203	113	0.99951
203	112	0.999708
203	125	0.998987
203	190	0.999396
203	102	0.999037
203	26	0.999701
203	22	0.999296
203	170	0.999794
203	96	0.999754
203	73	0.999312
203	171	0.999126
203	61	0.999361
203	69	0.999891
203	23	0.999656
203	154	0.999713
203	50	0.999237
203	58	0.999785
203	125	0.999201
203	184	0.99953
203	94	0.99952
203	114	0.999912
203	40	0.999567
203	141	0.99948
203	33	0.999061
203	46	0.999152
203	22	0.999478
203	177	0.999592
203	163	0.998938
203	187	0.999172
203	128	0.999582
203	28	0.999492
203	143	0.999829
203	50	0.99918
203	135	0.999455
203	177	0.999421
203	16	0.99977
203	136	0.999182
203	44	0.998932
203	54	0.999068
203	137	0.999483
203	14	0.999493
203	33	0.999884
203	58	0.999293
203	63	0.999275
203	127	0.999677
203	82	0.998986
203	85	0.999583
203	104	0.999454
203	15	0.999185
203	30	0.999201
203	115	0.999877
203	151	0.999601
203	137	0.99911
203	76	0.999769
203	66	0.999756
203	149	0.999881
203	175	0.998976
203	75	0.999696
203	20	0.9993
203	200	0.999055
203	114	0.999057
203	58	0.999132
203	75	0.999892
203	89	0.999286
203	51	0.999329
203	21	0.999186
203	179	0.999468
203	178	0.999315
203	169	0.999752
203	142	0.99984
203	122	0.999578
203	111	0.999645
203	139	0.999979
203	53	0.998931
203	155	0.998943
203	105	0.999811
203	20	0.999663
203	59	0.999604
203	68	0.999431
203	185	0.999253
203	28	0.99965
203	17	0.999187
203	35	0.999253
203	145	0.999609
203	143	0.999729
203	97	0.999535
203	145	0.999708
203	126	0.99956
203	190	0.999006
203	186	0.999275
203	179	0.999538
203	52	0.999419
203	74	0.999158
203	20	0.998935
203	22	0.999514
203	40	0.999232
203	107	0.999331
203	153	0.999425
203	189	0.999206
203	105	0.999885
203	160	0.999163
203	29	0.999941
203	99	0.999543
203	24	0.999485
203	192	0.998989
203	14	0.998957
203	67	0.999752
203	172	0.99933
203	47	0.999112
203	154	0.999762
203	28	0.999325
203	95	0.99964
203	55	0.999875
203	117	0.999951
203	48	0.999357
203	144	0.999088
203	107	0.999155
203	31	0.999581
203	17	0.999399
203	196	0.999329
203	53	0.999999
203	82	0.999939
203	46	0.999986
203	33	0.999385
203	51	0.999355
203	59	0.999092
203	172	0.999158
203	94	0.999867
203	110	0.998965
203	41	0.999685
203	55	0.999422
203	139	0.99958
203	147	0.998912
203	58	0.99951
203	158	0.999614
203	43	0.999579
203	146	0.999953
203	66	0.999181
203	24	0.999539
203	139	0.999556
203	89	0.999095
203	155	0.99993
203	50	0.999301
203	79	0.999657
203	92	0.999785
203	23	0.999586
203	126	0.999654
203	144	0.999369
203	98	0.999417
203	142	0.999329
203	126	0.999263
203	163	0.99974
203	170	0.999576
203	151	0.999017
203	16	0.999666
203	82	0.998984
203	106	0.998939
203	159	0.99988
203	77	0.999031
203	116	0.999279
203	99	0.999061
203	93	0.999754
203	15	0.999771
203	130	0.99979
203	92	0.99931
203	169	0.999521
203	17	0.999266
203	51	0.999986
203	138	0.999218
203	186	0.999559
203	31	0.999541
203	20	0.999243
203	132	0.999028
203	161	0.999506
203	69	0.998935
203	35	0.999836
203	98	0.999786
203	90	0.99969
203	166	0.999107
203	135	0.999042
203	162	0.999773
203	135	0.999273
203	194	0.999388
203	89	0.998922
203	13	0.999072
203	50	0.999964
203	180	0.99904
203	168	0.999884
203	114	0.999049
203	151	0.998957
203	26	0.999205
203	83	0.999689
203	120	0.999585
203	148	0.99906
203	145	0.999753
203	154	0.999814
203	133	0.999825
203	128	0.999855
203	113	0.998916
203	84	0.999604
203	175	0.999093
203	75	0.999151
203	197	0.99941
203	156	0.999719
203	52	0.99923
203	44	0.999578
203	21	0.999963
203	26	0.999478
203	60	0.999547
203	165	0.999501
203	119	0.999767
203	123	0.999699
203	134	0.999487
203	177	0.999356
203	196	0.999746
203	73	0.999579
203	181	0.999429
203	137	0.999292
203	146	0.999329
203	67	0.999008
203	194	0.999171
203	188	0.999618
203	182	0.998999
203	116	0.99921
203	180	0.999646
203	174	0.998936
203	18	0.999995
203	34	0.999198
203	129	0.999023
203	179	0.999344
203	38	0.999495
203	150	0.999074
203	29	0.999501
203	74	0.998999
203	50	0.999776
203	132	0.999793
203	51	0.999392
203	102	0.999601
203	132	0.999403
203	50	0.999444
203	130	0.999315
203	121	0.998938
203	17	0.999044
203	114	0.99957
203	168	0.9993
203	54	0.999049
203	61	0.999321
203	16	0.999472
203	192	0.999568
203	59	0.999917
203	186	0.999209
203	126	0.999067
203	109	0.999324
203	131	0.999338
203	187	0.999585
203	62	0.999416
203	135	0.999538
203	77	0.999088
203	118	0.99894
203	194	0.999263
203	150	0.999534
203	182	0.999766
203	121	0.999999
203	64	0.999201
203	19	0.999231
203	108	0.999741
203	182	0.999008
203	101	0.999085
203	41	0.998949
203	41	0.998948
203	153	0.999685
203	45	0.999061
203	120	0.999119
203	140	0.999782
203	149	0.999985
203	129	0.999345
203	164	0.99952
203	124	0.999218
203	137	0.999826
203	83	0.999296
203	129	0.999546
203	38	0.999068
203	202	0.999731
203	181	0.999015
203	162	0.999373
203	83	0.999646
203	130	0.999344
203	101	0.999134
203	149	0.999156
203	82	0.999916
203	135	0.999954
203	85	0.999625
203	55	0.999948
203	111	0.999829
203	73	0.999878
203	48	0.999249
203	118	0.999738
203	72	0.99925
203	98	0.999909
203	149	0.999718
203	184	0.999283
203	144	0.999411
203	40	0.999558
203	82	0.999077
203	80	0.99982
203	116	0.999922
203	116	0.999074
203	83	0.999531
203	42	0.999322
203	142	0.999783
203	28	0.999092
203	189	0.99993
203	141	0.999812
203	89	0.999813
203	167	0.998955
203	135	0.998994
203	140	0.999807
203	107	0.999357
203	74	0.998935
203	134	0.999609
203	47	0.999688
203	135	0.999031
203	126	0.999563
203	61	0.999351
203	131	0.999769
203	133	0.998978
203	57	0.999117
203	60	0.999093
203	50	0.999563
203	42	0.999894
203	172	0.999877
203	202	0.999057
203	131	0.999085
203	138	0.99904
203	119	0.999273
203	37	0.999316
203	91	0.998984
203	24	0.999368
203	174	0.999725
203	174	0.99966
203	65	0.999512
203	71	0.999671
203	21	0.999571
203	67	0.999334
203	141	0.999688
203	107	0.999743
203	170	0.999147
203	54	0.999102
203	96	0.999238
203	137	0.999896
203	56	0.999501
203	100	0.999183
203	155	0.999106
203	112	0.999237
203	93	0.999825
203	149	0.999841
203	146	0.999951
203	41	0.999817
203	180	0.999589
203	186	0.999349
203	116	0.999907
203	39	0.999301
203	127	0.999863
203	137	0.999274
203	119	0.999219
203	70	0.998972
203	60	0.999355
203	118	0.999609
203	158	0.999436
203	178	0.999216
203	82	0.999291
203	128	0.999794
203	64	0.99957
203	90	0.999255
203	146	0.999162
203	152	0.999223
203	59	0.999944
203	128	0.999614
203	75	0.999338
203	163	0.99952
203	194	0.999503
203	52	0.998982
203	117	0.999047
203	39	0.999161
203	54	0.999094
203	60	0.999954
203	110	0.999166
203	119	0.999378
203	50	0.999285
203	72	0.999011
203	83	0.999462
203	168	0.999888
203	152	0.99909
203	136	0.999386
203	48	0.99923
203	22	0.998955
203	186	0.99915
203	26	0.99948
203	82	0.999056
203	144	0.999416
203	200	0.999842
203	191	0.999567
203	20	0.999188
203	194	0.999679
203	22	0.99999
203	16	0.999034
203	42	0.999243
203	188	0.99994
203	84	0.999225
203	122	0.999199
203	179	0.999795
203	76	0.999161
203	66	0.99906
203	113	0.999363
203	165	0.999693
203	191	0.99941
203	98	0.999371
203	106	0.999084
203	92	0.999263
203	164	0.999261
203	119	0.999305
203	134	0.99915
203	148	0.999892
203	85	0.999627
203	195	0.999276
203	62	0.999703
203	55	0.999421
203	53	0.999765
203	83	0.999495
203	187	0.999998
203	174	0.998926
203	39	0.999168
203	54	0.998962
203	67	0.999664
203	63	0.999321
203	97	0.999402
203	25	0.999958
203	120	0.999815
203	150	0.998943
203	88	0.999172
203	71	0.999246
203	23	0.999461
203	15	0.999632
203	13	0.999861
203	98	0.999484
203	153	0.998992
203	141	0.999044
203	53	0.999978
203	89	0.999357
203	158	0.99954
203	136	0.999038
203	54	0.999993
203	91	0.99999
203	78	0.999833
203	53	0.999063
203	136	0.999312
203	96	0.999959
203	84	0.999214
203	136	0.99943
203	69	0.999388
203	186	0.999771
203	70	0.999967
203	145	0.999595
203	115	0.999271
203	102	0.998925
203	40	0.999423
203	91	0.999633
203	75	0.999695
203	190	0.998955
203	156	0.999289
203	174	0.999745
203	95	0.999014
203	120	0.999253
203	80	0.999654
203	169	0.999407
203	36	0.99933
203	29	0.999983
203	144	0.999151
203	79	0.999606
203	99	0.999534
203	69	0.999101
203	134	0.999189
203	45	0.998994
203	23	0.999254
203	133	0.999449
203	189	0.998951
203	182	0.99953
203	92	0.999518
203	139	0.999112
203	175	0.999235
203	171	0.998982
203	195	0.999298
203	116	0.999675
203	182	0.999077
203	146	0.998983
203	44	0.999676
203	191	0.999885
203	189	0.999071
203	83	0.999299
203	125	0.99951
203	134	0.999975
203	15	0.999668
203	188	0.999817
203	184	0.999122
203	134	0.999135
203	33	0.999237
203	97	0.999003
203	71	0.998931
203	176	0.999114
203	192	0.999073
203	154	0.99904
203	129	0.998924
203	61	0.9991
203	151	0.99985
203	135	0.999775
203	42	0.999
203	91	0.999986
203	85	0.999023
203	152	0.999018
203	155	0.99944
203	60	0.998989
203	114	0.998926
203	126	0.999378
203	85	0.999978
203	94	0.999278
203	157	0.999133
203	89	0.999604
203	64	0.999293
203	97	0.999921
203	99	0.999328
203	47	0.999567
203	117	0.99987
203	19	0.998965
203	170	0.999664
203	61	0.999707
203	88	0.999818
203	44	0.999515
203	186	0.999218
203	83	0.999918
203	183	0.99963
203	29	0.999345
203	38	0.999171
203	92	0.99936
203	198	0.9991
203	178	0.999741
203	88	0.999182
203	113	0.999485
203	63	0.999517
203	17	0.999586
203	32	0.999869
203	126	0.999538
203	142	0.999658
203	130	0.999166
203	117	0.999014
203	71	0.999995
203	107	0.999027
203	101	0.999192
203	158	0.999591
203	43	0.999106
203	178	0.998927
203	83	0.999899
203	22	0.999283
203	129	0.999511
203	109	0.999334
203	81	0.999049
203	143	0.999275
203	40	0.999259
203	24	0.999076
203	125	0.999193
203	133	0.999792
203	82	0.999102
203	92	0.999842
203	90	0.998956
203	29	0.999271
203	177	0.999306
203	29	0.999639
203	116	0.999524
203	23	0.999597
203	199	0.999533
203	32	0.999727
203	82	0.999412
203	138	0.999061
203	145	0.999843
203	199	0.999547
203	193	0.999531
203	28	0.999439
203	92	0.999072
203	93	0.99912
203	186	0.999214
203	177	0.999831
203	70	0.999785
203	125	0.999234
203	112	0.999191
203	91	0.999264
203	171	0.99907
203	27	0.999056
203	21	0.999386
203	117	0.999201
203	33	0.999854
203	97	0.998978
203	96	0.999681
203	106	0.999542
203	188	0.999879
203	200	0.999928
203	30	0.999446
203	82	0.998998
203	38	0.999482
203	103	0.99926
203	161	0.999324
203	91	0.999708
203	108	0.999419
203	20	0.999678
203	54	0.999582
203	38	0.999483
203	148	0.999454
203	84	0.999358
203	196	0.99925
203	25	0.999925
203	55	0.99958
203	45	0.999456
203	124	0.999173
203	128	0.99952
203	59	0.999976
203	18	0.999286
203	150	0.998944
203	74	0.999148
203	44	0.999478
203	189	0.999528
203	121	0.999313
203	39	0.999387
203	194	0.999504
203	113	0.999757
203	157	0.999551
203	25	0.999026
203	118	0.999526
203	109	0.999359
203	172	0.999589
203	96	0.999019
203	69	0.999193
203	45	0.999869
203	141	0.999048
203	185	0.999755
203	109	0.999485
203	26	0.999425
203	53	0.999164
203	198	0.999319
203	185	0.99903
203	86	0.999221
203	184	0.998915
203	106	0.998984
203	36	0.99969
203	187	0.999715
203	140	0.99909
203	107	0.99936
203	191	0.999684
203	186	0.999383
203	35	0.99902
203	197	0.999529
203	196	0.999183
203	111	0.999533
203	23	0.999177
203	125	0.99911
203	190	0.999916
203	182	0.99927
203	50	0.999652
203	23	0.999667
203	41	0.999551
203	188	0.999971
203	49	0.999931
203	178	0.999489
203	56	0.999855
203	162	0.999942
203	62	0.999483
203	144	0.999526
203	145	0.99941
203	37	0.999819
203	151	0.999776
203	111	0.999003
203	23	0.999308
203	13	0.999222
203	184	0.999126
203	130	0.999526
203	110	0.999366
203	60	0.999097
203	129	0.999242
203	189	0.999893
203	155	0.999934
203	64	0.999466
203	144	0.999179
203	155	0.999121
203	110	0.999789
203	70	0.998972
203	99	0.999483
203	43	0.999465
203	40	0.999725
203	151	0.999353
203	101	0.999023
203	65	0.999038
203	70	0.999968
203	93	0.999142
203	50	0.999583
203	192	0.999409
203	16	0.999059
203	94	0.999685
203	200	0.999757
203	23	0.999119
203	170	0.998948
203	180	0.998923
203	127	0.99896
203	161	0.999238
203	165	0.999496
203	141	0.999567
203	187	0.999168
203	182	0.999882
203	40	0.999677
203	131	0.999373
203	61	0.998997
203	95	0.999591
203	30	0.999894
203	92	0.99983
203	68	0.999056
203	190	0.999425
203	108	0.999768
203	182	0.999861
203	114	0.999552
203	185	0.999655
203	39	0.999926
203	120	0.999038
203	63	0.999667
203	175	0.999006
203	40	0.999807
203	59	0.999134
203	72	0.998952
203	97	0.999922
203	163	0.99953
203	172	0.99962
203	125	0.999335
203	81	0.999211
203	145	0.999264
203	14	0.999799
203	155	0.999653
203	164	0.999995
203	132	0.999384
203	46	0.998998
203	177	0.999593
203	115	0.99973
203	198	0.999208
203	168	0.999694
203	154	0.999407
203	190	0.999602
203	56	0.999806
203	129	0.999001
203	75	0.999641
203	51	0.999762
203	138	0.999492
203	108	0.999859
203	16	0.999622
203	21	0.999324
203	58	0.999347
203	78	0.999299
203	117	0.99917
203	137	0.99917
203	101	0.999912
203	109	0.999705
203	171	0.99915
203	75	0.998947
203	66	0.999289
203	103	0.99952
203	81	0.99966
203	107	0.999625
203	180	0.998993
203	87	0.999369
203	53	0.999142
203	101	0.99934
203	185	0.999504
203	169	0.999334
203	117	0.999689
203	17	0.999374
203	127	0.999145
203	149	0.999793
203	70	0.999266
203	15	0.999062
203	138	0.999341
203	51	0.999388
203	138	0.999623
203	150	0.998955
203	62	0.999329
203	132	0.999303
203	33	0.999639
203	14	0.998965
203	85	0.999177
203	85	0.999566
203	97	0.999713
203	202	0.999093
203	138	0.99954
203	160	0.999447
203	34	0.998946
203	112	0.999254
203	202	0.999478
203	65	0.999479
203	179	0.999477
203	114	0.999167
203	190	0.99985
203	71	0.999777
203	117	0.999343
203	176	0.998971
203	134	0.999875
203	18	0.99901
203	55	0.999949
203	98	0.999496
203	56	0.999838
203	14	0.999144
203	69	0.999946
203	113	0.99937
203	106	0.999212
203	183	0.999711
203	23	0.999269
203	77	0.999849
203	163	0.999405
203	68	0.999384
203	142	0.999746
203	186	0.998964
203	168	0.998916
203	141	0.999682
203	167	0.999641
203	84	0.999584
203	145	0.999109
203	88	0.999258
203	14	0.999837
203	144	0.999167
203	36	0.999816
203	16	0.999053
203	179	0.998969
203	78	0.999678
203	57	0.998997
203	25	0.998997
203	97	0.999623
203	38	0.999827
203	135	0.999588
203	137	0.999464
203	194	0.999485
203	28	0.999601
203	102	0.999897
203	13	0.99896
203	107	0.999852
203	87	0.999341
203	143	0.999233
203	175	0.999448
203	15	0.999594
203	148	0.99932
203	105	0.999697
203	163	0.998975
203	126	0.999245
203	28	0.999281
203	42	0.999985
203	36	0.999664
203	194	0.999643
203	179	0.999832
203	131	0.998998
203	152	0.999428
203	173	0.999181
203	151	0.999795
203	96	0.999124
203	75	0.999742
203	92	0.999433
203	62	0.99906
203	92	0.99964
203	162	0.999665
203	194	0.999209
203	150	0.998988
203	188	0.999791
203	23	0.999276
203	16	0.999813
203	68	0.999067
203	19	0.999504
203	89	0.999816
203	129	0.999002
203	101	0.999108
203	128	0.999393
203	34	0.999596
203	132	0.999675
203	199	0.999992
203	47	0.999022
203	154	0.999403
203	95	0.999436
203	189	0.999876
203	31	0.999027
203	196	0.9996
203	179	0.999646
203	186	0.999878
203	59	0.999007
203	194	0.999442
203	91	0.999353
203	164	0.999481
203	98	0.999567
203	34	0.999958
203	94	0.999171
203	54	0.999146
203	125	0.999788
203	144	0.999485
203	167	0.999619
203	196	0.999985
203	168	0.999229
203	106	0.999229
203	133	0.999424
203	42	0.99918
203	181	0.999506
203	168	0.999299
203	173	0.999968
203	149	0.999909
203	26	0.999762
203	112	0.999553
203	146	0.999139
203	59	0.999672
203	132	0.999307
203	22	0.999317
203	147	0.999638
203	197	0.99954
203	124	0.999113
203	68	0.999356
203	138	0.99896
203	192	0.999366
203	98	0.999038
203	115	0.99904
203	129	0.999068
203	138	0.999188
203	147	0.999828
203	87	0.998947
203	176	0.999789
203	15	0.999112
203	158	0.999121
203	184	0.999654
203	140	0.999822
203	118	0.999933
203	170	0.99893
203	151	0.998989
203	202	0.999392
203	147	0.99931
203	156	0.999323
203	107	0.999813
203	38	0.999619
203	31	0.999281
203	130	0.999534
203	136	0.999823
203	174	0.999159
203	105	0.998949
203	52	0.999551
203	35	0.998998
203	192	0.999088
203	146	0.999915
203	150	0.999022
203	41	0.999021
203	164	0.999368
203	23	0.999413
203	140	0.999605
203	173	0.99926
203	26	0.99997
203	160	0.999162
203	95	0.998993
203	183	0.999741
203	190	0.999995
203	191	0.999892
203	180	0.999101
203	85	0.999382
203	111	0.999943
203	26	0.999268
203	190	0.999899
203	46	0.999398
203	47	0.998935
203	107	0.999743
203	81	0.999235
203	17	0.999546
203	200	0.999367
203	98	0.999787
203	131	0.999728
203	115	0.99947
203	93	0.999117
203	14	0.999816
203	112	0.999549
203	138	0.999942
203	14	0.999014
203	66	0.999065
203	138	0.999779
203	189	0.999002
203	165	0.999375
203	88	0.999283
203	165	0.999799
203	70	0.999533
203	186	0.999441
203	180	0.999598
203	144	0.999166
203	115	0.999832
203	125	0.99908
203	122	0.999117
203	31	0.99927
203	123	0.999526
203	149	0.999774
203	186	0.999866
203	107	0.999764
203	137	0.999379
203	174	0.999916
203	164	0.999977
203	158	0.9991
203	202	0.999622
203	108	0.999216
203	174	0.998988
203	121	0.999345
203	170	0.999925
203	70	0.999802
203	27	0.999136
203	167	0.999998
203	49	0.999113
203	72	0.99994
203	155	0.999921
203	131	0.999049
203	73	0.999342
203	82	0.999028
203	125	0.999534
203	187	0.999573
203	64	0.999082
203	195	0.999684
203	61	0.999845
203	116	0.999507
203	148	0.998926
203	138	0.999039
203	18	0.999102
203	25	0.99957
203	155	0.999325
203	67	0.999757
203	83	0.999283
203	132	0.999733
203	16	0.99948
203	138	0.999559
203	75	0.999126
203	129	0.999159
203	82	0.999147
203	121	0.999189
203	19	0.999868
203	105	0.999365
203	110	0.999287
203	166	0.999237
203	191	0.999824
203	156	0.999623
203	54	0.999539
203	114	0.999309
203	31	0.999602
203	156	0.999124
203	188	0.999571
203	50	0.999703
203	58	0.999037
203	180	0.999335
203	131	0.999253
203	126	0.999864
203	30	0.999992
203	165	0.99951
203	109	0.999655
203	34	0.999081
203	91	0.999052
203	33	0.999106
203	200	0.999604
203	17	0.999313
203	181	0.999205
203	152	0.999346
203	86	0.999317
203	150	0.999757
203	45	0.999767
203	69	0.999428
203	13	0.999717
203	19	0.999211
203	134	0.999065
203	103	0.999953
203	55	0.999242
203	199	0.999185
203	54	0.999303
203	77	0.999888
203	26	0.999971
203	168	0.999441
203	134	0.999912
203	148	0.999705
203	120	0.999627
203	99	0.999849
203	52	0.999648
203	63	0.999816
203	63	0.999532
203	173	0.99959
203	86	0.999079
203	156	0.999384
203	36	0.999182
203	39	0.999068
203	183	0.999591
203	184	0.999855
203	174	0.999278
203	107	0.999753
203	36	0.999015
203	142	0.999421
203	77	0.999087
203	194	0.999082
203	182	0.999247
203	27	0.999795
203	159	0.9998
203	199	0.999655
203	128	0.999806
203	154	0.99916
203	77	0.999303
203	22	0.99933
203	111	0.999397
203	91	0.999403
203	111	0.999765
203	60	0.999679
203	152	0.999192
203	182	0.998999
203	91	0.999428
203	107	0.999924
203	51	0.999914
203	151	0.999787
203	191	0.999343
203	95	0.999243
203	134	0.999442
203	121	0.998919
203	103	0.999412
203	57	0.999256
203	24	0.998977
203	13	0.99969
203	198	0.999742
203	118	0.999589
203	47	0.999048
203	144	0.999633
203	147	0.999585
203	17	0.999949
203	125	0.999274
203	145	0.999185
203	50	0.999005
203	142	0.99984
203	114	0.999603
203	177	0.999027
203	152	0.998949
203	83	0.999009
203	64	0.999484
203	117	0.998934
203	179	0.999603
203	98	0.999902
203	26	0.999061
203	104	0.999334
203	68	0.999276
203	92	0.999578
203	144	0.998928
203	92	0.999033
203	104	0.999018
203	91	0.99957
203	23	0.999299
203	21	0.999368
203	117	0.999909
203	112	0.9996
203	121	0.999961
203	23	0.999869
203	31	0.999556
203	190	0.999801
203	35	0.999684
203	115	0.99928
203	133	0.999291
203	157	0.999136
203	157	0.999853
203	24	0.999706
203	200	0.999885
203	141	0.999047
203	185	0.999755
203	83	0.999829
203	111	0.999199
203	149	0.998963
203	198	0.998965
203	169	0.999149
203	157	0.99892
203	192	0.999077
203	78	0.99916
203	68	0.999207
203	152	0.999981
203	17	0.999798
203	82	0.999681
203	38	0.99938
203	38	0.999679
203	145	0.999107
203	42	0.999445
203	190	0.999856
203	114	0.999323
203	162	0.998968
203	189	0.999596
203	151	0.999671
203	170	0.999716
203	19	0.999762
203	121	0.999333
203	177	0.999486
203	83	0.999966
203	18	0.999978
203	18	0.999112
203	167	0.999565
203	100	0.998938
203	45	0.999432
203	58	0.99999
203	121	0.999321
203	88	0.999791
203	58	0.999476
203	202	0.999112
203	158	0.999691
203	152	0.999273
203	165	0.999973
203	170	0.999015
203	21	0.99893
203	32	0.999076
203	100	0.99893
203	61	0.999944
203	184	0.999334
203	89	0.999297
203	53	0.999641
203	21	0.999349
203	88	0.999109
203	171	0.999158
203	201	0.999622
203	84	0.999403
203	139	0.99974
203	17	0.999115
203	103	0.999568
203	185	0.999766
203	16	0.998939
203	32	0.999484
203	76	0.999497
203	178	0.999136
203	94	0.999354
203	28	0.99907
203	116	0.998962
203	96	0.999625
203	32	0.999167
203	158	0.999511
203	136	0.999953
203	77	0.999823
203	45	0.998989
203	138	0.998977
203	16	0.999348
203	83	0.999067
203	114	0.999902
203	199	0.999059
203	165	0.999359
203	46	0.999826
203	110	0.999013
203	51	0.999084
203	86	0.998962
203	22	0.999509
203	118	0.999789
203	118	0.999345
203	132	0.999088
203	131	0.999113
203	86	0.999933
203	155	0.999235
203	125	0.999189
203	19	0.999241
203	119	0.99928
203	22	0.999092
203	134	0.999931
203	184	0.999573
203	74	0.999981
203	47	0.999127
203	99	0.999794
203	104	0.999135
203	63	0.999896
203	91	0.999894
203	131	0.999378
203	119	0.998965
203	175	0.999668
203	46	0.999282
203	94	0.999385
203	47	0.999711
203	40	0.999428
203	61	0.999919
203	84	0.999104
203	202	0.999893
203	73	0.999486
203	144	0.999456
203	193	0.999194
203	147	0.99962
203	181	0.999084
203	108	0.999794
203	189	0.999198
203	144	0.999388
203	128	0.999991
203	78	0.999311
203	79	0.999931
203	13	0.999527
203	90	0.99941
203	57	0.999208
203	176	0.999269
203	137	0.999804
203	168	0.999145
203	59	0.999156
203	201	0.999688
203	117	0.998914
203	18	0.999157
203	185	0.999616
203	36	0.999744
203	166	0.999633
203	32	0.999423
203	174	0.999374
203	189	0.999285
203	118	0.99946
203	69	0.999099
203	135	0.999699
