2500
470	48	0.998375
468	192	0.999048
407	269	0.998184
308	149	0.998237
53	22	0.998684
472	425	0.998564
169	69	0.99866
52	5	0.999773
259	209	0.999981
165	47	0.99963
249	150	0.999832
53	13	0.998863
306	62	0.998416
453	334	0.999394
217	160	0.998609
72	57	0.998296
460	400	0.999507
74	65	0.998645
483	227	0.999043
335	225	0.999809
220	59	0.999821
123	82	0.999367
420	402	0.998911
373	52	0.998171
262	60	0.998782
173	161	0.9982
352	299	0.998386
480	265	0.998854
409	80	0.999809
242	207	0.999605
341	55	0.999048
357	154	0.998435
184	110	0.998675
186	102	0.999834
461	304	0.999605
122	45	0.998924
300	123	0.999496
194	154	0.998528
260	217	0.998413
62	31	0.998286
470	61	0.998462
435	423	0.998473
195	161	0.998211
146	22	0.998871
364	239	0.998641
299	104	0.998175
108	92	0.99846
341	108	0.999303
355	279	0.998335
219	101	0.998701
286	137	0.999362
182	166	0.999979
385	148	0.998299
226	164	0.998484
422	104	0.999165
234	120	0.999972
487	286	0.999813
428	145	0.999467
253	251	0.998288
300	134	0.999768
185	109	0.998401
491	91	0.999875
261	95	0.998313
418	122	0.998982
335	152	0.999703
240	101	0.99935
133	75	0.999552
248	47	0.999262
484	203	0.999271
462	438	0.998439
306	104	0.998135
316	187	0.999913
455	107	0.999222
480	339	0.998192
179	124	0.998215
188	87	0.999503
464	313	0.998475
271	50	0.998926
202	128	0.998901
161	60	0.998162
333	156	0.999966
425	419	0.999162
138	106	0.999838
164	158	0.999126
196	119	0.998179
198	19	0.999945
304	160	0.99909
69	41	0.999635
438	142	0.998403
237	227	0.999673
51	41	0.999675
432	119	0.998637
224	62	0.999275
256	120	0.999598
497	307	0.998124
496	62	0.998382
177	152	0.998754
165	156	0.998722
153	74	0.999169
448	145	0.998828
173	80	0.998647
442	426	0.99858
475	442	0.999203
491	248	0.999498
152	94	0.999788
262	88	0.998835
472	58	0.999637
484	216	0.998343
435	416	0.998688
227	108	0.998213
152	35	0.998416
130	101	0.99942
247	120	0.998635
316	148	0.999501
354	116	0.999058
116	113	0.999043
172	63	0.999466
230	117	0.998586
85	63	0.999566
124	69	0.998805
314	35	0.998896
240	124	0.998967
58	31	0.999781
431	199	0.999775
345	75	0.999401
468	440	0.998992
177	153	0.998558
258	229	0.999371
278	212	0.99819
484	190	0.998456
84	72	0.999075
208	131	0.999909
251	71	0.999955
128	78	0.999322
393	195	0.999958
179	144	0.998135
154	45	0.998267
141	113	0.998516
56	10	0.999209
140	15	0.998939
252	167	0.999734
428	86	0.999838
243	227	0.999298
374	119	0.998784
395	100	0.998413
230	142	0.999456
311	145	0.999703
381	175	0.99902
76	58	0.999811
400	200	0.999237
114	64	0.99882
320	106	0.99832
93	29	0.998705
309	212	0.999354
428	128	0.999058
463	112	0.999407
199	83	0.99959
438	103	0.998841
386	347	0.999175
350	347	0.999058
162	79	0.998401
291	146	0.998997
122	83	0.999243
247	102	0.998422
499	317	0.998384
487	63	0.999879
424	400	0.999909
99	21	0.998177
420	270	0.999679
304	155	0.998445
218	194	0.998671
374	172	0.999241
406	208	0.999896
112	30	0.999352
323	79	0.998496
89	64	0.999013
230	172	0.999618
476	297	0.9997
158	63	0.999926
100	79	0.998899
158	100	0.999073
123	109	0.999322
458	221	0.999603
104	16	0.999265
216	174	0.998935
148	125	0.999179
331	181	0.998183
498	208	0.999979
222	129	0.999962
251	54	0.999167
73	72	0.999775
438	431	0.999649
266	146	0.998143
234	140	0.998797
441	331	0.999692
146	70	0.998213
491	481	0.998275
372	233	0.998292
109	105	0.998482
139	102	0.998245
243	79	0.999683
81	10	0.999343
243	138	0.99858
407	248	0.999203
155	118	0.999926
295	268	0.998958
53	33	0.999067
180	126	0.999575
166	82	0.999981
365	317	0.999264
459	439	0.998167
105	72	0.999209
75	54	0.999915
312	168	0.998571
482	165	0.999515
146	66	0.998933
203	164	0.999196
272	110	0.99889
232	67	0.998428
54	47	0.998264
354	267	0.998403
176	36	0.998762
285	99	0.999917
295	127	0.99832
52	29	0.99836
79	26	0.99885
407	285	0.999577
425	261	0.998831
71	10	0.998164
333	126	0.998149
362	354	0.999245
348	104	0.998501
219	184	0.999722
360	212	0.999875
282	52	0.998307
119	97	0.998907
317	179	0.999611
122	116	0.999462
226	31	0.998582
194	124	0.998365
149	19	0.998692
371	281	0.999441
258	202	0.999426
191	61	0.998164
496	51	0.998754
386	89	0.9982
387	355	0.999596
212	30	0.998207
293	166	0.998313
61	28	0.999045
184	34	0.999885
340	200	0.999224
273	160	0.998713
484	78	0.999569
196	44	0.999386
187	88	0.998258
161	100	0.99882
190	43	0.99836
325	163	0.999547
469	60	0.99939
221	193	0.999764
142	24	0.998552
70	12	0.998645
384	75	0.999902
223	151	0.99866
371	149	0.998913
279	243	0.998224
350	287	0.999014
342	124	0.999811
171	71	0.99832
251	136	0.998134
291	125	0.998173
330	60	0.999583
130	61	0.998497
463	452	0.999086
51	6	0.998396
480	193	0.99908
495	219	0.998473
53	22	0.998622
475	457	0.998707
329	285	0.999515
396	146	0.999877
152	147	0.998828
312	293	0.998141
396	105	0.99819
118	78	0.998726
206	38	0.9997
110	20	0.998422
271	45	0.99859
153	24	0.999568
194	174	0.998482
444	260	0.999703
160	78	0.998541
439	353	0.998599
327	46	0.99923
124	59	0.999605
106	68	0.998186
280	212	0.999522
419	318	0.998728
331	229	0.999596
144	78	0.998352
83	81	0.999792
300	236	0.998652
111	50	0.998718
217	182	0.998835
204	90	0.999681
140	26	0.998188
494	58	0.999611
488	249	0.998518
259	78	0.998731
251	153	0.999804
133	48	0.998982
348	253	0.998737
245	171	0.999828
460	459	0.999923
307	208	0.999173
307	202	0.998494
165	139	0.99913
449	51	0.998818
362	134	0.998567
460	358	0.998931
245	147	0.998494
428	333	0.999284
401	128	0.998373
207	205	0.999947
248	175	0.999598
97	46	0.999413
453	155	0.998464
90	49	0.999109
375	334	0.999354
119	20	0.999028
222	46	0.999785
454	200	0.999936
319	144	0.998484
58	38	0.999679
398	153	0.999526
369	85	0.999928
496	348	0.999037
417	165	0.999122
265	83	0.99915
119	59	0.999498
451	219	0.999535
431	370	0.99983
313	95	0.999745
337	131	0.998675
472	354	0.999062
182	24	0.999964
156	118	0.999643
234	39	0.999311
246	49	0.999702
308	225	0.999671
260	208	0.998243
160	18	0.998316
209	26	0.998552
264	156	0.998324
304	150	0.998673
53	20	0.999347
242	139	0.99952
379	373	0.999426
51	8	0.999681
468	165	0.998709
55	40	0.999126
57	26	0.999392
243	242	0.99996
66	11	0.999001
121	22	0.999728
445	256	0.998196
210	28	0.99905
478	440	0.998667
388	145	0.998577
150	125	0.999902
360	284	0.999703
437	402	0.998113
93	66	0.998824
271	95	0.998586
87	14	0.998241
90	82	0.999063
58	6	0.99829
434	294	0.998452
394	293	0.998309
305	302	0.998605
354	135	0.999316
232	32	0.999923
416	330	0.999071
448	127	0.999375
346	107	0.998613
477	312	0.998205
229	31	0.998599
193	146	0.999526
432	217	0.998267
489	302	0.998398
486	280	0.998224
124	87	0.998597
316	281	0.99908
208	68	0.998315
96	29	0.998592
386	377	0.998186
295	123	0.99869
151	110	0.99858
383	144	0.99865
303	233	0.999167
206	79	0.99862
414	205	0.998594
358	187	0.999192
160	158	0.999509
289	202	0.998124
377	116	0.998531
430	277	0.999671
360	164	0.998186
169	56	0.998973
149	27	0.999475
165	162	0.998373
95	78	0.999717
257	148	0.999388
261	212	0.99885
214	30	0.99936
75	9	0.998348
335	137	0.999177
52	41	0.998433
300	203	0.998873
146	144	0.999607
254	97	0.999145
420	258	0.999294
398	114	0.999734
323	85	0.999762
265	173	0.999503
225	76	0.99823
405	218	0.999216
479	331	0.998347
476	465	0.998115
187	55	0.99879
225	85	0.998192
62	28	0.999071
290	223	0.999001
460	267	0.999226
56	19	0.999688
97	64	0.999547
347	329	0.999698
132	69	0.998667
480	365	0.999868
313	39	0.999335
327	191	0.998805
260	199	0.998341
127	91	0.999033
148	146	0.99902
190	81	0.998288
240	30	0.99946
220	35	0.999813
309	272	0.999296
349	186	0.999275
106	31	0.99993
150	94	0.99962
379	337	0.999503
461	54	0.999736
175	53	0.999362
257	256	0.998971
76	23	0.99929
187	123	0.99926
77	64	0.998658
390	192	0.99893
202	165	0.998852
498	125	0.999199
163	50	0.998256
262	71	0.99962
250	214	0.998332
324	66	0.999651
496	328	0.999943
79	12	0.999475
121	118	0.999222
424	228	0.999488
154	91	0.99866
275	216	0.998167
152	112	0.999505
406	90	0.99953
219	193	0.998886
486	353	0.999734
270	200	0.998286
145	121	0.999677
269	142	0.99905
65	63	0.999328
288	223	0.999932
304	302	0.998597
101	12	0.999868
180	51	0.998505
386	157	0.99976
196	188	0.998643
97	71	0.999685
190	105	0.999828
229	80	0.998986
342	237	0.998471
446	394	0.998505
106	45	0.999962
113	16	0.999109
116	88	0.99876
198	122	0.998748
204	52	0.999135
372	140	0.998997
344	43	0.999736
264	191	0.998746
258	165	0.998326
92	43	0.999364
451	366	0.999652
414	232	0.998746
274	45	0.998692
176	19	0.999588
476	442	0.999666
249	231	0.998173
295	47	0.998173
257	53	0.998599
250	215	0.998845
374	68	0.998381
386	37	0.999989
393	309	0.9995
265	109	0.999777
485	319	0.999443
212	87	0.998445
215	90	0.999792
355	124	0.998348
89	68	0.999686
186	77	0.998535
106	26	0.999747
176	105	0.998192
460	76	0.998913
151	68	0.999815
305	181	0.99862
335	131	0.998311
457	79	0.998537
316	292	0.999305
66	19	0.999679
201	158	0.999847
331	127	0.998424
263	121	0.999182
406	271	0.999622
234	33	0.999556
86	54	0.999399
318	227	0.998347
316	88	0.999182
446	74	0.999543
251	165	0.999498
281	167	0.998728
469	155	0.999216
164	107	0.998662
75	39	0.999366
374	170	0.999592
297	266	0.998909
150	19	0.999583
390	62	0.999143
173	40	0.999082
52	10	0.999326
253	48	0.999428
465	292	0.999111
102	27	0.998792
252	105	0.998671
403	138	0.9999
388	92	0.99892
142	137	0.998216
230	219	0.998216
474	111	0.999035
360	138	0.998281
404	115	0.998211
276	184	0.998264
368	347	0.999526
370	44	0.998188
236	127	0.998511
363	142	0.998431
500	472	0.999804
475	98	0.999728
150	33	0.99849
433	377	0.9982
223	217	0.999911
416	87	0.999507
253	248	0.99833
336	314	0.99876
122	22	0.998897
92	42	0.998816
471	274	0.998818
305	83	0.999917
137	76	0.999526
66	44	0.999581
376	167	0.998654
446	305	0.998607
62	29	0.999158
410	401	0.999103
344	104	0.998958
395	258	0.999624
340	223	0.998482
316	37	0.999488
126	62	0.998203
334	284	0.999885
433	114	0.999558
249	126	0.999615
64	17	0.999858
424	293	0.998711
500	240	0.999554
188	105	0.999418
492	339	0.998724
123	85	0.998256
448	144	0.998635
78	55	0.999056
499	285	0.998618
288	134	0.999286
136	77	0.998954
473	287	0.998507
445	442	0.998886
433	325	0.998173
462	51	0.999524
318	152	0.998862
478	307	0.999792
211	32	0.999103
257	145	0.99892
371	236	0.998888
201	116	0.998743
380	265	0.999396
289	239	0.998113
110	42	0.99823
153	71	0.999813
411	368	0.999056
450	250	0.99963
201	48	0.999105
385	380	0.999063
471	45	0.998786
337	156	0.998907
364	166	0.998458
477	309	0.999773
279	245	0.999607
341	268	0.999271
96	63	0.999751
379	222	0.999585
400	230	0.999972
455	412	0.99825
140	63	0.999794
179	69	0.99933
103	93	0.998899
162	77	0.999099
366	151	0.999143
468	183	0.998494
364	139	0.999796
72	8	0.998822
466	230	0.998648
434	357	0.998922
434	372	0.999245
95	72	0.999645
322	106	0.999003
418	184	0.999248
322	222	0.999953
118	84	0.998816
264	113	0.99883
301	88	0.999953
425	292	0.999911
331	232	0.999214
166	19	0.998892
290	252	0.999398
199	68	0.998816
347	267	0.999043
449	116	0.999401
321	181	0.999058
101	99	0.998748
288	120	0.998737
329	98	0.99936
195	20	0.999807
168	160	0.9995
493	101	0.998143
109	18	0.999403
139	114	0.998562
374	111	0.999175
158	52	0.99852
152	54	0.998369
134	121	0.998475
175	48	0.998877
247	183	0.998137
335	228	0.99939
93	70	0.998137
91	42	0.998443
395	389	0.998347
125	49	0.998311
253	148	0.998162
208	86	0.998369
481	453	0.998488
480	337	0.999543
472	315	0.999822
368	40	0.999016
93	88	0.998377
453	391	0.998833
202	40	0.998245
55	24	0.999991
224	194	0.999384
267	106	0.998452
407	179	0.999758
206	108	0.998877
107	19	0.998243
436	386	0.998531
322	219	0.998215
384	357	0.999592
280	183	0.998339
342	186	0.998611
435	342	0.998614
162	81	0.999128
474	337	0.999603
316	293	0.999872
146	133	0.999399
383	296	0.999011
210	153	0.999598
207	104	0.999398
494	398	0.99843
171	64	0.999507
443	234	0.998448
251	31	0.998607
378	105	0.999715
141	123	0.999515
251	59	0.999252
372	190	0.998758
372	325	0.999239
160	151	0.998996
337	208	0.999165
435	134	0.998992
372	251	0.999675
480	207	0.999666
320	259	0.999139
161	82	0.99846
394	146	0.999177
402	233	0.99933
411	321	0.999045
119	100	0.999637
219	194	0.999957
166	147	0.999418
250	62	0.99997
482	229	0.998726
285	179	0.998784
253	252	0.998618
97	13	0.998548
164	105	0.999213
53	5	0.998169
399	386	0.999437
67	60	0.998497
81	77	0.999705
475	388	0.99977
180	161	0.99942
243	89	0.999188
359	341	0.999819
480	109	0.998475
61	60	0.999958
412	247	0.999941
430	373	0.998373
61	36	0.999813
157	33	0.998431
290	122	0.998818
149	16	0.998339
426	201	0.998218
180	158	0.99883
237	174	0.998275
191	98	0.99969
200	191	0.998818
244	178	0.999962
374	117	0.999766
166	85	0.999862
276	142	0.999713
254	220	0.998622
210	197	0.998326
478	366	0.998145
382	352	0.99903
123	109	0.999054
122	22	0.999685
211	29	0.999282
198	51	0.999375
337	214	0.999481
469	113	0.999356
409	303	0.999824
189	159	0.998481
253	55	0.999018
212	46	0.999785
276	173	0.999003
413	186	0.998911
386	140	0.999311
176	94	0.998249
135	125	0.999282
357	78	0.998228
479	332	0.999269
294	187	0.999923
63	46	0.999715
385	313	0.999475
167	109	0.999262
56	46	0.998799
87	77	0.998158
195	186	0.998403
390	117	0.998362
91	15	0.999056
287	149	0.998605
160	118	0.999084
408	81	0.999804
373	352	0.998703
395	190	0.998526
72	7	0.99856
131	126	0.999652
84	53	0.99973
136	82	0.999972
363	298	0.998147
261	97	0.999558
168	93	0.999033
365	93	0.999296
324	206	0.999943
170	104	0.999766
296	105	0.999041
415	57	0.998224
250	102	0.998777
385	232	0.999879
333	164	0.998596
274	273	0.99953
349	310	0.9999
416	305	0.999477
304	146	0.999906
313	44	0.999303
356	130	0.999362
349	81	0.999258
354	147	0.999675
64	46	0.998518
400	273	0.99855
74	24	0.999398
185	80	0.998811
313	82	0.999518
326	96	0.998701
363	104	0.998665
387	183	0.999273
156	90	0.998662
379	364	0.999133
158	126	0.999788
453	377	0.999934
377	233	0.998828
310	166	0.999366
489	397	0.998305
422	342	0.998682
317	62	0.998696
93	64	0.999135
246	52	0.998618
279	70	0.999413
133	32	0.999921
120	22	0.998296
249	122	0.998856
163	157	0.99888
389	300	0.999777
100	64	0.998822
361	245	0.998639
263	45	0.999966
463	307	0.999011
201	175	0.999392
227	186	0.998473
253	26	0.999377
245	48	0.99868
425	251	0.998377
108	31	0.999139
310	43	0.999143
117	50	0.998284
85	74	0.998741
260	209	0.999256
114	74	0.999943
121	21	0.999388
148	64	0.999175
499	64	0.999147
130	32	0.998479
320	248	0.998584
156	37	0.999996
94	17	0.999919
209	164	0.999126
399	76	0.998181
209	106	0.998643
204	122	0.998897
303	181	0.998394
398	388	0.998577
238	51	0.999169
312	267	0.999258
175	116	0.999269
166	130	0.999664
436	224	0.999773
286	222	0.999671
473	452	0.999635
333	195	0.998264
217	155	0.998667
253	249	0.998237
221	186	0.999804
175	77	0.99986
135	109	0.998614
64	7	0.999147
87	85	0.998609
480	144	0.998897
192	65	0.999114
123	93	0.998294
448	265	0.998918
76	71	0.998637
176	71	0.998665
262	159	0.999428
378	297	0.998526
113	58	0.998198
281	243	0.999258
455	224	0.999603
261	169	0.998565
450	125	0.999737
204	132	0.998424
229	189	0.999114
258	82	0.999747
61	31	0.999492
385	99	0.998945
460	195	0.999467
176	50	0.999009
295	163	0.999458
80	28	0.999214
248	211	0.998613
453	431	0.99962
299	144	0.998462
405	167	0.999339
160	49	0.998631
494	278	0.998907
422	146	0.99879
324	132	0.99826
293	214	0.998935
459	193	0.999609
74	24	0.999313
194	152	0.998267
183	71	0.998271
134	33	0.99993
372	371	0.999607
107	66	0.999124
321	74	0.999707
56	47	0.998481
362	253	0.999097
79	75	0.99892
359	39	0.999847
191	34	0.998271
476	390	0.999779
297	97	0.998771
314	67	0.998962
211	93	0.999301
205	41	0.998999
217	105	0.999218
88	82	0.998456
372	149	0.998205
402	68	0.999437
305	245	0.99929
208	158	0.998743
50	10	0.999194
217	189	0.998184
65	10	0.998371
62	60	0.999524
370	203	0.999063
136	134	0.998865
406	237	0.998269
142	37	0.998643
167	143	0.999279
285	94	0.999641
472	327	0.998643
187	65	0.999649
148	77	0.999726
68	15	0.99879
430	390	0.999879
394	155	0.999957
417	241	0.999435
327	285	0.998541
123	101	0.998426
472	56	0.998833
271	169	0.999113
276	226	0.998384
432	337	0.998745
58	47	0.999543
103	22	0.998803
50	13	0.999781
332	161	0.999709
388	177	0.999635
222	96	0.998239
67	49	0.998839
391	282	0.99925
393	67	0.999624
427	207	0.999804
133	87	0.999148
466	98	0.998467
333	287	0.999592
402	343	0.999989
488	292	0.99889
290	140	0.999084
252	225	0.999915
375	146	0.999549
482	172	0.998924
163	87	0.999958
441	379	0.998322
328	126	0.998511
171	116	0.99842
307	128	0.998271
369	122	0.999628
134	84	0.99943
138	49	0.998958
305	300	0.998541
157	47	0.999477
145	37	0.998635
337	172	0.999358
277	123	0.9997
431	185	0.998924
198	51	0.998852
432	266	0.999167
224	85	0.999173
53	29	0.998341
294	194	0.999573
427	338	0.998352
399	193	0.999911
281	200	0.998835
71	62	0.999107
255	242	0.999113
363	143	0.998845
202	89	0.998845
286	224	0.999611
109	23	0.998811
420	123	0.999845
146	140	0.99876
90	13	0.999607
86	63	0.999996
51	23	0.99993
413	356	0.99858
496	468	0.998767
180	138	0.998364
203	138	0.99977
341	265	0.99925
206	135	0.998999
334	323	0.998365
261	57	0.999435
352	154	0.998471
221	154	0.998807
365	305	0.998967
493	155	0.999209
160	71	0.999243
385	99	0.998213
402	348	0.998758
219	198	0.998894
207	51	0.998811
335	235	0.999826
489	451	0.998635
462	313	0.999686
228	52	0.998647
332	122	0.999913
225	129	0.998735
67	30	0.998977
64	37	0.999509
257	190	0.999216
430	209	0.999641
488	329	0.998416
187	46	0.998173
342	32	0.999906
91	50	0.999154
375	41	0.999677
368	86	0.999309
102	84	0.998528
445	364	0.998348
202	119	0.998413
341	337	0.999747
87	57	0.998737
453	210	0.999894
236	225	0.998728
337	88	0.998354
455	378	0.999887
172	119	0.999496
101	24	0.998775
120	36	0.99932
278	110	0.99842
435	152	0.998535
100	91	0.999785
405	309	0.998162
483	336	0.9996
278	186	0.998537
94	67	0.999065
373	35	0.99812
141	115	0.999218
422	93	0.999284
157	148	0.999807
101	39	0.999902
470	452	0.998822
422	68	0.998894
78	41	0.998264
214	182	0.999439
163	119	0.999679
360	296	0.999586
453	128	0.999798
66	50	0.999075
452	201	0.998833
241	141	0.99849
158	76	0.998841
332	230	0.999349
116	76	0.999001
390	175	0.998863
198	29	0.99896
437	70	0.999724
81	29	0.999239
205	168	0.998332
138	125	0.999216
435	307	0.999645
358	340	0.998897
347	271	0.999558
216	29	0.999097
341	193	0.999005
132	38	0.998235
294	195	0.999513
164	157	0.999198
496	345	0.999092
377	297	0.999853
80	34	0.998354
394	92	0.999805
310	216	0.99873
79	49	0.998499
398	147	0.998971
386	117	0.998662
371	365	0.998716
175	27	0.99822
283	265	0.99832
194	143	0.999692
116	32	0.999332
328	92	0.99952
391	224	0.999985
441	279	0.999775
284	193	0.999686
214	55	0.999819
427	398	0.99893
80	11	0.998218
364	165	0.99973
102	41	0.999309
392	49	0.999269
122	111	0.998722
359	209	0.998298
281	39	0.998137
389	154	0.999732
389	123	0.998126
57	26	0.998279
161	22	0.998543
399	279	0.999082
261	137	0.998945
88	9	0.998258
452	266	0.999972
253	234	0.998799
402	219	0.998611
230	50	0.998909
233	97	0.998841
190	60	0.999785
345	34	0.998507
301	257	0.999926
274	82	0.998652
135	22	0.999928
493	97	0.999173
326	122	0.998639
271	191	0.998713
361	226	0.998575
135	93	0.999484
217	169	0.999099
100	43	0.999154
270	172	0.998481
335	290	0.998154
131	48	0.999866
496	475	0.999703
475	282	0.998816
156	16	0.999052
92	10	0.99905
51	41	0.999469
159	27	0.998945
52	22	0.999892
177	133	0.998445
67	32	0.999071
257	93	0.998879
260	238	0.999528
488	58	0.999484
170	165	0.998409
459	328	0.999583
117	20	0.998375
401	370	0.999762
393	318	0.998541
376	178	0.998352
445	337	0.998117
59	28	0.999972
450	122	0.998358
148	39	0.998607
427	139	0.998279
136	127	0.999382
240	143	0.998818
187	171	0.998316
108	43	0.998448
133	94	0.999885
314	160	0.999955
201	52	0.998473
453	411	0.999194
481	370	0.99888
344	327	0.999022
430	66	0.998392
310	168	0.999341
399	211	0.999932
279	64	0.99865
454	251	0.999607
152	148	0.998513
482	244	0.999517
59	45	0.999649
274	29	0.999741
403	38	0.999537
334	230	0.998137
373	195	0.998718
457	184	0.999836
106	22	0.99905
275	125	0.998597
190	45	0.998975
281	249	0.999649
112	14	0.999926
88	67	0.998264
80	35	0.998222
335	186	0.999577
475	372	0.999626
224	37	0.999209
477	111	0.999547
396	89	0.998673
254	158	0.999162
308	126	0.999756
172	147	0.998905
452	253	0.998315
182	24	0.999077
472	405	0.999585
277	173	0.998154
146	113	0.999743
72	31	0.999447
328	314	0.998597
211	108	0.999231
498	123	0.999449
286	57	0.999156
216	44	0.998601
260	43	0.999554
415	388	0.998158
258	231	0.998235
53	10	0.998541
337	73	0.999418
328	244	0.998686
403	63	0.999681
419	312	0.998948
61	60	0.998396
301	135	0.998654
115	83	0.99895
63	46	0.998641
186	54	0.998505
342	140	0.999137
65	46	0.998522
280	28	0.999751
107	92	0.998243
78	47	0.998216
347	119	0.998416
434	187	0.998863
79	48	0.999231
282	33	0.999596
496	435	0.999545
374	141	0.998143
464	322	0.998948
237	176	0.999014
329	293	0.999753
281	176	0.999205
494	467	0.999486
496	213	0.999541
449	332	0.998241
161	62	0.999913
258	138	0.999439
243	27	0.998752
128	44	0.999007
464	423	0.998447
459	370	0.99997
213	111	0.998565
438	179	0.998454
159	118	0.998228
109	61	0.999211
143	64	0.998941
449	432	0.998784
452	76	0.99939
276	273	0.998296
455	93	0.999103
296	156	0.998548
108	80	0.999577
486	321	0.99882
432	290	0.999537
312	94	0.999199
367	253	0.998541
438	414	0.998382
366	170	0.998431
305	192	0.999337
281	142	0.99823
112	22	0.998347
354	168	0.999923
149	140	0.99868
341	68	0.998475
132	128	0.998379
204	170	0.998513
102	51	0.999409
435	332	0.999909
245	49	0.999179
76	45	0.99843
142	33	0.999505
315	52	0.999345
68	19	0.99859
174	23	0.998256
467	466	0.999573
382	314	0.998777
184	33	0.998284
378	169	0.999039
299	185	0.999062
91	75	0.998296
137	126	0.998452
79	78	0.999354
85	28	0.998322
485	278	0.99895
324	104	0.999332
311	117	0.998371
167	145	0.999316
473	359	0.999265
382	359	0.999218
456	112	0.999707
331	315	0.998147
464	381	0.999415
497	353	0.998352
413	167	0.998399
441	285	0.999043
355	295	0.999535
347	269	0.998535
271	231	0.999745
358	244	0.998416
260	51	0.998605
420	392	0.999033
305	33	0.998639
431	293	0.998635
188	82	0.999505
499	215	0.999292
264	48	0.998811
153	113	0.998609
307	253	0.998384
478	113	0.998914
245	46	0.99842
186	149	0.999551
322	34	0.999522
481	454	0.999039
275	268	0.999013
357	134	0.998311
385	347	0.998818
92	16	0.999477
71	61	0.998305
240	27	0.998888
143	40	0.998284
475	191	0.999452
349	141	0.99942
299	127	0.998931
224	214	0.99843
199	168	0.998801
68	46	0.99875
91	82	0.998943
51	8	0.999311
85	46	0.998264
406	299	0.999233
234	187	0.999041
151	32	0.999435
309	166	0.999928
279	34	0.998541
93	28	0.999872
130	86	0.99843
66	15	0.998435
292	44	0.999475
269	154	0.99993
51	28	0.998437
54	17	0.99876
201	153	0.999294
320	123	0.998996
372	309	0.999821
442	115	0.999924
449	137	0.999466
139	137	0.999749
361	161	0.998697
126	31	0.999836
207	110	0.999998
164	78	0.999184
463	49	0.998794
445	340	0.999804
487	94	0.999356
254	149	0.999154
343	87	0.998284
227	137	0.999909
372	160	0.998469
99	55	0.999347
149	100	0.999088
397	214	0.998264
191	164	0.999164
160	34	0.999928
65	7	0.999564
397	116	0.999016
297	193	0.999845
86	13	0.999643
285	144	0.998362
130	79	0.998579
213	71	0.998937
84	68	0.998201
479	293	0.999318
199	194	0.999097
354	72	0.998452
187	74	0.999483
125	104	0.999007
477	297	0.999296
120	65	0.999889
340	97	0.998273
365	200	0.999109
372	225	0.99846
314	313	0.998531
355	106	0.998588
60	7	0.999664
455	328	0.998933
406	62	0.999288
412	155	0.99989
478	102	0.998669
144	112	0.998652
268	151	0.999781
443	111	0.999103
466	411	0.998813
320	34	0.999628
327	294	0.999622
207	27	0.998707
485	369	0.999005
95	68	0.999062
460	370	0.999804
148	57	0.999386
66	29	0.998533
119	100	0.99932
138	31	0.999862
325	196	0.999335
77	14	0.998594
128	87	0.999764
366	357	0.998833
72	59	0.999483
232	104	0.999131
498	343	0.999171
340	70	0.999131
463	106	0.998967
225	123	0.998684
388	267	0.999992
150	80	0.999836
288	176	0.999292
342	136	0.998201
228	78	0.999449
165	102	0.998652
129	25	0.999097
397	293	0.998979
232	154	0.999881
473	57	0.999307
421	80	0.998982
343	91	0.998907
80	17	0.998499
252	244	0.998935
329	188	0.999088
161	90	0.999681
112	67	0.999594
496	94	0.998518
450	446	0.999802
474	464	0.998522
411	64	0.999301
221	45	0.999228
491	387	0.999484
213	135	0.998877
317	52	0.99908
306	123	0.999758
487	90	0.999245
416	414	0.99823
492	352	0.998126
418	355	0.999613
228	154	0.999082
181	41	0.998803
472	325	0.99905
500	456	0.999839
165	57	0.999196
369	296	0.999443
344	148	0.998169
132	68	0.999847
301	168	0.99993
457	84	0.998703
428	373	0.998445
267	204	0.999509
326	172	0.999807
356	69	0.999781
51	24	0.999957
328	270	0.999103
170	153	0.999377
226	65	0.998335
134	87	0.998875
343	117	0.99969
216	61	0.998284
353	200	0.998579
454	265	0.99885
384	284	0.998901
390	76	0.998467
82	22	0.999541
362	267	0.998526
259	165	0.998258
199	103	0.998922
143	114	0.999131
323	202	0.999439
382	361	0.998526
305	52	0.998375
81	54	0.998831
299	171	0.998156
257	95	0.99906
280	239	0.99839
264	72	0.998943
216	87	0.998979
256	224	0.999092
138	74	0.99972
214	100	0.998139
449	166	0.998507
469	245	0.998537
70	69	0.998811
148	77	0.999399
114	14	0.998548
432	299	0.998267
480	168	0.999088
384	113	0.998854
200	151	0.999919
237	175	0.99816
237	196	0.9996
240	116	0.999228
110	47	0.999313
320	184	0.999924
252	139	0.999664
116	27	0.999054
174	128	0.999998
500	78	0.999628
320	71	0.999892
281	193	0.99903
208	38	0.999026
427	373	0.999798
390	202	0.999277
449	151	0.998399
271	69	0.998888
268	162	0.998281
411	383	0.99956
187	44	0.998218
203	172	0.998282
246	88	0.999777
191	150	0.999326
52	27	0.998405
162	100	0.99849
382	208	0.999919
157	56	0.998213
337	182	0.999551
413	233	0.99909
121	119	0.998462
343	211	0.999913
291	36	0.999173
347	161	0.998582
368	146	0.999928
439	297	0.999509
308	191	0.998707
72	34	0.998405
305	30	0.99892
352	125	0.999267
129	82	0.998814
266	29	0.998941
368	166	0.998494
419	333	0.99845
204	97	0.999349
159	72	0.999454
192	148	0.998156
90	42	0.999281
392	319	0.999371
400	231	0.999315
254	141	0.999199
160	56	0.998271
279	109	0.998758
472	298	0.99923
285	106	0.998682
120	33	0.998979
478	390	0.999109
265	198	0.998848
100	42	0.998237
417	363	0.999045
332	173	0.998433
297	36	0.99858
50	36	0.99886
398	60	0.998654
271	203	0.999275
306	277	0.998579
228	219	0.998739
286	146	0.999809
173	63	0.999668
304	173	0.999162
346	206	0.999624
465	61	0.998352
364	216	0.999415
463	412	0.999005
219	169	0.998824
146	95	0.99977
334	297	0.999681
60	21	0.999269
376	49	0.998518
469	105	0.999333
470	164	0.999484
238	138	0.99845
478	286	0.998945
396	304	0.999437
243	159	0.999469
389	254	0.998267
292	199	0.998462
77	8	0.998539
477	420	0.998484
382	60	0.998614
491	276	0.999258
489	388	0.999258
156	64	0.998811
156	103	0.998554
322	193	0.999199
223	146	0.998439
467	402	0.999481
451	331	0.999681
128	119	0.999192
402	82	0.999371
127	55	0.999311
370	60	0.998132
71	58	0.99833
250	150	0.998469
63	23	0.998556
102	22	0.998379
288	216	0.998692
100	39	0.998177
59	21	0.998873
256	246	0.998375
470	222	0.999375
457	385	0.998631
171	29	0.999118
355	144	0.999111
429	304	0.998769
75	62	0.998439
283	39	0.998254
451	205	0.99959
358	135	0.999841
82	18	0.999466
263	48	0.998975
71	9	0.999622
491	134	0.998986
182	18	0.999985
86	26	0.998948
486	257	0.999271
333	238	0.999949
461	113	0.998818
205	166	0.998645
215	208	0.998862
383	269	0.99939
443	320	0.998328
108	49	0.998452
142	62	0.999955
198	120	0.99869
228	75	0.998326
370	137	0.998318
263	209	0.998765
77	48	0.998914
471	55	0.998752
51	46	0.998671
133	65	0.999371
393	228	0.99896
157	91	0.998364
178	33	0.998971
289	241	0.999035
424	254	0.999928
174	159	0.999054
261	236	0.999702
450	186	0.998401
334	61	0.999141
341	327	0.99976
297	122	0.998669
189	124	0.999001
196	34	0.998679
379	77	0.999768
180	168	0.99862
279	123	0.99836
346	33	0.99859
489	195	0.99889
460	146	0.999243
479	98	0.999188
419	104	0.998645
247	206	0.999526
123	104	0.998931
78	30	0.998913
195	55	0.998841
54	12	0.999079
177	171	0.998679
379	108	0.999243
55	39	0.998903
417	283	0.999658
120	31	0.999201
173	60	0.999326
419	311	0.998452
382	166	0.998705
454	56	0.998266
170	144	0.999154
292	141	0.999679
124	110	0.999915
449	425	0.998381
425	331	0.998482
240	79	0.999079
325	150	0.999794
385	54	0.998135
441	147	0.999707
372	294	0.998284
200	141	0.998256
211	102	0.999632
126	17	0.998166
494	210	0.998843
164	79	0.998718
431	178	0.999299
373	148	0.999928
82	71	0.999275
145	21	0.99835
432	341	0.998548
477	418	0.998586
330	192	0.99909
140	73	0.999753
441	179	0.999464
401	237	0.999456
114	106	0.999124
86	35	0.998575
487	90	0.999741
316	229	0.998926
246	215	0.999143
344	110	0.999186
135	15	0.998194
455	166	0.998692
180	102	0.998645
366	295	0.99909
468	307	0.99852
73	56	0.999152
147	121	0.99869
160	31	0.999513
259	165	0.999843
157	79	0.999998
103	34	0.998239
313	207	0.998488
158	45	0.998577
335	225	0.998579
462	201	0.99812
341	86	0.99878
200	166	0.998435
336	193	0.999399
328	48	0.999409
476	383	0.99863
113	99	0.998228
103	12	0.998509
432	388	0.998264
286	211	0.998413
224	179	0.99923
97	66	0.999116
158	15	0.99952
440	296	0.999135
304	114	0.999819
221	131	0.999454
133	122	0.998926
227	40	0.998841
455	146	0.998862
182	163	0.999184
490	164	0.99898
206	135	0.999581
458	199	0.998897
496	59	0.99832
470	412	0.999872
79	25	0.998997
304	157	0.999955
365	140	0.999379
51	15	0.998924
401	127	0.999549
142	17	0.999966
355	139	0.999962
150	94	0.998886
146	17	0.998467
53	35	0.998173
113	23	0.999373
177	149	0.999124
267	43	0.999577
237	79	0.999194
383	247	0.998222
136	89	0.999386
190	96	0.999033
204	52	0.999756
103	97	0.998249
149	37	0.998237
244	64	0.998494
252	56	0.999641
191	182	0.998118
104	34	0.999165
301	64	0.998905
202	38	0.999707
324	309	0.999834
321	214	0.998465
187	83	0.999479
403	376	0.999881
417	338	0.998569
66	40	0.998673
467	305	0.998663
51	34	0.999182
195	149	0.998513
446	253	0.999245
182	66	0.99905
101	99	0.998596
146	37	0.99942
450	212	0.99933
181	118	0.999413
282	218	0.998335
121	85	0.999167
178	39	0.998481
253	203	0.998699
126	94	0.998562
267	204	0.999318
184	40	0.999386
211	186	0.999433
302	36	0.999062
445	266	0.999626
58	43	0.999564
481	480	0.999549
394	97	0.999773
201	165	0.999813
398	393	0.999364
162	88	0.999103
363	338	0.998594
166	143	0.998354
90	14	0.999409
231	169	0.998777
60	31	0.998552
165	81	0.999675
217	109	0.999262
268	45	0.999645
226	96	0.998531
335	293	0.999862
282	265	0.99896
224	55	0.998635
354	57	0.999014
430	220	0.999549
218	67	0.998141
458	333	0.999843
385	181	0.999109
335	232	0.998288
448	285	0.998899
212	135	0.998916
484	442	0.999162
227	29	0.998554
466	189	0.999367
113	111	0.999624
197	32	0.999781
64	18	0.99836
231	208	0.998162
332	266	0.999394
189	61	0.999133
75	29	0.999271
198	176	0.999909
231	150	0.998899
300	92	0.998582
358	229	0.998194
384	217	0.998748
264	39	0.998969
179	106	0.999065
324	164	0.999439
226	139	0.999566
240	126	0.998637
478	466	0.999892
261	223	0.999585
425	186	0.998748
465	186	0.999269
171	118	0.999141
292	125	0.998151
269	208	0.999248
387	148	0.99952
484	74	0.998967
419	181	0.999501
465	223	0.99833
324	33	0.99906
305	284	0.998277
328	235	0.999917
480	393	0.998541
260	42	0.998726
143	83	0.998134
281	120	0.999522
123	113	0.999415
82	72	0.998754
400	253	0.99873
253	148	0.998475
86	18	0.9982
404	180	0.999177
422	245	0.99983
499	256	0.999834
104	54	0.998241
120	33	0.998979
140	26	0.999707
201	134	0.998982
337	254	0.999809
359	230	0.99913
55	42	0.998631
361	164	0.998982
394	83	0.999075
164	155	0.999469
279	60	0.998605
315	232	0.998977
353	43	0.999399
163	21	0.999488
140	119	0.999254
481	332	0.999422
415	126	0.998673
323	270	0.999079
447	126	0.999824
155	150	0.998696
166	43	0.999101
468	44	0.998992
319	253	0.998418
399	219	0.998382
410	401	0.999469
380	260	0.999904
136	70	0.999013
54	15	0.998805
62	54	0.998718
186	36	0.998954
205	88	0.999737
417	410	0.999477
371	363	0.998275
202	82	0.999943
489	472	0.999105
296	194	0.999311
239	73	0.999403
160	113	0.998501
393	174	0.998816
279	213	0.999898
276	218	0.998713
113	55	0.998547
244	113	0.999143
99	35	0.998745
443	77	0.998475
136	30	0.998582
463	275	0.999333
267	96	0.999539
246	153	0.999126
159	95	0.998183
76	66	0.99979
500	185	0.999883
313	210	0.999447
87	78	0.999947
498	48	0.998731
144	26	0.998326
138	80	0.998213
288	206	0.999473
458	103	0.998132
201	164	0.998673
437	188	0.998339
284	146	0.999668
233	143	0.998364
310	93	0.999328
320	302	0.999681
341	162	0.999736
455	429	0.998149
115	48	0.998492
247	229	0.998416
131	124	0.998292
208	136	0.999371
408	116	0.999802
317	75	0.999135
277	54	0.998852
410	328	0.998843
179	170	0.999162
259	120	0.999503
405	390	0.998337
499	71	0.999305
112	77	0.999517
487	374	0.999688
67	25	0.998733
417	383	0.998854
119	42	0.999688
96	73	0.999779
117	100	0.999096
475	367	0.999919
126	98	0.998765
302	295	0.999549
293	153	0.99915
467	437	0.998367
124	46	0.999228
205	39	0.998571
55	33	0.998569
353	116	0.998886
463	55	0.998967
346	141	0.999834
498	465	0.998541
166	74	0.9998
350	341	0.998539
247	69	0.999832
273	215	0.999337
315	131	0.999981
489	412	0.999923
70	23	0.998164
297	249	0.999885
452	113	0.999654
484	76	0.998426
483	117	0.999724
298	32	0.999501
256	69	0.999062
231	230	0.999637
208	25	0.998533
192	183	0.998777
264	221	0.998756
450	52	0.999135
184	21	0.998867
428	286	0.998279
197	89	0.999966
79	16	0.99925
288	203	0.999838
315	44	0.999981
349	108	0.99836
393	306	0.999139
478	435	0.999503
462	109	0.999169
426	64	0.998979
118	34	0.999679
268	99	0.999277
77	75	0.999654
246	197	0.998728
206	105	0.999041
101	54	0.999726
194	158	0.999781
387	368	0.998213
302	70	0.999286
301	232	0.999668
157	134	0.998982
91	9	0.999286
378	132	0.998203
441	369	0.998332
64	13	0.998547
456	304	0.999603
376	218	0.998784
82	18	0.999245
396	204	0.999585
183	77	0.999824
360	223	0.999607
401	253	0.999794
230	164	0.999131
384	191	0.998307
467	240	0.998945
382	287	0.999998
361	62	0.999507
344	175	0.999596
403	72	0.999077
425	162	0.999373
227	214	0.998935
410	193	0.998548
97	20	0.999734
436	290	0.998686
102	59	0.99822
250	113	0.99883
179	135	0.998171
189	174	0.999426
82	29	0.998796
161	130	0.998813
206	130	0.999868
319	272	0.999292
402	395	0.999484
230	159	0.999041
260	151	0.999262
470	331	0.999843
252	183	0.999484
316	74	0.999849
255	66	0.99959
158	23	0.999296
188	104	0.999222
494	201	0.998273
485	146	0.999109
466	418	0.999938
492	316	0.998281
407	397	0.999262
400	86	0.999179
188	121	0.999113
426	380	0.998437
425	130	0.998364
462	317	0.999471
213	114	0.998518
495	470	0.999281
211	21	0.999233
420	46	0.999875
418	130	0.998588
154	25	0.99959
220	200	0.998335
127	100	0.998296
323	58	0.999936
108	78	0.999839
343	143	0.999872
357	304	0.998547
297	227	0.998492
330	245	0.998239
57	51	0.999377
123	93	0.999469
422	265	0.998728
240	63	0.99966
379	308	0.99875
148	141	0.998433
263	97	0.998332
288	126	0.99989
232	85	0.999398
107	33	0.998643
452	423	0.999486
450	104	0.999821
87	79	0.998205
64	60	0.999222
240	58	0.99909
282	184	0.998609
488	377	0.999679
285	86	0.998794
282	67	0.998209
482	245	0.998454
179	156	0.999685
228	181	0.998756
133	99	0.999288
264	167	0.999921
435	167	0.998428
87	30	0.998897
454	213	0.999494
240	136	0.999237
118	77	0.998733
202	162	0.999758
245	86	0.999016
442	106	0.998201
409	122	0.999936
264	222	0.999656
197	33	0.99845
218	163	0.998173
86	15	0.998535
109	21	0.999836
62	38	0.998573
75	40	0.999398
101	58	0.998356
224	153	0.998775
130	118	0.999422
386	330	0.998403
61	47	0.99843
442	213	0.998786
317	31	0.998582
146	58	0.998899
63	62	0.999991
250	195	0.999515
237	129	0.999794
221	55	0.998856
79	60	0.998384
336	55	0.998471
395	227	0.998741
341	156	0.99986
171	69	0.998186
113	62	0.998675
375	94	0.998667
273	261	0.999018
230	32	0.998877
259	198	0.998426
51	27	0.998535
251	112	0.99829
133	17	0.999324
465	460	0.998809
223	51	0.999781
497	188	0.998724
57	37	0.99945
172	92	0.999892
472	453	0.998711
123	71	0.998454
157	61	0.999715
91	76	0.999154
156	36	0.999075
60	57	0.999252
137	49	0.998982
150	48	0.999369
430	231	0.99942
355	346	0.998362
144	67	0.998905
300	232	0.998975
387	281	0.999856
165	46	0.999148
440	44	0.998994
236	193	0.998658
110	87	0.998211
338	109	0.998541
338	322	0.998352
322	306	0.998843
183	93	0.999894
227	77	0.998186
423	121	0.998145
304	212	0.999349
455	409	0.998694
260	27	0.999037
50	23	0.999517
402	176	0.998588
112	17	0.999649
197	52	0.999569
105	15	0.998818
411	67	0.998905
222	204	0.999724
491	135	0.999919
212	125	0.998448
169	131	0.998971
382	261	0.999643
376	196	0.9998
190	85	0.998426
55	52	0.999473
409	397	0.999398
378	268	0.998982
381	85	0.999009
282	41	0.999501
433	229	0.999188
218	190	0.998388
192	54	0.999056
493	81	0.999522
133	92	0.999855
336	327	0.998882
318	236	0.999399
177	102	0.998177
235	137	0.999241
331	66	0.998507
245	200	0.999634
126	37	0.999099
113	88	0.998852
390	255	0.999941
68	8	0.999441
79	37	0.998298
333	134	0.998117
391	93	0.998665
349	149	0.999851
151	33	0.998733
265	191	0.999118
288	170	0.998809
60	54	0.999649
412	357	0.998722
348	194	0.999339
145	103	0.998315
404	84	0.998462
54	43	0.99886
251	130	0.999703
208	38	0.99912
242	69	0.998971
311	48	0.999662
103	18	0.999713
277	238	0.999432
81	16	0.999265
333	193	0.999501
341	56	0.999235
280	260	0.998907
118	52	0.999133
161	59	0.999016
79	36	0.99993
236	235	0.998896
145	62	0.998816
138	117	0.999851
269	116	0.998854
162	132	0.998726
410	366	0.99909
409	227	0.999645
475	257	0.998641
346	301	0.998277
487	223	0.999349
451	106	0.999768
164	53	0.998603
173	121	0.998875
188	37	0.99862
358	291	0.999605
430	241	0.999552
390	198	0.998935
370	261	0.99905
447	308	0.999275
415	361	0.998811
213	125	0.998956
311	210	0.999203
198	153	0.998328
75	60	0.99994
469	445	0.999399
474	471	0.999194
367	215	0.999147
300	94	0.99956
74	55	0.998273
382	214	0.998471
476	356	0.999422
203	108	0.999815
425	396	0.999994
324	181	0.998126
402	310	0.999471
398	369	0.999254
61	18	0.999107
153	72	0.998418
149	34	0.999556
175	166	0.999564
366	348	0.99849
204	133	0.99994
53	12	0.998645
339	130	0.998433
217	103	0.999921
277	276	0.998926
377	256	0.998348
133	29	0.998624
315	187	0.998626
253	66	0.999726
228	37	0.999924
75	67	0.99963
306	223	0.998183
266	112	0.999256
345	56	0.999122
379	273	0.999273
52	31	0.999399
423	281	0.999883
477	250	0.999356
274	162	0.998222
106	99	0.999101
365	249	0.998837
430	58	0.999989
311	116	0.999411
292	51	0.99816
118	13	0.998731
473	333	0.99952
431	110	0.999843
57	51	0.998656
113	47	0.999577
269	215	0.998701
285	144	0.99879
165	24	0.999811
468	123	0.999262
106	103	0.999413
148	51	0.999428
96	57	0.99983
208	111	0.99993
462	265	0.998177
144	137	0.99866
325	117	0.999528
177	52	0.999205
79	24	0.999762
182	93	0.998639
305	275	0.998126
128	114	0.999855
426	123	0.999358
154	81	0.998486
409	109	0.998745
472	188	0.999371
392	90	0.998488
347	194	0.998756
474	363	0.998763
429	215	0.999947
198	108	0.998911
408	292	0.998869
344	146	0.998865
345	117	0.999581
442	386	0.998814
79	36	0.999039
150	38	0.999441
369	208	0.999362
362	295	0.999105
115	48	0.999596
81	23	0.998358
490	135	0.998601
179	27	0.998637
247	184	0.99969
444	237	0.999269
393	186	0.998562
310	236	0.999371
448	182	0.999082
216	103	0.998149
144	89	0.998418
269	128	0.999454
325	84	0.999953
250	227	0.998166
158	95	0.998292
301	89	0.998258
235	172	0.999517
125	71	0.998579
447	51	0.999483
345	176	0.998448
422	235	0.998379
158	133	0.998347
393	240	0.998541
276	144	0.999798
129	23	0.998399
420	316	0.998179
398	198	0.999658
431	100	0.99908
402	96	0.998879
324	35	0.998115
66	26	0.998922
92	87	0.999377
326	275	0.999719
85	30	0.998839
230	141	0.998871
211	55	0.99932
453	270	0.99859
116	24	0.999345
496	421	0.998345
132	75	0.998258
361	266	0.998209
110	56	0.998577
245	130	0.998118
410	392	0.99889
281	40	0.99935
184	133	0.999316
175	97	0.998141
64	16	0.999628
451	153	0.998365
141	82	0.998786
385	279	0.999194
489	259	0.998539
179	167	0.999447
371	252	0.999254
310	201	0.998339
270	257	0.999464
487	159	0.999958
279	177	0.999118
379	228	0.998714
361	306	0.998775
465	160	0.998533
158	101	0.999798
469	330	0.998826
486	246	0.999618
216	66	0.998669
267	237	0.998954
225	98	0.999754
212	68	0.999904
479	303	0.999079
194	82	0.999609
430	389	0.998767
220	149	0.99963
99	25	0.999575
67	66	0.999437
369	123	0.999826
53	28	0.998737
85	79	0.99823
350	135	0.999568
394	190	0.999467
447	278	0.999747
167	159	0.999396
95	9	0.999534
202	98	0.99942
353	111	0.999722
288	55	0.998501
295	242	0.999535
362	66	0.998946
92	61	0.999788
348	220	0.998388
68	29	0.999092
243	78	0.998854
397	107	0.999543
97	49	0.99816
430	326	0.999347
174	44	0.998135
257	59	0.998848
449	90	0.998618
212	104	0.99826
444	144	0.998134
434	111	0.999269
178	112	0.999702
334	294	0.998486
247	161	0.999989
376	156	0.999211
63	21	0.998854
149	111	0.999743
465	158	0.999603
239	142	0.998684
244	68	0.999858
420	346	0.999356
488	384	0.99919
207	69	0.999573
168	100	0.998475
367	293	0.998401
170	19	0.999883
326	136	0.998639
162	103	0.999896
78	44	0.999594
258	246	0.999873
177	106	0.999703
465	112	0.999622
164	50	0.999804
371	271	0.999037
392	103	0.998958
223	169	0.999645
487	230	0.999147
330	325	0.999758
498	397	0.9996
331	196	0.998801
385	160	0.999743
372	259	0.999005
105	13	0.998497
161	66	0.998149
197	68	0.999162
203	42	0.998422
181	116	0.99898
72	7	0.999162
253	42	0.999588
322	191	0.999196
324	178	0.999277
376	263	0.998639
484	233	0.998862
330	31	0.998399
251	189	0.999016
157	145	0.999186
284	250	0.998707
433	374	0.999205
349	54	0.999179
382	185	0.999696
329	43	0.998871
479	264	0.999853
368	260	0.999554
158	41	0.998845
199	79	0.998539
337	67	0.999902
250	231	0.999413
346	224	0.999583
65	63	0.998284
438	419	0.999492
374	63	0.999588
262	110	0.999182
87	10	0.998565
