2500
98	31	0.998961
369	61	0.99848
479	258	0.998869
159	64	0.99816
57	33	0.998102
188	115	0.99828
173	126	0.999315
402	81	0.998489
392	382	0.998508
185	72	0.999845
130	70	0.998257
300	113	0.998709
200	199	0.999983
203	126	0.999394
192	96	0.998696
153	119	0.999754
282	258	0.999064
126	82	0.999068
79	20	0.999987
65	45	0.998098
161	87	0.999173
449	438	0.99889
344	280	0.999722
364	315	0.999388
276	160	0.999542
306	142	0.999325
110	104	0.998527
71	44	0.998163
348	44	0.999588
468	244	0.998165
331	165	0.998497
327	219	0.998284
325	149	0.999262
80	50	0.999996
474	346	0.999336
375	206	0.999066
414	198	0.998945
243	61	0.999823
82	64	0.998414
210	132	0.998748
156	83	0.999394
458	147	0.999265
99	73	0.998414
495	225	0.99866
162	146	0.998255
340	166	0.999637
284	169	0.998501
448	124	0.999703
493	64	0.999712
476	331	0.998593
221	140	0.999369
330	117	0.999269
288	64	0.999971
247	115	0.998587
91	13	0.998133
327	194	0.998108
141	56	0.998211
327	137	0.999927
357	276	0.998964
111	54	0.999904
410	67	0.999695
335	114	0.999417
424	184	0.999286
367	197	0.998637
401	168	0.999983
110	103	0.998426
292	275	0.999672
375	78	0.998336
125	110	0.99829
189	73	0.99875
466	464	0.999198
325	314	0.999194
114	46	0.999542
381	163	0.998535
417	222	0.99962
311	164	0.999355
182	115	0.99926
470	166	0.998629
290	250	0.999181
361	113	0.998619
480	174	0.999551
123	101	0.99887
363	97	0.999988
460	367	0.999793
491	404	0.998796
89	36	0.998169
418	229	0.999614
418	361	0.998596
108	34	0.999678
212	141	0.999831
162	62	0.999933
448	228	0.998869
477	415	0.999756
281	241	0.998899
257	256	0.999741
230	81	0.999285
478	176	0.998617
104	41	0.998334
234	58	0.999254
453	372	0.999007
247	169	0.999967
253	30	0.998516
499	285	0.99846
186	149	0.999076
253	155	0.999802
380	93	0.998665
470	358	0.998179
294	223	0.99865
384	99	0.999549
385	326	0.998861
390	278	0.999645
348	323	0.998154
306	101	0.9986
87	66	0.999612
366	306	0.998175
236	62	0.998662
155	102	0.999845
181	92	0.998635
72	66	0.99934
243	169	0.999917
313	60	0.999453
435	324	0.999026
211	209	0.998165
393	201	0.998087
482	446	0.999091
94	54	0.999864
350	71	0.999941
165	29	0.998457
302	250	0.998221
107	35	0.999484
159	57	0.999283
376	48	0.999944
244	101	0.998445
465	121	0.998194
338	87	0.999643
128	119	0.998478
426	186	0.998821
320	211	0.999862
173	148	0.999823
473	203	0.998414
206	20	0.999607
220	67	0.999609
56	49	0.999371
238	169	0.999883
443	428	0.99985
236	199	0.998817
496	90	0.998562
117	71	0.998196
202	51	0.998234
114	83	0.998163
375	90	0.999035
156	148	0.998562
107	62	0.99999
167	156	0.998386
429	97	0.999302
451	135	0.998838
442	126	0.999509
102	18	0.998259
204	154	0.999196
478	239	0.999081
129	32	0.998686
288	204	0.999081
380	233	0.999131
59	46	0.99995
179	129	0.998443
485	475	0.99888
280	54	0.998148
395	375	0.998169
172	41	0.998537
97	51	0.999789
58	20	0.999505
212	30	0.99869
296	92	0.998876
103	80	0.999231
425	291	0.999545
214	42	0.998692
99	70	0.998401
365	211	0.999728
380	301	0.998644
444	314	0.998253
256	210	0.99888
374	359	0.999434
305	220	0.99944
168	151	0.999451
202	26	0.998748
281	112	0.998094
202	120	0.998443
228	217	0.99938
385	223	0.998932
500	394	0.999885
279	30	0.999597
440	318	0.998476
355	120	0.999012
290	140	0.999791
210	62	0.9992
258	58	0.998462
405	144	0.998407
288	87	0.998552
70	33	0.999987
120	39	0.999555
167	86	0.99943
383	85	0.998782
496	159	0.999254
68	13	0.998315
325	191	0.999248
136	57	0.999428
333	329	0.99938
341	139	0.999145
63	24	0.998991
260	30	0.999325
398	201	0.998089
257	191	0.998602
232	222	0.9986
118	68	0.998198
428	222	0.998853
212	114	0.998185
454	353	0.999628
283	163	0.998322
469	369	0.998321
105	36	0.998884
309	30	0.998294
498	153	0.998938
442	314	0.998093
386	136	0.999336
251	118	0.999499
316	52	0.999097
477	242	0.999488
384	305	0.999455
254	229	0.998554
344	317	0.999133
447	139	0.998924
182	71	0.999933
273	105	0.999321
451	138	0.998395
348	76	0.999701
378	323	0.998317
386	350	0.999868
449	210	0.998541
168	123	0.99898
426	223	0.998395
443	351	0.999064
59	54	0.998093
231	96	0.999503
227	95	0.999505
348	156	0.99883
411	241	0.998206
326	123	0.999169
500	306	0.998351
375	180	0.998386
360	322	0.999754
278	119	0.998545
500	344	0.99966
474	353	0.999014
487	360	0.998148
470	376	0.999425
104	99	0.998215
409	157	0.998698
475	180	0.998098
259	25	0.998669
107	103	0.999492
368	97	0.999208
329	321	0.999685
61	17	0.999123
187	153	0.999641
342	146	0.999985
317	66	0.998229
373	135	0.999735
204	94	0.998909
304	141	0.998437
124	21	0.998206
259	29	0.998738
238	171	0.998137
147	49	0.99879
231	210	0.999177
103	41	0.999898
284	113	0.99829
469	69	0.999467
396	302	0.999965
414	94	0.998217
69	28	0.998535
103	79	0.999246
251	106	0.999051
55	42	0.998501
295	112	0.998727
86	32	0.998169
138	97	0.999708
334	178	0.998639
100	53	0.998489
168	88	0.999294
177	156	0.999611
146	57	0.99995
288	160	0.999148
59	35	0.998365
206	198	0.998955
379	321	0.999745
153	70	0.9981
186	157	0.999045
357	347	0.999659
161	44	0.99971
357	187	0.99987
424	384	0.998192
178	139	0.998208
132	16	0.998478
353	287	0.999766
264	148	0.9982
118	59	0.998156
426	105	0.999988
370	274	0.998757
58	7	0.999994
166	152	0.998206
427	238	0.999526
485	413	0.998732
97	70	0.998853
275	45	0.999043
184	55	0.99929
239	54	0.999235
420	260	0.9988
230	114	0.998736
140	116	0.998817
431	312	0.998432
182	34	0.999854
334	322	0.999363
74	57	0.999706
335	334	0.999572
179	174	0.998851
99	53	0.998874
283	227	0.999005
370	203	0.998324
76	24	0.999971
196	128	0.998688
136	15	0.99874
283	35	0.998087
298	198	0.998299
332	222	0.999697
454	153	0.999306
301	47	0.999484
461	385	0.999885
225	22	0.998485
350	264	0.99935
230	182	0.998932
386	175	0.999507
445	225	0.998675
124	41	0.998273
205	122	0.998909
477	194	0.998777
245	37	0.999402
108	35	0.999118
328	275	0.998593
340	180	0.998987
163	148	0.998851
178	125	0.998085
90	60	0.999367
281	39	0.998188
347	50	0.999093
341	331	0.999123
388	120	0.999956
447	96	0.99847
200	166	0.998901
58	23	0.998832
445	420	0.998366
336	242	0.999288
280	163	0.998535
225	73	0.998345
119	33	0.99972
67	26	0.998089
202	190	0.998892
496	307	0.999597
180	153	0.998527
410	221	0.999762
246	153	0.998353
315	179	0.998616
200	31	0.998715
340	197	0.99952
340	50	0.998338
300	127	0.99864
410	65	0.999252
416	177	0.998487
206	31	0.999263
271	64	0.998336
231	158	0.999171
392	291	0.999056
208	58	0.998849
221	161	0.999812
231	152	0.998185
473	472	0.998631
483	74	0.998579
114	91	0.999597
474	213	0.999208
465	60	0.99852
226	200	0.998275
222	50	0.99907
379	358	0.998982
112	82	0.999179
166	155	0.998501
241	105	0.99888
377	74	0.999428
428	198	0.999446
485	455	0.999035
373	182	0.999095
394	258	0.999181
300	153	0.998849
258	59	0.998698
195	133	0.999595
211	114	0.999181
303	186	0.999908
419	352	0.998729
87	48	0.998593
292	132	0.999655
426	114	0.998911
181	66	0.998183
228	83	0.999148
167	72	0.998729
434	293	0.998623
60	43	0.999409
444	125	0.999118
90	88	0.998849
410	329	0.998959
199	189	0.998252
401	391	0.998602
485	206	0.998267
165	27	0.998826
370	352	0.998491
223	79	0.998435
323	299	0.999741
395	47	0.999706
148	57	0.998752
150	146	0.999739
371	130	0.999758
455	435	0.999072
246	66	0.998146
159	34	0.99954
324	176	0.99816
237	158	0.999033
208	166	0.998786
494	335	0.998938
213	180	0.998798
297	241	0.999766
198	155	0.998524
150	147	0.999148
90	65	0.998332
446	387	0.998384
240	237	0.99991
60	50	0.999618
97	41	0.999471
358	241	0.998708
170	90	0.999862
435	128	0.998924
100	35	0.999791
182	146	0.999143
367	146	0.99963
366	93	0.998999
400	131	0.999777
459	244	0.998173
208	126	0.998767
485	308	0.999332
382	378	0.998244
332	233	0.999988
483	315	0.998209
185	112	0.999977
427	150	0.998815
500	337	0.998686
196	35	0.999196
428	107	0.998142
143	63	0.999369
355	288	0.998139
200	43	0.998633
334	151	0.998928
392	110	0.999319
316	286	0.999108
100	23	0.999076
304	287	0.999471
86	57	0.999507
347	70	0.998997
350	126	0.998792
82	27	0.998579
316	136	0.999173
67	12	0.998242
295	188	0.999369
427	350	0.998759
251	200	0.999407
452	429	0.998711
119	50	0.999729
456	369	0.999912
377	204	0.998093
336	316	0.999189
444	223	0.998232
481	229	0.999279
208	42	0.999123
491	89	0.998481
80	33	0.99954
132	18	0.999518
232	158	0.998391
262	36	0.998736
320	74	0.999528
97	28	0.99985
220	144	0.99901
195	38	0.99866
394	180	0.998882
307	91	0.999079
500	217	0.998778
481	383	0.998376
159	146	0.999808
164	158	0.998121
374	168	0.999461
76	49	0.999536
80	29	0.999517
281	165	0.998286
230	135	0.99987
277	210	0.999764
204	172	0.999129
177	46	0.99833
284	129	0.999553
315	304	0.999593
263	194	0.998292
271	262	0.999346
179	160	0.999847
262	41	0.99987
406	185	0.998731
293	91	0.998418
193	117	0.999386
305	209	0.998472
384	164	0.998844
106	34	0.998299
396	201	0.998545
201	35	0.999434
132	93	0.998543
298	198	0.998732
195	75	0.998951
313	275	0.99883
467	457	0.998284
306	141	0.999095
189	157	0.999407
326	43	0.998378
324	140	0.999891
222	115	0.998219
388	48	0.999758
432	311	0.999079
65	45	0.999799
351	108	0.998497
470	172	0.999574
308	259	0.998106
195	152	0.999419
346	117	0.998686
139	60	0.998181
446	131	0.999323
463	107	0.998548
356	231	0.998227
91	65	0.998934
454	447	0.999589
119	99	0.998545
184	23	0.998428
372	343	0.99848
120	83	0.99893
197	78	0.999814
444	397	0.998752
142	18	0.999593
318	205	0.999923
469	187	0.998909
241	84	0.998278
314	91	0.998915
123	99	0.999946
300	64	0.999288
215	58	0.999622
350	182	0.998794
52	10	0.99926
410	181	0.998924
235	151	0.998675
443	194	0.998598
222	131	0.998403
394	224	0.998524
51	27	0.998819
56	8	0.998185
383	184	0.999423
126	30	0.998824
274	53	0.99911
134	77	0.998537
247	51	0.999883
320	249	0.999256
292	289	0.998913
157	65	0.998504
213	159	0.999327
474	360	0.998604
179	36	0.999129
84	36	0.998629
217	105	0.999691
227	188	0.999505
240	82	0.999275
200	104	0.999946
357	93	0.998298
368	210	0.999208
171	129	0.999816
117	98	0.999929
184	73	0.999908
238	176	0.999459
336	173	0.999885
64	48	0.99991
450	204	0.999724
182	128	0.998485
297	130	0.998876
458	95	0.998458
345	326	0.99902
440	139	0.999169
423	262	0.999446
324	244	0.999777
287	228	0.999862
461	57	0.998357
476	176	0.999242
91	36	0.999701
86	20	0.998976
203	152	0.998391
94	36	0.998301
380	145	0.999426
306	76	0.998183
307	49	0.99985
162	142	0.998457
329	108	0.99995
67	59	0.999432
352	206	0.999557
482	403	0.999894
267	245	0.999233
430	160	0.99855
406	254	0.99926
467	358	0.998869
368	44	0.999561
54	22	0.998123
182	128	0.998125
175	32	0.998982
226	61	0.998683
387	46	0.999125
351	259	0.998368
197	183	0.99903
147	42	0.998121
240	64	0.999808
61	45	0.999494
250	94	0.999327
159	111	0.998137
467	120	0.998397
243	38	0.999432
301	141	0.998085
206	121	0.998757
91	32	0.998261
116	34	0.998757
85	38	0.998959
188	61	0.999108
186	153	0.999657
188	115	0.998374
327	64	0.999421
133	112	0.998481
119	13	0.999706
338	65	0.998403
69	38	0.99934
337	267	0.998865
374	142	0.999668
274	185	0.998878
420	329	0.999791
136	21	0.99957
260	39	0.998529
190	78	0.998389
130	24	0.998548
496	352	0.999296
476	198	0.999375
263	232	0.998244
466	214	0.999286
340	119	0.999302
466	461	0.999584
233	90	0.99995
164	99	0.998376
114	70	0.998156
362	171	0.998991
216	195	0.999141
427	182	0.999845
371	352	0.998625
51	5	0.999453
83	69	0.999369
324	186	0.999239
163	33	0.998439
387	118	0.998788
180	90	0.999845
143	14	0.998579
95	63	0.998995
102	74	0.998117
238	120	0.999973
266	248	0.998294
255	177	0.998639
296	213	0.999852
439	391	0.998671
370	118	0.998654
368	77	0.998376
93	19	0.999446
246	213	0.998455
427	279	0.999154
317	242	0.999135
317	78	0.998347
206	34	0.999198
53	36	0.999031
270	37	0.998351
153	71	0.998292
304	76	0.999081
218	49	0.998085
436	184	0.999942
289	142	0.999983
352	198	0.999336
372	353	0.998144
97	41	0.998976
335	308	0.999912
104	40	0.99825
65	49	0.9994
140	24	0.999129
118	20	0.999194
360	101	0.998853
286	171	0.999904
334	233	0.998481
77	22	0.999683
172	74	0.999699
306	119	0.999831
185	18	0.999444
438	186	0.999839
250	47	0.998376
341	160	0.998698
441	283	0.999868
127	100	0.999275
301	149	0.99824
380	90	0.998083
411	397	0.998738
75	46	0.999887
432	208	0.999198
359	129	0.999394
150	134	0.998554
143	25	0.999941
77	56	0.998932
445	310	0.998345
272	96	0.998363
277	235	0.998719
252	181	0.998901
237	109	0.999177
458	208	0.999292
263	145	0.999718
443	369	0.999152
267	156	0.999561
89	24	0.999267
472	71	0.999962
473	450	0.998244
475	172	0.999816
166	97	0.99811
357	261	0.999672
499	476	0.999956
288	50	0.999486
259	198	0.999135
134	32	0.999056
170	97	0.999171
279	239	0.998924
358	255	0.998571
366	321	0.999367
98	57	0.999357
456	282	0.999561
299	84	0.998941
345	275	0.999958
486	234	0.999549
54	6	0.998238
150	114	0.999843
360	46	0.999962
316	79	0.998698
103	85	0.999676
72	49	0.999555
73	19	0.998098
112	72	0.999762
162	159	0.999449
163	135	0.998206
94	65	0.99963
185	60	0.999438
322	256	0.998422
120	105	0.998976
56	45	0.998953
485	289	0.99952
195	171	0.999244
75	15	0.999637
495	68	0.998978
89	34	0.99991
296	102	0.999068
480	223	0.999762
183	71	0.998114
294	208	0.999062
55	10	0.99852
52	20	0.999066
146	129	0.998345
435	327	0.998759
116	64	0.999074
213	106	0.998679
333	100	0.998108
476	361	0.998282
398	325	0.999093
183	110	0.998303
260	64	0.998181
174	144	0.998943
98	85	0.999338
104	94	0.999614
131	95	0.999574
249	82	0.998424
460	72	0.999246
90	51	0.998466
435	142	0.99901
497	404	0.998999
283	191	0.999743
376	349	0.998183
159	92	0.998775
321	139	0.9982
70	51	0.999904
285	102	0.999344
379	51	0.999348
231	198	0.999927
323	281	0.9991
410	253	0.999797
149	144	0.999862
407	293	0.998663
203	180	0.999992
96	22	0.999421
410	84	0.998267
472	203	0.998526
473	216	0.998094
189	47	0.999891
292	215	0.999914
201	151	0.998225
281	64	0.999325
238	218	0.998761
245	58	0.999691
428	291	0.999185
258	185	0.999041
379	228	0.998652
94	76	0.998801
297	46	0.99848
175	165	0.998943
308	167	0.999031
275	157	0.998585
379	202	0.998796
311	49	0.999045
283	55	0.999543
78	17	0.999517
266	51	0.99957
380	345	0.998577
127	35	0.998665
235	37	0.99852
227	127	0.998227
96	41	0.99944
419	183	0.998435
402	79	0.99842
398	127	0.99985
159	139	0.998949
321	139	0.998388
481	445	0.999415
195	80	0.998855
252	116	0.998154
306	67	0.998821
92	83	0.998665
362	324	0.999108
67	38	0.998248
471	325	0.998558
210	156	0.998915
84	21	0.999659
61	31	0.998535
379	62	0.998943
404	220	0.99949
250	78	0.998782
349	251	0.999536
404	105	0.999503
127	64	0.99934
129	16	0.999998
235	87	0.999331
96	41	0.99968
57	21	0.998709
96	10	0.999292
188	97	0.99824
249	88	0.998403
375	201	0.998964
383	111	0.998319
290	232	0.999954
274	230	0.998644
179	67	0.998941
84	56	0.999325
312	140	0.998886
113	76	0.998809
460	366	0.999931
90	18	0.99892
78	45	0.99991
423	176	0.998901
191	164	0.998813
390	331	0.998131
195	95	0.998715
266	171	0.999459
311	228	0.998938
432	208	0.99852
358	275	0.998445
234	226	0.998315
324	72	0.999003
81	48	0.998242
458	161	0.999868
61	56	0.999599
337	240	0.999357
385	265	0.998169
217	155	0.99869
281	132	0.999402
73	15	0.998604
496	73	0.998909
199	113	0.99828
373	84	0.999384
425	179	0.998598
98	43	0.999618
300	177	0.998506
449	85	0.999522
344	265	0.998598
224	50	0.998859
58	44	0.999981
207	68	0.998407
245	181	0.998522
466	365	0.99852
277	138	0.998468
237	175	0.998543
146	104	0.999879
324	58	0.999875
195	91	0.99855
127	122	0.999624
314	265	0.999323
466	117	0.998863
158	92	0.998943
420	203	0.998849
241	234	0.999831
396	249	0.99963
497	481	0.998526
367	205	0.998391
150	130	0.998426
171	141	0.99814
273	118	0.999662
211	193	0.999871
384	204	0.999225
145	83	0.998303
84	56	0.998886
53	40	0.999373
473	169	0.999693
353	269	0.998529
73	47	0.998276
489	187	0.998631
112	62	0.999612
176	85	0.998213
185	97	0.999885
345	91	0.999868
136	63	0.998777
484	318	0.999471
198	48	0.999988
99	77	0.99848
249	243	0.998332
98	75	0.998148
471	245	0.99902
439	262	0.999885
171	96	0.99864
144	100	0.9991
328	74	0.999877
151	116	0.998313
213	208	0.998208
466	107	0.99828
442	305	0.998324
275	204	0.999612
203	155	0.999436
484	122	0.99887
237	195	0.999008
220	210	0.99916
130	107	0.999394
449	259	0.999923
66	38	0.999603
415	160	0.999058
381	188	0.998192
293	116	0.998892
115	96	0.998761
122	77	0.999135
315	160	0.998443
274	111	0.999354
287	45	0.999687
274	221	0.999977
306	36	0.998809
203	20	0.999522
433	281	0.999371
396	75	0.99819
467	186	0.998548
120	105	0.999419
481	113	0.999185
122	91	0.998464
357	99	0.999237
361	60	0.999781
396	280	0.998334
339	265	0.998978
389	209	0.999931
165	137	0.999426
189	65	0.998424
338	117	0.998221
306	250	0.998658
193	127	0.998916
479	391	0.999271
155	137	0.998662
82	35	0.998554
288	58	0.999996
224	43	0.999634
382	50	0.999812
459	87	0.999536
184	57	0.998437
370	186	0.998439
113	84	0.999962
80	60	0.99889
151	45	0.998229
412	113	0.999973
149	25	0.999607
486	46	0.998108
367	136	0.998821
434	431	0.998219
175	24	0.999166
429	407	0.999534
498	386	0.999135
300	36	0.999854
196	110	0.99981
490	179	0.998403
158	119	0.999762
79	17	0.999647
102	63	0.999637
74	46	0.999689
57	8	0.999839
281	114	0.998129
368	117	0.999421
162	62	0.998704
408	163	0.999822
194	72	0.999542
272	259	0.999221
414	365	0.99907
280	234	0.99968
250	122	0.999402
290	155	0.9986
55	16	0.998932
398	214	0.999597
133	62	0.999893
236	168	0.998688
90	45	0.998548
313	203	0.998677
431	408	0.999829
73	44	0.999639
273	141	0.999873
222	143	0.998742
431	90	0.998365
68	17	0.999166
333	57	0.998673
104	61	0.999409
262	152	0.998495
186	29	0.998982
301	267	0.99828
396	296	0.998112
80	66	0.998863
196	37	0.99847
98	34	0.999169
67	35	0.998259
245	166	0.999563
417	150	0.999944
420	379	0.99892
62	27	0.999626
275	156	0.998939
292	214	0.99893
137	37	0.999879
425	84	0.999091
316	187	0.999367
61	38	0.999281
217	153	0.998516
226	195	0.999839
123	52	0.998104
296	151	0.999087
455	301	0.999171
197	125	0.999733
303	86	0.999889
296	204	0.998962
479	100	0.998844
73	64	0.999653
467	323	0.999827
318	210	0.999672
91	14	0.99874
312	39	0.998759
315	31	0.999712
270	40	0.999175
273	173	0.998984
233	22	0.999887
398	113	0.998869
272	114	0.999651
391	340	0.999068
366	58	0.999192
214	186	0.998253
492	126	0.999457
249	174	0.998642
391	378	0.998514
415	97	0.999645
472	190	0.999135
490	410	0.998568
404	161	0.998934
107	93	0.999919
395	38	0.999503
389	73	0.998823
63	31	0.999731
328	164	0.999394
227	87	0.99981
51	28	0.998596
471	320	0.999912
288	283	0.999005
500	415	0.999634
301	282	0.998219
446	351	0.998125
64	39	0.999589
476	413	0.998821
248	234	0.998966
96	43	0.999988
466	231	0.999917
73	42	0.998116
201	108	0.998269
100	28	0.998309
495	324	0.999375
288	90	0.999369
154	28	0.999885
331	259	0.999983
158	58	0.998899
454	415	0.999618
307	153	0.999175
310	263	0.999398
59	55	0.999697
119	74	0.999743
203	125	0.998403
89	64	0.999545
432	313	0.998575
123	80	0.998934
173	154	0.999277
273	137	0.998614
115	38	0.999499
118	65	0.998127
348	218	0.99939
453	300	0.998238
486	79	0.999309
381	269	0.999996
437	196	0.999077
103	65	0.998685
146	42	0.999104
390	197	0.999129
276	104	0.998844
140	92	0.998644
248	206	0.99952
469	52	0.999233
296	132	0.998685
486	212	0.999369
274	41	0.998506
459	205	0.998336
94	79	0.998366
169	22	0.999239
284	153	0.999378
71	37	0.998271
128	43	0.999668
194	125	0.999129
228	62	0.99848
329	84	0.998196
394	359	0.998711
477	312	0.998411
54	49	0.998911
190	126	0.999472
139	43	0.99958
297	226	0.998232
210	162	0.999833
251	234	0.998206
53	8	0.998269
222	111	0.99938
441	66	0.999563
311	266	0.999729
163	122	0.999728
112	38	0.999933
121	65	0.998788
376	328	0.998252
52	35	0.998177
497	358	0.998094
311	184	0.998428
474	331	0.999093
496	296	0.99887
217	197	0.998663
268	222	0.999329
61	17	0.998646
228	161	0.99883
317	52	0.999542
337	197	0.999538
361	257	0.999137
381	177	0.999864
467	437	0.999889
339	183	0.998978
470	193	0.998922
199	190	0.998307
191	115	0.998849
376	202	0.998775
498	355	0.998853
271	97	0.998422
393	181	0.998504
391	107	0.999649
349	86	0.999806
194	141	0.999891
128	37	0.999749
323	197	0.998441
190	151	0.999361
58	48	0.998491
155	104	0.998926
203	88	0.999156
307	114	0.999802
388	133	0.999183
335	65	0.998242
128	19	0.998803
485	179	0.998734
276	239	0.998838
215	144	0.999588
427	55	0.9987
137	67	0.999221
486	312	0.999626
299	157	0.998453
319	308	0.998152
396	61	0.998527
53	34	0.998209
276	86	0.999511
104	43	0.998734
188	23	0.998575
432	160	0.999421
393	254	0.998434
311	185	0.998489
268	200	0.998221
110	104	0.999841
177	78	0.998614
343	332	0.998263
289	163	0.998403
60	50	0.999375
203	20	0.99972
146	69	0.999035
73	7	0.998173
347	254	0.999611
148	87	0.999355
105	72	0.999309
196	103	0.999551
129	100	0.99887
310	90	0.999513
262	97	0.999793
443	237	0.998849
223	24	0.999639
359	225	0.998773
359	279	0.999835
385	98	0.999183
418	107	0.999612
73	15	0.999068
266	39	0.999852
138	73	0.999426
369	96	0.999609
260	103	0.999497
87	58	0.999331
325	177	0.998453
330	58	0.998403
311	70	0.999917
324	166	0.999965
84	34	0.998185
108	99	0.999952
340	274	0.998721
97	63	0.999795
281	237	0.99816
241	183	0.999958
481	203	0.999262
458	325	0.998886
265	124	0.998177
387	335	0.99972
113	32	0.998382
119	44	0.999448
346	101	0.99991
130	24	0.998116
116	28	0.998332
426	259	0.99855
131	63	0.998351
454	378	0.999942
170	22	0.999988
343	195	0.998441
89	69	0.998357
420	315	0.999795
214	145	0.998263
283	177	0.999908
170	88	0.99814
91	33	0.999507
296	237	0.998098
102	20	0.998692
397	122	0.998688
343	257	0.99943
71	68	0.998652
50	16	0.998581
325	184	0.998828
245	214	0.999492
62	19	0.998982
385	150	0.999302
494	304	0.998675
288	258	0.999977
413	275	0.999766
482	466	0.999691
405	335	0.99921
271	158	0.999532
413	105	0.998543
81	38	0.999898
147	84	0.999933
195	30	0.998499
441	262	0.999634
170	100	0.999683
158	79	0.998832
350	176	0.998911
471	54	0.99986
347	313	0.99963
265	124	0.999026
461	451	0.999108
466	458	0.999459
104	52	0.998725
68	42	0.999323
227	212	0.99848
110	13	0.998583
162	15	0.999553
159	24	0.999674
316	101	0.999231
103	20	0.998292
204	47	0.998855
427	310	0.998416
259	109	0.998663
216	207	0.998767
457	310	0.998957
304	199	0.99884
226	29	0.998332
472	231	0.998196
318	232	0.999022
270	142	0.999729
447	445	0.999079
85	27	0.999703
412	397	0.999409
250	65	0.999064
191	132	0.998098
225	64	0.998709
490	469	0.999766
435	108	0.998303
333	168	0.999106
422	411	0.999689
82	51	0.99816
269	96	0.998527
269	242	0.998434
459	406	0.999952
321	132	0.999931
51	19	0.999726
83	35	0.998493
299	41	0.99958
334	169	0.998543
232	175	0.999908
286	39	0.999889
450	325	0.999954
488	365	0.999296
404	337	0.999469
150	37	0.99976
494	281	0.998646
116	16	0.998907
296	202	0.998667
286	268	0.999164
345	338	0.999315
74	28	0.999941
285	143	0.998526
239	199	0.998351
139	47	0.999741
422	200	0.999093
283	68	0.999939
467	271	0.999597
154	79	0.998918
150	113	0.999269
375	331	0.999248
294	203	0.999494
294	154	0.999492
174	159	0.998679
190	19	0.999545
211	197	0.998275
266	234	0.998384
241	61	0.998411
84	54	0.999589
436	86	0.999223
380	371	0.999018
317	141	0.998298
291	110	0.999586
343	243	0.998847
442	174	0.999873
347	186	0.99902
416	275	0.998627
200	85	0.999486
329	89	0.999958
360	320	0.999967
118	102	0.999981
176	122	0.99999
304	130	0.999081
171	132	0.999885
401	89	0.998623
456	181	0.998819
489	183	0.998972
73	71	0.998769
219	42	0.998294
341	287	0.999158
62	57	0.999965
278	257	0.999355
201	97	0.999985
58	24	0.998746
152	107	0.99898
148	137	0.998706
265	117	0.999787
408	368	0.998185
249	64	0.998836
116	92	0.99968
416	382	0.999919
107	93	0.998309
433	431	0.998976
375	125	0.999246
101	72	0.999438
176	35	0.999342
389	212	0.999996
235	223	0.998882
478	438	0.99926
111	41	0.998821
363	356	0.998242
155	76	0.998537
343	310	0.99916
468	288	0.998999
149	81	0.999085
56	41	0.999114
233	108	0.998915
403	306	0.998635
453	311	0.999595
324	262	0.998775
427	216	0.998388
120	20	0.999829
137	57	0.998832
209	43	0.999706
92	77	0.998211
269	34	0.999908
334	333	0.998357
82	9	0.999467
76	23	0.999632
81	40	0.999737
102	46	0.99966
302	257	0.99926
270	220	0.999735
146	133	0.99949
336	37	0.998796
489	466	0.998713
445	97	0.999772
394	209	0.99816
120	112	0.999194
112	16	0.999403
74	24	0.998269
189	22	0.998476
473	135	0.99823
427	116	0.998769
444	55	0.998259
467	219	0.999522
282	136	0.999864
350	259	0.998811
246	89	0.999373
310	254	0.999461
301	164	0.998999
413	320	0.998652
469	364	0.999804
326	228	0.998363
356	75	0.998296
309	54	0.998238
179	135	0.998884
493	299	0.999486
330	267	0.998949
287	121	0.998321
153	31	0.999908
251	245	0.99935
431	314	0.999582
281	158	0.999854
393	278	0.998119
438	94	0.999008
268	159	0.99944
244	224	0.9986
73	47	0.998671
355	100	0.999509
204	49	0.998869
291	106	0.998315
138	128	0.999171
106	61	0.998303
62	48	0.998167
97	89	0.999354
366	302	0.998269
305	88	0.999003
186	177	0.99985
132	104	0.9999
250	108	0.999622
498	346	0.998729
451	289	0.999789
270	99	0.999877
229	143	0.999515
68	40	0.999346
465	45	0.998407
233	31	0.99952
95	72	0.99939
417	191	0.999095
318	278	0.998495
297	181	0.998357
445	378	0.998573
487	428	0.998526
466	91	0.999545
137	70	0.998993
79	56	0.998575
212	160	0.9988
433	271	0.998173
317	276	0.999651
255	230	0.999672
270	109	0.999332
148	82	0.998163
255	63	0.999875
236	45	0.998786
497	290	0.998593
241	115	0.998771
136	105	0.999332
381	91	0.999933
225	50	0.998395
191	169	0.998846
392	374	0.998637
123	13	0.998194
156	99	0.998313
141	81	0.99962
87	60	0.999495
361	358	0.998863
161	26	0.999106
308	95	0.998328
212	200	0.998637
383	175	0.998614
57	10	0.998656
81	54	0.99837
410	177	0.998365
64	33	0.999089
358	63	0.99889
270	194	0.999507
422	66	0.999941
154	130	0.99968
324	270	0.99949
249	113	0.998096
418	92	0.99829
361	37	0.999664
425	363	0.998934
215	50	0.999085
100	76	0.998198
497	385	0.999262
247	107	0.998374
343	287	0.998443
373	98	0.999873
293	142	0.998439
448	146	0.999649
458	150	0.998351
420	317	0.998838
359	202	0.999881
428	419	0.999189
52	48	0.998916
148	95	0.998962
440	287	0.998936
164	90	0.999854
50	27	0.999534
167	92	0.999277
348	189	0.999772
262	202	0.999425
158	137	0.998842
233	199	0.999484
191	24	0.999248
249	177	0.998495
182	65	0.998328
406	90	0.999442
97	44	0.998156
132	29	0.999039
241	22	0.999547
116	16	0.999969
301	57	0.999357
326	227	0.99911
159	21	0.999701
319	84	0.998185
479	116	0.998803
420	155	0.999566
123	119	0.998579
419	348	0.998384
264	134	0.999146
234	119	0.999731
438	218	0.999494
463	350	0.999139
396	288	0.998867
197	68	0.999639
141	64	0.999139
325	186	0.998137
113	76	0.998656
106	34	0.998564
298	227	0.999442
122	70	0.998185
84	33	0.998836
272	128	0.998625
364	208	0.998163
346	307	0.998761
121	11	0.998384
286	97	0.998573
376	188	0.998773
247	78	0.999854
272	101	0.998246
403	269	0.998478
383	317	0.998945
129	40	0.998667
166	158	0.998819
352	145	0.999754
494	108	0.999896
442	185	0.998522
310	309	0.998573
309	207	0.999382
272	52	0.99934
52	21	0.999641
407	239	0.999866
350	127	0.998489
304	48	0.998246
157	105	0.998552
231	163	0.999219
470	188	0.999751
398	57	0.999181
496	392	0.998815
262	111	0.999595
191	147	0.998397
200	150	0.999448
419	255	0.999402
149	104	0.998234
238	72	0.998656
313	62	0.999513
228	213	0.99825
76	56	0.998432
462	285	0.998342
131	78	0.998127
332	49	0.999246
480	219	0.9998
178	28	0.99816
338	38	0.999735
146	109	0.999194
465	147	0.998782
243	206	0.999453
351	137	0.999536
249	42	0.998357
56	27	0.999979
474	315	0.998729
167	78	0.9991
348	66	0.999175
430	211	0.998859
389	195	0.999173
302	216	0.999076
497	292	0.999005
466	287	0.998261
262	106	0.998723
466	330	0.998252
147	21	0.998192
122	106	0.998934
319	199	0.998083
238	61	0.999378
121	50	0.999112
356	222	0.998997
468	213	0.999154
314	143	0.998393
301	100	0.999641
366	77	0.999041
386	62	0.999776
401	40	0.998372
485	125	0.999035
298	87	0.99943
55	42	0.998621
428	195	0.998985
154	64	0.999233
306	61	0.999609
95	16	0.998759
162	112	0.998397
455	107	0.998869
482	401	0.998625
404	188	0.999102
485	437	0.998181
477	373	0.999501
327	294	0.998644
50	20	0.998782
75	45	0.999971
382	94	0.999687
347	197	0.99829
131	59	0.998499
312	187	0.99963
124	118	0.999925
292	263	0.998545
138	69	0.998907
123	63	0.999005
131	39	0.999033
358	325	0.998096
168	126	0.998564
162	63	0.998253
484	439	0.999987
495	188	0.999158
437	348	0.999206
148	103	0.998428
344	314	0.998186
339	178	0.998422
341	306	0.99857
485	415	0.998399
413	296	0.999726
470	318	0.998499
348	246	0.999471
483	192	0.998282
222	76	0.998167
469	279	0.998139
227	107	0.99982
125	36	0.998961
164	91	0.998376
182	66	0.999169
303	226	0.999482
309	34	0.999246
57	41	0.999804
381	358	0.999194
341	128	0.998096
314	130	0.999239
498	112	0.999985
138	101	0.998746
262	156	0.998527
131	48	0.99874
443	246	0.998462
202	178	0.999919
84	33	0.999112
129	79	0.999436
371	293	0.998253
261	33	0.999014
275	87	0.998336
337	317	0.999944
124	37	0.999624
453	430	0.998646
273	203	0.99834
93	21	0.998639
122	85	0.99902
106	37	0.998096
408	113	0.999793
445	246	0.999781
224	126	0.998828
117	18	0.999666
323	163	0.998547
282	43	0.998815
412	343	0.998472
320	102	0.999839
145	23	0.999998
436	241	0.999643
288	146	0.999265
207	38	0.9987
186	32	0.998202
434	97	0.998093
258	255	0.998962
98	10	0.998221
459	372	0.999235
303	93	0.999877
80	44	0.999572
247	52	0.998754
382	346	0.998437
156	77	0.999779
143	120	0.998961
203	115	0.998294
384	263	0.998378
267	183	0.998307
285	34	0.999726
95	86	0.999883
50	33	0.999921
229	133	0.999524
202	159	0.998784
241	108	0.999971
84	16	0.998895
70	63	0.998606
164	84	0.999647
116	100	0.999148
98	16	0.998612
256	170	0.999386
158	83	0.999003
485	178	0.998872
283	233	0.999227
495	163	0.99892
233	69	0.998294
379	230	0.998886
83	41	0.999699
141	110	0.999967
416	381	0.998639
481	411	0.998154
392	63	0.998336
420	48	0.999628
401	300	0.998307
64	55	0.999492
298	200	0.998537
321	60	0.999875
150	138	0.999417
317	145	0.999129
212	60	0.99888
309	36	0.999685
301	201	0.998662
435	147	0.999921
405	66	0.999534
185	43	0.999365
258	196	0.998094
329	82	0.998681
436	367	0.999735
156	126	0.999626
364	339	0.999616
109	17	0.999607
177	101	0.999123
116	103	0.99943
465	71	0.999958
225	108	0.999635
423	227	0.999566
330	114	0.998332
81	21	0.999802
56	40	0.999662
168	81	0.998842
275	101	0.998667
303	118	0.999695
357	134	0.998181
258	140	0.999139
268	158	0.998809
439	381	0.998924
419	117	0.999093
466	45	0.999008
401	122	0.998162
245	171	0.999495
117	116	0.998183
301	214	0.998298
371	77	0.999342
151	63	0.999605
100	96	0.998328
456	165	0.998702
117	104	0.999451
93	36	0.999425
187	120	0.998786
411	231	0.998886
434	411	0.999436
498	490	0.999511
91	54	0.998706
365	192	0.999074
312	284	0.999448
284	108	0.99846
119	89	0.99906
274	186	0.999561
314	55	0.998629
227	153	0.998112
94	19	0.99944
375	93	0.999332
380	166	0.999787
136	65	0.998386
178	169	0.998311
265	39	0.999442
428	377	0.999674
162	129	0.99921
121	97	0.998736
377	35	0.999451
357	132	0.999181
425	89	0.999693
92	25	0.998878
307	118	0.998861
154	123	0.998457
86	15	0.999093
477	472	0.998972
292	245	0.999444
224	191	0.999143
419	65	0.998483
280	151	0.998198
79	39	0.998441
443	62	0.998571
277	273	0.998654
472	64	0.998984
359	205	0.999925
70	52	0.998365
460	191	0.999862
177	163	0.998464
121	44	0.999937
348	188	0.999336
67	47	0.999281
223	72	0.999678
164	155	0.998322
86	71	0.998955
61	7	0.998117
467	243	0.998395
500	414	0.998198
51	18	0.99916
170	94	0.999488
221	167	0.998752
384	193	0.999494
420	357	0.99811
208	52	0.998959
122	85	0.998353
227	147	0.99981
399	299	0.998566
217	110	0.99977
271	172	0.999557
496	428	0.999405
416	406	0.998148
424	291	0.998503
398	207	0.998984
386	114	0.999127
425	197	0.998451
153	143	0.998422
181	44	0.998949
393	213	0.99949
156	36	0.998786
486	98	0.99848
425	308	0.999981
290	46	0.998847
313	181	0.998938
201	123	0.998901
52	31	0.999889
144	83	0.998936
410	324	0.99981
67	15	0.99949
308	195	0.998882
149	93	0.998916
434	157	0.998859
52	31	0.99934
459	145	0.998815
433	314	0.999407
433	103	0.999116
68	61	0.998708
473	183	0.9982
234	47	0.999835
270	214	0.998125
290	195	0.998834
162	50	0.998324
133	121	0.998796
322	61	0.999647
235	125	0.998096
494	271	0.99982
248	160	0.998577
145	30	0.999286
114	88	0.999457
126	77	0.998246
425	181	0.999973
110	34	0.999311
307	243	0.998183
496	74	0.99972
73	34	0.999202
202	29	0.998867
359	60	0.998211
476	171	0.999008
119	90	0.999331
475	69	0.9986
361	272	0.999154
376	352	0.998654
317	45	0.999549
198	87	0.99924
281	100	0.999944
130	61	0.999741
414	171	0.998585
299	227	0.999816
497	89	0.999471
108	28	0.998537
341	255	0.99939
272	271	0.999246
403	215	0.999099
406	192	0.998579
273	220	0.999461
210	111	0.999716
451	122	0.999898
144	38	0.998137
130	27	0.998709
363	335	0.998755
313	246	0.999212
123	117	0.999455
299	137	0.999551
96	41	0.998244
370	236	0.999206
350	307	0.999653
187	184	0.998577
396	69	0.999994
118	26	0.999724
443	420	0.998928
60	59	0.998594
163	133	0.998593
123	89	0.998326
332	238	0.999016
444	255	0.999977
196	179	0.999952
66	23	0.999135
299	265	0.998261
73	27	0.999737
113	45	0.998204
377	48	0.999563
123	37	0.998639
297	271	0.999783
103	77	0.999118
61	22	0.998248
434	138	0.998746
426	42	0.998106
52	12	0.999916
79	23	0.999179
438	171	0.999175
417	242	0.998202
415	284	0.998637
126	31	0.998554
485	227	0.999304
377	58	0.999666
133	34	0.999122
108	19	0.998742
128	66	0.998581
413	186	0.998527
417	148	0.998238
51	32	0.999607
473	225	0.998351
443	420	0.998926
124	69	0.999706
448	262	0.999507
75	20	0.998985
194	126	0.998503
216	208	0.999599
143	122	0.999116
317	128	0.998849
185	84	0.998665
112	95	0.998539
494	185	0.998796
55	18	0.998278
114	45	0.998893
449	177	0.999482
468	50	0.998985
91	41	0.999139
425	354	0.999495
463	197	0.999578
287	200	0.999948
296	199	0.99861
292	219	0.998535
179	178	0.998372
297	239	0.9992
419	174	0.998773
218	24	0.999405
71	66	0.999641
294	58	0.999952
67	21	0.998575
258	184	0.999551
333	208	0.999336
246	158	0.998506
464	193	0.999223
397	106	0.998401
100	88	0.999904
327	224	0.998821
207	183	0.998957
82	61	0.999131
167	155	0.998882
112	44	0.998543
210	72	0.999331
399	179	0.998993
367	349	0.999108
79	73	0.998993
151	80	0.998284
81	23	0.99869
215	186	0.999676
420	231	0.999252
483	446	0.998351
74	17	0.998495
309	275	0.998181
279	273	0.999551
454	197	0.998991
102	20	0.999191
368	250	0.998744
443	67	0.99953
120	11	0.999168
188	119	0.998282
194	93	0.998777
431	225	0.999985
200	89	0.99911
196	166	0.998859
494	236	0.999252
314	179	0.999847
316	65	0.998918
460	69	0.999451
77	16	0.999294
458	404	0.999269
274	158	0.999881
311	203	0.99967
435	170	0.999687
483	184	0.999879
277	149	0.998581
355	39	0.998763
88	64	0.999518
199	150	0.999831
379	319	0.999258
352	292	0.998386
116	99	0.99828
160	22	0.998688
425	269	0.998334
314	87	0.998359
330	99	0.998368
452	340	0.998252
265	240	0.998593
279	179	0.999039
190	19	0.999143
268	41	0.999482
349	301	0.9988
266	116	0.998773
100	56	0.999091
402	175	0.998185
471	257	0.999398
403	131	0.998114
321	44	0.998863
146	61	0.998566
154	33	0.999154
116	42	0.999597
129	122	0.998882
399	58	0.998533
175	122	0.998708
113	77	0.998422
170	89	0.998616
492	311	0.999662
409	127	0.998955
479	318	0.998255
376	71	0.999664
274	36	0.998577
448	274	0.998985
472	136	0.998351
463	250	0.998294
153	86	0.999603
450	73	0.999043
284	137	0.999363
187	119	0.998524
220	116	0.998907
200	118	0.999125
120	113	0.998918
115	83	0.999578
294	79	0.999221
388	124	0.998867
282	115	0.999421
444	136	0.999528
229	98	0.998114
233	81	0.999724
120	15	0.998328
90	12	0.998949
330	61	0.999511
408	123	0.99898
112	83	0.998748
196	87	0.999369
207	130	0.999129
230	71	0.998759
233	54	0.999988
150	85	0.999039
482	55	0.999917
153	84	0.999733
173	53	0.999929
354	187	0.999348
186	184	0.999883
257	239	0.999925
307	116	0.998089
335	148	0.998828
89	12	0.998974
101	24	0.999729
143	65	0.998238
484	187	0.99811
355	338	0.998204
347	49	0.999843
153	25	0.999868
475	244	0.998284
488	369	0.999651
321	264	0.999229
339	82	0.999308
107	94	0.99982
421	279	0.999185
161	103	0.998098
195	116	0.999831
347	277	0.999948
370	41	0.998817
198	188	0.999929
228	157	0.999143
117	115	0.998286
412	79	0.999482
365	40	0.998614
95	12	0.998449
69	51	0.998094
473	61	0.99903
106	18	0.998336
282	79	0.999545
299	70	0.999664
390	232	0.999497
322	187	0.998548
222	86	0.999465
327	242	0.999415
219	143	0.999503
448	196	0.998253
386	257	0.999166
199	32	0.999039
54	41	0.999952
274	193	0.999946
372	80	0.999515
354	119	0.99889
118	17	0.998585
181	38	0.9991
117	36	0.998813
242	181	0.998895
368	343	0.999756
133	95	0.998648
419	295	0.999177
157	136	0.999777
364	179	0.999941
93	18	0.999812
170	74	0.998334
119	101	0.999856
369	274	0.998987
189	32	0.999551
75	49	0.999175
336	254	0.999091
302	193	0.999444
231	55	0.99848
93	36	0.999829
162	108	0.99903
257	204	0.998834
142	60	0.998982
118	108	0.999981
346	339	0.99971
361	313	0.998229
282	49	0.998434
155	119	0.999449
80	23	0.998299
279	235	0.998859
416	221	0.998729
421	153	0.999054
434	379	0.99911
114	66	0.998943
496	455	0.998997
225	124	0.999183
382	52	0.999369
135	80	0.998378
427	258	0.998621
194	99	0.998859
62	13	0.999706
492	115	0.999818
470	272	0.999252
368	335	0.999417
144	20	0.998545
298	117	0.999944
282	71	0.999551
363	333	0.998723
391	329	0.998457
273	39	0.99843
163	153	0.998345
421	303	0.998742
271	27	0.999217
375	332	0.999795
353	326	0.998627
465	418	0.999908
294	27	0.998533
147	119	0.998972
476	222	0.999896
403	360	0.998447
345	147	0.999469
389	64	0.998411
310	307	0.998817
253	213	0.999645
431	119	0.999179
91	62	0.998269
167	130	0.999169
427	236	0.999448
117	33	0.999003
114	101	0.9986
433	180	0.998895
444	436	0.999641
59	24	0.998462
96	25	0.999051
288	160	0.999962
122	25	0.999446
192	87	0.999122
274	150	0.998899
350	52	0.999396
356	198	0.999008
190	121	0.999248
256	120	0.998999
264	233	0.998882
398	93	0.998677
394	205	0.998244
314	137	0.999942
403	79	0.999513
110	35	0.999357
211	122	0.998782
361	280	0.998757
188	19	0.999001
265	187	0.998357
177	19	0.998541
288	51	0.999639
61	11	0.999875
292	266	0.999766
374	171	0.999691
328	223	0.998252
149	17	0.999497
262	36	0.999087
249	96	0.999772
330	167	0.998778
314	143	0.999983
365	191	0.99996
209	115	0.998794
237	156	0.998543
92	41	0.999169
458	293	0.999233
137	116	0.998686
272	110	0.999231
303	98	0.998315
283	59	0.998326
325	127	0.999576
470	284	0.999802
72	56	0.9992
351	138	0.999747
58	54	0.999419
153	99	0.998723
467	411	0.998652
219	112	0.999958
354	50	0.999129
295	47	0.99952
271	147	0.998524
461	291	0.999522
453	214	0.998403
247	36	0.999384
302	111	0.998962
260	215	0.999933
52	37	0.999712
164	91	0.998129
406	383	0.998738
144	28	0.999904
213	201	0.998849
248	231	0.999306
189	69	0.999589
450	120	0.999745
452	249	0.999697
59	14	0.999365
318	110	0.998734
426	291	0.999545
319	142	0.998114
272	164	0.999891
430	314	0.998307
115	105	0.998428
177	129	0.998227
200	114	0.999311
418	116	0.998391
296	264	0.99893
411	245	0.999156
293	186	0.999392
199	66	0.998466
443	70	0.998397
296	71	0.999444
187	139	0.999745
156	73	0.998083
405	100	0.998686
420	117	0.998225
241	116	0.998219
343	202	0.999022
391	234	0.999804
276	153	0.999672
445	237	0.999883
389	289	0.999313
436	127	0.999344
254	208	0.998865
376	347	0.998499
367	333	0.998152
291	109	0.998407
347	234	0.998918
447	119	0.998987
237	200	0.998644
494	55	0.998483
132	99	0.999689
202	108	0.998583
350	319	0.9981
238	176	0.999983
52	18	0.999612
453	61	0.9991
476	276	0.999162
425	263	0.999601
455	440	0.998719
227	40	0.998834
119	29	0.99991
460	44	0.999612
441	83	0.998809
471	92	0.998338
311	234	0.999315
481	466	0.998893
73	72	0.998284
123	92	0.999256
69	68	0.999653
425	269	0.999839
357	247	0.999187
492	398	0.998353
65	47	0.998388
179	122	0.999118
263	212	0.998537
499	266	0.999196
440	90	0.999413
57	40	0.998158
50	24	0.999789
468	128	0.998142
387	367	0.99958
471	206	0.998273
381	44	0.999829
227	208	0.998995
349	247	0.998437
402	60	0.99991
182	51	0.998129
343	96	0.998964
498	255	0.998129
251	128	0.999614
437	182	0.999219
190	79	0.999334
170	98	0.999143
278	242	0.998945
336	172	0.998338
245	61	0.99875
389	324	0.998311
367	53	0.999682
242	93	0.999758
280	215	0.998311
478	115	0.998759
299	82	0.999365
266	187	0.998859
146	53	0.9988
192	112	0.999751
140	137	0.998259
123	38	0.99843
494	136	0.998087
52	18	0.999139
385	298	0.998782
306	153	0.999854
120	37	0.99811
263	188	0.999263
128	106	0.999563
459	339	0.999944
200	180	0.999181
176	165	0.998508
376	340	0.998344
106	27	0.999841
270	264	0.998144
242	27	0.999935
433	236	0.999405
390	246	0.998717
88	10	0.999718
263	114	0.998698
282	214	0.99935
332	71	0.999162
402	137	0.999254
158	95	0.999014
355	162	0.999758
474	154	0.998763
396	176	0.999641
313	34	0.999054
110	11	0.999192
308	182	0.999965
155	153	0.999875
309	164	0.999739
100	45	0.999112
207	126	0.999935
148	14	0.999785
281	234	0.99935
219	43	0.998947
333	88	0.999125
464	131	0.99838
231	134	0.998474
336	203	0.999578
493	93	0.99972
346	209	0.999785
491	159	0.998361
167	83	0.99887
422	410	0.998085
110	59	0.99888
416	67	0.998185
172	22	0.999003
401	105	0.999674
241	235	0.998221
200	87	0.999229
147	89	0.999898
398	91	0.999611
476	237	0.998125
60	14	0.999635
277	235	0.998171
247	53	0.99903
117	70	0.999432
175	161	0.999417
417	80	0.998562
141	105	0.998796
492	156	0.99906
259	201	0.998874
466	408	0.998455
140	56	0.999524
292	64	0.999239
50	20	0.998096
417	348	0.999394
205	28	0.999415
269	28	0.999438
118	65	0.998271
456	228	0.999737
343	250	0.999701
489	420	0.998119
250	240	0.999962
376	38	0.998775
414	76	0.999566
81	59	0.998137
410	335	0.998832
123	106	0.998363
125	92	0.998627
225	221	0.998882
181	105	0.999298
240	78	0.99943
201	67	0.999306
351	53	0.999494
256	77	0.999494
92	21	0.999916
182	40	0.998211
128	127	0.998303
102	24	0.99925
