4500
77	10	0.999059
85	13	0.999991
497	93	0.999353
488	223	0.999475
66	11	0.999072
187	77	0.999321
367	149	0.999097
276	150	0.999725
306	209	0.999523
469	85	0.999293
388	300	0.999121
462	351	0.999625
156	77	0.999767
297	60	0.999638
278	145	0.998918
246	197	0.999915
352	36	0.999241
330	65	0.999469
463	71	0.999476
425	77	0.999586
295	231	0.998905
143	32	0.999583
190	32	0.999935
394	122	0.999435
376	252	0.998996
254	236	0.999974
268	107	0.998886
58	7	0.999192
477	334	0.999808
100	93	0.999673
118	10	0.999188
494	299	0.999445
77	64	0.99912
329	182	0.999597
370	188	0.999268
293	184	0.999382
442	175	0.999906
312	177	0.999078
88	66	0.999983
122	94	0.999524
401	111	0.999342
249	62	0.999728
348	33	0.998859
436	271	0.999072
273	218	0.999667
51	30	0.999131
171	123	0.998946
108	98	0.999376
137	108	0.998988
374	182	0.99926
340	61	0.999337
181	65	0.999499
280	45	0.999525
106	61	0.999059
225	77	0.999856
302	295	0.999607
187	102	0.999205
325	270	0.999908
411	220	0.999422
238	101	0.999804
458	300	0.999919
430	322	0.999715
412	82	0.999072
114	22	0.999192
309	117	0.99934
234	130	0.99937
437	306	0.999434
172	37	0.999646
363	280	0.999009
112	40	0.999854
451	370	0.99933
405	146	0.998907
184	113	0.999356
189	161	0.999095
276	73	0.999665
185	42	0.998878
136	52	0.999777
352	168	0.999196
129	18	0.999703
321	97	0.99986
424	220	0.999777
260	139	0.999292
138	76	0.999421
80	11	0.99888
196	170	0.999107
395	250	0.999377
272	177	0.999719
498	69	0.99975
198	79	0.999564
159	113	0.999774
294	290	0.998893
284	240	0.999654
136	17	0.999201
67	40	0.999514
230	216	0.998875
139	91	0.999904
270	259	0.999518
266	78	0.999191
365	293	0.99962
219	86	0.999283
278	251	0.999431
244	185	0.999144
93	89	0.99954
436	159	0.999866
316	299	0.998901
451	56	0.999104
360	249	0.99909
96	30	0.999921
334	288	0.999704
266	128	0.998897
170	158	0.999854
266	264	0.999043
424	292	0.999866
85	32	0.999313
361	223	0.999821
194	133	0.999022
231	70	0.999531
273	225	0.998999
236	195	0.999908
182	172	0.999292
394	323	0.999016
120	29	0.999957
65	39	0.999073
359	130	0.999809
453	279	0.999919
300	75	0.999991
414	70	0.999185
370	49	0.999079
340	214	0.999802
338	74	0.999792
183	34	0.999418
321	300	0.999941
67	16	0.999798
214	201	0.999768
60	50	0.999388
117	110	0.99983
140	124	0.999146
357	223	0.999945
440	331	0.999169
108	87	0.998881
157	117	0.999812
234	106	0.999681
276	193	0.999069
399	46	0.999205
74	19	0.999731
449	282	0.999847
328	267	0.999807
413	240	0.99928
84	35	0.999221
198	121	0.999623
234	172	0.999684
487	96	0.999175
197	23	0.999223
431	348	0.99935
476	400	0.999897
473	392	0.998889
408	266	0.999486
169	129	0.999583
164	48	0.999616
285	198	0.999106
491	73	0.99947
235	97	0.999735
357	244	0.999074
123	100	0.999265
307	82	0.99908
475	283	0.999767
69	58	0.99901
272	164	0.999445
394	296	0.999524
345	43	0.999482
415	260	0.99966
364	268	0.999911
88	60	0.999429
140	137	0.999942
418	201	0.999743
107	53	0.999607
461	78	0.999812
142	46	0.999203
87	82	0.999128
61	7	0.999774
70	45	0.998927
66	51	0.999461
214	179	0.99913
338	200	0.999258
455	293	0.999982
60	36	0.999538
112	30	0.999602
295	177	0.999376
230	84	0.998899
147	44	0.999131
85	31	0.999877
166	96	0.999726
152	118	0.999628
138	102	0.999718
406	233	0.999768
289	57	0.998905
150	131	0.999016
429	105	0.999558
294	154	0.999012
234	215	0.999759
404	95	0.999792
293	151	0.999363
52	9	0.999858
334	325	0.999253
108	71	0.999503
378	277	0.999212
298	179	0.999348
183	182	0.999673
179	84	0.999854
280	72	0.999638
489	143	0.999304
238	100	0.999355
269	242	0.99926
57	32	0.999563
342	332	0.998884
222	113	0.999453
90	87	0.998871
140	57	0.999038
491	127	0.999061
329	53	0.999611
104	76	0.999933
159	54	0.999968
357	179	0.999089
169	153	0.99982
229	84	0.999937
223	20	0.99979
197	20	0.999641
107	33	0.999341
187	174	0.998925
462	421	0.999341
183	152	0.999162
309	196	0.999426
492	154	0.999934
271	32	0.999056
492	420	0.999143
172	14	0.999558
429	411	0.999822
95	87	0.999275
351	51	0.999898
236	80	0.999697
209	79	0.999961
196	19	0.999647
281	62	0.999463
97	11	0.999757
377	164	0.999927
436	292	0.999742
251	71	0.999287
439	67	0.99977
178	66	0.999615
489	467	0.999922
322	253	0.999484
120	76	0.999328
479	453	0.999971
231	26	0.999715
181	34	0.999929
65	53	0.999506
151	21	0.999073
57	21	0.999534
99	44	0.999997
477	233	0.99926
51	17	0.999793
156	70	0.999179
458	307	0.999368
57	48	0.998997
432	90	0.999029
202	79	0.999707
309	118	0.999413
164	122	0.999882
286	154	0.9999
195	64	0.999567
129	44	0.999823
69	34	0.999934
486	67	0.999356
50	40	0.998901
321	159	0.998865
54	49	0.99891
407	255	0.99931
167	72	0.999151
288	189	0.99968
334	182	0.999786
150	27	0.999976
450	390	0.999381
194	38	0.998908
222	216	0.999888
376	373	0.999285
391	145	0.999889
133	33	0.999639
426	265	0.99956
185	89	0.999917
117	44	0.999857
448	99	0.99947
137	28	0.99899
336	70	0.999623
313	244	0.999716
82	66	0.998887
432	323	0.999898
369	167	0.999635
363	122	0.999388
420	398	0.999159
394	359	0.999567
416	166	0.999934
135	55	0.999877
270	216	0.999543
227	126	0.99929
99	60	0.999528
74	18	0.998878
258	144	0.999364
283	117	0.999927
101	61	0.998977
228	29	0.999475
242	48	0.998938
205	33	0.99941
397	314	0.999927
495	468	0.998934
359	49	0.999178
138	63	0.999881
383	246	0.999707
153	45	0.999511
225	180	0.999776
483	294	0.999348
378	237	0.99942
133	78	0.999406
342	149	0.999031
232	121	0.999862
117	96	0.999519
289	213	0.999396
96	27	0.999423
308	45	0.999341
307	123	0.999498
135	131	0.998977
387	34	0.999845
116	15	0.999034
202	186	0.999111
240	192	0.999241
497	161	0.999313
71	15	0.999524
270	29	0.999032
186	114	0.999146
101	50	0.998884
481	154	0.998943
99	34	0.999753
147	78	0.999418
165	71	0.999838
453	52	0.999376
414	344	0.999469
213	51	0.999536
266	72	0.99982
163	95	0.998975
82	49	0.999128
115	24	0.999151
294	72	0.9995
387	210	0.998879
264	85	0.999971
143	40	0.999199
183	17	0.99942
420	102	0.999633
150	131	0.999995
417	300	0.999711
94	50	0.999468
480	187	0.998864
279	253	0.998994
333	36	0.999659
338	311	0.999417
107	47	0.999184
267	31	0.999903
253	108	0.999146
431	179	0.999207
182	52	0.999476
62	18	0.999938
370	242	0.999542
184	73	0.99946
429	45	0.999761
316	168	0.999685
262	29	0.999933
328	276	0.999821
331	214	0.999301
376	180	0.999563
335	106	0.999148
273	27	0.998896
395	88	0.999087
247	96	0.999051
352	211	0.99945
474	124	0.99961
421	167	0.999855
342	133	0.998996
362	226	0.999101
338	105	0.998884
165	62	0.999474
452	233	0.999244
115	85	0.99972
83	81	0.999633
189	139	0.99971
497	180	0.999767
282	123	0.999869
268	137	0.999942
50	46	0.999637
82	14	0.999142
315	304	0.999268
402	278	0.999615
447	352	0.999669
392	211	0.998871
157	148	0.999958
285	223	0.998936
181	50	0.999358
460	444	0.999547
444	113	0.999687
400	74	0.999347
313	302	0.999283
385	74	0.999631
288	249	0.999989
66	12	0.999105
229	30	0.999949
395	284	0.999564
479	102	0.999605
460	142	0.999938
415	226	0.999549
227	179	0.999021
262	181	0.999064
192	132	0.998911
236	166	0.99954
373	326	0.999668
326	65	0.998964
394	343	0.999156
409	302	0.999705
414	391	0.99922
361	214	0.999728
232	34	0.999742
196	124	0.99916
358	333	0.998956
74	7	0.999217
327	232	0.99959
438	315	0.999275
334	166	0.999947
363	141	0.999041
287	246	0.999574
215	101	0.999691
410	275	0.9997
260	208	0.99904
160	140	0.999886
101	66	0.999399
364	257	0.999615
102	99	0.998982
468	256	0.999693
63	16	0.999467
353	94	0.999508
474	114	0.998951
432	130	0.998928
356	114	0.999893
390	254	0.999588
131	14	0.998946
140	64	0.999995
448	39	0.999773
496	493	0.999818
273	46	0.999145
272	176	0.998905
124	55	0.999728
299	145	0.999283
248	42	0.999614
103	9	0.999839
437	188	0.999938
223	171	0.999018
264	201	0.999864
330	122	0.99903
98	68	0.999019
271	115	0.998996
363	277	0.999417
164	133	0.999268
497	218	0.999903
334	72	0.999219
483	229	0.99975
74	41	0.99953
333	289	0.99941
381	247	0.999438
492	100	0.999197
284	131	0.999356
476	395	0.999952
102	73	0.998974
447	38	0.99967
449	97	0.999943
407	312	0.99934
50	24	0.999923
500	82	0.998997
222	189	0.999474
185	117	0.999692
485	190	0.999923
178	22	0.999752
135	79	0.99912
196	43	0.998879
374	239	0.999567
452	256	0.999945
418	318	0.999136
437	198	0.9998
82	31	0.999169
165	143	0.999235
399	46	0.999767
185	21	0.999535
250	93	0.999164
162	66	0.99888
56	51	0.99963
103	21	0.999086
325	70	0.99939
320	66	0.999365
188	137	0.999826
299	253	0.999729
136	14	0.999054
269	215	0.999265
377	347	0.999557
458	71	0.999542
333	319	0.99991
479	468	0.999459
386	229	0.999339
378	138	0.999111
460	164	0.999179
302	117	0.999736
373	311	0.998983
304	99	0.99971
67	21	0.999526
204	104	0.999539
179	141	0.999473
62	55	0.999099
96	32	0.999232
461	420	0.999097
374	286	0.999974
144	113	0.999038
260	153	0.999758
358	294	0.999632
322	93	0.999362
398	242	0.999014
76	34	0.999672
330	168	0.999571
306	143	0.999546
316	187	0.999536
176	80	0.998969
299	63	0.999411
484	345	0.998989
394	108	0.998988
256	137	0.998962
438	118	0.999396
414	392	0.999911
362	78	0.999089
288	52	0.999781
64	46	0.999468
144	92	0.999477
76	32	0.99897
108	86	0.999306
227	75	0.998951
148	121	0.999576
424	73	0.999358
283	278	0.999543
217	53	0.999838
262	175	0.999323
185	165	0.999664
213	164	0.999184
190	189	0.999639
143	94	0.999719
90	57	0.999705
63	47	0.998944
286	244	0.999105
347	143	0.999358
177	173	0.999993
419	191	0.999394
223	97	0.999302
81	35	0.999518
126	26	0.999241
329	142	0.999342
197	176	0.999546
459	230	0.999856
95	37	0.999603
409	177	0.999159
193	41	0.99903
263	110	0.999201
437	92	0.998999
445	43	0.999541
54	12	0.999453
413	409	0.998873
176	171	0.999586
499	459	0.999792
79	51	0.999984
198	49	0.998917
473	438	0.998887
311	134	0.999556
117	68	0.999538
173	141	0.999258
224	87	0.999273
113	17	0.999159
87	48	0.999018
118	115	0.999163
254	223	0.999276
323	180	0.998975
410	195	0.999388
414	278	0.999536
283	81	0.998932
465	383	0.998889
210	187	0.999055
174	23	0.999953
259	138	0.999631
418	43	0.999969
243	180	0.998863
157	21	0.999829
253	121	0.999258
172	101	0.999986
282	271	0.999556
207	86	0.99951
165	67	0.999894
359	60	0.999649
108	97	0.999679
273	154	0.999896
488	167	0.998961
108	33	0.999449
411	47	0.999868
432	169	0.999709
201	118	0.999707
50	6	0.999385
247	125	0.999979
268	251	0.999239
340	68	0.999665
112	46	0.999583
141	131	0.999785
301	223	0.999519
62	33	0.999699
243	25	0.999596
138	133	0.999953
240	32	0.999467
280	180	0.999024
421	396	0.999242
464	178	0.99999
197	75	0.999608
330	301	0.999235
102	45	0.999162
230	205	0.999662
326	35	0.999547
110	53	0.999644
69	61	0.999105
79	45	0.999833
473	246	0.998902
352	224	0.999223
312	226	0.999099
341	137	0.999735
292	236	0.999842
445	175	0.99975
56	49	0.999751
105	93	0.999953
358	231	0.99939
348	241	0.999762
189	72	0.999539
106	80	0.999245
477	332	0.999951
50	38	0.999989
498	398	0.999831
432	197	0.99916
319	242	0.999756
184	74	0.999685
260	71	0.999633
189	161	0.999482
118	69	0.998993
253	170	0.999301
111	44	0.999599
431	302	0.999637
67	17	0.999087
464	273	0.999495
309	30	0.999555
207	55	0.999322
321	276	0.999563
188	55	0.999434
454	271	0.999089
277	94	0.999113
280	254	0.999997
55	41	0.99909
321	204	0.999568
466	306	0.998895
322	174	0.999058
496	217	0.999425
487	116	0.999385
282	248	0.99922
100	49	0.998927
138	62	0.999304
70	34	0.999594
169	154	0.999961
51	6	0.999353
259	107	0.999842
222	66	0.999235
308	296	0.998863
239	208	0.999099
66	42	0.999101
373	314	0.999506
236	36	0.999645
485	164	0.999823
454	193	0.999298
498	463	0.999605
120	107	0.999931
131	28	0.999019
211	98	0.999735
211	133	0.99986
104	21	0.999979
145	84	0.999705
105	50	0.99976
490	144	0.99915
457	360	0.99982
193	107	0.998958
296	271	0.998985
182	67	0.999184
180	34	0.99996
160	74	0.999588
180	113	0.999317
381	359	0.999041
195	189	0.999694
295	164	0.999565
274	219	0.999871
169	24	0.999378
166	37	0.999963
85	47	0.998911
119	20	0.999414
123	66	0.999276
389	243	0.999895
347	269	0.998927
449	374	0.999289
207	167	0.998872
250	201	0.99896
261	149	0.999403
328	147	0.998984
319	71	0.999712
114	65	0.99983
210	42	0.998952
163	21	0.999371
381	240	0.999144
347	277	0.999388
345	73	0.999284
267	186	0.999291
496	161	0.999847
360	140	0.999365
423	384	0.99903
175	39	0.999701
86	65	0.999983
82	44	0.999269
271	72	0.999114
86	36	0.999524
69	56	0.998864
193	31	0.999171
350	303	0.999103
356	278	0.999502
115	66	0.998978
116	99	0.999641
452	157	0.999712
96	31	0.999244
229	99	0.999665
81	63	0.999266
402	80	0.999329
263	63	0.999009
372	266	0.999556
367	138	0.999255
58	31	0.999986
301	246	0.998873
276	154	0.99911
449	256	0.999108
345	227	0.999248
344	104	0.999936
78	36	0.999284
448	73	0.999974
380	157	0.999611
470	96	0.998972
253	28	0.99936
358	117	0.999434
477	442	0.999331
254	33	0.999528
307	146	0.998897
480	369	0.999176
468	242	0.999427
386	322	0.99917
496	361	0.999677
403	233	0.999951
166	56	0.999195
352	295	0.999379
193	101	0.999449
498	239	0.99896
305	214	0.998905
73	6	0.999589
281	275	0.99957
406	89	0.999412
454	153	0.999776
118	53	0.999403
55	36	0.99939
300	239	0.999
98	97	0.999244
302	104	0.999356
155	88	0.999226
254	156	0.999514
245	151	0.99918
198	104	0.999376
103	17	0.999602
255	179	0.999061
465	208	0.99909
302	78	0.998931
293	141	0.999721
354	157	0.999253
391	54	0.999686
268	71	0.999454
224	27	0.998886
83	22	0.999119
161	131	0.999053
428	150	0.998912
50	43	0.999832
226	178	0.999563
243	78	0.999301
80	76	0.999389
353	248	0.999098
365	196	0.99888
332	189	0.999592
51	9	0.999822
166	38	0.999563
81	55	0.999223
285	83	0.999499
436	425	0.999502
54	32	0.999592
451	159	0.998909
499	210	0.999815
182	155	0.999113
242	204	0.999957
213	77	0.999136
435	251	0.999449
206	175	0.999822
238	68	0.999022
437	401	0.999838
332	259	0.999273
442	300	0.999955
456	51	0.9995
224	180	0.999997
477	395	0.999293
240	127	0.999269
473	420	0.999427
60	27	0.999307
396	247	0.999374
74	56	0.99985
402	249	0.999248
280	97	0.999739
89	79	0.999675
81	79	0.999249
111	51	0.998862
420	307	0.998961
411	113	0.998886
151	137	0.999876
175	148	0.999236
151	113	0.999048
397	146	0.999981
341	221	0.999083
445	143	0.999597
160	89	0.999509
326	282	0.999437
305	66	0.999349
267	138	0.999812
104	79	0.999784
321	83	0.999264
473	207	0.999023
486	120	0.999874
437	329	0.999114
325	189	0.999193
125	42	0.999229
53	21	0.999607
102	80	0.999897
389	152	0.999848
257	49	0.999291
492	119	0.998927
114	83	0.999535
394	224	0.998965
191	24	0.999737
403	267	0.999633
341	90	0.998925
206	28	0.999402
198	109	0.999163
303	103	0.999679
312	222	0.999572
464	72	0.999486
203	45	0.999016
272	118	0.999975
222	54	0.999922
221	112	0.999346
482	299	0.999012
347	188	0.999277
89	8	0.999309
87	7	0.99908
477	455	0.999332
251	228	0.999745
297	138	0.999631
140	83	0.999361
326	90	0.999692
487	268	0.999486
135	116	0.999276
211	196	0.999677
303	31	0.999631
463	214	0.999817
141	71	0.999427
226	66	0.999919
231	47	0.999914
475	158	0.999316
217	67	0.999953
466	45	0.999116
273	187	0.998894
84	58	0.999499
305	256	0.999872
120	86	0.998887
120	49	0.999749
88	52	0.999773
124	73	0.99903
234	20	0.999053
365	178	0.999792
134	86	0.99947
140	98	0.998899
121	93	0.999357
154	80	0.999106
411	142	0.999082
264	83	0.999477
458	226	0.999874
92	69	0.999908
445	217	0.999587
242	196	0.999152
379	372	0.999297
257	202	0.999854
153	47	0.999409
402	138	0.999202
110	70	0.999784
224	107	0.999477
451	125	0.999725
185	79	0.999616
129	94	0.999911
273	25	0.999419
243	179	0.999497
240	33	0.999425
135	19	0.999023
66	32	0.999858
127	42	0.999629
370	334	0.999587
304	299	0.99896
52	9	0.999862
77	61	0.999361
396	154	0.999402
485	376	0.999596
201	66	0.998865
250	170	0.999459
394	32	0.999459
255	242	0.999826
415	381	0.99951
424	209	0.999372
214	34	0.999365
312	180	0.999942
454	170	0.999252
334	199	0.999794
117	28	0.999406
278	132	0.999868
230	217	0.999344
447	413	0.999778
218	75	0.999774
88	61	0.999786
429	411	0.998863
56	46	0.99995
426	288	0.999427
95	22	0.999934
132	13	0.999463
62	54	0.999974
222	76	0.999925
271	221	0.999258
237	97	0.999492
464	260	0.999953
102	92	0.999146
468	264	0.999059
424	315	0.9998
250	70	0.999649
85	29	0.998982
113	18	0.999815
463	97	0.999018
277	226	0.999966
360	328	0.999629
50	20	0.999534
298	259	0.999348
453	244	0.999227
330	137	0.999161
191	169	0.999376
381	138	0.999051
479	115	0.999965
222	187	0.99953
90	64	0.999615
57	25	0.998923
146	131	0.999435
231	44	0.999263
415	133	0.999029
496	94	0.999732
482	471	0.999863
289	33	0.999731
69	45	0.998931
203	46	0.999484
242	72	0.998924
81	18	0.998884
266	191	0.999997
132	122	0.999812
234	165	0.999807
310	298	0.999976
475	426	0.999856
320	209	0.999108
423	421	0.999694
244	181	0.999091
87	25	0.999435
164	85	0.999241
266	38	0.999077
238	66	0.999831
326	140	0.999697
231	41	0.999619
369	193	0.99995
463	192	0.999539
256	216	0.999908
139	27	0.999823
199	137	0.998909
65	59	0.999397
122	80	0.999352
416	64	0.999299
148	145	0.999032
397	315	0.99931
470	300	0.99963
273	115	0.998983
322	321	0.998972
460	396	0.999207
452	415	0.999411
119	18	0.999966
490	489	0.999917
243	179	0.999235
427	91	0.999089
305	201	0.998945
344	43	0.999294
380	244	0.999162
71	11	0.999756
99	87	0.999681
196	174	0.999549
310	298	0.999826
432	76	0.999799
418	309	0.99942
286	82	0.999699
434	283	0.99951
176	45	0.999789
446	400	0.999895
437	384	0.999816
393	40	0.999564
473	403	0.99939
152	134	0.999772
230	191	0.999202
472	209	0.999918
443	259	0.99939
68	57	0.999089
95	59	0.999858
360	81	0.999399
91	38	0.999356
275	241	0.999559
339	66	0.99974
212	100	0.999265
57	26	0.999818
194	96	0.999323
470	226	0.999683
143	112	0.999309
169	112	0.999187
287	261	0.999837
382	360	0.999235
420	350	0.999995
484	397	0.999757
205	123	0.999462
348	196	0.998996
458	380	0.999423
241	41	0.999567
323	312	0.999361
124	84	0.998934
263	66	0.999312
256	147	0.999361
405	247	0.998952
453	293	0.999252
70	48	0.998992
168	49	0.999291
387	50	0.999845
171	91	0.99987
102	64	0.999833
443	353	0.999122
347	297	0.999216
390	359	0.999263
143	97	0.999499
94	59	0.999512
462	160	0.999813
89	21	0.999905
435	411	0.999192
301	57	0.999151
377	82	0.998993
158	26	0.998872
126	106	0.998879
161	38	0.999671
202	81	0.999613
480	180	0.999532
123	85	0.999897
333	235	0.999669
100	78	0.999417
204	116	0.999726
294	67	0.999688
434	180	0.999995
112	11	0.99997
93	85	0.999485
255	213	0.999459
172	27	0.999017
328	133	0.999106
242	215	0.999766
55	47	0.999185
222	76	0.999834
434	152	0.999434
157	79	0.999689
296	269	0.999502
318	94	0.999096
128	61	0.999487
305	68	0.99954
388	103	0.999293
213	197	0.999781
426	153	0.999063
310	122	0.99891
324	294	0.998915
265	97	0.999
263	145	0.999194
177	106	0.998985
106	44	0.999259
99	76	0.999128
246	229	0.998923
407	40	0.998869
304	280	0.999757
345	129	0.999473
264	167	0.999309
377	329	0.999152
176	137	0.999625
76	7	0.999568
493	479	0.999668
168	59	0.99934
94	60	0.999012
257	224	0.999782
100	76	0.999542
172	117	0.999402
274	191	0.999439
165	100	0.998935
231	205	0.999705
169	134	0.999987
131	30	0.999374
331	28	0.999102
81	50	0.999762
445	327	0.999753
289	164	0.999257
446	262	0.999806
70	48	0.999081
300	71	0.999289
322	138	0.998875
204	23	0.999849
345	30	0.999183
282	75	0.999695
199	174	0.999649
170	37	0.99936
497	62	0.999196
96	57	0.999102
416	326	0.999828
272	260	0.998938
489	200	0.999376
340	215	0.999394
110	98	0.999778
83	77	0.999265
380	114	0.999154
126	99	0.998931
223	141	0.999403
314	305	0.999429
125	79	0.999347
78	48	0.999928
207	61	0.999999
318	204	0.999743
333	40	0.999221
404	276	0.999063
274	168	0.999235
300	266	0.998887
275	270	0.999099
102	20	0.999235
137	101	0.998905
376	107	0.999026
335	106	0.998888
99	90	0.999127
307	194	0.999309
296	249	0.999281
201	56	0.999402
488	457	0.999425
238	138	0.999857
489	139	0.999158
222	186	0.999889
81	70	0.999399
270	129	0.998912
366	131	0.999234
110	98	0.999323
482	349	0.999898
269	267	0.999507
90	23	0.99911
294	188	0.999536
465	433	0.999002
126	104	0.999073
228	153	0.999557
79	8	0.99946
427	119	0.999405
95	73	0.999531
289	188	0.999399
456	43	0.999905
253	139	0.999623
129	87	0.999429
287	246	0.999058
435	354	0.999361
86	19	0.999734
169	86	0.999384
390	98	0.999889
495	142	0.999681
165	131	0.998989
68	64	0.999425
161	19	0.999554
322	273	0.999767
279	149	0.9998
463	374	0.999848
218	192	0.998905
410	163	0.998967
96	43	0.998943
162	24	0.999382
469	393	0.999493
195	59	0.999398
411	188	0.99986
287	210	0.998934
239	87	0.998976
71	52	0.999056
412	188	0.999516
335	149	0.998951
448	445	0.999221
284	111	0.999268
105	39	0.999729
382	214	0.999873
266	41	0.999559
327	85	0.999985
314	30	0.99945
439	61	0.999276
74	58	0.999595
370	330	0.999108
463	111	0.999858
470	87	0.99915
80	63	0.999008
411	340	0.999649
422	198	0.999999
204	82	0.999957
182	166	0.999747
182	150	0.999211
73	49	0.999689
230	179	0.999528
383	154	0.999832
268	114	0.999931
475	214	0.999856
195	154	0.999272
414	151	0.998867
50	10	0.999215
291	219	0.999384
497	314	0.999031
207	46	0.998862
420	98	0.999953
390	105	0.999516
423	79	0.999065
427	387	0.999183
276	148	0.999825
147	51	0.999639
371	270	0.999631
354	186	0.999042
234	72	0.999085
269	251	0.999719
468	150	0.99941
102	43	0.999293
470	348	0.999982
349	75	0.999724
273	245	0.999531
450	59	0.999037
83	54	0.998996
113	83	0.998902
484	266	0.99993
221	58	0.999693
487	167	0.999116
456	198	0.999633
266	137	0.999549
141	107	0.999987
56	29	0.999223
371	240	0.999592
470	100	0.999369
316	187	0.999025
493	230	0.999685
151	97	0.999944
309	211	0.998952
106	87	0.999519
270	120	0.998997
50	23	0.999572
318	88	0.999583
60	21	0.999347
480	119	0.999804
500	367	0.999748
218	121	0.999871
349	339	0.999025
271	196	0.999712
106	62	0.998931
387	172	0.998926
143	52	0.998913
112	42	0.999574
463	249	0.999748
57	26	0.999868
255	73	0.999289
59	42	0.998867
160	27	0.999088
125	28	0.999675
470	461	0.999715
132	18	0.99905
318	309	0.999578
107	59	0.998885
94	74	0.999384
338	232	0.999204
110	10	0.999012
422	374	0.999671
496	229	0.999017
117	96	0.999318
464	378	0.999328
261	74	0.999558
366	122	0.999578
421	102	0.999447
228	109	0.999287
346	87	0.999997
427	92	0.99892
290	73	0.998936
485	306	0.999155
181	104	0.999961
395	39	0.99975
101	74	0.998868
244	147	0.998969
343	114	0.999832
409	345	0.999591
63	27	0.999967
377	321	0.999436
334	149	0.999276
364	141	0.999543
179	41	0.999656
172	106	0.998999
374	81	0.999391
229	110	0.999758
161	101	0.999115
211	182	0.999086
464	151	0.999205
191	70	0.999563
407	232	0.999057
54	21	0.999459
429	88	0.99945
397	154	0.999437
89	15	0.99897
210	197	0.999635
320	235	0.999693
346	324	0.999885
460	292	0.999321
188	163	0.999692
426	113	0.999067
436	274	0.999205
254	32	0.998986
300	294	0.998966
193	176	0.999837
310	163	0.999352
408	98	0.999499
272	144	0.999842
200	93	0.999567
58	18	0.998965
429	100	0.999298
307	50	0.999095
439	377	0.99959
362	238	0.999454
50	14	0.999686
361	235	0.999639
465	112	0.999528
469	73	0.999775
247	187	0.999073
327	286	0.999296
437	255	0.999724
310	162	0.999509
482	426	0.999267
104	76	0.999208
229	196	0.999065
129	27	0.999939
462	441	0.999882
139	84	0.999947
77	56	0.999949
294	28	0.999397
373	180	0.999914
183	97	0.999067
88	85	0.999802
389	250	0.999032
384	206	0.999614
182	73	0.999024
368	239	0.998868
261	194	0.99915
57	48	0.999901
267	73	0.998959
313	257	0.999033
334	27	0.999808
278	71	0.999974
183	20	0.999772
297	34	0.99886
157	83	0.999807
261	143	0.998886
168	143	0.999728
406	182	0.999475
210	86	0.999401
299	287	0.999305
479	56	0.999247
124	15	0.998875
460	89	0.999664
188	107	0.999024
470	442	0.999407
287	139	0.998957
442	196	0.998959
73	61	0.999029
498	186	0.999331
360	334	0.999686
237	79	0.999049
77	34	0.999558
387	33	0.999447
361	100	0.999366
121	97	0.999806
108	65	0.999713
475	65	0.999927
77	50	0.999836
431	265	0.999105
196	55	0.999845
111	12	0.999705
324	312	0.998959
264	87	0.999315
203	194	0.998968
267	39	0.999982
349	157	0.999097
116	79	0.998992
482	479	0.999898
282	77	0.999074
139	74	0.999477
382	353	0.999026
108	101	0.999235
370	190	0.999619
357	305	0.999982
278	84	0.998937
309	62	0.999388
52	45	0.999567
251	117	0.999581
378	310	0.999514
424	154	0.999769
159	150	0.999276
97	41	0.998909
289	99	0.999767
261	151	0.999974
237	80	0.999423
207	112	0.998937
194	40	0.999305
227	122	0.999872
365	329	0.999757
431	190	0.999031
297	152	0.999284
336	136	0.99897
169	62	0.998908
155	143	0.999615
98	94	0.999846
169	33	0.999019
103	87	0.999349
227	144	0.999264
496	494	0.999749
70	43	0.999736
110	36	0.999269
463	73	0.999663
367	35	0.999298
382	371	0.999404
291	180	0.999152
79	71	0.999465
368	307	0.999231
142	45	0.999832
351	302	0.999778
209	28	0.999491
128	12	0.999217
415	120	0.998981
70	19	0.999909
223	198	0.999315
177	119	0.999663
312	104	0.999398
222	37	0.999564
161	78	0.999004
393	266	0.999212
223	108	0.999363
250	128	0.999539
267	154	0.99986
408	377	0.999239
451	159	0.999233
202	79	0.999087
380	128	0.999273
142	73	0.999379
338	259	0.99975
352	171	0.999786
57	41	0.999369
50	32	0.999673
130	72	0.999377
149	95	0.998921
93	60	0.999315
334	123	0.999702
369	103	0.999467
319	301	0.999876
204	105	0.99991
158	65	0.999918
146	43	0.999228
269	99	0.999024
319	100	0.999071
482	220	0.999704
317	129	0.999926
52	25	0.999034
290	192	0.999886
145	105	0.999781
378	85	0.999783
470	455	0.999534
382	149	0.999903
123	53	0.999533
293	204	0.999374
444	405	0.999288
272	189	0.999555
193	69	0.999064
339	77	0.998861
283	64	0.999993
391	279	0.999549
390	283	0.999444
410	143	0.999876
70	19	0.999765
154	149	0.999849
274	271	0.998911
271	210	0.999574
368	348	0.999793
451	247	0.99943
359	240	0.999748
137	24	0.999871
335	213	0.999069
448	363	0.999676
242	224	0.999119
417	122	0.999926
77	57	0.999684
330	156	0.999686
360	54	0.999316
247	59	0.999027
407	137	0.999156
405	217	0.998871
458	127	0.999445
104	40	0.998946
480	174	0.999925
134	45	0.999802
147	14	0.999168
493	143	0.99981
495	343	0.999695
264	128	0.999826
488	299	0.999853
89	11	0.999249
398	220	0.999524
214	181	0.999751
69	62	0.998892
320	311	0.999769
334	316	0.999815
327	157	0.999639
357	144	0.999213
69	63	0.999493
318	64	0.998925
465	277	0.999949
255	35	0.999366
348	342	0.999332
473	347	0.999224
113	42	0.998986
294	97	0.999984
107	47	0.99999
268	232	0.999643
161	48	0.99918
80	8	0.999578
306	303	0.999487
285	249	0.999892
193	86	0.999174
337	191	0.999879
260	220	0.999365
109	11	0.999433
289	65	0.999062
420	371	0.999021
217	182	0.999778
481	48	0.999849
50	21	0.998944
232	35	0.999764
180	58	0.999736
476	289	0.999322
252	164	0.999298
163	14	0.999481
88	63	0.999178
100	71	0.999097
311	70	0.999933
427	181	0.999436
161	159	0.999312
234	213	0.999231
167	106	0.999509
127	72	0.998973
251	47	0.998964
82	27	0.998989
447	88	0.999018
72	13	0.999978
128	84	0.999822
254	239	0.999793
443	232	0.999146
144	56	0.999218
261	133	0.999946
119	80	0.999651
129	51	0.999845
371	202	0.999628
198	119	0.999953
150	115	0.99945
108	102	0.998899
401	118	0.999618
304	250	0.999822
142	33	0.999781
54	38	0.999019
404	74	0.999073
145	12	0.998872
151	20	0.999049
86	85	0.999294
197	42	0.999612
447	428	0.999075
309	71	0.998886
261	35	0.999689
206	171	0.999783
409	237	0.99946
234	129	0.999668
165	129	0.999673
254	88	0.999247
73	35	0.999476
294	147	0.999637
187	40	0.998875
139	135	0.999868
444	367	0.999615
229	77	0.999113
350	298	0.999015
382	236	0.999905
446	251	0.999526
116	90	0.999741
269	163	0.999807
122	50	0.999217
290	206	0.999959
111	52	0.999064
169	21	0.999127
467	190	0.999444
450	197	0.998984
120	53	0.999077
179	76	0.999613
386	55	0.999429
316	119	0.999231
126	21	0.999957
225	126	0.999603
348	159	0.999531
244	229	0.999541
199	16	0.999797
371	310	0.999692
340	221	0.999438
453	354	0.999874
124	73	0.999889
369	87	0.999987
265	68	0.999444
464	114	0.999512
347	190	0.998887
54	30	0.999566
82	63	0.999038
497	368	0.999454
131	118	0.999347
214	105	0.998988
131	74	0.999373
318	112	0.99895
238	96	0.999352
350	257	0.999944
217	61	0.999371
389	214	0.999598
121	110	0.999208
334	77	0.999525
449	367	0.99966
140	12	0.999783
318	147	0.999976
439	334	0.999232
57	53	0.998877
174	18	0.999861
477	255	0.999799
429	375	0.999075
322	96	0.999176
473	112	0.999196
357	83	0.999027
148	109	0.999257
487	397	0.999402
95	69	0.999368
73	46	0.998863
225	217	0.999784
481	249	0.999782
358	75	0.999662
403	372	0.999549
450	46	0.998862
402	295	0.999557
386	323	0.99932
485	455	0.999587
438	263	0.999676
341	112	0.999707
391	245	0.999466
210	30	0.999071
289	261	0.998901
479	346	0.999977
176	49	0.999136
479	436	0.998957
258	223	0.998918
419	168	0.999292
322	30	0.999669
319	138	0.998883
291	36	0.999085
152	109	0.99925
296	194	0.99979
381	111	0.999969
249	98	0.999985
61	52	0.999438
166	50	0.99929
413	185	0.999479
484	45	0.999185
407	160	0.999971
323	168	0.999158
370	45	0.999169
362	92	0.999542
313	218	0.999615
92	60	0.999436
275	61	0.999691
235	198	0.999798
473	344	0.999638
84	42	0.999708
337	32	0.999255
385	340	0.999971
232	128	0.99981
485	445	0.999824
131	41	0.998879
171	123	0.999995
499	69	0.999389
214	155	0.999315
495	381	0.999596
396	317	0.998984
323	60	0.999906
246	227	0.999641
465	124	0.999618
171	117	0.999829
275	172	0.999376
374	68	0.999213
193	100	0.999687
96	81	0.999065
137	120	0.999136
109	12	0.999046
397	168	0.99922
320	269	0.998883
65	36	0.999654
310	105	0.999115
492	39	0.999864
168	75	0.999591
57	50	0.999296
341	257	0.999239
186	123	0.999901
277	157	0.999629
264	135	0.999434
212	203	0.999978
283	110	0.999618
320	307	0.999235
72	39	0.999699
480	291	0.999991
137	72	0.999103
145	50	0.999938
115	73	0.99963
77	36	0.999554
249	110	0.999905
78	72	0.999146
393	333	0.999268
388	43	0.998945
480	143	0.999784
419	64	0.999172
106	45	0.998859
390	310	0.999398
307	170	0.999753
153	57	0.999655
211	22	0.9992
270	240	0.999716
219	122	0.999487
206	174	0.999995
308	238	0.999655
308	188	0.999567
383	299	0.999919
302	181	0.999613
224	43	0.999261
423	374	0.999697
457	225	0.999107
494	460	0.999751
51	29	0.99919
143	90	0.999533
159	112	0.99975
254	253	0.999729
81	14	0.998908
470	450	0.999974
60	38	0.999567
475	433	0.999356
490	270	0.998894
219	19	0.999509
173	163	0.999934
447	67	0.999413
79	65	0.999644
359	138	0.998864
319	158	0.999547
497	280	0.999573
316	119	0.999457
205	101	0.999459
247	196	0.999904
352	55	0.999541
64	51	0.999729
304	255	0.999816
488	424	0.99901
401	46	0.999725
400	227	0.999101
318	208	0.999555
258	65	0.999941
344	304	0.999457
265	138	0.999865
452	96	0.999918
335	298	0.999056
342	98	0.999294
63	43	0.999074
367	126	0.999051
371	116	0.999749
418	184	0.999941
183	149	0.998982
217	184	0.999123
201	121	0.999904
87	55	0.998968
451	400	0.998952
60	42	0.999384
218	211	0.999025
453	242	0.999159
442	428	0.999968
467	325	0.999619
100	96	0.999785
328	32	0.998975
171	30	0.999954
409	100	0.998899
366	362	0.99978
491	309	0.999441
54	34	0.999507
87	27	0.999739
187	168	0.999606
272	266	0.999186
84	34	0.9999
396	159	0.999108
121	36	0.99977
468	309	0.998901
321	157	0.999848
243	112	0.999033
241	225	0.999908
413	71	0.999624
68	12	0.998975
448	273	0.999178
340	212	0.999184
80	18	0.998912
61	32	0.998919
222	163	0.999413
469	317	0.998945
146	63	0.999168
249	45	0.999672
145	91	0.999067
293	267	0.99988
413	228	0.999116
253	94	0.999071
495	255	0.999726
198	137	0.998961
164	136	0.998926
318	199	0.99945
286	173	0.999423
154	24	0.999923
250	87	0.998974
222	75	0.999611
163	65	0.999841
92	52	0.9989
481	237	0.999252
310	32	0.999061
62	59	0.999071
405	264	0.999447
261	28	0.999551
273	177	0.999544
494	88	0.999004
96	82	0.999
163	152	0.999881
446	213	0.999885
335	85	0.999599
170	160	0.999742
128	13	0.99892
317	62	0.99938
281	249	0.999588
150	16	0.999684
314	180	0.999108
471	246	0.999459
241	154	0.999341
236	169	0.999063
438	50	0.999093
62	56	0.999677
473	438	0.999064
113	53	0.999889
166	164	0.998923
341	335	0.998984
431	355	0.999317
464	363	0.999017
169	76	0.999309
68	9	0.999331
60	17	0.9995
113	62	0.999272
292	144	0.999675
177	111	0.999681
371	227	0.999444
184	74	0.999108
255	185	0.999313
363	74	0.998964
233	215	0.999782
238	167	0.998966
461	424	0.999887
460	178	0.999328
352	184	0.999721
486	153	0.998894
208	160	0.999588
197	72	0.999749
193	18	0.999603
178	48	0.999951
74	7	0.999228
428	157	0.999868
308	300	0.99908
422	268	0.999646
444	118	0.998893
195	166	0.999446
198	173	0.999903
405	394	0.999934
213	141	0.998969
284	123	0.99999
133	72	0.999397
78	76	0.999767
75	46	0.999833
339	214	0.99897
379	274	0.999193
200	38	0.999548
352	280	0.999627
469	110	0.999208
287	54	0.999733
103	22	0.99939
389	242	0.999639
84	82	0.999184
275	231	0.999024
332	259	0.999426
442	200	0.999411
73	63	0.999572
148	67	0.99939
328	140	0.999006
408	202	0.999962
136	66	0.99898
84	23	0.99975
89	69	0.999169
427	332	0.999391
204	39	0.999045
487	217	0.999446
221	160	0.999535
434	367	0.999928
291	63	0.999429
345	128	0.998988
240	141	0.999112
177	132	0.999684
63	17	0.999271
220	107	0.999538
283	138	0.999707
464	253	0.999643
443	426	0.99987
218	56	0.999396
201	200	0.999269
133	21	0.999115
301	131	0.999847
280	174	0.999291
136	23	0.999941
241	42	0.999971
420	370	0.999915
93	12	0.999124
87	60	0.998923
242	68	0.999047
253	89	0.99908
225	112	0.99914
429	177	0.999764
196	185	0.99942
442	92	0.999879
209	110	0.998965
252	203	0.999072
398	310	0.9998
58	13	0.998957
54	26	0.999056
164	141	0.999015
436	170	0.999322
311	117	0.999321
390	131	0.99897
377	118	0.999275
56	18	0.998867
448	58	0.999572
292	103	0.999911
79	45	0.998905
482	359	0.999329
261	144	0.999971
135	101	0.998869
259	38	0.998859
415	178	0.998901
75	8	0.999095
262	39	0.999944
318	278	0.998948
333	196	0.999805
385	110	0.999169
409	60	0.999409
486	455	0.999142
264	182	0.99964
174	82	0.999651
83	37	0.999152
233	104	0.999792
456	395	0.99957
166	36	0.998893
311	97	0.999581
89	28	0.999818
491	489	0.999901
140	132	0.999209
252	99	0.999316
88	51	0.999466
209	84	0.999849
104	100	0.999543
53	40	0.999231
244	88	0.999953
159	158	0.999647
282	254	0.999409
336	137	0.999302
295	157	0.999846
342	249	0.999167
284	85	0.999209
330	206	0.999413
218	105	0.999862
154	40	0.999937
133	122	0.999905
214	123	0.999831
82	58	0.999602
247	145	0.999193
379	343	0.999554
433	116	0.999834
301	230	0.999172
499	93	0.999876
256	49	0.999794
378	58	0.999321
365	108	0.99995
247	31	0.999353
130	68	0.999789
362	327	0.999333
356	124	0.999314
313	113	0.998865
282	80	0.999095
368	48	0.999863
419	382	0.999715
184	64	0.999414
127	27	0.999866
492	140	0.999294
443	47	0.999032
117	64	0.999504
104	81	0.999633
468	45	0.999229
223	181	0.999942
104	84	0.998957
303	196	0.999997
97	25	0.999369
484	49	0.999914
215	142	0.999619
53	21	0.998953
247	168	0.999147
196	139	0.999764
210	180	0.998904
314	306	0.998993
175	132	0.99957
348	62	0.999122
71	64	0.999484
249	77	0.999611
134	90	0.999652
95	50	0.999719
267	79	0.998937
292	169	0.999321
198	195	0.999112
447	151	0.999888
258	104	0.999478
441	313	0.998861
405	348	0.999357
275	201	0.999559
96	28	0.999961
82	15	0.999651
123	59	0.999023
129	22	0.99936
285	210	0.999939
211	110	0.999814
333	215	0.999923
314	300	0.999415
353	41	0.999199
234	55	0.999363
223	164	0.999022
89	69	0.999958
310	277	0.999267
183	45	0.999452
401	250	0.999557
377	354	0.999354
326	236	0.999656
178	144	0.99997
207	157	0.999088
115	39	0.999415
96	83	0.999595
299	256	0.999568
126	67	0.999652
304	122	0.999884
251	42	0.999378
192	181	0.999331
431	199	0.999681
267	228	0.999555
67	45	0.999623
116	105	0.999387
380	95	0.998889
171	87	0.999053
433	371	0.999317
147	144	0.999054
180	126	0.999355
183	86	0.999449
119	72	0.999315
476	324	0.999623
138	18	0.999717
467	418	0.999944
90	29	0.99894
159	32	0.999963
397	390	0.99952
197	122	0.999736
168	124	0.999735
425	379	0.999498
436	125	0.999176
406	313	0.999101
346	135	0.999341
358	30	0.999341
246	100	0.998986
86	29	0.999341
436	386	0.999514
401	82	0.999394
358	76	0.999167
457	171	0.999483
468	371	0.998913
184	138	0.999006
226	106	0.999106
223	107	0.999913
494	125	0.999606
238	158	0.999581
259	75	0.998942
107	9	0.999399
445	57	0.999716
358	74	0.99999
87	85	0.999596
197	32	0.999651
95	91	0.999646
139	135	0.99896
434	335	0.999232
496	383	0.999108
244	23	0.999532
249	97	0.999978
288	36	0.999838
246	208	0.999515
147	87	0.999672
177	14	0.99947
196	156	0.999446
132	52	0.999775
104	35	0.999897
177	46	0.998928
167	151	0.999983
193	150	0.99901
476	380	0.998923
348	339	0.998981
436	421	0.999365
72	35	0.99941
292	225	0.999742
442	389	0.999124
303	57	0.99916
275	77	0.999913
104	33	0.999207
73	31	0.999352
121	57	0.998951
169	76	0.998931
324	233	0.999288
275	185	0.9992
103	43	0.999636
227	40	0.99921
188	54	0.999301
261	181	0.99991
436	333	0.999152
364	154	0.999376
85	17	0.99938
233	196	0.999933
79	71	0.99956
489	158	0.999455
275	77	0.999413
473	439	0.998877
492	478	0.998951
192	75	0.998926
91	22	0.999571
444	198	0.999213
102	83	0.999825
150	71	0.999647
384	100	0.998925
479	472	0.99962
237	168	0.99971
270	65	0.99898
77	53	0.999477
359	33	0.999267
453	68	0.999933
414	42	0.999724
390	168	0.998961
107	57	0.999086
100	78	0.999649
292	272	0.9995
167	18	0.999302
220	188	0.99964
445	162	0.998986
195	84	0.998975
108	27	0.999264
201	109	0.999868
129	69	0.999704
442	306	0.999968
406	106	0.999087
358	224	0.999797
383	50	0.9989
153	139	0.999178
378	328	0.99954
66	58	0.999541
111	72	0.998946
433	75	0.999986
151	77	0.999395
397	361	0.999215
414	275	0.999158
247	244	0.999079
143	122	0.99926
176	51	0.999926
327	87	0.99933
143	135	0.999749
241	28	0.999685
465	431	0.999341
169	69	0.998989
237	129	0.999711
395	105	0.999162
336	32	0.999949
260	149	0.99988
103	76	0.999065
391	64	0.99892
369	132	0.999977
395	209	0.999098
402	181	0.999733
245	32	0.999969
240	53	0.99913
447	214	0.999447
201	127	0.999542
392	127	0.999782
278	89	0.99956
62	38	0.999244
361	58	0.998925
374	156	0.999882
236	58	0.998951
395	108	0.999097
312	292	0.999649
175	22	0.999901
91	33	0.998876
380	273	0.999096
426	323	0.999679
229	155	0.999786
411	326	0.999272
388	254	0.999595
342	220	0.999525
284	245	0.999582
391	363	0.999404
478	311	0.999905
117	84	0.999701
276	92	0.999904
182	86	0.999099
141	61	0.999437
122	70	0.999598
238	30	0.99978
487	279	0.999531
123	73	0.999969
451	328	0.99922
60	33	0.999838
462	113	0.998935
221	153	0.999402
223	115	0.998881
346	35	0.999395
493	416	0.999599
236	149	0.998956
200	184	0.999363
477	449	0.999081
146	50	0.999526
426	217	0.999998
180	61	0.999906
395	230	0.999807
378	160	0.999014
233	24	0.998897
87	48	0.998903
303	170	0.999971
225	81	0.999264
401	191	0.998889
156	114	0.999599
342	71	0.998904
340	78	0.998863
414	203	0.999442
463	375	0.999126
144	95	0.999348
489	153	0.999712
76	57	0.999015
264	223	0.999158
280	46	0.999874
345	141	0.999119
355	52	0.999441
79	19	0.999536
453	441	0.999946
201	173	0.999087
421	398	0.999648
312	250	0.999931
208	46	0.998921
277	270	0.999097
369	355	0.999341
220	211	0.998965
433	180	0.999391
129	11	0.999201
233	77	0.998964
496	421	0.999753
159	119	0.999105
148	17	0.998892
107	40	0.998859
99	78	0.999039
234	122	0.999072
183	156	0.999692
445	150	0.999821
262	172	0.999341
204	75	0.999475
198	178	0.999291
54	41	0.999306
294	104	0.999597
249	92	0.999187
415	281	0.999961
202	165	0.99938
318	51	0.999053
207	81	0.999711
454	372	0.999583
319	44	0.999047
348	257	0.999294
307	71	0.999785
265	159	0.999273
275	210	0.999589
233	44	0.999463
179	64	0.999715
374	212	0.999563
167	108	0.999627
223	73	0.999605
205	26	0.999318
370	308	0.999589
201	39	0.999849
364	273	0.999014
304	275	0.999989
138	32	0.999183
224	78	0.999196
390	327	0.999761
57	38	0.999887
341	227	0.999863
372	353	0.999296
302	185	0.999635
314	243	0.999788
318	216	0.999635
317	296	0.998931
125	79	0.999581
186	24	0.998984
338	305	0.999695
134	26	0.999754
473	466	0.999323
352	66	0.999063
254	239	0.998886
328	205	0.9998
496	135	0.999713
144	82	0.999015
258	247	0.999002
201	58	0.99931
134	82	0.999053
484	131	0.999578
140	133	0.999042
264	101	0.999121
445	388	0.999289
361	244	0.999366
85	41	0.999021
302	116	0.999616
147	39	0.999595
477	388	0.999979
415	212	0.999751
320	294	0.999967
430	118	0.999249
123	18	0.999627
430	328	0.999114
215	23	0.998864
134	12	0.999191
156	124	0.999284
409	245	0.9992
115	51	0.999423
216	176	0.999758
255	98	0.999786
420	252	0.999437
115	12	0.999913
176	59	0.999484
397	254	0.999465
365	81	0.999414
355	258	0.999307
352	268	0.99963
63	31	0.999247
176	130	0.998895
299	246	0.999688
103	83	0.99898
452	314	0.999324
113	94	0.999651
459	390	0.99894
272	263	0.999578
437	240	0.999435
137	82	0.999441
416	187	0.999654
492	413	0.999185
68	23	0.999854
50	20	0.999467
259	78	0.999799
483	354	0.999969
124	70	0.999898
56	17	0.999258
97	54	0.999696
273	159	0.999831
401	63	0.999197
291	227	0.999099
221	54	0.999017
397	248	0.999908
160	112	0.999431
366	312	0.998969
178	23	0.999201
363	179	0.999041
316	78	0.999445
418	367	0.99898
145	135	0.999425
387	71	0.999559
488	293	0.999825
472	404	0.998934
494	379	0.999557
172	96	0.999313
248	138	0.999579
277	206	0.999098
73	70	0.999135
482	244	0.999986
56	39	0.999325
130	21	0.999646
218	154	0.999259
361	30	0.999381
405	333	0.999247
243	27	0.998977
382	183	0.998863
450	57	0.999876
125	70	0.999457
459	443	0.999733
480	237	0.999653
263	166	0.99886
249	173	0.999437
124	42	0.999533
211	21	0.999167
267	128	0.999136
271	99	0.999583
446	158	0.999497
421	73	0.999304
338	50	0.999281
149	55	0.999328
286	123	0.999981
191	67	0.999377
473	239	0.999042
400	335	0.999668
417	132	0.999491
376	142	0.999284
322	234	0.999032
396	232	0.999148
108	28	0.999389
490	133	0.999299
205	58	0.999054
365	61	0.999062
428	100	0.99958
300	122	0.999623
145	41	0.999101
382	100	0.999002
285	70	0.999362
440	131	0.999879
90	19	0.999631
184	57	0.998927
413	354	0.99954
234	145	0.999797
148	79	0.999279
463	163	0.999694
385	300	0.999231
428	332	0.999717
186	100	0.999556
439	392	0.999709
83	44	0.99979
350	290	0.999269
492	347	0.999511
456	290	0.999032
274	233	0.999274
181	107	0.998982
318	210	0.998908
245	97	0.999824
380	340	0.999552
81	53	0.999449
276	226	0.999673
384	349	0.999586
297	196	0.999612
102	14	0.999955
330	177	0.999224
297	145	0.999852
53	27	0.999137
96	16	0.999519
154	64	0.999291
343	50	0.999227
491	168	0.999751
438	51	0.999062
150	141	0.999122
447	119	0.999627
194	39	0.999234
248	145	0.999399
308	31	0.999107
290	41	0.999726
453	359	0.999101
366	297	0.999801
345	95	0.99891
140	98	0.999492
112	19	0.999399
487	192	0.999534
377	365	0.99907
92	41	0.998956
177	89	0.999598
269	60	0.999184
169	21	0.999332
236	67	0.999567
93	66	0.999768
329	277	0.999774
362	321	0.999528
319	157	0.999192
217	102	0.99956
179	123	0.999073
59	15	0.999649
433	208	0.999863
404	217	0.999077
499	230	0.999035
205	44	0.999905
136	36	0.999274
387	119	0.999764
335	49	0.999074
307	200	0.999217
266	86	0.999185
161	157	0.999507
450	230	0.999554
245	210	0.998902
449	135	0.998962
215	107	0.999747
51	43	0.999915
193	67	0.999788
95	53	0.999194
310	62	0.999119
474	406	0.998901
346	319	0.999694
210	193	0.999776
232	26	0.999729
429	85	0.999873
275	54	0.999083
288	68	0.99997
344	39	0.999777
493	58	0.9992
330	62	0.999341
273	238	0.999957
391	64	0.99914
185	42	0.999952
475	347	0.999625
444	406	0.999155
219	142	0.999395
263	128	0.999774
303	194	0.998887
445	220	0.999568
128	102	0.999686
276	72	0.999329
322	293	0.999391
214	37	0.999757
275	77	0.999034
485	306	0.99888
188	105	0.999826
81	44	0.999276
348	173	0.999504
120	20	0.999623
83	36	0.999395
234	30	0.999903
234	221	0.998986
252	77	0.999313
312	229	0.999684
268	139	0.998996
135	113	0.999699
152	32	0.998861
144	121	0.999645
286	173	0.998952
322	226	0.9999
247	98	0.99989
398	53	0.999389
252	234	0.99921
381	51	0.998934
298	150	0.999168
367	283	0.999975
279	57	0.999603
406	274	0.999121
83	35	0.999118
457	325	0.999918
161	85	0.999251
393	312	0.998954
202	25	0.999357
127	16	0.99935
239	206	0.999929
379	122	0.998905
349	73	0.999693
274	247	0.999519
470	258	0.999793
280	185	0.999093
126	57	0.998925
338	180	0.998972
206	170	0.999644
146	131	0.999037
300	221	0.999613
237	231	0.999897
246	136	0.999784
219	197	0.999071
302	230	0.999846
171	52	0.999048
58	18	0.99953
177	32	0.999024
297	180	0.999277
324	254	0.999062
341	126	0.999538
273	78	0.99915
456	121	0.999124
417	203	0.998897
68	44	0.999531
482	361	0.999858
385	224	0.999966
163	106	0.99991
375	74	0.999049
195	101	0.99946
319	208	0.999231
460	241	0.999394
462	333	0.999355
313	249	0.998941
73	61	0.999284
440	434	0.999353
310	196	0.999221
212	51	0.999121
423	235	0.999652
301	228	0.999713
129	41	0.99953
455	151	0.999733
161	96	0.999226
168	56	0.999512
356	247	0.999801
327	133	0.998899
405	388	0.999668
337	108	0.999668
202	70	0.999284
225	182	0.999586
151	92	0.999565
192	36	0.999314
214	125	0.999574
200	123	0.999993
93	30	0.99968
407	275	0.999199
397	309	0.99916
429	38	0.999816
372	174	0.999104
480	454	0.99908
315	76	0.999273
184	51	0.999443
347	109	0.99945
147	55	0.999331
128	91	0.999358
468	333	0.999624
488	449	0.998883
215	119	0.999195
120	32	0.999057
406	88	0.99909
297	48	0.999083
431	303	0.999623
130	88	0.999332
53	36	0.999583
161	105	0.999974
403	86	0.999
136	98	0.999623
97	37	0.999417
84	65	0.999276
145	114	0.999447
385	328	0.999582
240	107	0.999668
457	38	0.999164
54	40	0.999322
174	19	0.998953
313	271	0.999121
437	381	0.999882
208	198	0.999573
328	132	0.999156
477	197	0.998867
346	129	0.999877
456	379	0.998986
188	37	0.999602
284	228	0.999059
233	36	0.999395
409	310	0.999352
281	274	0.999709
353	133	0.999336
297	125	0.999309
128	31	0.999435
431	81	0.999436
112	13	0.999155
73	72	0.999603
213	167	0.99904
145	64	0.999602
427	421	0.999329
120	46	0.999987
141	94	0.999193
85	66	0.999252
477	264	0.999531
465	53	0.998967
274	179	0.999459
162	142	0.999878
308	231	0.999249
234	66	0.999887
437	168	0.999772
142	97	0.99975
355	28	0.999192
408	341	0.999306
280	202	0.999499
154	30	0.999155
478	321	0.999882
176	44	0.999494
70	22	0.999612
332	68	0.999548
242	229	0.999357
390	104	0.999316
278	207	0.999697
392	154	0.999059
474	51	0.999266
425	173	0.998946
136	100	0.999077
156	150	0.99942
404	319	0.999668
73	22	0.999336
342	30	0.999683
444	436	0.998883
238	148	0.999447
173	141	0.998974
493	122	0.999495
372	89	0.999979
79	12	0.999073
430	189	0.999908
63	23	0.999711
477	94	0.999893
440	331	0.999825
448	80	0.999243
354	192	0.99957
147	38	0.999734
464	345	0.999612
232	229	0.999895
450	59	0.998951
387	292	0.999413
312	154	0.99992
441	183	0.999591
343	265	0.999378
113	106	0.999053
58	5	0.999374
171	54	0.999532
188	159	0.999679
235	41	0.999095
76	74	0.999567
229	107	0.998959
255	254	0.999934
405	244	0.999365
457	178	0.999413
431	407	0.999199
253	204	0.999889
394	172	0.999274
468	183	0.999443
488	483	0.999358
227	90	0.999225
454	215	0.999845
158	43	0.999613
498	230	0.999293
222	197	0.999162
96	45	0.998949
133	73	0.999346
446	114	0.99896
215	40	0.999997
257	53	0.999701
58	35	0.999179
366	129	0.999808
282	68	0.999882
81	15	0.99924
283	98	0.99949
209	40	0.999526
120	79	0.999821
111	20	0.999112
483	475	0.999507
400	116	0.999191
348	40	0.999548
465	379	0.999337
383	223	0.999535
324	69	0.999833
230	95	0.999058
413	177	0.998981
221	52	0.999276
74	26	0.999041
357	70	0.999324
385	319	0.999563
162	86	0.999477
460	305	0.999211
445	172	0.999762
198	132	0.999453
446	61	0.999358
147	34	0.999774
411	120	0.998978
58	46	0.999406
280	274	0.999611
376	131	0.999953
468	187	0.999552
442	300	0.999257
452	349	0.99887
331	38	0.999075
498	357	0.999426
60	12	0.999199
188	56	0.99993
425	382	0.998974
141	126	0.999753
411	144	0.999022
401	265	0.999993
325	91	0.999693
208	34	0.999082
288	135	0.999065
430	177	0.999834
118	77	0.998896
322	27	0.999086
126	99	0.999917
70	43	0.999856
367	347	0.999082
136	64	0.999937
111	60	0.999552
332	162	0.999659
321	283	0.999668
328	299	0.99989
110	107	0.99947
360	82	0.999006
164	47	0.999697
239	237	0.999925
202	40	0.999457
113	12	0.999325
357	320	0.999532
317	139	0.999012
331	267	0.999167
57	13	0.999121
287	107	0.999689
279	64	0.999024
344	82	0.999791
70	24	0.999451
132	81	0.999482
345	287	0.999917
346	39	0.999612
50	16	0.99922
415	226	0.999479
201	100	0.998934
401	185	0.999309
292	218	0.999846
425	408	0.999334
463	445	0.999414
150	130	0.999721
385	299	0.999242
183	79	0.999127
445	109	0.999934
373	47	0.999001
379	297	0.999413
65	23	0.999973
105	58	0.999781
67	20	0.999828
309	189	0.999471
263	161	0.998951
233	50	0.999087
367	63	0.999547
482	302	0.998986
251	239	0.999713
407	373	0.999412
323	226	0.999667
430	55	0.999646
480	336	0.999186
471	322	0.999247
472	353	0.999971
491	267	0.999862
275	64	0.999136
98	54	0.99928
290	124	0.999223
355	68	0.999532
306	78	0.999504
246	92	0.999691
183	131	0.999689
398	289	0.999636
487	429	0.999458
135	88	0.999042
262	247	0.999718
447	38	0.999693
500	126	0.999995
129	36	0.999671
262	248	0.999058
484	334	0.999663
60	49	0.999805
202	57	0.999594
495	117	0.999062
350	212	0.999062
357	119	0.999404
145	56	0.999123
118	69	0.999094
315	208	0.998921
99	63	0.999
304	41	0.999056
150	85	0.998869
271	41	0.99937
451	157	0.999501
306	268	0.998885
477	383	0.998908
204	85	0.999344
360	113	0.999005
184	57	0.999743
421	234	0.998945
379	234	0.999618
212	101	0.999168
138	97	0.999284
239	92	0.999055
188	171	0.999446
114	22	0.999361
491	414	0.999457
294	159	0.99896
144	101	0.999949
485	242	0.99908
479	431	0.999583
188	27	0.99991
303	272	0.999347
292	227	0.999037
409	325	0.999108
190	127	0.99942
198	145	0.99887
257	214	0.999445
416	296	0.999019
230	43	0.998985
182	21	0.99896
54	7	0.999167
119	22	0.998893
162	19	0.999061
479	56	0.999589
287	205	0.999516
198	39	0.999353
445	312	0.998923
395	207	0.998881
140	71	0.999547
86	70	0.999131
104	92	0.999067
241	93	0.999967
498	71	0.999784
487	413	0.999977
163	76	0.999814
72	21	0.999225
54	49	0.999144
225	201	0.999833
114	105	0.999509
174	22	0.999072
420	148	0.999253
495	341	0.999176
180	88	0.999823
278	178	0.999062
353	257	0.999901
326	291	0.999158
248	39	0.999628
139	122	0.999986
433	349	0.999192
395	153	0.999731
300	34	0.99953
420	369	0.999985
181	148	0.999494
476	53	0.999533
138	126	0.999312
80	19	0.999987
100	17	0.999176
421	181	0.998911
484	265	0.999936
393	48	0.999129
400	352	0.999552
288	32	0.99949
419	259	0.999201
165	122	0.999374
76	66	0.998974
446	280	0.999312
432	79	0.998956
356	248	0.999471
431	123	0.99926
253	122	0.99992
137	120	0.999871
464	159	0.999648
252	74	0.999
172	22	0.998917
73	13	0.999469
320	99	0.999849
118	69	0.999718
292	113	0.999499
370	361	0.999766
303	37	0.999114
235	19	0.999023
378	181	0.999287
196	194	0.99991
109	108	0.999276
329	319	0.999406
173	90	0.999818
222	21	0.99915
282	132	0.999568
216	100	0.999377
216	46	0.999397
198	112	0.999139
129	123	0.999454
402	285	0.99968
177	131	0.999962
61	23	0.999809
347	245	0.999947
153	118	0.999136
174	126	0.999447
80	30	0.999767
80	35	0.9993
294	183	0.999637
411	357	0.999671
155	93	0.998943
429	253	0.998984
233	202	0.998983
133	110	0.999398
117	67	0.999219
169	51	0.999097
287	28	0.999106
409	362	0.999305
305	294	0.999164
277	186	0.999998
70	7	0.999132
175	29	0.999296
92	19	0.999439
90	21	0.999103
316	155	0.999716
126	51	0.999621
133	67	0.999475
72	61	0.998949
121	63	0.99982
210	81	0.998965
318	309	0.999282
183	125	0.999534
210	160	0.999952
417	122	0.999997
170	48	0.99978
139	52	0.999501
233	191	0.999649
399	127	0.999401
400	201	0.999632
128	54	0.999928
98	89	0.999369
196	165	0.999928
475	260	0.999586
293	169	0.999917
341	162	0.999938
247	163	0.999766
459	191	0.999962
316	118	0.999807
303	280	0.999736
147	137	0.999088
203	158	0.999852
483	456	0.999257
177	53	0.999422
116	10	0.999874
495	344	0.999636
173	56	0.999435
348	298	0.999887
281	253	0.999341
250	247	0.99968
141	33	0.998983
129	30	0.999306
92	88	0.99942
352	30	0.999241
373	337	0.999324
68	41	0.999196
482	192	0.998925
67	29	0.999268
81	65	0.999808
358	238	0.999822
52	16	0.998907
61	34	0.999384
85	64	0.999187
333	133	0.9997
476	145	0.999479
469	117	0.999015
382	316	0.999019
362	236	0.999882
298	224	0.99949
496	147	0.999156
494	487	0.999154
313	170	0.999091
248	76	0.999332
454	409	0.99935
278	126	0.999625
341	226	0.999179
452	368	0.99995
55	37	0.999566
298	103	0.999813
440	411	0.999913
355	261	0.999338
260	161	0.999051
248	36	0.999364
246	82	0.999485
274	138	0.999004
54	14	0.999589
488	108	0.999543
144	71	0.9992
284	216	0.999993
338	218	0.999167
270	51	0.99901
268	215	0.999427
301	34	0.999422
379	254	0.999244
305	163	0.999604
214	112	0.999902
427	384	0.999021
108	24	0.999235
206	80	0.999739
226	146	0.999816
59	17	0.99959
100	99	0.999993
66	33	0.999549
464	59	0.999694
202	129	0.999264
366	183	0.999398
398	346	0.99913
108	69	0.999881
316	96	0.999909
182	94	0.999928
481	229	0.999514
169	77	0.999831
317	257	0.999636
430	113	0.999639
66	51	0.999921
92	77	0.999489
167	101	0.999267
115	74	0.998958
462	135	0.999029
294	71	0.999322
353	318	0.999236
198	40	0.999463
347	146	0.999362
274	232	0.999051
414	253	0.998859
115	93	0.999484
232	159	0.999954
287	170	0.999171
393	182	0.999991
247	217	0.999048
305	264	0.999419
233	59	0.999683
260	41	0.998973
125	119	0.999209
125	32	0.998972
208	153	0.999334
480	374	0.999381
352	86	0.999742
391	227	0.999631
370	102	0.999459
216	141	0.999025
163	113	0.999014
187	128	0.998985
490	143	0.999848
226	219	0.999999
491	149	0.999882
215	120	0.999677
436	322	0.999382
209	73	0.999723
463	434	0.999554
303	274	0.999734
405	289	0.99946
195	141	0.999225
75	48	0.99942
287	185	0.999926
212	109	0.998885
191	102	0.999074
495	300	0.99936
393	363	0.999018
408	97	0.999481
480	408	0.999813
377	250	0.99992
247	222	0.999568
113	22	0.999902
360	320	0.999992
496	483	0.999636
137	63	0.999773
144	86	0.999298
186	119	0.998952
134	61	0.999754
302	30	0.999968
480	58	0.999532
239	121	0.999218
396	251	0.999244
409	48	0.999856
302	123	0.999201
433	293	0.999834
350	346	0.999702
326	60	0.999523
92	31	0.999455
172	120	0.998956
277	96	0.999304
248	167	0.999935
400	304	0.99989
202	109	0.999433
311	174	0.998974
293	281	0.999718
361	121	0.999509
151	117	0.999653
197	56	0.999372
330	173	0.999587
229	84	0.999691
183	149	0.999013
359	197	0.999538
490	473	0.999126
215	189	0.999088
177	45	0.999605
218	46	0.999353
335	104	0.999728
93	65	0.999363
84	23	0.998999
72	70	0.999013
192	77	0.999704
257	89	0.999481
256	185	0.999528
102	32	0.999043
54	49	0.999284
325	44	0.999649
82	16	0.999016
187	85	0.999962
220	166	0.999668
333	45	0.999651
121	104	0.99897
301	223	0.99957
130	45	0.999176
350	49	0.999087
459	338	0.999253
392	62	0.998912
187	184	0.999903
428	298	0.998871
159	147	0.999866
262	97	0.999159
104	98	0.999309
97	44	0.999009
51	34	0.999878
374	44	0.999325
88	79	0.999301
377	36	0.999729
456	109	0.998884
215	100	0.999228
303	281	0.999213
257	44	0.999279
333	62	0.999239
392	156	0.999053
446	345	0.999244
377	357	0.999858
315	116	0.999643
239	192	0.999732
136	75	0.999234
450	355	0.999636
185	146	0.999773
476	129	0.999543
109	54	0.999025
69	67	0.999923
348	335	0.999926
296	96	0.99976
316	135	0.998925
399	256	0.99978
186	93	0.999968
154	48	0.999081
269	110	0.999846
149	35	0.999632
61	7	0.999338
133	114	0.999378
91	77	0.999862
345	335	0.999225
386	368	0.999245
76	68	0.99913
291	119	0.999603
207	188	0.998907
145	30	0.999799
470	424	0.99918
449	97	0.999047
214	185	0.99943
327	176	0.999404
70	60	0.999178
210	120	0.999008
65	40	0.999692
205	198	0.999477
308	106	0.999391
107	35	0.99891
203	38	0.998928
297	204	0.999337
405	93	0.999814
419	341	0.999298
476	311	0.999571
476	171	0.999098
171	136	0.999415
346	195	0.999089
357	47	0.999985
406	288	0.99952
232	34	0.999008
95	64	0.999042
94	32	0.998899
146	134	0.998957
460	391	0.999357
390	287	0.999789
176	149	0.999242
98	79	0.999943
420	318	0.999218
240	142	0.999274
95	22	0.999901
481	402	0.999099
240	125	0.999998
187	51	0.999169
491	430	0.999089
466	332	0.999576
419	202	0.999752
312	86	0.999316
478	322	0.999905
251	87	0.999568
416	77	0.999602
176	131	0.999523
470	322	0.999653
50	16	0.999207
168	145	0.99925
399	162	0.999922
282	207	0.999618
271	76	0.999166
197	82	0.999541
454	213	0.99917
495	341	0.999114
129	72	0.999728
151	104	0.999637
337	47	0.999016
219	95	0.999712
295	289	0.998932
56	15	0.999097
394	308	0.999304
363	301	0.999538
117	75	0.999526
168	147	0.999354
203	195	0.999793
169	40	0.999695
474	83	0.999829
335	60	0.998901
186	41	0.999481
359	241	0.999696
345	43	0.999232
451	201	0.998941
226	187	0.999267
402	348	0.999641
314	206	0.999107
429	144	0.998942
96	88	0.999936
65	24	0.999991
270	85	0.999103
51	43	0.999477
297	247	0.999852
181	72	0.999821
280	241	0.999576
184	52	0.999655
292	80	0.999113
439	218	0.999485
77	53	0.999926
157	14	0.9989
381	80	0.999135
434	197	0.99995
325	219	0.999253
470	250	0.999737
247	246	0.999558
413	105	0.998946
166	44	0.998878
163	141	0.999888
168	126	0.998989
316	201	0.99959
93	86	0.99919
101	11	0.999535
140	55	0.999622
166	99	0.99922
289	250	0.999718
223	168	0.999251
115	78	0.999466
53	17	0.999504
141	60	0.999627
294	128	0.999024
396	86	0.999118
431	143	0.999243
241	131	0.999834
334	157	0.99917
229	213	0.999823
167	77	0.998872
96	79	0.999477
198	178	0.999194
157	50	0.999558
176	168	0.999817
401	246	0.99978
114	51	0.998901
477	139	0.998924
388	78	0.999397
114	34	0.99949
219	100	0.999778
109	30	0.999756
291	73	0.999905
402	286	0.998905
325	139	0.998998
264	217	0.999118
483	47	0.999517
366	269	0.999645
465	398	0.999288
466	400	0.999252
496	361	0.999792
266	29	0.999614
419	188	0.999654
121	67	0.999639
61	38	0.99978
253	192	0.999729
265	184	0.999651
382	255	0.999321
393	73	0.999042
290	108	0.999476
237	27	0.999915
295	236	0.9993
352	78	0.999709
320	79	0.999259
185	33	0.998943
302	44	0.999169
475	233	0.999974
321	274	0.999683
450	348	0.999018
491	447	0.998929
134	130	0.998966
181	146	0.99908
363	253	0.999108
304	143	0.998966
414	388	0.999347
445	310	0.999677
400	130	0.999887
258	250	0.999683
157	34	0.999772
166	161	0.999522
305	74	0.999291
363	131	0.999223
332	271	0.999618
434	319	0.999466
493	116	0.999239
162	58	0.999828
360	65	0.999414
229	228	0.999583
327	125	0.998994
123	65	0.998876
301	59	0.999678
488	150	0.999965
256	134	0.999736
215	195	0.999348
395	371	0.999762
101	77	0.99921
71	20	0.99979
224	97	0.999035
240	146	0.999082
82	77	0.998972
146	117	0.999509
253	193	0.999294
360	119	0.999193
53	44	0.999371
211	134	0.999267
116	96	0.999481
457	258	0.999159
338	92	0.999421
281	81	0.999491
498	156	0.999122
121	77	0.999555
476	475	0.99886
100	92	0.998869
101	40	0.999805
355	128	0.999848
389	193	0.99915
68	42	0.999304
100	62	0.999555
171	78	0.999195
150	36	0.998982
476	391	0.999195
103	19	0.999715
354	178	0.999391
230	38	0.999807
280	188	0.998902
435	358	0.999339
269	163	0.99928
475	273	0.999498
146	104	0.999022
154	80	0.999544
250	30	0.999784
315	223	0.999473
481	451	0.999792
344	317	0.999922
64	7	0.999314
380	264	0.999015
145	21	0.999279
61	59	0.999897
279	221	0.999086
70	13	0.99981
470	251	0.999511
248	43	0.999086
248	116	0.999857
383	145	0.999357
158	38	0.99915
110	59	0.999708
185	62	0.999541
176	142	0.999465
165	82	0.999688
64	39	0.99903
328	88	0.998942
315	223	0.999902
154	37	0.999538
323	229	0.999126
270	127	0.99982
381	178	0.999766
82	22	0.999709
141	129	0.999898
404	75	0.999665
429	305	0.999826
398	225	0.999176
221	92	0.999525
54	32	0.999628
82	60	0.999551
113	15	0.999958
142	12	0.998929
306	33	0.999366
414	70	0.999731
82	45	0.999876
387	187	0.999974
478	146	0.999252
400	88	0.998908
486	246	0.999582
380	309	0.999619
403	175	0.999429
95	26	0.999299
234	105	0.999273
497	297	0.999235
182	112	0.999628
319	164	0.998859
73	8	0.999703
142	104	0.998988
224	142	0.999291
308	71	0.99921
256	64	0.99934
237	40	0.999615
474	350	0.999954
320	64	0.999641
412	113	0.999909
447	320	0.999869
57	27	0.998974
248	175	0.99975
446	318	0.999183
369	206	0.998977
52	15	0.999075
300	268	0.999186
393	290	0.999616
382	176	0.999608
217	42	0.999871
107	33	0.998913
276	59	0.999277
297	247	0.998999
286	137	0.999926
74	56	0.999596
97	39	0.99958
117	71	0.9995
440	176	0.998978
356	101	0.99952
456	101	0.999848
230	203	0.99926
168	92	0.999602
474	155	0.999815
398	77	0.999992
433	55	0.999655
306	49	0.999301
202	52	0.999415
495	378	0.999287
130	44	0.999013
369	204	0.999041
359	203	0.999419
107	78	0.99933
231	217	0.999475
150	114	0.999469
268	170	0.999134
306	225	0.99905
314	164	0.999231
136	92	0.999663
453	206	0.999622
305	239	0.999619
68	25	0.998871
496	370	0.998953
239	87	0.999202
277	67	0.999528
248	243	0.999895
358	193	0.998873
141	132	0.999423
278	57	0.999718
489	303	0.999053
300	233	0.999981
404	386	0.998923
171	40	0.999384
101	16	0.999881
227	87	0.999352
90	14	0.999323
227	111	0.999645
419	232	0.999548
245	233	0.998915
285	185	0.999007
398	161	0.999048
90	21	0.999549
242	179	0.999301
100	86	0.999708
468	197	0.999387
483	468	0.998876
294	246	0.999263
254	176	0.999261
173	123	0.999082
161	135	0.999721
243	173	0.999624
250	226	0.99999
373	109	0.9996
428	286	0.999796
209	158	0.999274
168	78	0.999299
195	194	0.999409
257	190	0.999829
59	18	0.999228
384	369	0.999357
99	60	0.9995
459	326	0.998871
98	48	0.999346
72	38	0.999624
152	104	0.999374
360	214	0.99974
269	198	0.99993
316	182	0.999358
69	36	0.998961
170	24	0.999719
351	264	0.999042
496	346	0.998867
205	58	0.998862
64	37	0.999643
333	144	0.999378
216	192	0.99999
470	185	0.999264
214	191	0.999778
164	119	0.999565
460	334	0.998953
134	125	0.999764
498	155	0.999663
479	405	0.999465
274	269	0.999423
423	178	0.999644
416	267	0.999929
282	130	0.999753
289	57	0.999651
205	60	0.999469
58	26	0.999369
320	37	0.999369
306	95	0.999768
204	146	0.99937
495	373	0.99968
439	310	0.99984
95	80	0.99922
481	366	0.999116
399	282	0.99945
138	49	0.999655
200	61	0.999967
198	59	0.999264
79	23	0.999461
311	58	0.999275
219	170	0.999186
418	162	0.999657
444	443	0.999906
246	136	0.999612
486	80	0.999299
194	90	0.999878
324	253	0.99932
394	193	0.999218
276	153	0.999054
453	44	0.999638
174	58	0.998897
252	79	0.99918
398	180	0.99964
359	81	0.999733
220	127	0.999935
333	35	0.999017
128	122	0.999742
462	202	0.999405
121	13	0.99967
110	60	0.999954
258	131	0.999412
383	230	0.998924
284	106	0.999822
173	73	0.999575
493	337	0.999113
125	46	0.999215
436	42	0.99914
440	434	0.999678
354	256	0.999917
359	271	0.999753
186	49	0.999829
131	77	0.999692
209	189	0.999868
318	226	0.998958
465	249	0.999825
67	55	0.999224
410	45	0.999055
388	201	0.999379
251	206	0.998869
306	302	0.999393
261	210	0.999276
134	122	0.999455
118	49	0.999274
132	96	0.999697
403	197	0.999768
492	255	0.999175
242	59	0.999638
92	59	0.999243
167	81	0.999938
158	35	0.999826
420	72	0.999131
235	175	0.999737
448	286	0.99897
420	350	0.999548
436	348	0.999525
417	271	0.999716
128	108	0.999507
164	55	0.999616
278	196	0.999371
243	159	0.99963
403	158	0.99992
187	152	0.998894
462	241	0.998894
99	19	0.999097
331	252	0.999711
234	28	0.999458
100	60	0.998934
387	271	0.999939
353	213	0.999415
363	163	0.998978
221	84	0.999837
395	365	0.998917
300	24	0.9998
289	258	0.999814
264	157	0.999741
271	140	0.999608
244	211	0.998998
261	248	0.999798
213	192	0.999942
312	45	0.999991
73	45	0.999876
357	264	0.999616
465	395	0.999406
428	67	0.999753
153	100	0.999307
394	234	0.999909
461	427	0.999232
450	264	0.999083
66	54	0.998944
273	189	0.999752
300	168	0.999628
477	271	0.99919
368	290	0.998904
345	97	0.999152
98	41	0.999909
252	197	0.999279
405	85	0.99935
193	153	0.999849
259	68	0.999705
279	160	0.998989
110	107	0.998904
196	32	0.999982
148	13	0.998935
65	26	0.999147
453	91	0.998916
225	220	0.999962
99	21	0.999271
397	196	0.999301
77	73	0.999974
278	109	0.998871
173	116	0.998904
129	28	0.999325
329	324	0.999915
123	23	0.999064
66	6	0.999718
445	218	0.999427
281	54	0.999983
268	175	0.998873
391	184	0.999654
329	97	0.999809
159	87	0.99892
237	143	0.999423
371	96	0.999379
302	34	0.999986
92	35	0.998912
180	147	0.999669
369	142	0.999639
485	125	0.999573
266	126	0.998929
155	99	0.999047
70	64	0.999124
433	262	0.999131
325	74	0.999051
130	82	0.999836
133	104	0.999094
402	193	0.9999
249	39	0.999291
133	123	0.999014
338	63	0.999961
418	41	0.998983
346	229	0.999108
76	55	0.999268
116	38	0.999833
293	91	0.999965
484	103	0.99901
189	129	0.999272
247	195	0.998873
106	104	0.999249
213	144	0.99888
145	104	0.999224
466	372	0.999913
141	79	0.999458
207	127	0.999085
222	20	0.999954
162	45	0.999629
402	85	0.999002
269	238	0.999263
314	306	0.998931
364	255	0.999019
77	71	0.999909
458	373	0.999308
354	350	0.999352
290	231	0.999256
120	40	0.999862
484	62	0.999591
270	176	0.999024
417	368	0.999935
265	264	0.999241
177	145	0.999415
441	304	0.998896
176	34	0.999127
73	19	0.999578
479	366	0.999213
482	213	0.999611
254	232	0.998964
481	357	0.999252
398	297	0.999583
470	71	0.999918
400	192	0.999767
216	161	0.999083
170	55	0.999338
83	59	0.999338
204	91	0.999903
148	88	0.999271
172	80	0.998902
98	87	0.998957
313	182	0.999565
442	286	0.999378
243	228	0.999442
84	55	0.999128
109	28	0.999328
260	224	0.999317
89	20	0.999667
375	135	0.999912
138	71	0.99947
228	127	0.999156
175	55	0.99964
196	146	0.999373
324	130	0.999169
478	219	0.999928
148	17	0.99995
265	255	0.999256
347	228	0.998972
146	68	0.999042
203	98	0.998989
158	87	0.999731
381	120	0.99968
75	27	0.999751
500	216	0.999054
141	58	0.999664
394	103	0.999894
472	119	0.999361
243	204	0.999687
383	118	0.999818
146	52	0.999912
205	112	0.999652
478	177	0.999791
75	22	0.999364
268	260	0.999239
209	71	0.998873
78	76	0.999114
61	17	0.999444
87	35	0.999308
65	14	0.998918
250	87	0.999014
361	37	0.999983
364	171	0.999242
465	89	0.9997
79	26	0.999703
92	18	0.998943
116	23	0.999363
105	102	0.999407
157	26	0.998915
407	305	0.99972
204	164	0.999357
354	316	0.999603
159	83	0.999921
94	23	0.999974
226	19	0.99956
58	16	0.999776
309	274	0.999088
296	267	0.999174
205	204	0.999692
260	36	0.99904
115	111	0.999412
471	130	0.99978
137	100	0.999501
283	88	0.999888
198	31	0.999548
294	153	0.999372
375	225	0.999871
449	328	0.999331
225	37	0.999717
242	41	0.999279
216	136	0.998868
182	43	0.999769
217	117	0.999324
451	276	0.999053
248	64	0.999098
416	341	0.999257
377	300	0.999736
148	128	0.999197
424	228	0.999251
144	65	0.998926
202	49	0.99984
458	351	0.999655
108	35	0.999692
95	18	0.99888
82	56	0.999673
437	141	0.999945
341	208	0.999005
63	54	0.999969
214	79	0.999655
280	248	0.99922
106	19	0.999637
135	53	0.999872
385	326	0.999618
454	283	0.999387
412	377	0.999608
280	179	0.999603
73	43	0.999062
386	106	0.999965
397	100	0.999533
89	74	0.999912
475	124	0.998863
486	191	0.99995
195	168	0.999512
418	352	0.999784
164	117	0.999481
383	47	0.998884
483	333	0.998894
59	17	0.999055
265	197	0.999226
169	105	0.999915
285	191	0.999852
471	328	0.999564
358	335	0.998991
78	49	0.999223
435	243	0.999962
341	184	0.999144
251	50	0.99907
256	121	0.999766
116	113	0.999949
158	79	0.999548
162	95	0.999792
254	138	0.999913
308	144	0.999212
308	236	0.999788
80	31	0.998883
243	51	0.999766
107	38	0.998929
55	27	0.99894
200	139	0.999216
447	265	0.999563
326	46	0.999774
119	103	0.999459
209	99	0.999724
443	144	0.999533
253	55	0.999176
444	307	0.998965
212	127	0.999818
220	22	0.999407
432	89	0.99898
372	306	0.999973
396	155	0.999557
296	72	0.999344
56	20	0.998954
152	116	0.998944
368	182	0.999825
323	286	0.999652
377	233	0.998859
76	20	0.999791
409	48	0.998892
470	148	0.999742
314	192	0.999579
274	78	0.999182
342	225	0.999292
211	210	0.999838
191	142	0.999716
485	389	0.999538
114	63	0.999809
266	66	0.999749
297	31	0.999484
108	38	0.999659
426	170	0.999085
83	82	0.998935
391	161	0.998859
60	57	0.999846
267	78	0.99981
251	27	0.999515
170	32	0.999306
120	27	0.999389
280	179	0.999452
471	310	0.99911
430	220	0.999082
343	287	0.999868
406	202	0.999299
472	341	0.999148
388	103	0.999058
135	70	0.9989
325	324	0.999075
104	21	0.998977
76	7	0.999656
334	221	0.999428
476	347	0.999574
272	135	0.998935
287	128	0.999146
443	401	0.999942
217	107	0.999438
191	18	0.999611
167	165	0.999541
298	25	0.999747
168	76	0.999074
309	283	0.999471
321	69	0.999257
199	32	0.999048
461	202	0.999735
374	252	0.999005
360	150	0.999554
158	17	0.99945
228	91	0.999328
92	30	0.999064
58	44	0.998887
212	79	0.999273
439	126	0.999975
299	246	0.999077
266	133	0.999524
120	113	0.99957
476	294	0.999194
189	179	0.999148
205	34	0.998877
332	210	0.999297
234	162	0.999475
90	29	0.99932
316	149	0.999321
347	49	0.999828
301	159	0.999139
301	28	0.999064
240	175	0.998943
304	141	0.999172
262	205	0.998865
277	53	0.999021
213	209	0.99891
85	28	0.999652
171	149	0.999783
348	248	0.999702
305	207	0.998911
384	87	0.999348
137	27	0.999555
220	216	0.999917
143	101	0.999878
349	110	0.999692
444	182	0.998961
137	40	0.999836
370	234	0.99957
360	326	0.999536
475	186	0.99903
124	81	0.999493
234	157	0.999128
204	132	0.99913
425	341	0.998996
318	257	0.99912
404	97	0.999993
227	161	0.999681
400	171	0.999848
168	42	0.999968
485	326	0.998899
264	176	0.999837
343	106	0.998896
256	197	0.999315
133	74	0.999142
166	140	0.999562
334	312	0.999525
99	29	0.999607
103	16	0.999398
408	265	0.999242
287	76	0.999433
260	123	0.999398
84	81	0.998991
482	372	0.999008
59	9	0.999573
229	153	0.999959
353	192	0.999814
265	157	0.999178
190	123	0.999445
145	89	0.999299
165	157	0.999362
456	352	0.999103
434	112	0.99911
212	128	0.998935
52	30	0.999962
243	40	0.99924
94	44	0.999541
416	302	0.999615
346	35	0.999469
436	419	0.99959
195	141	0.999937
209	187	0.999826
180	60	0.999404
189	107	0.99987
400	191	0.99972
189	134	0.99987
464	178	0.999993
359	303	0.999337
307	186	0.999904
241	39	0.999934
483	48	0.999038
389	60	0.9992
261	94	0.99982
220	127	0.998988
309	223	0.999887
162	131	0.999531
172	95	0.999393
307	37	0.999896
104	13	0.999111
165	104	0.998916
307	240	0.999188
451	237	0.999749
212	94	0.999045
99	32	0.999083
246	177	0.999826
80	21	0.999665
433	381	0.999345
156	15	0.999751
234	228	0.999743
467	65	0.999177
402	193	0.999976
346	340	0.999898
285	228	0.999031
446	79	0.999019
218	209	0.999122
129	120	0.999075
90	35	0.999909
441	258	0.99977
485	54	0.999602
152	79	0.998941
385	150	0.999798
166	58	0.999287
349	285	0.999532
401	332	0.999126
488	442	0.999938
325	53	0.998941
499	486	0.999973
188	157	0.999774
222	80	0.999836
426	210	0.999989
374	210	0.999862
299	83	0.998862
253	231	0.999793
279	224	0.999067
74	48	0.999879
259	102	0.999357
273	108	0.999449
222	25	0.999517
163	47	0.999596
360	99	0.999404
383	232	0.999531
249	122	0.999839
388	305	0.999802
421	91	0.998902
327	103	0.999282
72	23	0.999187
274	50	0.999719
302	285	0.999616
198	83	0.999853
316	28	0.999564
136	123	0.999622
289	133	0.999604
337	181	0.999958
422	275	0.999844
141	68	0.999619
258	232	0.998903
324	304	0.999202
391	214	0.999717
475	124	0.999687
249	226	0.99904
433	87	0.999134
301	190	0.999717
252	160	0.999139
246	51	0.999249
198	75	0.999032
363	315	0.999861
178	14	0.998879
231	69	0.999318
213	193	0.999987
207	101	0.999425
191	150	0.999588
216	82	0.999326
272	126	0.999745
128	70	0.999807
138	71	0.999218
424	60	0.999037
280	92	0.999098
343	140	0.999119
248	66	0.999475
159	107	0.999657
139	84	0.999664
417	127	0.9999
177	164	0.999841
251	246	0.999008
333	282	0.99945
368	56	0.998876
290	202	0.999778
476	472	0.999332
476	239	0.998957
122	106	0.999409
280	27	0.999167
396	295	0.999191
407	179	0.999139
474	112	0.999602
130	58	0.999655
381	249	0.999597
93	78	0.999105
67	18	0.998975
283	102	0.99946
269	133	0.999089
476	254	0.999986
240	90	0.998994
301	234	0.999638
486	376	0.999326
162	57	0.999481
498	366	0.999178
87	52	0.999113
257	227	0.998925
444	343	0.999793
131	32	0.999955
403	259	0.999922
332	157	0.99894
415	142	0.999152
333	192	0.999671
79	8	0.999575
134	125	0.999105
83	82	0.999078
365	77	0.999006
85	69	0.999629
128	95	0.999269
181	161	0.99946
300	222	0.999908
294	159	0.998961
176	122	0.999111
365	166	0.999971
367	174	0.999294
382	118	0.999524
406	310	0.999007
409	79	0.999297
351	88	0.999256
176	151	0.999287
180	17	0.999509
226	216	0.998953
445	362	0.999886
367	189	0.999444
266	26	0.999619
468	409	0.999604
188	95	0.999344
220	79	0.999127
158	142	0.999734
256	151	0.998885
211	77	0.999823
216	107	0.999663
189	102	0.999006
329	264	0.999556
95	55	0.999345
76	22	0.999919
139	122	0.999689
92	75	0.999332
482	116	0.998879
307	28	0.999374
300	109	0.999347
100	38	0.999148
217	168	0.998982
406	296	0.999733
392	92	0.999759
193	70	0.999894
151	41	0.999766
343	332	0.999741
115	38	0.998936
60	48	0.999477
410	332	0.999615
328	36	0.999646
171	156	0.999914
351	127	0.999266
497	404	0.999191
311	112	0.999598
453	296	0.9995
65	6	0.998969
112	103	0.999669
205	74	0.999657
371	342	0.999459
314	25	0.998924
465	291	0.999584
233	219	0.999591
283	103	0.999326
63	53	0.999525
302	299	0.999511
76	30	0.999048
276	141	0.998901
343	338	0.999321
89	44	0.998871
188	187	0.999292
85	34	0.99945
377	236	0.998983
192	31	0.999231
51	30	0.999245
89	62	0.999511
237	211	0.998924
434	239	0.999807
466	360	0.998988
421	164	0.998969
436	47	0.999493
85	45	0.9998
428	154	0.999618
290	287	0.999643
474	451	0.999772
345	277	0.999614
161	136	0.999455
361	98	0.999334
230	65	0.999853
249	113	0.998967
335	227	0.998925
489	376	0.999339
124	92	0.999701
395	289	0.999704
424	187	0.999527
480	378	0.999041
53	51	0.999535
447	180	0.998886
201	145	0.999838
88	68	0.99985
136	100	0.99924
420	149	0.999201
459	455	0.999233
260	153	0.999683
410	104	0.999869
369	31	0.999631
434	323	0.998921
373	51	0.99951
228	74	0.998982
106	50	0.999259
142	126	0.999354
426	340	0.999844
130	27	0.999733
455	449	0.999981
293	145	0.999292
116	19	0.998974
211	28	0.999997
159	90	0.998932
107	58	0.999596
272	159	0.999894
62	51	0.999728
500	179	0.999427
110	12	0.999493
97	16	0.999806
383	379	0.999404
78	18	0.999676
304	208	0.999137
292	31	0.999987
428	73	0.999196
118	15	0.999903
103	53	0.999031
184	94	0.998912
421	270	0.999971
275	220	0.999474
400	227	0.99913
206	172	0.999042
360	186	0.999582
53	7	0.999656
234	231	0.998871
208	133	0.999334
440	142	0.999354
246	82	0.999376
170	58	0.999955
199	35	0.999703
263	61	0.999188
197	79	0.999102
289	70	0.999409
350	209	0.999161
319	310	0.999927
57	38	0.999103
209	162	0.999
477	46	0.999395
236	203	0.999715
460	52	0.999217
105	41	0.999879
180	58	0.999188
440	55	0.99955
391	125	0.999692
359	302	0.999123
389	256	0.999957
76	7	0.999194
304	196	0.999481
106	94	0.999266
132	79	0.99963
185	38	0.99951
352	195	0.999909
371	303	0.999163
398	69	0.999856
261	208	0.999834
223	57	0.998867
71	66	0.999248
128	80	0.999733
479	53	0.999715
344	110	0.998878
493	111	0.999862
88	27	0.99995
278	205	0.999399
198	106	0.999503
59	49	0.999732
468	417	0.999418
424	233	0.99898
235	107	0.999006
384	113	0.999599
379	57	0.99917
71	59	0.999233
186	138	0.999689
432	95	0.999863
396	31	0.998867
222	170	0.999309
445	168	0.999743
415	342	0.999516
457	252	0.999998
60	9	0.999945
106	91	0.99956
57	12	0.999022
463	191	0.999991
326	57	0.99953
350	119	0.999462
422	309	0.999544
395	297	0.998981
366	269	0.999352
55	14	0.999491
351	318	0.999541
374	100	0.999898
429	117	0.999322
122	58	0.999134
384	368	0.999983
481	155	0.999455
342	145	0.999446
408	112	0.999724
102	47	0.999902
125	47	0.99977
389	90	0.99956
143	135	0.999035
402	374	0.999922
219	111	0.999788
361	308	0.999167
386	207	0.99905
65	38	0.999628
282	47	0.999152
