500
197	21	0.990419
287	167	0.999158
53	20	0.993699
317	221	0.999114
221	165	0.995193
167	164	0.995246
316	45	0.990408
85	60	0.994494
340	37	0.999417
361	51	0.991447
204	143	0.992937
80	19	0.998467
345	243	0.995246
277	273	0.992765
74	29	0.999568
109	86	0.997496
237	94	0.992797
409	141	0.994805
101	20	0.994816
156	120	0.990751
292	225	0.997863
306	26	0.994118
273	165	0.993184
276	103	0.997518
480	130	0.999546
476	164	0.99755
331	223	0.991511
303	269	0.994827
426	209	0.994505
394	223	0.995332
433	417	0.993559
474	46	0.995408
447	304	0.99105
498	76	0.994859
493	359	0.990847
459	266	0.996538
89	26	0.994204
105	65	0.990462
307	291	0.999816
418	35	0.994429
112	94	0.991693
90	41	0.999719
399	305	0.99629
209	117	0.993763
480	204	0.989766
376	152	0.990312
239	123	0.993012
358	312	0.989617
335	175	0.996721
118	34	0.989884
318	147	0.994859
126	116	0.990686
66	38	0.991125
208	196	0.991597
285	139	0.993355
458	330	0.999147
225	208	0.990183
108	56	0.995623
203	26	0.990975
261	177	0.997917
221	79	0.995946
379	231	0.999244
479	450	0.995354
280	35	0.993312
301	251	0.99919
316	227	0.990933
56	27	0.989649
484	441	0.989617
484	224	0.996225
240	221	0.998165
126	39	0.989531
302	51	0.994064
93	67	0.994515
420	121	0.998456
170	139	0.992765
481	233	0.995526
467	74	0.996796
451	209	0.995042
455	142	0.997389
296	96	0.992572
420	265	0.995709
314	182	0.99195
392	53	0.992873
81	26	0.997464
445	232	0.999104
147	100	0.990611
337	249	0.997766
270	235	0.992851
198	24	0.991768
213	98	0.997453
50	42	0.992111
359	131	0.996398
380	51	0.997658
90	62	0.992358
339	150	0.993892
461	145	0.99713
102	37	0.993667
462	128	0.993774
203	75	0.991983
256	201	0.997259
414	208	0.991425
494	470	0.995946
330	257	0.992283
358	39	0.990494
196	13	0.996333
423	305	0.992047
366	147	0.995279
488	289	0.994
421	321	0.993162
259	174	0.990162
169	124	0.992358
473	96	0.991168
417	283	0.999417
176	82	0.997389
241	69	0.995784
161	18	0.991629
369	218	0.996236
344	329	0.9953
214	45	0.997496
195	127	0.997162
374	27	0.996096
311	80	0.993452
435	87	0.995311
62	35	0.998693
284	37	0.993334
491	248	0.993237
444	310	0.992637
419	288	0.996538
235	38	0.990943
171	164	0.999849
356	83	0.994408
280	67	0.989809
54	7	0.994021
467	204	0.992133
194	124	0.98952
493	332	0.997981
470	202	0.991886
315	272	0.990312
248	243	0.98998
192	61	0.998801
100	29	0.996365
360	334	0.993087
95	42	0.989841
122	115	0.994322
294	95	0.989873
437	307	0.990933
195	65	0.995773
103	63	0.99149
261	216	0.998467
51	25	0.990376
99	23	0.994666
375	140	0.996398
409	379	0.997259
380	91	0.991918
279	192	0.994999
267	104	0.995612
87	49	0.995709
281	198	0.99629
464	258	0.999028
448	408	0.997152
260	180	0.991393
68	60	0.997906
193	191	0.990451
342	119	0.997453
310	76	0.994
384	134	0.994945
225	25	0.992712
161	108	0.99713
295	80	0.99946
268	138	0.997464
210	156	0.998122
292	202	0.994655
128	42	0.990569
247	213	0.989478
217	26	0.993774
489	85	0.994214
452	161	0.993345
83	30	0.990547
192	107	0.994644
183	110	0.994171
339	313	0.999136
220	72	0.997626
69	24	0.991597
86	34	0.991682
260	61	0.992347
200	63	0.994816
206	164	0.997205
327	238	0.994494
236	19	0.998316
295	168	0.998079
476	344	0.99501
370	226	0.993742
332	50	0.997992
331	136	0.989542
494	207	0.996839
334	322	0.992304
329	51	0.991415
75	18	0.997658
183	128	0.998402
399	61	0.989659
267	91	0.995913
73	54	0.992948
426	366	0.996613
393	118	0.993731
437	78	0.995472
278	153	0.998359
216	94	0.993495
284	260	0.99444
309	295	0.989905
360	73	0.997248
152	95	0.998996
418	328	0.995246
361	85	0.997572
179	87	0.990002
443	354	0.997475
421	146	0.994526
126	123	0.991929
180	87	0.991008
87	55	0.995967
485	36	0.993484
88	71	0.989713
81	68	0.996215
296	143	0.992615
75	72	0.998855
440	361	0.998996
493	424	0.995042
408	354	0.994086
282	252	0.994386
96	91	0.996473
401	65	0.992637
115	47	0.989552
155	76	0.993828
303	149	0.997831
103	31	0.999924
440	278	0.994161
360	272	0.993903
121	87	0.9918
281	90	0.997227
67	55	0.994902
350	294	0.998931
217	41	0.994816
467	267	0.990012
195	24	0.993742
432	380	0.990162
390	359	0.992948
231	99	0.991715
184	137	0.992561
389	238	0.998488
489	452	0.995203
311	133	0.994591
284	86	0.990066
441	165	0.997992
220	31	0.999773
362	256	0.994247
143	29	0.995483
211	23	0.990954
265	73	0.990087
331	93	0.992883
117	73	0.991565
171	12	0.990526
425	191	0.991661
373	89	0.992283
346	76	0.997507
338	38	0.995203
117	9	0.994429
69	26	0.9918
456	401	0.99328
391	226	0.98936
336	198	0.998337
500	112	0.989552
113	106	0.99134
438	71	0.990472
154	93	0.992851
458	86	0.989895
89	43	0.998834
307	200	0.997108
98	10	0.993044
209	136	0.995117
412	287	0.999946
153	36	0.995128
245	106	0.999039
442	73	0.998942
480	43	0.991008
68	10	0.991104
222	206	0.995547
450	127	0.989392
246	179	0.995677
117	82	0.998025
428	172	0.994118
258	221	0.993066
198	17	0.992486
95	17	0.994462
467	273	0.99134
288	151	0.991618
289	89	0.99892
112	98	0.998273
264	77	0.996591
261	162	0.998413
117	54	0.996516
175	122	0.997917
106	84	0.990547
446	409	0.997184
194	69	0.993431
268	203	0.99986
434	140	0.99239
283	281	0.994666
183	153	0.989435
287	247	0.998715
284	180	0.996742
385	136	0.990173
252	74	0.997108
213	181	0.991907
348	122	0.994354
180	154	0.995913
490	138	0.992647
282	65	0.994064
209	166	0.993828
208	202	0.992937
419	241	0.990858
470	122	0.998035
110	29	0.990173
116	58	0.998391
472	340	0.992379
302	179	0.998456
118	69	0.997561
353	80	0.992218
275	191	0.993516
226	220	0.998046
350	298	0.99559
470	322	0.993055
500	382	0.997712
278	225	0.992679
53	16	0.995128
352	350	0.995989
402	243	0.998273
259	103	0.998532
105	103	0.989649
500	229	0.999006
451	410	0.996333
229	167	0.993119
488	257	0.997777
414	253	0.993431
483	210	0.999266
72	66	0.989788
282	121	0.997205
500	385	0.990611
328	322	0.99919
205	55	0.991672
235	110	0.997486
481	225	0.998758
283	186	0.996172
185	149	0.994569
339	183	0.992293
390	333	0.993914
247	21	0.997938
114	31	0.995139
473	459	0.995956
259	187	0.999006
321	214	0.992261
337	270	0.992787
397	162	0.997895
165	138	0.993227
314	45	0.989349
489	384	0.99089
188	149	0.998434
452	119	0.999017
74	48	0.992658
339	300	0.993806
282	85	0.995935
176	49	0.998823
165	131	0.993388
261	134	0.990002
116	44	0.994698
295	144	0.996139
486	479	0.992358
180	172	0.992551
220	218	0.999427
243	230	0.98952
362	278	0.998316
89	16	0.995289
116	49	0.998456
90	40	0.997227
151	22	0.993302
242	121	0.991607
466	167	0.999255
382	338	0.991972
327	312	0.995375
123	29	0.992004
110	10	0.99298
183	181	0.990815
267	159	0.997453
362	279	0.991168
351	161	0.991404
143	128	0.989392
325	279	0.989723
451	353	0.997173
355	310	0.996774
491	458	0.989264
490	64	0.992272
222	212	0.993871
112	91	0.996387
345	294	0.998575
386	92	0.99044
219	33	0.999914
170	143	0.990301
52	5	0.997238
486	282	0.99823
114	106	0.999687
193	180	0.996516
140	138	0.989916
67	25	0.992122
108	11	0.989852
249	189	0.995472
66	34	0.994386
425	212	0.992958
275	151	0.997442
176	27	0.994526
157	138	0.99892
207	74	0.997216
440	349	0.993152
312	134	0.999222
300	260	0.991479
258	216	0.98982
471	98	0.990729
418	305	0.989542
478	52	0.992583
445	230	0.999935
430	239	0.997626
122	34	0.992529
86	76	0.996602
350	247	0.992594
343	65	0.992283
446	228	0.994644
419	357	0.994913
187	85	0.992058
299	254	0.994601
431	83	0.995085
65	63	0.992604
256	165	0.998046
246	143	0.992058
402	113	0.989617
313	28	0.998305
272	48	0.993076
387	352	0.995354
218	199	0.993839
290	109	0.990922
465	113	0.996075
219	57	0.994988
495	236	0.990986
482	240	0.991865
418	159	0.999266
283	255	0.990237
111	41	0.999158
159	137	0.998952
61	24	0.998639
398	344	0.99558
105	10	0.993516
259	168	0.99905
351	172	0.998726
208	114	0.996021
191	189	0.999546
161	93	0.994483
225	56	0.995773
458	95	0.994214
59	6	0.989659
354	96	0.99372
220	140	0.99987
483	414	0.990515
116	61	0.995504
168	81	0.990098
202	72	0.993774
395	379	0.997464
302	103	0.994902
496	485	0.998402
355	301	0.992862
421	405	0.998693
234	209	0.991972
373	261	0.999968
476	47	0.999017
193	131	0.999708
357	263	0.991682
290	65	0.998348
104	69	0.989531
452	343	0.997324
412	104	0.998942
211	15	0.992647
271	168	0.994676
125	95	0.998575
232	75	0.990087
295	78	0.996085
309	244	0.992905
87	69	0.995354
281	62	0.996333
332	127	0.993473
343	145	0.989734
126	29	0.996172
252	191	0.990569
75	6	0.991179
365	261	0.99328
64	28	0.991715
