65
167	112	0.939603
484	56	0.966538
258	119	0.939045
213	145	0.981834
261	104	0.990203
345	237	0.963998
92	15	0.953016
213	158	0.92575
309	142	0.963589
498	243	0.962772
477	132	0.986847
286	36	0.922378
156	105	0.924886
205	72	0.941359
350	33	0.92811
257	110	0.930556
188	44	0.967934
190	183	0.991801
496	444	0.999152
275	195	0.973867
321	166	0.999491
187	153	0.955445
253	33	0.951965
279	216	0.924572
444	154	0.973701
308	229	0.981418
338	186	0.931899
350	171	0.971143
474	266	0.991128
390	85	0.960323
286	140	0.930398
468	42	0.979337
206	116	0.976598
75	23	0.936418
300	113	0.996865
475	353	0.926694
298	153	0.986847
233	17	0.997542
442	291	0.938487
169	48	0.997118
489	186	0.975852
99	18	0.924808
332	88	0.99138
256	183	0.935624
283	170	0.929135
157	49	0.98802
491	364	0.99678
402	340	0.926458
171	51	0.931978
454	272	0.967195
304	254	0.998558
124	12	0.923396
468	132	0.973041
383	196	0.921673
299	164	0.981501
383	158	0.950028
281	245	0.963426
492	322	0.919486
200	124	0.929766
151	72	0.962527
54	10	0.9622
269	107	0.985926
388	351	0.991633
115	67	0.962854
93	28	0.977759
