1000
157	115	0.929321
157	8	0.414888
157	3	0.490568
157	36	0.429438
157	6	0.986209
157	56	0.911974
157	12	0.154516
157	71	0.911564
157	42	0.647479
157	26	0.728317
157	116	0.921893
157	34	0.491442
157	18	0.174908
157	27	0.375559
157	40	0.476993
157	72	0.486353
157	1	0.506766
157	12	0.907719
157	57	0.452129
157	91	0.850832
157	2	0.116941
157	44	0.464567
157	3	0.284361
157	22	0.392141
157	2	0.0480589
157	31	0.227786
157	145	0.952306
157	16	0.365911
157	8	0.637216
157	40	0.722657
157	38	0.371243
157	17	0.41302
157	4	0.0295405
157	13	0.0878966
157	2	0.0185396
157	25	0.182636
157	9	0.725908
157	25	0.744921
157	57	0.498303
157	91	0.607863
157	89	0.610176
157	1	0.093422
157	37	0.806606
157	64	0.492688
157	8	0.150021
157	6	0.125539
157	22	0.253231
157	21	0.523125
157	140	0.982908
157	5	0.5662
157	73	0.664306
157	89	0.63898
157	4	0.145611
157	55	0.367887
157	64	0.467022
157	59	0.424224
157	0	0.0202182
157	43	0.820016
157	65	0.656923
157	32	0.378911
157	34	0.384966
157	0	0.0105788
157	57	0.643384
157	5	0.454398
157	113	0.720553
157	47	0.680694
157	9	0.387177
157	3	0.0573072
157	2	0.156206
157	39	0.503244
157	65	0.75368
157	43	0.400751
157	113	0.72524
157	2	0.782031
157	4	0.0852951
157	52	0.960154
157	39	0.26659
157	60	0.898903
157	10	0.146891
157	24	0.961211
157	13	0.860584
157	60	0.853539
157	32	0.806051
157	47	0.448686
157	61	0.486023
157	14	0.123643
157	25	0.221605
157	55	0.724453
157	74	0.984324
157	112	0.955584
157	62	0.54035
157	13	0.0885598
157	5	0.45969
157	34	0.217541
157	120	0.907786
157	126	0.931181
157	63	0.438918
157	7	0.053402
157	87	0.807324
157	78	0.800655
157	12	0.330295
157	44	0.703622
157	43	0.737151
157	72	0.544644
157	64	0.854807
157	3	0.053043
157	68	0.786688
157	23	0.21105
157	105	0.808651
157	41	0.89712
157	12	0.957012
157	5	0.0407185
157	36	0.611925
157	13	0.132442
157	54	0.474769
157	29	0.891392
157	78	0.715637
157	41	0.379918
157	5	0.0486969
157	115	0.870551
157	68	0.759426
157	11	0.295502
157	44	0.976665
157	15	0.169366
157	36	0.480343
157	2	0.895981
157	109	0.755112
157	32	0.723641
157	5	0.682536
157	57	0.614079
157	2	0.160256
157	58	0.445954
157	1	0.0132634
157	29	0.845134
157	39	0.280216
157	3	0.0384782
157	21	0.423515
157	24	0.328974
157	55	0.357418
157	34	0.354829
157	38	0.518415
157	10	0.0844776
157	12	0.200401
157	90	0.644032
157	24	0.919473
157	31	0.342052
157	48	0.879974
157	25	0.184285
157	0	0.0883788
157	60	0.567153
157	4	0.946977
157	55	0.569052
157	19	0.388159
157	27	0.89687
157	16	0.343011
157	80	0.926883
157	110	0.729737
157	31	0.840472
157	24	0.967205
157	45	0.864714
157	105	0.835601
157	119	0.762832
157	128	0.922221
157	21	0.245363
157	0	0.0607113
157	47	0.356084
157	0	0.0808924
157	74	0.834275
157	38	0.332009
157	111	0.965261
157	0	0.249225
157	1	0.660203
157	0	0.308471
157	22	0.314988
157	72	0.951994
157	39	0.428296
157	5	0.102096
157	51	0.747641
157	86	0.548543
157	16	0.694111
157	28	0.197832
157	11	0.15016
157	6	0.369104
157	34	0.873482
157	57	0.574028
157	32	0.274213
157	32	0.544092
157	1	0.133505
157	26	0.195909
157	85	0.741061
157	0	0.0322495
157	94	0.898595
157	73	0.490618
157	10	0.227279
157	28	0.188402
157	40	0.499496
157	14	0.262878
157	20	0.63279
157	5	0.212535
157	93	0.95218
157	10	0.41316
157	25	0.19156
157	62	0.746003
157	4	0.245544
157	0	0.0379718
157	32	0.591408
157	2	0.204191
157	99	0.819152
157	5	0.155105
157	67	0.677431
157	88	0.827516
157	47	0.381627
157	12	0.169418
157	3	0.529517
157	47	0.908629
157	58	0.662779
157	35	0.57436
157	88	0.903133
157	53	0.540387
157	38	0.469684
157	84	0.907558
157	18	0.359089
157	48	0.446772
157	70	0.578354
157	34	0.403108
157	90	0.830841
157	47	0.564113
157	94	0.864365
157	59	0.572723
157	0	0.0612622
157	1	0.709615
157	29	0.532165
157	16	0.265324
157	31	0.235756
157	7	0.048175
157	89	0.870868
157	92	0.833073
157	43	0.783196
157	32	0.705676
157	47	0.925106
157	41	0.753847
157	21	0.502243
157	46	0.391966
157	14	0.332245
157	3	0.923421
157	6	0.304983
157	23	0.197102
157	15	0.553869
157	20	0.243776
157	23	0.271009
157	35	0.317613
157	6	0.535392
157	2	0.825107
157	38	0.843567
157	3	0.129979
157	4	0.0953792
157	34	0.765709
157	62	0.874271
157	65	0.527173
157	22	0.72474
157	14	0.650152
157	17	0.214815
157	17	0.359385
157	111	0.823323
157	42	0.885953
157	23	0.182972
157	4	0.0953727
157	18	0.38154
157	47	0.415619
157	19	0.225762
157	8	0.13267
157	44	0.496153
157	41	0.459556
157	0	0.034219
157	37	0.300213
157	10	0.0665802
157	83	0.763304
157	15	0.204185
157	32	0.779693
157	16	0.34207
157	79	0.660372
157	1	0.0114775
157	45	0.388174
157	4	0.182895
157	8	0.138542
157	58	0.793721
157	73	0.596604
157	16	0.551815
157	4	0.0332294
157	15	0.271296
157	16	0.925533
157	23	0.961677
157	27	0.505477
157	6	0.612721
157	60	0.703283
157	21	0.761707
157	57	0.473945
157	11	0.8078
157	51	0.413996
157	45	0.815997
157	7	0.658739
157	13	0.445838
157	15	0.135261
157	5	0.0331344
157	48	0.319089
157	29	0.214953
157	83	0.986117
157	1	0.609862
157	59	0.396199
157	11	0.502812
157	7	0.362636
157	5	0.118244
157	17	0.175121
157	4	0.162719
157	2	0.132433
157	38	0.713224
157	39	0.927467
157	18	0.500534
157	88	0.747018
157	33	0.726167
157	78	0.557804
157	7	0.097411
157	48	0.311342
157	5	0.299104
157	121	0.868811
157	41	0.381795
157	50	0.323586
157	97	0.777944
157	36	0.590652
157	0	0.0100373
157	30	0.221567
157	19	0.536212
157	44	0.845982
157	39	0.248812
157	8	0.0580079
157	46	0.68325
157	9	0.514664
157	39	0.425687
157	56	0.756259
157	61	0.677494
157	2	0.464342
157	15	0.108162
157	1	0.0170464
157	54	0.545818
157	6	0.936429
157	11	0.18751
157	6	0.0780875
157	83	0.905642
157	3	0.0191261
157	17	0.132698
157	42	0.543906
157	145	0.980291
157	80	0.807168
157	50	0.658914
157	72	0.499609
157	20	0.956682
157	16	0.850437
157	3	0.0403185
157	100	0.816248
157	67	0.488353
157	19	0.369881
157	60	0.458527
157	17	0.519875
157	67	0.529701
157	83	0.769467
157	40	0.746371
157	19	0.14692
157	19	0.190572
157	38	0.554273
157	55	0.443851
157	8	0.539853
157	8	0.50061
157	27	0.403206
157	93	0.625137
157	35	0.310251
157	97	0.866551
157	10	0.0639409
157	1	0.274396
157	70	0.678835
157	140	0.937385
157	45	0.381528
157	53	0.593997
157	78	0.75481
157	113	0.986554
157	4	0.0776877
157	7	0.136041
157	0	0.20499
157	18	0.591593
157	80	0.989335
157	19	0.261636
157	55	0.674304
157	23	0.293458
157	64	0.747586
157	29	0.515038
157	52	0.564513
157	45	0.470995
157	4	0.223176
157	53	0.390997
157	17	0.943483
157	11	0.0965244
157	15	0.729218
157	83	0.865414
157	113	0.885553
157	5	0.840138
157	5	0.821442
157	18	0.985881
157	112	0.860785
157	139	0.971856
157	5	0.0571359
157	27	0.227011
157	12	0.146512
157	45	0.528896
157	3	0.464242
157	21	0.292421
157	2	0.877572
157	1	0.439008
157	6	0.272683
157	59	0.669345
157	127	0.929928
157	38	0.372134
157	45	0.923498
157	35	0.526419
157	2	0.018051
157	4	0.0756479
157	11	0.128054
157	46	0.75081
157	20	0.716353
157	60	0.523163
157	48	0.830021
157	28	0.73758
157	11	0.154342
157	13	0.204977
157	19	0.555807
157	38	0.438225
157	6	0.1016
157	41	0.304505
157	137	0.881906
157	32	0.391373
157	41	0.54042
157	84	0.702433
157	24	0.16
157	8	0.106842
157	8	0.113991
157	45	0.300194
157	117	0.905511
157	79	0.515427
157	1	0.0386578
157	33	0.464172
157	19	0.14869
157	29	0.705143
157	3	0.195588
157	90	0.667427
157	8	0.140336
157	86	0.859699
157	4	0.273189
157	62	0.879333
157	11	0.358359
157	1	0.292621
157	7	0.958607
157	17	0.185619
157	37	0.278124
157	104	0.924877
157	15	0.792777
157	108	0.780488
157	3	0.340304
157	44	0.434812
157	44	0.504548
157	69	0.667768
157	4	0.0620677
157	44	0.315536
157	34	0.644634
157	20	0.620725
157	1	0.192885
157	84	0.622816
157	5	0.390148
157	0	0.682373
157	7	0.341844
157	61	0.949275
157	61	0.430728
157	1	0.530109
157	70	0.570746
157	110	0.881445
157	20	0.285106
157	2	0.126271
157	5	0.340851
157	21	0.421835
157	2	0.0507129
157	3	0.0276672
157	0	0.0117397
157	4	0.0796129
157	67	0.574248
157	52	0.709382
157	100	0.819759
157	36	0.400565
157	27	0.443776
157	10	0.504385
157	68	0.876902
157	1	0.102712
157	35	0.720656
157	23	0.58516
157	12	0.614913
157	12	0.276461
157	37	0.303545
157	5	0.138573
157	129	0.97725
157	66	0.690571
157	39	0.320053
157	6	0.125174
157	15	0.232747
157	51	0.589121
157	85	0.592422
157	5	0.390045
157	65	0.561695
157	11	0.70755
157	14	0.19557
157	109	0.819093
157	3	0.0436659
157	1	0.244319
157	23	0.278766
157	11	0.164525
157	4	0.469627
157	20	0.218486
157	37	0.486913
157	23	0.224225
157	37	0.591484
157	7	0.321385
157	57	0.940772
157	29	0.416924
157	10	0.588488
157	16	0.657936
157	23	0.320202
157	24	0.767266
157	138	0.977335
157	3	0.200718
157	18	0.415902
157	0	0.0102938
157	35	0.313098
157	59	0.6445
157	96	0.702131
157	56	0.389254
157	83	0.888162
157	3	0.253917
157	3	0.0194631
157	16	0.197425
157	50	0.631369
157	34	0.871652
157	94	0.897828
157	103	0.897072
157	91	0.648033
157	6	0.0985683
157	18	0.881328
157	21	0.265176
157	14	0.21692
157	54	0.480805
157	129	0.827671
157	3	0.0369807
157	46	0.463502
157	13	0.214376
157	19	0.681781
157	33	0.398422
157	30	0.485971
157	85	0.744292
157	48	0.761667
157	2	0.0720197
157	98	0.67516
157	38	0.769451
157	10	0.0879598
157	55	0.485596
157	49	0.483966
157	33	0.622574
157	46	0.416834
157	3	0.0790288
157	26	0.80503
157	104	0.801992
157	5	0.119712
157	25	0.176948
157	9	0.138251
157	23	0.335007
157	46	0.298644
157	41	0.316198
157	6	0.226444
157	30	0.297552
157	45	0.504654
157	33	0.353366
157	66	0.695247
157	33	0.538938
157	3	0.08273
157	141	0.932976
157	11	0.872516
157	9	0.160514
157	34	0.315633
157	63	0.682525
157	34	0.485277
157	58	0.702702
157	43	0.735392
157	73	0.539696
157	44	0.400092
157	86	0.736261
157	51	0.796714
157	49	0.737706
157	15	0.677396
157	87	0.715728
157	103	0.728089
157	27	0.533619
157	20	0.373642
157	5	0.0418446
157	18	0.240803
157	63	0.624105
157	15	0.19721
157	25	0.604902
157	92	0.76906
157	46	0.329594
157	51	0.569126
157	29	0.251347
157	35	0.372649
157	15	0.260624
157	119	0.776417
157	40	0.305274
157	72	0.636067
157	58	0.79553
157	8	0.100616
157	8	0.0950196
157	35	0.283821
157	35	0.818952
157	1	0.0102544
157	66	0.69673
157	21	0.212485
157	52	0.439421
157	112	0.778193
157	33	0.214849
157	21	0.281194
157	61	0.630743
157	2	0.581413
157	29	0.256239
157	6	0.540192
157	131	0.835722
157	43	0.703473
157	12	0.238837
157	16	0.669615
157	110	0.845354
157	40	0.618921
157	61	0.485231
157	22	0.292917
157	4	0.547389
157	44	0.304044
157	51	0.348765
157	90	0.676648
157	3	0.20025
157	58	0.578797
157	17	0.96399
157	5	0.510755
157	7	0.62517
157	21	0.81949
157	5	0.743696
157	32	0.528044
157	32	0.581745
157	18	0.900586
157	28	0.186317
157	97	0.940116
157	21	0.557072
157	12	0.106882
157	121	0.7897
157	46	0.329477
157	27	0.269981
157	0	0.0522951
157	38	0.372429
157	1	0.333775
157	23	0.397411
157	11	0.399407
157	95	0.639828
157	0	0.0103447
157	38	0.789881
157	17	0.149256
157	8	0.87489
157	35	0.418209
157	17	0.290236
157	116	0.873606
157	146	0.964956
157	81	0.550772
157	25	0.216244
157	92	0.927082
157	11	0.860869
157	30	0.703553
157	38	0.887976
157	19	0.231382
157	34	0.902517
157	50	0.864489
157	44	0.3937
157	61	0.423112
157	28	0.289192
157	48	0.817249
157	117	0.812433
157	3	0.0368942
157	98	0.986216
157	29	0.2356
157	9	0.154401
157	75	0.650734
157	45	0.367807
157	16	0.157898
157	84	0.897897
157	7	0.188748
157	89	0.778064
157	108	0.869565
157	32	0.431927
157	48	0.771649
157	50	0.904871
157	11	0.0810104
157	15	0.490762
157	50	0.358186
157	17	0.334557
157	107	0.877477
157	5	0.586101
157	4	0.419141
157	45	0.593904
157	59	0.554693
157	24	0.281002
157	14	0.144941
157	0	0.0854598
157	31	0.302689
157	77	0.539814
157	42	0.54287
157	4	0.752508
157	42	0.496015
157	10	0.0988033
157	5	0.380839
157	12	0.798419
157	5	0.0371552
157	8	0.0589186
157	13	0.849519
157	42	0.590383
157	67	0.478873
157	17	0.422959
157	18	0.141587
157	57	0.768201
157	65	0.47409
157	26	0.432244
157	16	0.500509
157	48	0.71948
157	146	0.930106
157	124	0.881512
157	42	0.386297
157	4	0.369404
157	96	0.620977
157	11	0.731222
157	3	0.100624
157	22	0.400671
157	23	0.389444
157	12	0.611699
157	5	0.0509858
157	68	0.480779
157	57	0.617685
157	69	0.695495
157	76	0.877884
157	100	0.643352
157	44	0.821766
157	4	0.0704617
157	44	0.434471
157	0	0.184566
157	100	0.775502
157	88	0.717444
157	36	0.35046
157	11	0.110197
157	57	0.76073
157	4	0.0284447
157	33	0.243998
157	11	0.95016
157	2	0.621836
157	18	0.517019
157	0	0.324101
157	40	0.650839
157	1	0.0234257
157	2	0.36892
157	15	0.437965
157	55	0.652946
157	18	0.18658
157	28	0.647803
157	16	0.389374
157	8	0.0760008
157	18	0.90682
157	57	0.582769
157	22	0.250581
157	53	0.934984
157	31	0.597589
157	31	0.506184
157	49	0.382045
157	19	0.203111
157	27	0.248279
157	31	0.209654
157	65	0.586744
157	4	0.0285359
157	70	0.598171
157	62	0.472786
157	40	0.474816
157	39	0.275787
157	26	0.559013
157	40	0.497761
157	14	0.157894
157	28	0.344614
157	82	0.768719
157	56	0.477116
157	0	0.0494323
157	14	0.949311
157	30	0.573153
157	70	0.983459
157	7	0.0829869
157	19	0.134859
157	33	0.955467
157	20	0.216593
157	18	0.11854
157	35	0.23409
157	10	0.513693
157	2	0.0294208
157	25	0.187996
157	18	0.188615
157	86	0.606971
157	44	0.348059
157	13	0.145964
157	40	0.647319
157	8	0.0639067
157	56	0.620308
157	123	0.970698
157	19	0.187213
157	26	0.176121
157	19	0.147708
157	4	0.41167
157	20	0.169899
157	24	0.718272
157	9	0.336487
157	3	0.163876
157	5	0.13177
157	24	0.48872
157	17	0.337153
157	7	0.128729
157	0	0.219957
157	35	0.248895
157	5	0.686466
157	71	0.601472
157	0	0.320434
157	18	0.730552
157	29	0.272357
157	51	0.325525
157	21	0.286532
157	86	0.68128
157	96	0.935753
157	60	0.72208
157	3	0.19151
157	6	0.164061
157	97	0.796202
157	6	0.864824
157	0	0.0537854
157	68	0.505652
157	68	0.499246
157	65	0.470749
157	7	0.195493
157	71	0.656907
157	48	0.636317
157	23	0.42737
157	7	0.0807061
157	113	0.738357
157	46	0.613653
157	67	0.621643
157	25	0.475789
157	98	0.71012
157	60	0.508651
157	0	0.266905
157	91	0.700608
157	82	0.750861
157	16	0.354695
157	58	0.545119
157	1	0.0215864
157	29	0.90505
157	14	0.655368
157	4	0.653957
157	93	0.715956
157	7	0.350266
157	46	0.583223
157	76	0.813621
157	30	0.270934
157	26	0.582569
157	24	0.492082
157	1	0.0329689
157	16	0.564568
157	15	0.096187
157	52	0.348568
157	45	0.366357
157	1	0.165073
157	40	0.418699
157	76	0.759934
157	93	0.676473
157	43	0.563536
157	3	0.12397
157	12	0.963081
157	33	0.303108
157	89	0.604791
157	42	0.408558
157	106	0.785512
157	28	0.982235
157	60	0.50372
157	52	0.598353
157	11	0.116699
157	15	0.743158
157	20	0.128789
157	3	0.157943
157	25	0.598458
157	85	0.675485
157	126	0.88667
157	73	0.87929
157	4	0.0844207
157	27	0.351361
157	21	0.17683
157	2	0.485797
157	11	0.126154
157	31	0.310147
157	48	0.907232
157	19	0.121755
157	43	0.648651
157	50	0.482943
157	13	0.520311
157	2	0.647704
157	30	0.956463
157	25	0.975787
157	0	0.042361
157	79	0.557422
157	21	0.806665
157	37	0.245476
157	0	0.308826
157	15	0.104827
157	0	0.534825
157	52	0.713998
157	30	0.834304
157	14	0.914189
157	32	0.490792
157	4	0.347476
157	94	0.814482
157	37	0.326953
157	54	0.435472
157	19	0.307249
157	40	0.383588
157	15	0.127123
157	21	0.922916
157	42	0.454895
157	19	0.885549
157	29	0.3665
157	143	0.968552
157	94	0.656989
157	57	0.701123
157	12	0.798225
157	51	0.511877
157	21	0.199577
157	17	0.153696
157	93	0.822357
157	7	0.533203
157	98	0.831148
157	33	0.640835
157	34	0.392592
157	73	0.469601
157	37	0.257083
157	0	0.235783
157	9	0.136832
157	27	0.292489
157	9	0.0748829
157	63	0.945054
157	10	0.0747806
157	2	0.0897733
157	47	0.813539
157	30	0.790477
157	94	0.615122
157	38	0.333942
157	105	0.91434
157	43	0.782708
157	68	0.539652
157	59	0.501064
157	10	0.12016
157	9	0.349913
157	79	0.969852
157	28	0.29421
157	40	0.291978
157	21	0.367197
157	110	0.748422
157	16	0.395955
157	30	0.283549
157	89	0.573314
157	74	0.797535
157	9	0.16244
157	75	0.70134
157	30	0.283998
157	63	0.968497
157	1	0.0305693
157	65	0.9444
157	92	0.89339
157	105	0.705957
157	51	0.799753
157	40	0.424184
157	33	0.470245
157	44	0.291557
157	110	0.985731
157	60	0.687505
157	76	0.827885
157	53	0.547032
157	96	0.779062
