1500
187	57	0.904707
187	14	0.243729
187	5	0.257261
187	65	0.783489
187	95	0.618396
187	34	0.731949
187	94	0.524591
187	114	0.752654
187	44	0.89014
187	8	0.0747744
187	120	0.88827
187	73	0.98255
187	42	0.435147
187	54	0.775259
187	3	0.811714
187	60	0.536727
187	74	0.404808
187	114	0.626935
187	92	0.630423
187	8	0.38952
187	133	0.762625
187	100	0.64181
187	2	0.168992
187	146	0.846856
187	4	0.0241086
187	16	0.496142
187	7	0.414087
187	27	0.332747
187	33	0.374704
187	31	0.492397
187	61	0.443917
187	70	0.955614
187	101	0.905539
187	39	0.248797
187	67	0.461893
187	62	0.592852
187	59	0.469938
187	142	0.934261
187	36	0.48156
187	17	0.270261
187	2	0.077166
187	2	0.470088
187	11	0.0723987
187	4	0.0235841
187	0	0.0580143
187	23	0.709929
187	4	0.136064
187	9	0.0544162
187	104	0.670188
187	66	0.432406
187	73	0.505832
187	93	0.662249
187	46	0.32832
187	20	0.12388
187	17	0.154452
187	73	0.395671
187	49	0.703749
187	34	0.198776
187	1	0.830662
187	26	0.446152
187	45	0.684449
187	50	0.267382
187	39	0.306772
187	36	0.710144
187	61	0.683416
187	27	0.471816
187	34	0.265597
187	56	0.400181
187	1	0.244995
187	1	0.622939
187	143	0.856341
187	65	0.362805
187	2	0.475826
187	77	0.950828
187	32	0.21825
187	122	0.803944
187	26	0.544543
187	23	0.164889
187	54	0.311311
187	7	0.212413
187	5	0.433011
187	39	0.51481
187	1	0.891568
187	24	0.705899
187	63	0.911467
187	96	0.948426
187	3	0.0558906
187	41	0.48821
187	66	0.593693
187	32	0.941631
187	86	0.463039
187	118	0.836156
187	1	0.337098
187	26	0.677124
187	66	0.866306
187	20	0.64343
187	12	0.432402
187	62	0.580699
187	1	0.719461
187	139	0.783543
187	4	0.0890674
187	82	0.883633
187	101	0.861016
187	23	0.248739
187	18	0.113021
187	139	0.746141
187	22	0.135226
187	33	0.361897
187	15	0.249142
187	53	0.740366
187	33	0.255923
187	6	0.129861
187	37	0.824975
187	26	0.366669
187	61	0.56099
187	98	0.793658
187	7	0.299378
187	25	0.174574
187	2	0.0686193
187	119	0.681046
187	16	0.484799
187	23	0.265562
187	2	0.146986
187	71	0.700696
187	29	0.213036
187	115	0.849514
187	19	0.635422
187	82	0.538655
187	0	0.0575608
187	47	0.514281
187	21	0.593974
187	1	0.135221
187	16	0.704077
187	40	0.530266
187	88	0.622288
187	79	0.813157
187	146	0.923092
187	40	0.721865
187	14	0.663951
187	6	0.03493
187	77	0.897031
187	1	0.147148
187	13	0.166773
187	10	0.579736
187	13	0.345336
187	111	0.651442
187	11	0.253252
187	166	0.959606
187	36	0.337662
187	19	0.643448
187	23	0.258809
187	10	0.0577765
187	55	0.295948
187	2	0.0238037
187	32	0.681587
187	4	0.43696
187	81	0.680015
187	2	0.20883
187	41	0.661585
187	103	0.864235
187	88	0.921924
187	67	0.84396
187	50	0.528433
187	7	0.43424
187	34	0.569081
187	36	0.202507
187	11	0.48276
187	22	0.717708
187	4	0.376126
187	165	0.885611
187	84	0.578313
187	128	0.916603
187	12	0.300726
187	95	0.899931
187	2	0.614634
187	33	0.250962
187	64	0.730687
187	73	0.739967
187	38	0.798963
187	41	0.262265
187	4	0.091339
187	6	0.654
187	1	0.415296
187	31	0.207341
187	28	0.250561
187	7	0.0393506
187	33	0.597239
187	6	0.0488465
187	17	0.538293
187	76	0.678237
187	15	0.285116
187	32	0.265682
187	16	0.144571
187	29	0.560385
187	113	0.814679
187	68	0.807192
187	1	0.0157526
187	1	0.312362
187	33	0.798949
187	8	0.881311
187	19	0.202839
187	1	0.201225
187	51	0.887478
187	42	0.790812
187	67	0.384473
187	116	0.855667
187	36	0.58138
187	5	0.205757
187	5	0.820827
187	9	0.209201
187	70	0.884111
187	68	0.899213
187	12	0.453022
187	41	0.818757
187	16	0.147916
187	42	0.403795
187	133	0.86337
187	96	0.730968
187	58	0.700873
187	48	0.925727
187	1	0.0457448
187	117	0.802682
187	39	0.22692
187	8	0.874609
187	63	0.716961
187	158	0.961855
187	35	0.914713
187	68	0.484513
187	48	0.852231
187	64	0.570417
187	30	0.692382
187	78	0.909524
187	20	0.274532
187	20	0.396715
187	11	0.132518
187	64	0.38355
187	0	0.586177
187	2	0.191299
187	32	0.925062
187	1	0.274162
187	92	0.537102
187	78	0.86744
187	1	0.090924
187	111	0.669773
187	32	0.625579
187	36	0.737818
187	44	0.26321
187	57	0.847014
187	76	0.545985
187	28	0.627105
187	29	0.265782
187	2	0.631193
187	4	0.229108
187	176	0.974744
187	24	0.870178
187	18	0.250235
187	40	0.307826
187	32	0.17907
187	6	0.0556922
187	146	0.885112
187	0	0.0454421
187	13	0.0715541
187	13	0.0961024
187	68	0.905854
187	9	0.0998467
187	1	0.0313217
187	24	0.464197
187	9	0.67483
187	33	0.667111
187	63	0.745336
187	83	0.457763
187	5	0.0951872
187	12	0.396826
187	15	0.601158
187	76	0.939166
187	88	0.539456
187	29	0.794631
187	150	0.924464
187	9	0.972517
187	0	0.318413
187	6	0.358659
187	20	0.647311
187	77	0.440031
187	80	0.473915
187	10	0.0722835
187	111	0.682409
187	37	0.616251
187	40	0.766889
187	7	0.189345
187	5	0.0758243
187	19	0.95549
187	71	0.613024
187	53	0.340902
187	3	0.0425122
187	70	0.860745
187	6	0.0663063
187	38	0.338836
187	12	0.193198
187	37	0.416179
187	20	0.164208
187	149	0.869586
187	69	0.464924
187	0	0.390183
187	58	0.87887
187	127	0.91907
187	33	0.293628
187	27	0.210513
187	2	0.303788
187	52	0.81759
187	3	0.864045
187	106	0.913772
187	5	0.0366323
187	0	0.159634
187	22	0.199994
187	33	0.427055
187	87	0.890838
187	6	0.176744
187	11	0.0660922
187	66	0.648681
187	14	0.941798
187	15	0.437259
187	18	0.165149
187	11	0.686659
187	12	0.0718945
187	25	0.198015
187	72	0.716088
187	25	0.237423
187	23	0.407712
187	51	0.485857
187	26	0.710595
187	91	0.517656
187	54	0.699504
187	9	0.0593003
187	2	0.872212
187	6	0.514102
187	67	0.738746
187	119	0.853064
187	53	0.621755
187	31	0.85321
187	29	0.314674
187	124	0.869894
187	2	0.13804
187	41	0.559194
187	29	0.554811
187	1	0.107975
187	71	0.872198
187	6	0.289087
187	75	0.592248
187	72	0.660731
187	29	0.683776
187	24	0.952103
187	86	0.71549
187	15	0.880541
187	103	0.867141
187	87	0.576943
187	103	0.801482
187	3	0.0165652
187	69	0.678809
187	73	0.741847
187	114	0.914135
187	45	0.45365
187	45	0.431138
187	116	0.790762
187	82	0.680375
187	61	0.332842
187	10	0.172105
187	36	0.530888
187	47	0.707803
187	3	0.0258451
187	92	0.842324
187	2	0.0147956
187	14	0.238417
187	70	0.62743
187	46	0.936585
187	8	0.0889795
187	25	0.660981
187	14	0.984218
187	32	0.494244
187	138	0.79111
187	11	0.332587
187	9	0.107461
187	32	0.73324
187	9	0.847335
187	4	0.0541727
187	15	0.393806
187	129	0.888955
187	145	0.862245
187	30	0.181404
187	10	0.39933
187	9	0.345216
187	10	0.137612
187	70	0.711965
187	45	0.424618
187	2	0.0465804
187	11	0.864231
187	20	0.464541
187	9	0.0774827
187	3	0.0249812
187	95	0.524207
187	18	0.786532
187	7	0.12931
187	114	0.802572
187	7	0.41269
187	6	0.637312
187	35	0.21653
187	24	0.527224
187	48	0.529879
187	155	0.971627
187	130	0.790379
187	151	0.932393
187	14	0.179849
187	2	0.0167134
187	6	0.0757635
187	28	0.185872
187	86	0.579107
187	65	0.538603
187	85	0.486471
187	151	0.962006
187	95	0.826546
187	44	0.62006
187	24	0.279944
187	17	0.530148
187	10	0.781086
187	28	0.302782
187	46	0.590438
187	5	0.882594
187	38	0.205279
187	84	0.863142
187	104	0.839992
187	1	0.540595
187	67	0.500316
187	8	0.101807
187	76	0.64119
187	27	0.266671
187	7	0.0639252
187	125	0.827558
187	88	0.736402
187	56	0.702
187	131	0.841237
187	76	0.724768
187	29	0.491531
187	158	0.939486
187	0	0.277761
187	96	0.805887
187	147	0.917871
187	34	0.598826
187	34	0.400005
187	113	0.632472
187	44	0.49181
187	163	0.989345
187	77	0.535116
187	51	0.41939
187	45	0.985498
187	19	0.676721
187	112	0.907848
187	2	0.0661779
187	14	0.719616
187	32	0.354367
187	171	0.98435
187	38	0.623244
187	7	0.0836015
187	49	0.706887
187	117	0.921436
187	78	0.880579
187	1	0.894171
187	46	0.353987
187	9	0.094875
187	0	0.257754
187	30	0.640833
187	50	0.663545
187	26	0.728408
187	114	0.921697
187	16	0.0994165
187	33	0.480637
187	6	0.628794
187	69	0.434617
187	19	0.386112
187	36	0.537315
187	8	0.208
187	62	0.34531
187	60	0.453333
187	83	0.5008
187	28	0.170085
187	1	0.015333
187	33	0.547669
187	31	0.177177
187	4	0.178737
187	1	0.288729
187	142	0.943818
187	2	0.153947
187	86	0.4707
187	46	0.803456
187	87	0.63127
187	10	0.173508
187	2	0.0528695
187	50	0.576905
187	13	0.126414
187	76	0.779159
187	0	0.119963
187	0	0.015029
187	32	0.84696
187	6	0.0619741
187	25	0.167257
187	23	0.126344
187	3	0.0220095
187	127	0.836006
187	18	0.182491
187	24	0.185939
187	33	0.351605
187	19	0.198336
187	53	0.39189
187	25	0.441742
187	29	0.38863
187	126	0.702544
187	123	0.868389
187	19	0.354326
187	87	0.587197
187	4	0.030177
187	103	0.621473
187	120	0.717181
187	143	0.869463
187	29	0.558775
187	4	0.443629
187	2	0.289874
187	48	0.550956
187	7	0.763371
187	3	0.0769919
187	120	0.852262
187	100	0.582881
187	14	0.160135
187	7	0.0868574
187	66	0.412097
187	61	0.392399
187	30	0.360254
187	26	0.739445
187	20	0.17943
187	13	0.151712
187	66	0.391456
187	5	0.362321
187	118	0.769109
187	78	0.503916
187	59	0.680929
187	78	0.822332
187	6	0.936259
187	9	0.107711
187	6	0.412033
187	7	0.0439399
187	78	0.785011
187	139	0.837041
187	50	0.606251
187	45	0.656583
187	17	0.830553
187	73	0.39313
187	77	0.69132
187	6	0.0325846
187	74	0.970103
187	12	0.0877991
187	28	0.373371
187	59	0.689895
187	62	0.379746
187	57	0.651715
187	21	0.569292
187	49	0.54332
187	116	0.821383
187	11	0.214762
187	37	0.671473
187	133	0.900959
187	14	0.0788627
187	60	0.512578
187	27	0.244445
187	76	0.56098
187	10	0.120436
187	38	0.580924
187	105	0.715631
187	78	0.627789
187	7	0.291326
187	63	0.715974
187	35	0.298191
187	101	0.558645
187	36	0.305647
187	19	0.172072
187	40	0.408756
187	82	0.962429
187	24	0.798903
187	37	0.951271
187	73	0.457811
187	49	0.358689
187	105	0.591379
187	65	0.355075
187	87	0.589823
187	146	0.963203
187	7	0.146625
187	6	0.0425768
187	19	0.587885
187	1	0.0208968
187	105	0.955324
187	8	0.103573
187	85	0.591773
187	1	0.0971416
187	28	0.193587
187	29	0.245183
187	74	0.678644
187	8	0.0895077
187	25	0.445639
187	52	0.589242
187	13	0.108678
187	60	0.936345
187	20	0.19967
187	34	0.267595
187	1	0.0738789
187	54	0.488386
187	23	0.755789
187	14	0.554381
187	22	0.138854
187	8	0.473248
187	69	0.580365
187	13	0.324653
187	37	0.551994
187	6	0.327256
187	36	0.429574
187	4	0.0833391
187	9	0.706088
187	85	0.558387
187	70	0.465428
187	34	0.184831
187	125	0.908381
187	10	0.915605
187	11	0.128811
187	141	0.868641
187	26	0.203543
187	28	0.554229
187	4	0.653546
187	124	0.924047
187	47	0.863234
187	12	0.43835
187	0	0.0578901
187	21	0.454957
187	27	0.182538
187	115	0.90232
187	33	0.21995
187	33	0.234506
187	41	0.220408
187	107	0.708955
187	66	0.545837
187	86	0.758618
187	137	0.85133
187	27	0.298009
187	19	0.33608
187	0	0.267701
187	5	0.0399066
187	129	0.887739
187	2	0.034692
187	51	0.277568
187	22	0.272984
187	16	0.638191
187	124	0.74471
187	24	0.193314
187	21	0.766208
187	16	0.223685
187	47	0.813345
187	59	0.700385
187	34	0.222824
187	109	0.703695
187	41	0.957745
187	82	0.530775
187	52	0.560436
187	46	0.314615
187	36	0.352144
187	27	0.344245
187	7	0.242556
187	63	0.52659
187	0	0.0128739
187	20	0.33292
187	51	0.794745
187	42	0.32552
187	25	0.169306
187	52	0.868006
187	67	0.406298
187	24	0.401703
187	15	0.377971
187	108	0.627508
187	52	0.374788
187	15	0.521603
187	113	0.863886
187	50	0.931248
187	21	0.591661
187	61	0.966917
187	11	0.143685
187	37	0.574038
187	134	0.884336
187	13	0.423605
187	43	0.598409
187	33	0.834866
187	80	0.762819
187	114	0.774434
187	0	0.0371078
187	1	0.427324
187	7	0.816788
187	40	0.926883
187	18	0.110562
187	23	0.563117
187	15	0.668879
187	23	0.82157
187	3	0.697269
187	13	0.561451
187	19	0.474146
187	16	0.0932746
187	11	0.0689419
187	52	0.959133
187	90	0.918001
187	58	0.339623
187	15	0.214548
187	23	0.333599
187	33	0.194121
187	87	0.878921
187	41	0.306177
187	34	0.206278
187	51	0.664929
187	59	0.740994
187	51	0.683008
187	67	0.406827
187	52	0.810525
187	20	0.963422
187	52	0.931042
187	64	0.383781
187	15	0.0939292
187	24	0.289349
187	4	0.217595
187	34	0.604307
187	103	0.923492
187	78	0.571576
187	25	0.721286
187	89	0.514611
187	4	0.101874
187	27	0.171049
187	37	0.612227
187	55	0.629441
187	17	0.760434
187	44	0.317289
187	54	0.421368
187	97	0.891667
187	27	0.163762
187	33	0.566427
187	33	0.37574
187	42	0.422762
187	114	0.689898
187	85	0.66375
187	139	0.913571
187	29	0.180205
187	0	0.072073
187	20	0.378163
187	40	0.435452
187	33	0.37499
187	92	0.792124
187	6	0.2275
187	17	0.811432
187	61	0.395612
187	38	0.3016
187	75	0.531329
187	52	0.343768
187	14	0.18675
187	73	0.912251
187	4	0.36949
187	109	0.901976
187	3	0.388491
187	31	0.582958
187	9	0.330658
187	36	0.638999
187	7	0.16681
187	14	0.217844
187	44	0.631718
187	6	0.199395
187	3	0.0686803
187	6	0.212134
187	104	0.916598
187	22	0.147759
187	15	0.474261
187	18	0.1175
187	13	0.963049
187	37	0.769454
187	53	0.404973
187	6	0.099841
187	30	0.826174
187	11	0.115069
187	49	0.679565
187	23	0.574099
187	100	0.872518
187	75	0.597981
187	31	0.338857
187	36	0.360763
187	24	0.137831
187	72	0.901655
187	30	0.901237
187	112	0.776014
187	9	0.930852
187	97	0.946539
187	92	0.625755
187	10	0.642861
187	54	0.302968
187	74	0.719187
187	12	0.423071
187	3	0.166798
187	15	0.250048
187	25	0.58024
187	75	0.616166
187	11	0.715926
187	61	0.717256
187	141	0.926524
187	4	0.089886
187	5	0.0411745
187	22	0.181675
187	31	0.390496
187	27	0.222098
187	4	0.945528
187	19	0.960976
187	102	0.733862
187	16	0.363675
187	126	0.677241
187	39	0.235601
187	19	0.395477
187	39	0.867829
187	23	0.383569
187	76	0.523084
187	35	0.195932
187	49	0.661182
187	0	0.2066
187	176	0.979391
187	48	0.344224
187	8	0.362361
187	54	0.332205
187	26	0.147241
187	159	0.868132
187	91	0.555479
187	12	0.235708
187	80	0.428818
187	59	0.660327
187	3	0.058125
187	14	0.158634
187	13	0.206219
187	80	0.873778
187	8	0.504769
187	12	0.373008
187	2	0.526321
187	47	0.340515
187	83	0.728511
187	98	0.740359
187	20	0.21554
187	4	0.0396651
187	18	0.425663
187	19	0.123258
187	106	0.661992
187	2	0.172839
187	44	0.611121
187	39	0.360473
187	13	0.185485
187	60	0.323135
187	13	0.177704
187	42	0.336072
187	68	0.510887
187	125	0.977085
187	52	0.592629
187	75	0.600294
187	48	0.289977
187	19	0.157205
187	26	0.243838
187	78	0.456131
187	58	0.792832
187	78	0.655489
187	88	0.918569
187	120	0.875987
187	23	0.316784
187	63	0.832744
187	99	0.958626
187	102	0.576089
187	141	0.861465
187	8	0.071904
187	38	0.678972
187	56	0.605857
187	14	0.119994
187	28	0.492119
187	120	0.871023
187	51	0.368608
187	58	0.798369
187	93	0.605967
187	16	0.121479
187	22	0.636761
187	137	0.827923
187	74	0.641513
187	33	0.50218
187	23	0.422837
187	81	0.616663
187	102	0.603727
187	9	0.684517
187	98	0.791171
187	29	0.737961
187	3	0.245713
187	5	0.0824711
187	92	0.685732
187	15	0.25603
187	23	0.483371
187	31	0.33135
187	107	0.863264
187	50	0.508727
187	10	0.320698
187	4	0.112077
187	63	0.641701
187	66	0.812495
187	7	0.336079
187	84	0.763382
187	141	0.785456
187	37	0.673349
187	0	0.28224
187	20	0.355192
187	86	0.550443
187	22	0.52601
187	1	0.070831
187	58	0.943126
187	37	0.530615
187	7	0.0722569
187	54	0.404544
187	33	0.749744
187	104	0.907616
187	15	0.366443
187	48	0.763322
187	28	0.190054
187	47	0.464751
187	20	0.152791
187	26	0.533312
187	127	0.884781
187	60	0.550949
187	116	0.667955
187	37	0.205315
187	89	0.79468
187	35	0.459218
187	4	0.0227755
187	31	0.224178
187	8	0.690369
187	58	0.964049
187	73	0.87642
187	4	0.0251787
187	4	0.179497
187	135	0.92814
187	12	0.710427
187	7	0.161155
187	45	0.244664
187	60	0.424081
187	5	0.131212
187	7	0.698578
187	18	0.24012
187	58	0.474009
187	6	0.0424975
187	89	0.902621
187	54	0.414976
187	20	0.150268
187	31	0.324119
187	7	0.373646
187	57	0.502118
187	6	0.268248
187	63	0.425114
187	3	0.199371
187	59	0.90874
187	60	0.571005
187	8	0.0678582
187	16	0.224668
187	13	0.102495
187	81	0.650844
187	39	0.251092
187	53	0.979168
187	6	0.324434
187	81	0.469592
187	60	0.576037
187	23	0.204732
187	34	0.193723
187	43	0.381027
187	48	0.289377
187	2	0.0797284
187	3	0.677729
187	18	0.413348
187	50	0.883112
187	71	0.797444
187	18	0.243009
187	10	0.814218
187	25	0.467641
187	9	0.0866354
187	150	0.916684
187	12	0.188563
187	17	0.171543
187	10	0.592096
187	93	0.625829
187	14	0.379297
187	34	0.506424
187	47	0.8209
187	61	0.385681
187	26	0.156519
187	88	0.513702
187	81	0.528582
187	55	0.413963
187	74	0.407339
187	3	0.0719307
187	19	0.187282
187	37	0.21574
187	1	0.144475
187	29	0.238882
187	3	0.0309572
187	35	0.775512
187	87	0.539056
187	72	0.418096
187	71	0.730343
187	36	0.2705
187	103	0.864382
187	6	0.251278
187	25	0.526955
187	22	0.340449
187	162	0.872762
187	27	0.172447
187	12	0.423556
187	32	0.948821
187	49	0.546269
187	7	0.299466
187	78	0.500569
187	125	0.907693
187	100	0.632609
187	10	0.0620945
187	6	0.0569203
187	15	0.725917
187	22	0.128984
187	12	0.318244
187	19	0.628318
187	136	0.748846
187	12	0.0823285
187	27	0.145582
187	97	0.54626
187	12	0.928549
187	92	0.516294
187	38	0.222793
187	33	0.549464
187	2	0.790879
187	17	0.862967
187	24	0.229076
187	17	0.119754
187	124	0.835271
187	107	0.611544
187	10	0.135096
187	52	0.47383
187	120	0.917376
187	58	0.608744
187	3	0.685964
187	3	0.674302
187	55	0.941833
187	63	0.949168
187	7	0.822007
187	142	0.85731
187	43	0.313459
187	39	0.581405
187	70	0.64073
187	12	0.103108
187	3	0.384419
187	25	0.282202
187	59	0.973531
187	32	0.886883
187	4	0.38843
187	1	0.239839
187	43	0.577062
187	76	0.713401
187	5	0.279058
187	34	0.423282
187	87	0.571496
187	19	0.524491
187	149	0.970323
187	32	0.408284
187	129	0.846403
187	76	0.946442
187	49	0.333597
187	22	0.776214
187	126	0.853588
187	35	0.190478
187	18	0.75919
187	13	0.773101
187	5	0.034671
187	48	0.277617
187	56	0.720343
187	67	0.501434
187	24	0.223266
187	21	0.1858
187	108	0.606794
187	3	0.0172304
187	61	0.398211
187	69	0.446649
187	28	0.630845
187	118	0.650206
187	54	0.377257
187	22	0.373413
187	37	0.302117
187	29	0.391194
187	136	0.886567
187	62	0.792194
187	24	0.227234
187	45	0.380847
187	29	0.524226
187	3	0.0224372
187	52	0.390162
187	105	0.768116
187	61	0.748485
187	53	0.712493
187	55	0.567425
187	13	0.166215
187	20	0.619059
187	1	0.505483
187	121	0.677904
187	1	0.914978
187	29	0.245021
187	101	0.645737
187	4	0.142247
187	7	0.164779
187	4	0.128691
187	8	0.0915483
187	47	0.252216
187	10	0.461416
187	107	0.980347
187	11	0.117737
187	1	0.273542
187	116	0.892171
187	119	0.903153
187	4	0.449336
187	147	0.796956
187	83	0.758849
187	6	0.244674
187	90	0.607344
187	6	0.183352
187	27	0.2379
187	58	0.361883
187	67	0.623269
187	113	0.711925
187	32	0.601622
187	0	0.391654
187	31	0.264856
187	3	0.229177
187	63	0.941373
187	128	0.955997
187	54	0.312589
187	28	0.246599
187	69	0.593093
187	24	0.259999
187	0	0.764088
187	36	0.712337
187	11	0.177994
187	20	0.136699
187	57	0.404606
187	3	0.110771
187	47	0.63323
187	89	0.689537
187	38	0.567299
187	123	0.80497
187	152	0.977329
187	3	0.439658
187	15	0.172414
187	4	0.305797
187	156	0.842771
187	15	0.0998315
187	103	0.862352
187	3	0.500608
187	38	0.503189
187	31	0.982885
187	74	0.982882
187	3	0.0579097
187	12	0.204729
187	9	0.3534
187	80	0.475705
187	80	0.612552
187	112	0.6542
187	33	0.337711
187	148	0.981013
187	138	0.946922
187	0	0.207343
187	77	0.540386
187	10	0.872551
187	58	0.944026
187	21	0.146093
187	16	0.194393
187	135	0.8113
187	20	0.326345
187	19	0.121697
187	76	0.666615
187	12	0.175782
187	88	0.628573
187	9	0.049023
187	27	0.439999
187	20	0.20631
187	2	0.0685173
187	39	0.704197
187	52	0.67989
187	10	0.666054
187	13	0.134385
187	11	0.0663459
187	101	0.563996
187	33	0.664002
187	39	0.279082
187	48	0.425682
187	70	0.452541
187	111	0.920752
187	5	0.963521
187	39	0.28419
187	40	0.673768
187	29	0.673486
187	76	0.455865
187	2	0.60083
187	59	0.317399
187	85	0.705556
187	52	0.694845
187	53	0.961079
187	13	0.571017
187	86	0.814909
187	47	0.329627
187	59	0.765511
187	111	0.830848
187	50	0.947775
187	94	0.975837
187	35	0.214839
187	26	0.263693
187	45	0.8458
187	66	0.793633
187	47	0.865754
187	52	0.299831
187	108	0.683142
187	31	0.254575
187	14	0.348287
187	166	0.936503
187	53	0.563117
187	18	0.267097
187	114	0.631643
187	33	0.218674
187	71	0.534617
187	64	0.832724
187	119	0.873032
187	43	0.773636
187	55	0.71029
187	107	0.802834
187	20	0.588576
187	5	0.954807
187	40	0.623801
187	6	0.0959911
187	30	0.181452
187	68	0.372052
187	6	0.56882
187	59	0.330998
187	31	0.316839
187	34	0.663705
187	89	0.680031
187	34	0.81091
187	94	0.620638
187	6	0.226441
187	19	0.273806
187	25	0.172448
187	0	0.0858083
187	30	0.563404
187	44	0.408074
187	0	0.0264003
187	63	0.532553
187	47	0.251435
187	78	0.5711
187	22	0.558403
187	14	0.180696
187	9	0.177913
187	130	0.84884
187	62	0.355228
187	86	0.67146
187	51	0.537407
187	151	0.895531
187	44	0.48396
187	27	0.321662
187	21	0.242113
187	16	0.141547
187	100	0.888812
187	39	0.647414
187	11	0.594492
187	58	0.525843
187	120	0.937767
187	65	0.51074
187	54	0.379378
187	56	0.308889
187	24	0.160848
187	14	0.557484
187	49	0.719461
187	22	0.730205
187	13	0.325428
187	21	0.537026
187	39	0.531925
187	3	0.0256933
187	7	0.111147
187	76	0.75474
187	41	0.329012
187	25	0.852107
187	6	0.109235
187	9	0.0492064
187	95	0.938893
187	72	0.550632
187	103	0.76788
187	17	0.201434
187	42	0.464679
187	7	0.717288
187	63	0.713431
187	11	0.66414
187	80	0.70927
187	61	0.772474
187	6	0.893277
187	1	0.0275776
187	7	0.880493
187	2	0.642815
187	30	0.534043
187	22	0.61626
187	50	0.558837
187	5	0.426328
187	26	0.232205
187	129	0.740725
187	27	0.629614
187	59	0.321638
187	24	0.412537
187	4	0.117813
187	35	0.254156
187	28	0.157873
187	6	0.165598
187	52	0.965107
187	45	0.914857
187	10	0.0894643
187	32	0.420487
187	104	0.66139
187	46	0.434707
187	4	0.335009
187	83	0.540735
187	0	0.375863
187	66	0.660752
187	47	0.865351
187	89	0.573363
187	37	0.248686
187	157	0.887854
187	38	0.635912
187	30	0.378687
187	8	0.0535277
187	34	0.882318
187	98	0.958344
187	64	0.524104
187	17	0.686743
187	141	0.979477
187	75	0.406758
187	51	0.654829
187	46	0.836943
187	41	0.267122
187	51	0.454715
187	21	0.137171
187	38	0.42131
187	1	0.182446
187	19	0.806769
187	56	0.86489
187	62	0.651033
187	67	0.457574
187	67	0.622819
187	63	0.92254
187	105	0.873924
187	5	0.628657
187	74	0.662652
187	67	0.927973
187	49	0.281308
187	95	0.68037
187	23	0.194942
187	92	0.737091
187	15	0.759711
187	66	0.453354
187	175	0.951404
187	23	0.357122
187	53	0.450578
187	58	0.498023
187	21	0.192618
187	100	0.728374
187	88	0.553103
187	17	0.294585
187	12	0.449849
187	34	0.872327
187	3	0.8875
187	11	0.253251
187	70	0.820317
187	2	0.305036
187	85	0.618239
187	16	0.168976
187	24	0.391382
187	5	0.163421
187	40	0.393607
187	140	0.888689
187	6	0.0617007
187	29	0.205194
187	18	0.132163
187	56	0.68038
187	86	0.565251
187	29	0.728499
187	29	0.609613
187	31	0.621432
187	51	0.927426
187	1	0.0384465
187	49	0.471655
187	115	0.653856
187	68	0.655862
187	69	0.811052
187	7	0.092919
187	12	0.150088
187	64	0.921838
187	5	0.0298298
187	52	0.668232
187	23	0.31944
187	11	0.640493
187	5	0.578876
187	58	0.862036
187	50	0.917427
187	68	0.502255
187	16	0.122401
187	15	0.139859
187	44	0.372337
187	12	0.493219
187	4	0.184895
187	35	0.329494
187	1	0.0961926
187	2	0.011027
187	78	0.447145
187	45	0.494973
187	30	0.192794
187	28	0.448794
187	45	0.818046
187	77	0.661699
187	9	0.12399
187	12	0.0687868
187	11	0.153891
187	7	0.096371
187	55	0.497267
187	2	0.301563
187	1	0.213975
187	36	0.600671
187	73	0.409861
187	4	0.248787
187	54	0.496808
187	116	0.744524
187	58	0.555052
187	58	0.616342
187	29	0.299788
187	11	0.525732
187	70	0.600293
187	77	0.686196
187	36	0.768729
187	4	0.0572337
187	24	0.782338
187	48	0.373225
187	64	0.488843
187	43	0.266427
187	68	0.884431
187	0	0.0888421
187	13	0.150868
187	43	0.330978
187	57	0.600306
187	53	0.53021
187	8	0.87208
187	57	0.935716
187	3	0.517299
187	27	0.164928
187	18	0.393892
187	20	0.843348
187	55	0.323392
187	16	0.35346
187	10	0.28005
187	72	0.566126
187	26	0.666123
187	88	0.843533
187	60	0.42006
187	41	0.302564
187	3	0.357937
187	139	0.813454
187	16	0.38088
187	26	0.40736
187	177	0.961105
187	66	0.484732
187	6	0.168016
187	60	0.875202
187	3	0.663145
187	53	0.538113
187	32	0.358793
187	128	0.775469
187	51	0.929399
187	9	0.119971
187	52	0.396108
187	64	0.75565
187	14	0.497056
187	98	0.693852
187	17	0.118766
187	25	0.279576
187	4	0.386825
187	0	0.0288426
187	45	0.41654
187	47	0.709496
187	71	0.560408
187	30	0.446065
187	1	0.231316
187	27	0.390359
187	55	0.570671
187	116	0.645131
