2000
134	15	0.15803
134	33	0.420304
134	38	0.353531
134	39	0.757782
134	14	0.195529
134	6	0.0722334
134	16	0.220791
134	12	0.127311
134	68	0.532028
134	69	0.618119
134	5	0.839306
134	55	0.818246
134	88	0.81864
134	31	0.777563
134	51	0.414267
134	103	0.844769
134	79	0.711795
134	48	0.430151
134	10	0.636807
134	12	0.140826
134	61	0.692317
134	3	0.165343
134	47	0.6412
134	0	0.137077
134	92	0.902258
134	57	0.887807
134	42	0.398166
134	33	0.79912
134	16	0.976196
134	12	0.445893
134	16	0.689316
134	8	0.888883
134	10	0.136517
134	25	0.432374
134	18	0.14099
134	0	0.0102479
134	48	0.685684
134	18	0.545486
134	46	0.603538
134	13	0.979306
134	10	0.248329
134	51	0.664013
134	10	0.125602
134	28	0.277657
134	101	0.798489
134	54	0.836008
134	28	0.795051
134	85	0.911674
134	81	0.687014
134	57	0.880922
134	16	0.206613
134	70	0.751023
134	12	0.818147
134	101	0.81834
134	9	0.247407
134	5	0.416504
134	20	0.277382
134	73	0.928351
134	11	0.828352
134	27	0.369148
134	27	0.828601
134	20	0.87768
134	5	0.609358
134	42	0.382831
134	4	0.312957
134	41	0.902968
134	11	0.972695
134	27	0.285868
134	54	0.957217
134	4	0.123365
134	37	0.985196
134	32	0.345883
134	0	0.0360282
134	14	0.70307
134	5	0.167914
134	85	0.697235
134	77	0.908583
134	127	0.985588
134	50	0.909553
134	4	0.264212
134	31	0.616414
134	6	0.0745437
134	26	0.505916
134	32	0.919615
134	19	0.206772
134	89	0.978336
134	56	0.840962
134	99	0.762386
134	95	0.867568
134	35	0.299677
134	22	0.32548
134	4	0.548282
134	74	0.781216
134	6	0.384372
134	4	0.61898
134	31	0.305338
134	31	0.30204
134	17	0.169786
134	38	0.69789
134	5	0.0374154
134	57	0.709307
134	4	0.209882
134	109	0.877184
134	8	0.168405
134	19	0.211894
134	76	0.601256
134	41	0.890169
134	49	0.533593
134	21	0.271545
134	3	0.125876
134	7	0.461955
134	1	0.103716
134	0	0.0439718
134	18	0.143632
134	0	0.473578
134	0	0.261164
134	23	0.672569
134	19	0.200089
134	31	0.253657
134	23	0.728035
134	4	0.830852
134	89	0.749283
134	8	0.0721272
134	70	0.703979
134	31	0.252259
134	1	0.172451
134	76	0.865569
134	16	0.130625
134	15	0.149409
134	34	0.958221
134	75	0.867118
134	77	0.916775
134	24	0.383273
134	1	0.031837
134	2	0.0314742
134	25	0.232594
134	1	0.0938607
134	20	0.923782
134	32	0.780792
134	7	0.0706322
134	101	0.871228
134	61	0.829653
134	26	0.872518
134	30	0.288793
134	9	0.116866
134	42	0.628062
134	4	0.0661694
134	49	0.985047
134	49	0.524031
134	1	0.0863005
134	11	0.55024
134	38	0.547063
134	62	0.493334
134	16	0.196653
134	23	0.690417
134	0	0.0285621
134	12	0.145688
134	4	0.133828
134	40	0.536927
134	80	0.871653
134	61	0.934079
134	98	0.901954
134	4	0.0586649
134	57	0.445616
134	54	0.55778
134	56	0.915491
134	14	0.253938
134	116	0.978346
134	10	0.260158
134	38	0.628352
134	17	0.750845
134	13	0.327607
134	13	0.104499
134	8	0.150571
134	12	0.929095
134	5	0.423277
134	117	0.968661
134	68	0.680729
134	28	0.902774
134	17	0.327715
134	87	0.762667
134	37	0.28435
134	23	0.785252
134	19	0.297851
134	8	0.303132
134	58	0.712846
134	3	0.694799
134	30	0.238111
134	0	0.130116
134	3	0.0698622
134	6	0.125543
134	66	0.960421
134	5	0.0472674
134	44	0.55966
134	42	0.381152
134	56	0.586571
134	18	0.485483
134	38	0.293393
134	37	0.419734
134	15	0.824181
134	5	0.129686
134	17	0.856364
134	38	0.726784
134	2	0.131153
134	27	0.228993
134	76	0.729106
134	49	0.44394
134	42	0.364869
134	76	0.720854
134	17	0.143865
134	11	0.253886
134	13	0.129442
134	12	0.390719
134	44	0.357927
134	35	0.580188
134	22	0.42676
134	9	0.0725822
134	98	0.827829
134	0	0.0243641
134	22	0.477764
134	13	0.80392
134	21	0.459446
134	28	0.698065
134	16	0.694543
134	28	0.49536
134	80	0.942481
134	69	0.798771
134	60	0.65544
134	0	0.0899274
134	26	0.50395
134	24	0.254196
134	12	0.194092
134	2	0.0631639
134	16	0.468803
134	19	0.31595
134	3	0.058686
134	60	0.734397
134	49	0.546833
134	32	0.969167
134	30	0.224209
134	5	0.982037
134	76	0.821263
134	6	0.107052
134	13	0.261713
134	11	0.421879
134	34	0.647762
134	43	0.677661
134	112	0.876752
134	60	0.692266
134	22	0.295792
134	81	0.854999
134	5	0.0558855
134	27	0.909884
134	34	0.514745
134	1	0.128353
134	38	0.688329
134	16	0.194154
134	0	0.361239
134	55	0.549623
134	21	0.856906
134	0	0.318399
134	29	0.295642
134	20	0.344315
134	7	0.981849
134	16	0.68789
134	78	0.825878
134	9	0.0902776
134	12	0.895394
134	9	0.373591
134	82	0.978282
134	9	0.337093
134	7	0.140827
134	9	0.759394
134	2	0.0439425
134	18	0.180708
134	49	0.445207
134	1	0.784292
134	66	0.563189
134	3	0.38815
134	1	0.0718859
134	0	0.211546
134	10	0.630459
134	68	0.987112
134	15	0.247061
134	6	0.451961
134	5	0.575564
134	2	0.393268
134	70	0.607032
134	52	0.599925
134	95	0.903615
134	11	0.179765
134	53	0.754318
134	39	0.914604
134	41	0.400647
134	12	0.21983
134	4	0.104085
134	72	0.614448
134	12	0.922958
134	79	0.755485
134	89	0.776439
134	63	0.64568
134	9	0.102766
134	59	0.537495
134	3	0.720076
134	25	0.402629
134	6	0.0596399
134	64	0.838851
134	16	0.452786
134	46	0.834222
134	6	0.055027
134	4	0.0392718
134	16	0.636313
134	31	0.353592
134	9	0.283351
134	5	0.875083
134	3	0.861789
134	36	0.632217
134	3	0.026954
134	0	0.0354375
134	56	0.457533
134	42	0.903163
134	25	0.707608
134	23	0.346339
134	9	0.217554
134	36	0.537633
134	73	0.808566
134	94	0.929459
134	22	0.219657
134	13	0.176167
134	0	0.100634
134	30	0.45164
134	64	0.642711
134	53	0.506662
134	49	0.366564
134	111	0.843279
134	2	0.0857852
134	64	0.47968
134	3	0.0830855
134	1	0.255161
134	1	0.19229
134	51	0.83476
134	8	0.327916
134	19	0.273467
134	38	0.815743
134	6	0.546427
134	64	0.796713
134	20	0.706904
134	5	0.0736041
134	37	0.65742
134	31	0.491519
134	15	0.48222
134	11	0.713154
134	14	0.802306
134	109	0.844842
134	8	0.282184
134	9	0.634065
134	96	0.88681
134	37	0.434933
134	49	0.653431
134	95	0.783409
134	35	0.424815
134	111	0.982684
134	28	0.947077
134	84	0.986905
134	3	0.0872739
134	75	0.883248
134	9	0.666747
134	13	0.14327
134	13	0.184774
134	99	0.745415
134	91	0.772156
134	56	0.712964
134	12	0.191457
134	60	0.72434
134	35	0.973485
134	11	0.121139
134	15	0.206864
134	19	0.917712
134	61	0.790262
134	12	0.367034
134	36	0.316836
134	66	0.797464
134	6	0.614436
134	12	0.094038
134	19	0.892121
134	1	0.0758131
134	19	0.584384
134	15	0.126776
134	15	0.241844
134	99	0.833956
134	26	0.658214
134	76	0.567993
134	11	0.13777
134	4	0.301837
134	18	0.725253
134	50	0.706323
134	20	0.950725
134	15	0.228009
134	2	0.146469
134	3	0.195015
134	0	0.0133724
134	46	0.602681
134	76	0.777439
134	7	0.279778
134	9	0.880996
134	106	0.89061
134	83	0.821735
134	26	0.880126
134	0	0.326758
134	0	0.772323
134	39	0.54977
134	28	0.897228
134	45	0.658314
134	69	0.676687
134	8	0.449971
134	1	0.035636
134	40	0.353274
134	59	0.680153
134	7	0.110569
134	20	0.420556
134	8	0.0720083
134	57	0.898716
134	74	0.943528
134	7	0.0725239
134	14	0.854072
134	23	0.816508
134	14	0.198661
134	37	0.623072
134	15	0.482263
134	54	0.930097
134	34	0.517059
134	8	0.158593
134	59	0.507875
134	47	0.69638
134	6	0.249115
134	67	0.51092
134	17	0.359875
134	4	0.0793789
134	11	0.252473
134	71	0.653502
134	50	0.467785
134	4	0.145429
134	27	0.542725
134	93	0.962584
134	45	0.410232
134	4	0.291825
134	10	0.292339
134	31	0.943585
134	50	0.845906
134	18	0.182145
134	23	0.443329
134	13	0.163936
134	44	0.693362
134	6	0.832881
134	90	0.690998
134	48	0.367356
134	0	0.260899
134	7	0.0894563
134	14	0.368069
134	63	0.590446
134	59	0.702333
134	90	0.891313
134	9	0.103464
134	28	0.364454
134	40	0.706615
134	11	0.270015
134	33	0.741939
134	17	0.342258
134	3	0.0328211
134	7	0.26668
134	105	0.896689
134	30	0.550608
134	18	0.139039
134	11	0.116443
134	45	0.530333
134	27	0.877765
134	34	0.289176
134	40	0.982413
134	5	0.0512207
134	15	0.50841
134	70	0.652174
134	47	0.427659
134	112	0.902216
134	7	0.903488
134	43	0.894583
134	41	0.323982
134	19	0.198694
134	72	0.701066
134	42	0.78632
134	19	0.961035
134	5	0.167453
134	23	0.737069
134	22	0.335595
134	69	0.570236
134	9	0.902329
134	72	0.682806
134	60	0.530541
134	21	0.50425
134	33	0.865918
134	8	0.984086
134	50	0.408552
134	37	0.756454
134	46	0.924314
134	29	0.403763
134	6	0.0608857
134	76	0.817832
134	5	0.0382036
134	4	0.897582
134	19	0.260629
134	15	0.877276
134	36	0.2781
134	17	0.267362
134	79	0.701523
134	21	0.279937
134	28	0.333228
134	4	0.154993
134	5	0.358626
134	26	0.287955
134	27	0.84378
134	0	0.283288
134	34	0.26712
134	58	0.679783
134	20	0.433107
134	1	0.264715
134	106	0.982659
134	57	0.686439
134	30	0.822242
134	20	0.759764
134	7	0.110654
134	0	0.720104
134	34	0.291869
134	8	0.903669
134	10	0.137813
134	35	0.419508
134	101	0.888131
134	30	0.372196
134	107	0.860788
134	70	0.565245
134	15	0.178107
134	41	0.417762
134	2	0.221954
134	5	0.257235
134	77	0.768112
134	3	0.0397151
134	1	0.0169015
134	104	0.816329
134	33	0.503289
134	34	0.352831
134	115	0.894716
134	9	0.286762
134	5	0.254133
134	3	0.195173
134	83	0.786126
134	30	0.285394
134	90	0.712682
134	23	0.60988
134	48	0.660051
134	81	0.954064
134	37	0.845836
134	15	0.145978
134	74	0.774518
134	8	0.203385
134	7	0.320182
134	43	0.916552
134	15	0.669159
134	88	0.934022
134	12	0.144657
134	36	0.644717
134	3	0.520528
134	20	0.479821
134	11	0.260418
134	86	0.740866
134	8	0.307969
134	21	0.513928
134	118	0.955602
134	26	0.237245
134	48	0.679342
134	12	0.726462
134	2	0.030781
134	69	0.542313
134	1	0.0251619
134	4	0.403294
134	125	0.989316
134	49	0.487892
134	17	0.647583
134	47	0.360275
134	33	0.779729
134	34	0.501651
134	23	0.417632
134	57	0.500615
134	17	0.586875
134	71	0.553214
134	6	0.10745
134	6	0.323897
134	20	0.850297
134	11	0.644993
134	53	0.580075
134	6	0.0506178
134	20	0.535257
134	3	0.387811
134	81	0.721986
134	61	0.755193
134	26	0.962736
134	13	0.449655
134	20	0.208336
134	46	0.633414
134	59	0.889039
134	24	0.652415
134	0	0.0150866
134	69	0.739627
134	89	0.872437
134	52	0.423622
134	47	0.46737
134	33	0.287903
134	3	0.10841
134	37	0.513245
134	31	0.352275
134	50	0.947939
134	28	0.3603
134	72	0.951067
134	33	0.548385
134	7	0.136881
134	19	0.297826
134	57	0.440368
134	10	0.273917
134	11	0.825437
134	61	0.857687
134	8	0.0660967
134	53	0.537128
134	100	0.788558
134	15	0.306821
134	14	0.203468
134	26	0.891177
134	0	0.189733
134	8	0.764748
134	5	0.0918234
134	54	0.687154
134	2	0.132483
134	23	0.692076
134	8	0.127399
134	66	0.703015
134	75	0.695993
134	2	0.186995
134	0	0.146075
134	116	0.902849
134	45	0.567611
134	42	0.52425
134	24	0.612718
134	6	0.0663885
134	34	0.533951
134	84	0.947316
134	6	0.244184
134	15	0.150993
134	126	0.945398
134	70	0.638085
134	17	0.298114
134	2	0.0734009
134	27	0.649041
134	29	0.476711
134	45	0.584173
134	53	0.507373
134	46	0.83364
134	25	0.688229
134	17	0.804594
134	94	0.823692
134	2	0.207671
134	60	0.742513
134	1	0.0917127
134	32	0.542405
134	21	0.984944
134	32	0.748706
134	3	0.0418497
134	18	0.820512
134	9	0.0837996
134	104	0.783232
134	56	0.740175
134	33	0.406886
134	39	0.658797
134	2	0.0854809
134	100	0.935034
134	14	0.471686
134	3	0.0530216
134	7	0.48228
134	63	0.574247
134	73	0.687063
134	10	0.572547
134	29	0.396897
134	6	0.219409
134	2	0.255538
134	20	0.199247
134	25	0.227183
134	57	0.462209
134	47	0.847334
134	18	0.406542
134	19	0.553456
134	7	0.218059
134	97	0.794371
134	52	0.407741
134	70	0.740812
134	106	0.977976
134	0	0.0415671
134	63	0.878973
134	63	0.837727
134	130	0.980914
134	42	0.541313
134	32	0.468342
134	28	0.226574
134	43	0.327625
134	60	0.816772
134	41	0.527784
134	0	0.0366519
134	21	0.487861
134	4	0.0423475
134	11	0.166723
134	2	0.100967
134	2	0.837496
134	7	0.39579
134	76	0.877448
134	56	0.499602
134	61	0.683693
134	26	0.845488
134	6	0.847933
134	17	0.168112
134	58	0.852161
134	34	0.352927
134	18	0.200859
134	74	0.62281
134	3	0.8688
134	8	0.220021
134	58	0.880225
134	3	0.302094
134	1	0.525137
134	21	0.650934
134	35	0.329778
134	62	0.80155
134	72	0.793405
134	23	0.84411
134	75	0.95395
134	21	0.237448
134	4	0.671059
134	61	0.685156
134	111	0.848054
134	1	0.258136
134	95	0.988459
134	47	0.522179
134	3	0.0974595
134	19	0.258122
134	29	0.269679
134	44	0.987806
134	19	0.578434
134	6	0.328356
134	17	0.316995
134	22	0.439331
134	28	0.26044
134	19	0.632767
134	5	0.0852809
134	52	0.520668
134	4	0.384578
134	36	0.297171
134	10	0.426721
134	74	0.832041
134	23	0.306563
134	5	0.126151
134	5	0.887967
134	17	0.14227
134	5	0.149761
134	59	0.783762
134	0	0.0208763
134	6	0.856915
134	64	0.555826
134	6	0.0935727
134	93	0.697836
134	1	0.630823
134	11	0.200692
134	74	0.727515
134	27	0.259014
134	6	0.080084
134	1	0.405321
134	93	0.961305
134	3	0.166706
134	10	0.117493
134	2	0.361548
134	55	0.780439
134	3	0.0815197
134	50	0.505896
134	5	0.25756
134	62	0.481436
134	17	0.285486
134	23	0.235491
134	29	0.596413
134	92	0.843712
134	98	0.928631
134	17	0.517048
134	13	0.305555
134	12	0.132527
134	40	0.684566
134	22	0.183253
134	14	0.300613
134	15	0.417553
134	52	0.474755
134	14	0.231672
134	51	0.384138
134	71	0.717586
134	96	0.907153
134	36	0.912681
134	20	0.359247
134	3	0.0788044
134	17	0.616398
134	30	0.264762
134	20	0.236543
134	3	0.189932
134	10	0.0765166
134	7	0.255819
134	9	0.0977768
134	42	0.740443
134	26	0.196218
134	16	0.757043
134	48	0.46619
134	3	0.0542239
134	6	0.0656542
134	29	0.735524
134	64	0.5136
134	30	0.814997
134	10	0.193111
134	14	0.166797
134	4	0.424899
134	2	0.0878023
134	34	0.828536
134	7	0.10687
134	3	0.37063
134	23	0.830418
134	8	0.0599846
134	3	0.0820033
134	0	0.0162044
134	48	0.567258
134	26	0.485609
134	60	0.697842
134	73	0.733941
134	20	0.288381
134	18	0.700285
134	93	0.827438
134	22	0.818352
134	6	0.106653
134	50	0.507107
134	2	0.104797
134	12	0.53489
134	5	0.0634695
134	9	0.393949
134	26	0.236906
134	7	0.122646
134	64	0.725066
134	37	0.522273
134	1	0.296626
134	0	0.229059
134	50	0.859151
134	58	0.710623
134	80	0.705779
134	2	0.032337
134	0	0.106544
134	4	0.269598
134	36	0.809821
134	75	0.65373
134	13	0.113287
134	0	0.04975
134	26	0.258495
134	7	0.447056
134	80	0.743655
134	29	0.540825
134	62	0.873896
134	121	0.905313
134	26	0.800651
134	62	0.518035
134	1	0.0263502
134	34	0.329507
134	21	0.258886
134	45	0.659029
134	6	0.18888
134	65	0.843155
134	23	0.361024
134	2	0.0698053
134	9	0.505554
134	40	0.485862
134	39	0.606884
134	56	0.705826
134	43	0.576216
134	9	0.0716148
134	79	0.802826
134	0	0.0404093
134	6	0.483528
134	56	0.93422
134	13	0.138077
134	1	0.186912
134	10	0.477131
134	59	0.626893
134	51	0.574681
134	7	0.156932
134	13	0.91395
134	4	0.158838
134	23	0.499605
134	74	0.894573
134	105	0.831203
134	80	0.907874
134	37	0.563343
134	17	0.469579
134	60	0.962871
134	50	0.76278
134	5	0.198902
134	34	0.756361
134	25	0.551538
134	1	0.0117291
134	33	0.259033
134	17	0.501817
134	43	0.52253
134	23	0.451283
134	22	0.319084
134	8	0.175267
134	2	0.0223804
134	12	0.177529
134	1	0.47734
134	3	0.0264517
134	57	0.743008
134	103	0.860312
134	91	0.940212
134	57	0.907972
134	32	0.36022
134	58	0.451058
134	75	0.988226
134	47	0.545096
134	30	0.646895
134	7	0.589201
134	110	0.857832
134	69	0.62155
134	34	0.340945
134	5	0.0761903
134	80	0.731911
134	33	0.575005
134	55	0.425749
134	39	0.879989
134	63	0.847307
134	3	0.909247
134	9	0.450249
134	64	0.901847
134	2	0.360094
134	25	0.334226
134	2	0.296979
134	31	0.861975
134	2	0.110632
134	5	0.104626
134	43	0.718799
134	22	0.462374
134	12	0.699302
134	41	0.383626
134	12	0.328557
134	35	0.316183
134	72	0.565774
134	22	0.284462
134	0	0.0294983
134	8	0.322838
134	59	0.693111
134	4	0.230667
134	46	0.350702
134	91	0.9652
134	13	0.121842
134	4	0.0415933
134	58	0.98632
134	12	0.467806
134	51	0.888008
134	88	0.680545
134	65	0.666054
134	67	0.902342
134	125	0.983139
134	30	0.40817
134	31	0.262408
134	52	0.559271
134	0	0.118976
134	56	0.861359
134	11	0.258671
134	17	0.261226
134	58	0.918969
134	33	0.410174
134	65	0.692739
134	39	0.334392
134	40	0.312245
134	1	0.303442
134	12	0.738062
134	74	0.588215
134	52	0.483802
134	7	0.117191
134	23	0.39896
134	38	0.699858
134	14	0.722393
134	4	0.0426997
134	24	0.326877
134	114	0.942883
134	35	0.281509
134	1	0.16382
134	32	0.519583
134	0	0.0458574
134	2	0.198057
134	7	0.0616873
134	43	0.907683
134	15	0.363667
134	23	0.894017
134	21	0.297442
134	21	0.561859
134	5	0.447242
134	3	0.0545663
134	56	0.44682
134	5	0.29546
134	1	0.0141276
134	18	0.854859
134	4	0.205559
134	9	0.256134
134	1	0.225587
134	19	0.566957
134	116	0.985643
134	62	0.622787
134	17	0.287861
134	6	0.0608435
134	4	0.2865
134	7	0.507139
134	5	0.804365
134	87	0.711066
134	28	0.368078
134	14	0.121081
134	22	0.217375
134	23	0.346317
134	39	0.846707
134	4	0.576615
134	0	0.0129568
134	0	0.23826
134	7	0.622079
134	18	0.28441
134	70	0.935354
134	4	0.0558691
134	37	0.887026
134	27	0.337538
134	20	0.79413
134	10	0.656772
134	35	0.833856
134	28	0.386057
134	31	0.298289
134	86	0.703664
134	24	0.498046
134	51	0.734159
134	22	0.31721
134	11	0.491523
134	45	0.34014
134	80	0.779711
134	89	0.847102
134	8	0.529516
134	62	0.644341
134	12	0.123408
134	58	0.559851
134	21	0.162857
134	9	0.106816
134	47	0.804965
134	1	0.873455
134	77	0.801694
134	77	0.828362
134	35	0.495829
134	52	0.471285
134	27	0.782374
134	46	0.557636
134	40	0.956756
134	12	0.654045
134	27	0.778943
134	34	0.509067
134	67	0.677786
134	67	0.77742
134	100	0.860185
134	24	0.509887
134	7	0.0531187
134	21	0.227424
134	27	0.435474
134	97	0.881488
134	31	0.467359
134	24	0.222964
134	25	0.959975
134	2	0.0794106
134	16	0.164435
134	65	0.577148
134	5	0.639923
134	7	0.40562
134	26	0.508153
134	93	0.862148
134	32	0.377112
134	48	0.47757
134	0	0.0150412
134	0	0.790471
134	15	0.649062
134	10	0.208186
134	1	0.0197188
134	3	0.0434936
134	10	0.851368
134	0	0.0123904
134	5	0.326622
134	44	0.872143
134	23	0.566626
134	3	0.295639
134	51	0.599958
134	4	0.481154
134	47	0.94336
134	102	0.891336
134	7	0.0530345
134	108	0.847084
134	82	0.613631
134	13	0.207632
134	5	0.271061
134	21	0.767514
134	3	0.370553
134	12	0.373077
134	71	0.828417
134	6	0.107661
134	12	0.184579
134	42	0.850097
134	17	0.401643
134	16	0.841103
134	34	0.659097
134	84	0.874611
134	5	0.651813
134	113	0.927672
134	27	0.230755
134	36	0.587287
134	0	0.0138987
134	15	0.274643
134	66	0.522505
134	21	0.301796
134	8	0.113978
134	5	0.521712
134	13	0.501985
134	28	0.303037
134	17	0.699538
134	94	0.785312
134	67	0.811813
134	24	0.314907
134	5	0.217016
134	43	0.603357
134	4	0.144982
134	21	0.173147
134	17	0.326826
134	16	0.584681
134	20	0.435465
134	6	0.153008
134	8	0.357367
134	1	0.0432506
134	57	0.710728
134	52	0.861912
134	19	0.22885
134	23	0.55187
134	65	0.503017
134	36	0.637058
134	8	0.137518
134	37	0.625761
134	11	0.112327
134	72	0.893422
134	9	0.46101
134	48	0.653768
134	9	0.141925
134	44	0.383118
134	88	0.888204
134	28	0.80708
134	2	0.247814
134	44	0.402672
134	5	0.0586227
134	41	0.404443
134	101	0.986739
134	51	0.591557
134	28	0.582047
134	22	0.921422
134	8	0.8947
134	44	0.704636
134	33	0.835698
134	42	0.83452
134	15	0.639122
134	59	0.462563
134	50	0.582893
134	80	0.78642
134	61	0.473706
134	25	0.72623
134	5	0.315849
134	105	0.852917
134	85	0.705015
134	34	0.796766
134	48	0.544868
134	61	0.52624
134	49	0.89785
134	3	0.0291355
134	28	0.751845
134	32	0.771298
134	19	0.804607
134	54	0.492971
134	20	0.333165
134	23	0.711866
134	12	0.265081
134	1	0.898174
134	110	0.923761
134	17	0.165165
134	33	0.578178
134	23	0.201736
134	16	0.867216
134	28	0.323569
134	8	0.309278
134	27	0.481843
134	12	0.278347
134	51	0.719196
134	38	0.554808
134	1	0.0520083
134	6	0.0757984
134	13	0.102185
134	20	0.547092
134	3	0.174248
134	6	0.125188
134	105	0.805876
134	6	0.318453
134	20	0.356188
134	4	0.0445736
134	15	0.294096
134	18	0.285927
134	30	0.754573
134	29	0.233505
134	111	0.972735
134	60	0.530369
134	35	0.885917
134	8	0.676418
134	59	0.667567
134	66	0.669753
134	47	0.797834
134	17	0.190256
134	8	0.110132
134	63	0.484863
134	15	0.315194
134	1	0.189715
134	45	0.780323
134	66	0.61914
134	66	0.983016
134	67	0.89651
134	2	0.0467269
134	82	0.734026
134	0	0.486449
134	14	0.447166
134	29	0.54793
134	3	0.0699957
134	25	0.597689
134	24	0.204642
134	26	0.246453
134	64	0.734143
134	5	0.0680331
134	1	0.435888
134	32	0.650781
134	4	0.727299
134	30	0.965248
134	24	0.214985
134	19	0.261156
134	41	0.351767
134	42	0.969653
134	3	0.261107
134	55	0.960991
134	11	0.433577
134	22	0.300671
134	42	0.503809
134	11	0.45102
134	73	0.767354
134	55	0.820126
134	61	0.983842
134	33	0.270273
134	11	0.31818
134	31	0.350666
134	2	0.165535
134	7	0.371371
134	47	0.889252
134	7	0.327215
134	16	0.751776
134	10	0.209573
134	0	0.2212
134	96	0.760788
134	59	0.684905
134	2	0.0355893
134	24	0.182814
134	7	0.0591386
134	16	0.275599
134	53	0.944033
134	62	0.757418
134	15	0.228419
134	16	0.159975
134	7	0.265716
134	1	0.139229
134	27	0.81961
134	7	0.192361
134	39	0.301223
134	74	0.851448
134	74	0.596869
134	7	0.614849
134	0	0.43233
134	56	0.492531
134	29	0.354995
134	18	0.541935
134	86	0.841554
134	5	0.0710191
134	49	0.729022
134	3	0.0533916
134	10	0.108672
134	46	0.642421
134	13	0.151383
134	84	0.946508
134	56	0.533017
134	81	0.6524
134	27	0.20456
134	2	0.880643
134	7	0.176216
134	72	0.926293
134	10	0.367783
134	1	0.0179831
134	12	0.345495
134	37	0.61857
134	60	0.544703
134	51	0.489913
134	7	0.172832
134	7	0.0532249
134	10	0.233749
134	64	0.796346
134	62	0.584368
134	25	0.391069
134	61	0.659899
134	44	0.328422
134	15	0.257894
134	39	0.34835
134	13	0.125189
134	15	0.407131
134	23	0.347177
134	8	0.548829
134	9	0.614265
134	3	0.0695307
134	93	0.850449
134	6	0.0541324
134	63	0.602899
134	10	0.266896
134	86	0.83986
134	71	0.582868
134	4	0.14089
134	5	0.038448
134	9	0.0917389
134	5	0.0556463
134	81	0.77705
134	11	0.144686
134	71	0.539598
134	14	0.509859
134	88	0.673563
134	39	0.754929
134	8	0.324409
134	7	0.0978632
134	3	0.273659
134	1	0.0117713
134	115	0.891059
134	35	0.304694
134	1	0.023575
134	7	0.363077
134	42	0.518715
134	7	0.327654
134	14	0.78239
134	80	0.711636
134	4	0.197147
134	64	0.506876
134	1	0.379651
134	53	0.664542
134	40	0.498546
134	42	0.517046
134	2	0.103701
134	70	0.534025
134	46	0.564047
134	43	0.920158
134	19	0.671526
134	50	0.432564
134	2	0.879505
134	6	0.100702
134	30	0.439384
134	1	0.0146853
134	67	0.634817
134	30	0.545389
134	21	0.644635
134	37	0.484623
134	1	0.019763
134	38	0.659905
134	114	0.952467
134	0	0.799207
134	34	0.275873
134	62	0.665867
134	16	0.22086
134	53	0.751274
134	0	0.244285
134	85	0.684202
134	30	0.692875
134	59	0.799811
134	82	0.646774
134	23	0.616015
134	36	0.313894
134	8	0.898325
134	3	0.0751438
134	7	0.212788
134	12	0.0931057
134	4	0.102961
134	17	0.146084
134	61	0.973709
134	30	0.613723
134	61	0.818222
134	79	0.841862
134	11	0.115188
134	21	0.363731
134	4	0.756549
134	25	0.812373
134	64	0.644905
134	26	0.428773
134	44	0.392732
134	26	0.702989
134	51	0.417112
134	37	0.617079
134	18	0.330984
134	100	0.844055
134	15	0.32873
134	71	0.556697
134	75	0.832994
134	79	0.752556
134	3	0.0291902
134	18	0.945894
134	66	0.646446
134	31	0.358913
134	7	0.0737765
134	79	0.665523
134	26	0.272309
134	55	0.511281
134	58	0.843171
134	68	0.960935
134	101	0.880582
134	59	0.618227
134	104	0.823503
134	3	0.478181
134	76	0.657383
134	27	0.484076
134	20	0.203321
134	10	0.0804916
134	36	0.771431
134	38	0.330573
134	7	0.105859
134	47	0.432294
134	24	0.246347
134	68	0.662963
134	66	0.497179
134	34	0.57632
134	7	0.0603596
134	5	0.146137
134	17	0.160438
134	58	0.646035
134	19	0.890834
134	4	0.0424992
134	24	0.844697
134	63	0.652327
134	90	0.897036
134	2	0.16669
134	73	0.970559
134	39	0.32725
134	15	0.613104
134	19	0.299957
134	18	0.222038
134	8	0.240737
134	1	0.0558294
134	40	0.568418
134	1	0.0355831
134	4	0.217453
134	100	0.804984
134	28	0.242191
134	21	0.654522
134	37	0.684429
134	2	0.0922813
134	9	0.118993
134	90	0.921195
134	15	0.194677
134	16	0.227463
134	1	0.0299893
134	30	0.823509
134	47	0.54499
134	59	0.551369
134	41	0.340585
134	60	0.471344
134	2	0.236971
134	66	0.596617
134	12	0.484771
134	26	0.96705
134	51	0.815149
134	104	0.866833
134	3	0.207636
134	28	0.225856
134	25	0.224748
134	18	0.299918
134	56	0.892877
134	4	0.0535426
134	71	0.893729
134	62	0.822788
134	51	0.468945
134	20	0.504413
134	68	0.648753
134	127	0.963928
134	5	0.120932
134	29	0.565996
134	12	0.21785
134	83	0.885495
134	18	0.147223
134	62	0.477043
134	13	0.193545
134	9	0.101321
134	45	0.499706
134	59	0.884606
134	1	0.0571337
134	13	0.154305
134	0	0.0352744
134	126	0.98547
134	11	0.0842659
134	47	0.930116
134	95	0.776756
134	6	0.418648
134	1	0.01816
134	42	0.848376
134	4	0.0915109
134	43	0.454786
134	3	0.827925
134	2	0.259639
134	46	0.461337
134	90	0.781912
134	27	0.916832
134	2	0.109187
134	6	0.146873
134	53	0.944673
134	115	0.873829
134	6	0.0842964
134	43	0.948032
134	2	0.282063
134	96	0.940829
134	10	0.175861
134	44	0.346132
134	1	0.0262217
134	66	0.752489
134	19	0.281755
134	3	0.0413306
134	4	0.047489
134	50	0.393591
134	50	0.871169
134	15	0.12707
134	91	0.93966
134	24	0.19654
134	14	0.414372
134	47	0.80843
134	34	0.618363
134	26	0.348358
134	29	0.614192
134	24	0.726537
134	65	0.945655
134	34	0.282681
134	60	0.524417
134	24	0.967486
134	1	0.0786222
134	26	0.450345
134	59	0.702539
134	0	0.220423
134	96	0.741562
134	12	0.960661
134	29	0.757448
134	58	0.757656
134	38	0.347354
134	4	0.353917
134	6	0.0960337
134	86	0.897572
134	46	0.4711
134	2	0.180951
134	55	0.627098
134	18	0.400558
134	3	0.099862
134	44	0.558515
134	15	0.189294
134	1	0.549787
134	14	0.105446
134	4	0.0782374
134	6	0.732817
134	0	0.0332672
134	7	0.231627
134	17	0.130004
134	48	0.897458
134	49	0.863772
134	9	0.120582
134	35	0.359834
134	48	0.844682
134	51	0.498575
134	16	0.4155
134	14	0.861474
134	74	0.980669
134	28	0.231998
134	46	0.606356
134	23	0.930108
134	94	0.824859
134	10	0.318067
134	4	0.0632372
134	9	0.0720991
134	12	0.127613
134	72	0.683744
134	7	0.457866
134	61	0.903186
134	14	0.201691
134	12	0.18603
134	64	0.880122
134	54	0.722619
134	8	0.544831
134	16	0.260815
134	3	0.220015
134	52	0.941199
134	0	0.0487456
134	19	0.331073
134	51	0.883675
134	1	0.0311976
134	0	0.452552
134	94	0.842767
134	69	0.573574
134	16	0.387274
134	20	0.692146
134	31	0.820707
134	80	0.984496
134	2	0.196633
134	17	0.1943
134	60	0.826994
134	21	0.711895
134	4	0.629494
134	32	0.643826
134	51	0.83811
134	47	0.66038
134	12	0.146062
134	83	0.805377
134	1	0.599928
134	45	0.788481
134	66	0.846692
134	0	0.243001
134	37	0.642843
134	6	0.614796
134	71	0.759929
134	3	0.0500132
134	28	0.239941
134	77	0.910391
134	6	0.926015
134	44	0.597353
134	11	0.0829881
134	0	0.0214782
134	36	0.388971
134	37	0.298972
134	72	0.941835
134	36	0.353744
134	22	0.179838
134	38	0.290907
134	44	0.782884
134	35	0.492272
134	16	0.654866
134	129	0.965111
134	5	0.20077
134	0	0.335503
134	0	0.020103
134	28	0.337077
134	89	0.751699
134	9	0.273649
134	6	0.12873
134	20	0.752309
134	8	0.189009
134	6	0.117813
134	66	0.528495
134	6	0.353145
134	26	0.589603
134	19	0.630161
134	2	0.0876433
134	17	0.231839
134	51	0.408097
134	111	0.857021
134	7	0.409254
134	43	0.647499
134	11	0.246052
134	90	0.677936
134	52	0.454446
134	88	0.838026
134	39	0.524244
134	5	0.087665
134	6	0.0678787
134	60	0.718075
134	21	0.397486
134	45	0.571764
134	5	0.234192
134	1	0.313602
134	11	0.0952289
134	24	0.31214
134	23	0.180947
134	5	0.0574348
134	35	0.564818
134	54	0.902095
134	6	0.331906
134	8	0.0696406
134	49	0.985747
134	87	0.902551
134	22	0.479306
134	80	0.889817
134	23	0.248638
134	71	0.66149
134	19	0.394279
134	15	0.903409
134	32	0.401759
134	18	0.328218
134	4	0.642844
134	17	0.177558
134	41	0.985417
134	8	0.0905399
134	50	0.805642
134	40	0.585902
134	42	0.561071
134	10	0.689243
134	46	0.948429
134	11	0.433337
134	22	0.259091
134	14	0.191178
134	79	0.848147
134	57	0.594446
134	4	0.0430063
134	0	0.593867
134	5	0.497779
134	15	0.210889
134	12	0.223323
134	6	0.128149
134	5	0.456495
134	2	0.255673
134	0	0.354124
134	12	0.263868
134	36	0.280243
134	66	0.656532
134	51	0.715503
134	10	0.356406
134	70	0.78484
134	2	0.327696
134	40	0.34409
134	20	0.20563
134	86	0.928248
134	105	0.910584
134	9	0.0704902
134	3	0.064245
134	59	0.726127
134	91	0.889669
134	4	0.373754
134	100	0.926134
134	5	0.0580168
134	53	0.446511
134	50	0.455873
134	71	0.552105
134	6	0.0754241
134	18	0.402975
134	47	0.37664
134	24	0.390293
134	79	0.808654
134	17	0.468169
134	10	0.493611
134	82	0.904785
134	9	0.197871
134	20	0.903297
134	9	0.533479
134	97	0.754047
134	53	0.964068
134	7	0.151244
134	7	0.128472
134	23	0.282286
134	2	0.330125
134	28	0.488528
134	12	0.206835
134	36	0.439967
134	83	0.800949
134	6	0.148471
134	124	0.942974
134	24	0.18788
134	25	0.33559
134	24	0.950464
134	45	0.904908
134	5	0.112758
134	26	0.560915
134	94	0.758482
134	70	0.764076
134	82	0.681126
134	0	0.321387
134	20	0.421956
134	1	0.126938
134	32	0.810424
134	35	0.29839
134	6	0.448467
134	51	0.629924
134	11	0.167735
134	1	0.01013
134	39	0.359441
134	84	0.652768
134	94	0.878827
134	0	0.0171145
134	4	0.0309801
134	61	0.514823
134	1	0.0188042
134	9	0.131229
134	14	0.169107
134	40	0.302726
134	28	0.65183
134	12	0.449337
134	12	0.134248
134	2	0.0415613
134	86	0.934463
134	30	0.497401
134	6	0.259778
134	8	0.143634
134	32	0.347124
134	57	0.447806
134	29	0.841299
134	8	0.20025
134	2	0.218336
134	60	0.676782
134	46	0.439751
134	4	0.0617354
134	38	0.628433
134	51	0.414144
134	47	0.538811
134	12	0.846993
134	43	0.765622
134	18	0.89025
134	8	0.247922
134	4	0.153518
134	0	0.0595632
134	59	0.789394
134	100	0.823789
134	12	0.190032
134	65	0.837158
134	43	0.529595
134	1	0.0466714
134	23	0.184002
134	4	0.420825
134	39	0.374927
134	64	0.773439
134	13	0.100801
134	0	0.701582
134	77	0.631696
134	20	0.796331
134	11	0.904565
134	46	0.772783
134	2	0.0808848
134	16	0.555961
134	21	0.626322
134	0	0.859575
134	25	0.697223
134	37	0.641478
134	18	0.156608
134	4	0.218275
134	107	0.83739
134	63	0.678321
134	79	0.694828
134	34	0.741671
134	81	0.821132
134	40	0.651811
134	48	0.407001
134	112	0.961942
134	101	0.786493
134	26	0.336967
134	13	0.526287
134	17	0.837998
134	32	0.376677
134	19	0.213717
134	0	0.018825
134	65	0.804161
134	70	0.853842
134	10	0.605453
134	5	0.0845568
134	52	0.435576
134	6	0.274811
134	9	0.274151
134	66	0.676051
134	35	0.267563
134	0	0.0109317
134	13	0.561795
134	26	0.829101
134	53	0.42747
134	16	0.237985
134	42	0.446025
134	11	0.253204
134	2	0.149765
134	0	0.0144944
134	14	0.214857
134	66	0.521217
134	52	0.720511
134	3	0.97223
134	5	0.10868
134	6	0.057378
134	83	0.718203
134	14	0.513336
134	7	0.289078
134	52	0.598896
134	20	0.351218
134	61	0.620788
134	1	0.091721
134	8	0.253174
134	14	0.296118
134	46	0.762488
134	34	0.456268
134	88	0.658719
134	3	0.483776
134	85	0.761914
134	58	0.646525
134	10	0.0890643
134	39	0.310027
134	5	0.249225
134	13	0.634926
134	53	0.57702
134	12	0.701118
134	2	0.245087
134	32	0.359953
134	1	0.049326
134	18	0.31474
134	1	0.412498
134	85	0.656688
134	26	0.949829
134	0	0.0334359
134	78	0.942871
134	49	0.775306
134	39	0.659414
134	111	0.843084
134	80	0.641676
134	29	0.681842
134	55	0.826089
134	26	0.983939
134	29	0.310357
134	62	0.65228
134	25	0.587273
134	4	0.620688
134	100	0.7656
134	37	0.615231
134	1	0.0237081
134	0	0.275481
134	7	0.643957
134	11	0.312984
134	39	0.757659
134	50	0.736784
134	12	0.166321
134	5	0.0427773
134	48	0.862003
134	6	0.446673
134	68	0.607627
134	32	0.281167
134	0	0.016692
134	65	0.654582
134	26	0.562933
134	55	0.760349
134	30	0.392225
134	7	0.191453
134	5	0.730105
134	2	0.0951755
134	0	0.194935
134	37	0.797929
134	2	0.0221394
134	74	0.950213
134	69	0.707447
134	24	0.1843
134	18	0.675629
134	8	0.0964613
134	5	0.429624
134	63	0.710182
134	55	0.680992
134	76	0.608868
134	1	0.0566074
134	55	0.793767
134	13	0.790261
134	19	0.2292
134	55	0.974222
134	5	0.044143
134	36	0.279064
134	9	0.25129
134	1	0.0500841
134	40	0.647772
134	23	0.281864
134	5	0.0885941
134	20	0.365003
134	21	0.243659
134	31	0.305503
134	44	0.831473
134	44	0.685448
134	10	0.254444
134	85	0.719815
134	1	0.11778
134	69	0.984074
134	1	0.0828875
134	89	0.861785
134	73	0.921673
134	94	0.874445
134	1	0.0129633
134	3	0.0602313
134	109	0.982611
134	2	0.0189344
134	92	0.793234
134	20	0.172992
134	5	0.416413
134	41	0.54694
134	26	0.384548
134	3	0.0397441
