4000
397	74	0.294359
397	18	0.13592
397	283	0.795623
397	190	0.658042
397	40	0.190129
397	2	0.0746447
397	48	0.279404
397	345	0.947671
397	1	0.0267981
397	43	0.408902
397	174	0.669463
397	23	0.102999
397	104	0.958419
397	168	0.43827
397	68	0.273589
397	41	0.115328
397	84	0.402068
397	61	0.640505
397	81	0.525832
397	349	0.905314
397	41	0.567538
397	83	0.876456
397	63	0.821666
397	93	0.965991
397	74	0.564074
397	245	0.6535
397	6	0.0202351
397	58	0.155224
397	22	0.833833
397	133	0.603604
397	36	0.505764
397	129	0.594123
397	114	0.511317
397	69	0.428584
397	118	0.556073
397	44	0.122381
397	2	0.0368834
397	262	0.947972
397	266	0.843484
397	2	0.228173
397	291	0.922972
397	24	0.16964
397	151	0.389194
397	4	0.0203164
397	24	0.636461
397	21	0.0567357
397	16	0.0493531
397	6	0.0965931
397	15	0.235209
397	16	0.0750082
397	99	0.706198
397	133	0.553522
397	48	0.494168
397	192	0.782198
397	136	0.455342
397	42	0.231706
397	165	0.984866
397	0	0.70316
397	215	0.559108
397	99	0.805443
397	36	0.834627
397	30	0.123716
397	25	0.230882
397	131	0.62066
397	132	0.53122
397	26	0.608614
397	289	0.857189
397	37	0.11007
397	79	0.452026
397	93	0.590478
397	133	0.964143
397	7	0.541629
397	143	0.594298
397	203	0.548561
397	29	0.199697
397	20	0.0618246
397	143	0.838359
397	8	0.0343722
397	103	0.617574
397	292	0.884234
397	48	0.238638
397	117	0.844163
397	53	0.494982
397	259	0.67897
397	57	0.696569
397	53	0.521303
397	1	0.468426
397	21	0.0765633
397	114	0.352017
397	243	0.633365
397	31	0.265847
397	12	0.431294
397	0	0.418694
397	188	0.47648
397	28	0.268269
397	202	0.970416
397	125	0.682666
397	71	0.730626
397	142	0.407408
397	62	0.394117
397	93	0.579379
397	276	0.732361
397	24	0.126311
397	272	0.883236
397	78	0.239683
397	36	0.523667
397	152	0.907482
397	145	0.978897
397	112	0.851669
397	15	0.75676
397	5	0.71315
397	53	0.247333
397	42	0.618891
397	110	0.937992
397	121	0.502792
397	90	0.282017
397	14	0.382297
397	252	0.659997
397	293	0.804344
397	151	0.923863
397	43	0.283632
397	156	0.793116
397	316	0.981774
397	120	0.38221
397	216	0.574705
397	26	0.393101
397	143	0.597516
397	238	0.839427
397	95	0.560987
397	158	0.526941
397	90	0.310317
397	122	0.689845
397	3	0.074577
397	0	0.316301
397	151	0.482286
397	31	0.633762
397	311	0.853608
397	232	0.630888
397	38	0.655234
397	55	0.491019
397	236	0.737839
397	168	0.639924
397	16	0.0830582
397	34	0.374266
397	109	0.962809
397	73	0.345642
397	88	0.502914
397	61	0.325506
397	87	0.974038
397	69	0.447384
397	48	0.383551
397	32	0.38683
397	165	0.848206
397	42	0.143311
397	40	0.759724
397	115	0.536491
397	124	0.705511
397	164	0.506957
397	34	0.679966
397	3	0.532609
397	57	0.786354
397	28	0.0767813
397	357	0.923066
397	12	0.0666261
397	100	0.718128
397	165	0.796266
397	2	0.0149061
397	151	0.529657
397	112	0.937217
397	177	0.478185
397	36	0.225308
397	52	0.173042
397	389	0.983935
397	31	0.649312
397	207	0.584653
397	6	0.251857
397	5	0.046749
397	7	0.448803
397	271	0.762713
397	85	0.464486
397	25	0.0894775
397	247	0.711138
397	62	0.357677
397	65	0.335724
397	23	0.142926
397	80	0.879447
397	95	0.249157
397	74	0.236027
397	329	0.86728
397	195	0.628889
397	40	0.159907
397	109	0.476738
397	76	0.410375
397	56	0.465111
397	271	0.921793
397	23	0.109246
397	0	0.244653
397	112	0.638032
397	45	0.343463
397	379	0.963021
397	8	0.824683
397	192	0.662859
397	120	0.585481
397	84	0.31389
397	46	0.132138
397	353	0.960185
397	11	0.344574
397	50	0.354765
397	198	0.559421
397	94	0.595764
397	50	0.176415
397	109	0.943052
397	91	0.627848
397	21	0.640268
397	0	0.404916
397	24	0.326821
397	5	0.0187342
397	10	0.142875
397	176	0.830075
397	4	0.0370445
397	249	0.683759
397	40	0.261383
397	301	0.970234
397	178	0.741095
397	17	0.339479
397	11	0.264234
397	3	0.0530679
397	21	0.0593494
397	91	0.37483
397	83	0.215
397	55	0.317903
397	172	0.469775
397	155	0.392853
397	86	0.466275
397	121	0.361247
397	1	0.0134123
397	178	0.871643
397	4	0.0160968
397	51	0.662423
397	163	0.646213
397	24	0.920113
397	128	0.827978
397	178	0.566115
397	48	0.284489
397	58	0.611274
397	174	0.773549
397	199	0.647658
397	12	0.408164
397	30	0.1668
397	22	0.253932
397	20	0.407712
397	3	0.574021
397	19	0.315641
397	44	0.436719
397	54	0.426047
397	147	0.541839
397	31	0.0829163
397	220	0.619088
397	109	0.29354
397	108	0.573166
397	155	0.694651
397	116	0.802732
397	106	0.364043
397	30	0.287368
397	119	0.42229
397	34	0.944249
397	20	0.425715
397	41	0.522181
397	28	0.135822
397	45	0.915171
397	329	0.98956
397	38	0.236748
397	328	0.866617
397	16	0.506061
397	124	0.83577
397	264	0.944183
397	83	0.211383
397	77	0.228452
397	41	0.45561
397	148	0.414488
397	213	0.544776
397	332	0.978207
397	117	0.466675
397	44	0.137453
397	324	0.829656
397	280	0.965368
397	95	0.464089
397	3	0.606016
397	2	0.103081
397	278	0.870117
397	4	0.362812
397	297	0.81321
397	186	0.81819
397	138	0.658212
397	3	0.568677
397	314	0.812359
397	73	0.664289
397	195	0.552549
397	68	0.281044
397	3	0.0269565
397	4	0.0126638
397	208	0.716854
397	41	0.966262
397	264	0.989771
397	24	0.104628
397	133	0.872151
397	3	0.0590029
397	69	0.212352
397	189	0.851579
397	38	0.171623
397	49	0.8925
397	44	0.14406
397	67	0.404823
397	99	0.521239
397	67	0.953046
397	69	0.452391
397	45	0.227955
397	36	0.71439
397	46	0.833328
397	59	0.271771
397	206	0.607508
397	54	0.565413
397	68	0.379899
397	35	0.494794
397	75	0.916797
397	69	0.412998
397	78	0.591477
397	3	0.125198
397	223	0.72008
397	7	0.250354
397	72	0.270261
397	36	0.323863
397	223	0.924256
397	74	0.421567
397	0	0.074781
397	18	0.247462
397	30	0.321563
397	5	0.0989356
397	291	0.917916
397	165	0.492777
397	5	0.170224
397	229	0.983725
397	42	0.130854
397	158	0.617072
397	48	0.515659
397	124	0.969179
397	68	0.62709
397	260	0.876801
397	51	0.132102
397	68	0.583386
397	7	0.115477
397	149	0.746842
397	38	0.60047
397	189	0.845899
397	62	0.278464
397	9	0.143835
397	53	0.229543
397	123	0.843363
397	312	0.984887
397	185	0.599939
397	0	0.0351112
397	13	0.193203
397	15	0.332905
397	200	0.550513
397	5	0.0174231
397	23	0.111343
397	307	0.933678
397	91	0.293637
397	72	0.969949
397	199	0.964472
397	248	0.836956
397	151	0.414182
397	8	0.0608638
397	69	0.251692
397	104	0.966494
397	360	0.944191
397	96	0.768732
397	43	0.73516
397	2	0.176777
397	172	0.917893
397	39	0.721236
397	59	0.261871
397	48	0.122484
397	79	0.463331
397	132	0.734895
397	89	0.848117
397	6	0.20078
397	12	0.251933
397	35	0.213517
397	195	0.634772
397	295	0.889994
397	66	0.242885
397	158	0.88784
397	9	0.263721
397	352	0.904843
397	30	0.277087
397	68	0.880066
397	91	0.550436
397	100	0.296858
397	6	0.0618732
397	105	0.433613
397	173	0.598682
397	82	0.834837
397	309	0.786467
397	132	0.390513
397	389	0.98414
397	38	0.513777
397	215	0.590792
397	46	0.367698
397	30	0.154485
397	169	0.690856
397	58	0.675881
397	50	0.202765
397	231	0.948994
397	53	0.295583
397	322	0.944246
397	33	0.524703
397	5	0.0796691
397	8	0.0204028
397	153	0.947241
397	121	0.909081
397	99	0.451704
397	5	0.140969
397	78	0.359705
397	63	0.441633
397	11	0.0419861
397	178	0.875088
397	49	0.138876
397	5	0.058559
397	10	0.958778
397	34	0.347893
397	6	0.058545
397	48	0.874838
397	168	0.436241
397	41	0.358506
397	35	0.435116
397	157	0.829979
397	33	0.388155
397	157	0.59738
397	174	0.541528
397	95	0.241249
397	52	0.357721
397	8	0.0820678
397	34	0.315736
397	280	0.753721
397	16	0.442977
397	93	0.363368
397	37	0.401095
397	74	0.45923
397	91	0.460795
397	73	0.81705
397	113	0.455842
397	78	0.23602
397	232	0.609485
397	235	0.829646
397	12	0.108137
397	333	0.866771
397	95	0.843903
397	77	0.212379
397	91	0.665278
397	152	0.608823
397	82	0.712646
397	4	0.013248
397	33	0.673631
397	2	0.0168901
397	57	0.160916
397	8	0.159574
397	113	0.307492
397	7	0.0269392
397	113	0.389639
397	64	0.452654
397	108	0.58979
397	27	0.0993884
397	1	0.0456833
397	112	0.704821
397	52	0.339435
397	119	0.566244
397	28	0.114525
397	56	0.82617
397	239	0.96388
397	146	0.967972
397	44	0.218244
397	263	0.868969
397	54	0.14823
397	201	0.652301
397	19	0.532236
397	29	0.144135
397	56	0.262585
397	0	0.453056
397	263	0.944833
397	40	0.688358
397	323	0.850774
397	0	0.180125
397	56	0.1941
397	104	0.265086
397	161	0.561688
397	115	0.889767
397	96	0.66783
397	88	0.545851
397	30	0.134797
397	63	0.607158
397	22	0.132142
397	144	0.602071
397	136	0.776753
397	60	0.572744
397	5	0.592338
397	258	0.729775
397	73	0.215029
397	4	0.0452052
397	213	0.728724
397	14	0.457602
397	51	0.170101
397	334	0.930832
397	215	0.98252
397	212	0.740394
397	16	0.0843662
397	17	0.469187
397	89	0.968156
397	55	0.938908
397	99	0.477642
397	21	0.0837568
397	200	0.519741
397	88	0.981593
397	90	0.439779
397	1	0.0488743
397	383	0.971024
397	245	0.849745
397	130	0.618877
397	150	0.398241
397	51	0.148391
397	233	0.69529
397	109	0.915945
397	129	0.851766
397	9	0.0909064
397	275	0.86613
397	38	0.0967779
397	18	0.668163
397	144	0.651749
397	256	0.984841
397	61	0.519799
397	8	0.37206
397	229	0.626808
397	80	0.523549
397	11	0.23242
397	4	0.146047
397	234	0.693495
397	9	0.0345019
397	92	0.241776
397	176	0.970931
397	45	0.114069
397	20	0.521949
397	134	0.668273
397	20	0.653664
397	101	0.463854
397	158	0.401731
397	39	0.152403
397	19	0.066536
397	241	0.725122
397	98	0.822997
397	100	0.26345
397	15	0.306153
397	114	0.290438
397	102	0.3408
397	33	0.661369
397	25	0.105364
397	161	0.778943
397	143	0.467822
397	154	0.683108
397	80	0.316658
397	121	0.809676
397	39	0.597186
397	224	0.828737
397	13	0.0661492
397	25	0.226516
397	230	0.600795
397	138	0.479892
397	175	0.819854
397	94	0.318431
397	1	0.394542
397	5	0.182413
397	112	0.468607
397	0	0.0403993
397	232	0.798198
397	217	0.904089
397	156	0.414592
397	42	0.711518
397	94	0.490144
397	132	0.385973
397	20	0.0598727
397	44	0.223662
397	89	0.542072
397	38	0.133185
397	7	0.38652
397	85	0.912426
397	47	0.61702
397	7	0.0853855
397	3	0.242818
397	3	0.0612832
397	45	0.28189
397	20	0.0655018
397	165	0.560181
397	1	0.0501604
397	123	0.921589
397	271	0.936683
397	142	0.976013
397	28	0.0943332
397	62	0.274324
397	90	0.311381
397	101	0.47038
397	20	0.103158
397	123	0.514767
397	172	0.979982
397	168	0.759037
397	68	0.523963
397	49	0.236544
397	6	0.0594543
397	29	0.136272
397	1	0.364436
397	64	0.381714
397	13	0.0351262
397	272	0.882888
397	50	0.211278
397	58	0.17604
397	40	0.191279
397	78	0.778832
397	192	0.562036
397	269	0.835963
397	46	0.306086
397	15	0.0400234
397	0	0.0377244
397	14	0.0607588
397	365	0.934126
397	201	0.547471
397	84	0.580992
397	48	0.499221
397	92	0.738988
397	105	0.545278
397	6	0.418407
397	3	0.209692
397	76	0.210666
397	105	0.70653
397	270	0.787469
397	156	0.467937
397	247	0.790645
397	18	0.842002
397	74	0.295862
397	348	0.906081
397	6	0.232957
397	35	0.117339
397	173	0.724956
397	51	0.29911
397	4	0.019245
397	17	0.437233
397	34	0.299122
397	55	0.140259
397	120	0.349869
397	5	0.569992
397	41	0.521313
397	94	0.3191
397	104	0.526947
397	150	0.903894
397	71	0.271635
397	233	0.732425
397	138	0.522022
397	165	0.558489
397	349	0.984779
397	9	0.0894346
397	90	0.791334
397	122	0.462872
397	106	0.388813
397	24	0.542467
397	23	0.313133
397	42	0.118368
397	46	0.336959
397	292	0.942378
397	80	0.916192
397	77	0.346551
397	96	0.241938
397	10	0.0766079
397	5	0.448849
397	85	0.218598
397	62	0.452524
397	28	0.33434
397	45	0.53175
397	147	0.419037
397	11	0.72086
397	59	0.617821
397	23	0.184694
397	16	0.480304
397	47	0.699853
397	35	0.875657
397	151	0.57453
397	346	0.940429
397	1	0.0813654
397	107	0.552534
397	44	0.195672
397	59	0.414626
397	32	0.713845
397	82	0.591725
397	2	0.14663
397	77	0.644098
397	37	0.229408
397	161	0.505634
397	149	0.834435
397	315	0.797317
397	51	0.815032
397	26	0.0776752
397	139	0.736031
397	186	0.797094
397	57	0.163339
397	6	0.0698837
397	5	0.13255
397	46	0.317852
397	2	0.254911
397	12	0.668782
397	0	0.744015
397	42	0.342287
397	86	0.237041
397	20	0.0624772
397	5	0.0974592
397	261	0.786963
397	84	0.352146
397	7	0.0514476
397	120	0.95935
397	31	0.855755
397	5	0.0891577
397	212	0.545791
397	2	0.0284381
397	41	0.122162
397	21	0.104183
397	20	0.407338
397	53	0.194877
397	143	0.546411
397	230	0.822222
397	104	0.588037
397	39	0.85303
397	105	0.938086
397	25	0.105554
397	51	0.772876
397	18	0.0540445
397	136	0.418911
397	9	0.158772
397	63	0.389816
397	44	0.709046
397	17	0.461987
397	18	0.574622
397	7	0.021627
397	31	0.964554
397	37	0.428228
397	106	0.283112
397	201	0.62099
397	93	0.926078
397	77	0.765393
397	89	0.840952
397	176	0.788445
397	18	0.119371
397	195	0.9875
397	28	0.190595
397	323	0.985121
397	32	0.235033
397	19	0.078803
397	86	0.396397
397	10	0.187181
397	5	0.440757
397	73	0.229182
397	241	0.6875
397	206	0.939953
397	195	0.66853
397	0	0.449484
397	40	0.887152
397	23	0.73712
397	10	0.953493
397	12	0.0509057
397	57	0.851362
397	270	0.813041
397	4	0.134834
397	107	0.713058
397	30	0.547481
397	290	0.823082
397	224	0.646913
397	71	0.309899
397	6	0.406833
397	377	0.979671
397	149	0.594424
397	57	0.319846
397	298	0.975989
397	46	0.857627
397	180	0.977309
397	9	0.169095
397	291	0.923854
397	14	0.266729
397	37	0.797091
397	50	0.36235
397	13	0.0895891
397	31	0.112947
397	138	0.677349
397	26	0.0854518
397	29	0.0801326
397	238	0.763718
397	86	0.671879
397	2	0.198664
397	128	0.628955
397	8	0.0270444
397	28	0.217314
397	76	0.585883
397	52	0.432741
397	63	0.179133
397	46	0.435504
397	221	0.705398
397	29	0.598082
397	15	0.0577501
397	95	0.274704
397	19	0.247083
397	54	0.294994
397	79	0.515019
397	281	0.825559
397	33	0.172608
397	2	0.0203118
397	198	0.778404
397	119	0.756234
397	41	0.35073
397	28	0.347161
397	262	0.665523
397	26	0.0728301
397	51	0.158374
397	236	0.967419
397	8	0.0284126
397	34	0.100447
397	18	0.305479
397	155	0.977566
397	13	0.034332
397	21	0.614661
397	32	0.833743
397	22	0.0734411
397	243	0.981127
397	38	0.116228
397	212	0.602483
397	11	0.0813629
397	10	0.0820281
397	105	0.89339
397	37	0.532605
397	172	0.760715
397	10	0.0436607
397	146	0.834687
397	38	0.410871
397	52	0.868938
397	104	0.334919
397	234	0.796071
397	275	0.980082
397	47	0.966913
397	18	0.083847
397	22	0.351175
397	192	0.643149
397	2	0.0630626
397	128	0.590727
397	116	0.58094
397	282	0.941216
397	25	0.185622
397	7	0.0187659
397	9	0.459811
397	193	0.924714
397	89	0.37063
397	175	0.763315
397	62	0.212888
397	190	0.869332
397	41	0.767971
397	80	0.258932
397	83	0.415896
397	242	0.760949
397	243	0.85027
397	34	0.515501
397	168	0.608726
397	15	0.053481
397	71	0.441115
397	45	0.150317
397	97	0.560393
397	22	0.545807
397	296	0.9655
397	0	0.181271
397	95	0.241957
397	266	0.974715
397	213	0.575242
397	31	0.125414
397	125	0.86427
397	1	0.0210002
397	190	0.740824
397	11	0.288269
397	172	0.47017
397	73	0.449337
397	49	0.182283
397	125	0.348176
397	44	0.306668
397	94	0.301193
397	63	0.176089
397	7	0.0261472
397	274	0.773446
397	155	0.715074
397	75	0.31425
397	84	0.269854
397	85	0.544267
397	235	0.869832
397	130	0.685589
397	230	0.793363
397	373	0.962245
397	86	0.858546
397	26	0.603567
397	190	0.850971
397	79	0.457711
397	99	0.256076
397	47	0.865458
397	13	0.0565267
397	176	0.670661
397	60	0.295335
397	150	0.581212
397	156	0.439652
397	90	0.685673
397	155	0.587303
397	17	0.253887
397	174	0.477209
397	24	0.336113
397	40	0.153696
397	125	0.89491
397	184	0.557691
397	17	0.217842
397	197	0.842523
397	69	0.183038
397	98	0.265535
397	194	0.752832
397	2	0.0422365
397	89	0.292999
397	17	0.0501215
397	108	0.396576
397	98	0.860465
397	97	0.315392
397	154	0.520806
397	82	0.354107
397	306	0.794914
397	7	0.0420497
397	47	0.332856
397	85	0.327606
397	138	0.531177
397	63	0.224633
397	342	0.983597
397	8	0.927192
397	252	0.663789
397	50	0.402814
397	3	0.0606346
397	76	0.540275
397	36	0.651902
397	88	0.30761
397	121	0.318599
397	31	0.126754
397	53	0.384492
397	61	0.433856
397	290	0.763167
397	248	0.847796
397	0	0.0897125
397	45	0.115261
397	204	0.805773
397	5	0.450915
397	5	0.333218
397	5	0.115705
397	187	0.84944
397	17	0.28382
397	12	0.0580128
397	206	0.84575
397	99	0.380808
397	44	0.296534
397	14	0.344974
397	164	0.446132
397	93	0.446056
397	88	0.568242
397	88	0.301544
397	93	0.394924
397	26	0.72802
397	77	0.660379
397	83	0.915438
397	77	0.751849
397	90	0.270938
397	1	0.782172
397	16	0.670714
397	53	0.201831
397	88	0.341171
397	281	0.778016
397	23	0.119479
397	45	0.544921
397	3	0.0132086
397	33	0.461151
397	137	0.576178
397	110	0.554491
397	137	0.933078
397	166	0.458861
397	17	0.148497
397	216	0.918674
397	17	0.0467636
397	21	0.567541
397	65	0.190991
397	93	0.711007
397	77	0.2476
397	126	0.531783
397	77	0.85148
397	75	0.802629
397	308	0.92865
397	76	0.258813
397	116	0.496722
397	54	0.172963
397	15	0.0826567
397	1	0.0171641
397	232	0.790722
397	251	0.660168
397	1	0.0225872
397	37	0.245338
397	9	0.653733
397	182	0.671638
397	57	0.204771
397	153	0.533822
397	16	0.155539
397	112	0.391383
397	3	0.0701187
397	242	0.623205
397	167	0.587747
397	116	0.307393
397	33	0.114233
397	59	0.834073
397	0	0.0535459
397	116	0.444573
397	26	0.0949562
397	26	0.219502
397	287	0.810537
397	40	0.191587
397	98	0.454274
397	76	0.5747
397	246	0.867266
397	23	0.143233
397	81	0.559126
397	345	0.909162
397	30	0.112952
397	24	0.127227
397	112	0.65119
397	62	0.472324
397	170	0.783666
397	221	0.628926
397	59	0.200446
397	32	0.231086
397	375	0.954253
397	40	0.923016
397	68	0.945156
397	127	0.592261
397	288	0.95893
397	231	0.881752
397	148	0.511953
397	54	0.29661
397	30	0.139155
397	15	0.489884
397	101	0.606633
397	241	0.743993
397	47	0.963541
397	14	0.0709409
397	34	0.101817
397	85	0.851554
397	113	0.740522
397	43	0.231756
397	265	0.891594
397	3	0.405924
397	98	0.358794
397	43	0.721118
397	161	0.462835
397	115	0.474262
397	9	0.458925
397	139	0.61735
397	14	0.982544
397	120	0.377792
397	198	0.734147
397	114	0.455182
397	15	0.10197
397	24	0.0760762
397	67	0.478715
397	172	0.945068
397	17	0.0448822
397	42	0.387724
397	110	0.359602
397	108	0.294617
397	269	0.930551
397	82	0.370229
397	10	0.0702769
397	100	0.490843
397	122	0.372239
397	81	0.330812
397	31	0.114373
397	155	0.610132
397	2	0.0132903
397	63	0.973904
397	110	0.46697
397	45	0.299167
397	187	0.882192
397	213	0.545234
397	38	0.183152
397	7	0.0204629
397	86	0.886898
397	10	0.0822563
397	21	0.135195
397	175	0.500633
397	230	0.725272
397	55	0.155272
397	47	0.147717
397	94	0.560397
397	91	0.500858
397	73	0.805143
397	1	0.18164
397	234	0.891067
397	202	0.52038
397	117	0.413182
397	22	0.107998
397	181	0.73757
397	330	0.889554
397	321	0.927362
397	192	0.519793
397	98	0.34762
397	24	0.395723
397	10	0.0446372
397	1	0.0542766
397	59	0.380653
397	67	0.316591
397	13	0.342827
397	104	0.295667
397	41	0.759413
397	103	0.856898
397	330	0.832364
397	9	0.0366599
397	23	0.204025
397	48	0.280255
397	160	0.776253
397	155	0.749468
397	157	0.660781
397	9	0.0639261
397	82	0.267246
397	168	0.672813
397	114	0.300244
397	263	0.806405
397	14	0.140386
397	124	0.341365
397	55	0.495949
397	100	0.596794
397	234	0.665538
397	62	0.49704
397	44	0.151261
397	24	0.170627
397	140	0.378685
397	8	0.443296
397	173	0.918966
397	12	0.0340663
397	6	0.0356648
397	53	0.313114
397	34	0.865643
397	194	0.801536
397	133	0.342025
397	270	0.928277
397	120	0.941313
397	220	0.834856
397	47	0.93552
397	133	0.611442
397	188	0.539737
397	1	0.264563
397	203	0.673839
397	24	0.594985
397	175	0.599574
397	104	0.35098
397	130	0.919468
397	119	0.463594
397	15	0.179272
397	122	0.671315
397	320	0.900018
397	81	0.798129
397	10	0.135517
397	80	0.203917
397	19	0.180046
397	116	0.316658
397	118	0.626458
397	19	0.0930763
397	19	0.185217
397	151	0.804002
397	50	0.210007
397	159	0.402479
397	83	0.577305
397	6	0.631251
397	18	0.343022
397	82	0.57972
397	261	0.790292
397	232	0.909047
397	143	0.828751
397	3	0.0412885
397	177	0.598163
397	22	0.609046
397	42	0.384442
397	83	0.973555
397	240	0.931375
397	126	0.688378
397	360	0.97551
397	81	0.368773
397	287	0.814752
397	320	0.859282
397	18	0.0474143
397	79	0.596135
397	6	0.225702
397	227	0.621856
397	65	0.728074
397	216	0.803468
397	93	0.667687
397	4	0.312864
397	24	0.110689
397	8	0.0450376
397	52	0.506724
397	123	0.799151
397	232	0.840233
397	136	0.53955
397	42	0.107856
397	220	0.989761
397	39	0.289759
397	53	0.647469
397	242	0.91402
397	66	0.571806
397	2	0.186955
397	288	0.862615
397	107	0.456448
397	234	0.768416
397	21	0.108263
397	208	0.64128
397	5	0.105257
397	9	0.047
397	262	0.857902
397	42	0.230693
397	150	0.785072
397	60	0.287857
397	162	0.587941
397	56	0.563836
397	163	0.646062
397	127	0.580005
397	42	0.769385
397	184	0.574209
397	241	0.977973
397	44	0.643772
397	39	0.198362
397	11	0.0533318
397	65	0.191064
397	37	0.867744
397	237	0.94243
397	25	0.224893
397	8	0.343262
397	23	0.429871
397	184	0.497017
397	50	0.731495
397	144	0.730776
397	8	0.214042
397	300	0.810387
397	257	0.878737
397	253	0.737012
397	131	0.821812
397	112	0.4828
397	123	0.521518
397	104	0.468019
397	318	0.97969
397	103	0.303929
397	271	0.703975
397	99	0.447865
397	5	0.290221
397	28	0.238496
397	22	0.259586
397	4	0.264301
397	85	0.561131
397	0	0.0520878
397	219	0.70297
397	123	0.477327
397	2	0.210588
397	163	0.770049
397	259	0.868152
397	48	0.567763
397	50	0.291074
397	3	0.115741
397	260	0.780854
397	34	0.569263
397	91	0.291713
397	8	0.962707
397	93	0.403394
397	42	0.803433
397	76	0.606748
397	5	0.448056
397	68	0.488319
397	129	0.686211
397	9	0.7984
397	168	0.7209
397	5	0.0154927
397	1	0.173238
397	31	0.195279
397	72	0.84579
397	21	0.0698285
397	61	0.168177
397	75	0.57491
397	9	0.747513
397	192	0.548614
397	18	0.297784
397	288	0.90728
397	185	0.592451
397	53	0.156376
397	30	0.484705
397	9	0.0396569
397	84	0.618182
397	89	0.379578
397	94	0.535957
397	1	0.0665056
397	23	0.524171
397	13	0.36751
397	99	0.57449
397	302	0.860437
397	2	0.0206852
397	220	0.63371
397	21	0.305065
397	112	0.36473
397	33	0.598782
397	68	0.615255
397	91	0.40053
397	169	0.985193
397	11	0.50655
397	42	0.58452
397	163	0.509075
397	38	0.612727
397	16	0.801054
397	159	0.798886
397	55	0.155314
397	152	0.591144
397	57	0.175356
397	31	0.683802
397	12	0.0937385
397	23	0.205336
397	14	0.390858
397	83	0.386503
397	86	0.78461
397	20	0.0522491
397	229	0.615111
397	85	0.272621
397	0	0.259949
397	67	0.273278
397	34	0.325476
397	9	0.0883518
397	198	0.931364
397	54	0.343557
397	22	0.101398
397	4	0.125779
397	4	0.404925
397	17	0.219454
397	67	0.551257
397	243	0.765374
397	116	0.314705
397	23	0.43854
397	215	0.760085
397	180	0.731479
397	79	0.626579
397	43	0.154996
397	153	0.427354
397	284	0.931004
397	17	0.389263
397	261	0.708381
397	250	0.815511
397	18	0.285049
397	33	0.168272
397	335	0.897532
397	34	0.135269
397	149	0.515781
397	155	0.584163
397	34	0.52935
397	160	0.833467
397	83	0.253664
397	6	0.0295985
397	153	0.454173
397	202	0.783118
397	33	0.102545
397	7	0.0446085
397	257	0.647971
397	151	0.390145
397	300	0.911164
397	57	0.145441
397	142	0.651222
397	54	0.533265
397	44	0.955216
397	22	0.06764
397	30	0.316571
397	83	0.234708
397	282	0.973867
397	195	0.847468
397	29	0.357269
397	43	0.365467
397	73	0.542452
397	43	0.451422
397	47	0.727741
397	173	0.510398
397	23	0.0927795
397	137	0.743268
397	11	0.109952
397	97	0.934313
397	146	0.878442
397	42	0.14546
397	40	0.257059
397	345	0.872373
397	2	0.0129757
397	243	0.837061
397	39	0.773532
397	87	0.336002
397	61	0.161539
397	195	0.845035
397	0	0.275814
397	63	0.400114
397	322	0.917142
397	31	0.126827
397	133	0.567695
397	22	0.580248
397	0	0.168791
397	231	0.940853
397	3	0.85914
397	80	0.851346
397	112	0.603817
397	35	0.668388
397	93	0.288065
397	345	0.881518
397	183	0.829003
397	7	0.204412
397	114	0.311577
397	170	0.975614
397	58	0.269505
397	85	0.28151
397	18	0.0688024
397	236	0.797207
397	158	0.405545
397	171	0.951997
397	185	0.560226
397	60	0.250795
397	90	0.836896
397	115	0.467759
397	27	0.60055
397	40	0.126322
397	284	0.760925
397	185	0.599352
397	3	0.0219049
397	3	0.426108
397	280	0.761993
397	277	0.985912
397	41	0.120311
397	279	0.776176
397	283	0.833814
397	44	0.295689
397	72	0.575034
397	219	0.732799
397	12	0.641141
397	39	0.310523
397	114	0.32691
397	337	0.911871
397	20	0.0608362
397	39	0.50126
397	155	0.790836
397	52	0.505865
397	95	0.726182
397	4	0.37894
397	126	0.568326
397	24	0.147815
397	135	0.564848
397	164	0.422859
397	60	0.207096
397	10	0.0981487
397	236	0.926623
397	241	0.768259
397	30	0.618093
397	18	0.810628
397	44	0.38704
397	271	0.701533
397	21	0.0635665
397	23	0.105343
397	161	0.655762
397	139	0.538644
397	39	0.126526
397	21	0.615615
397	94	0.346316
397	61	0.911705
397	94	0.613658
397	68	0.97597
397	125	0.545856
397	17	0.239086
397	297	0.96046
397	246	0.748723
397	85	0.475749
397	206	0.942765
397	30	0.261472
397	1	0.272791
397	139	0.55764
397	54	0.319714
397	19	0.110324
397	121	0.31452
397	256	0.729017
397	234	0.740943
397	216	0.98194
397	95	0.331405
397	12	0.223436
397	103	0.260455
397	94	0.989662
397	47	0.633461
397	182	0.662018
397	297	0.939488
397	0	0.0157454
397	62	0.329788
397	195	0.652967
397	70	0.361088
397	14	0.0913147
397	58	0.188952
397	159	0.687271
397	7	0.022511
397	153	0.784885
397	33	0.267597
397	52	0.288764
397	30	0.0823294
397	171	0.679088
397	30	0.426603
397	29	0.516613
397	40	0.349878
397	24	0.209239
397	311	0.952154
397	68	0.246171
397	74	0.205469
397	147	0.721693
397	67	0.981671
397	269	0.891038
397	85	0.716801
397	64	0.55839
397	83	0.986885
397	60	0.702459
397	10	0.266424
397	263	0.76611
397	16	0.126555
397	135	0.607567
397	1	0.139188
397	66	0.357888
397	262	0.951723
397	30	0.692951
397	43	0.230691
397	281	0.848505
397	75	0.245522
397	57	0.254391
397	84	0.425648
397	83	0.382397
397	25	0.596974
397	13	0.448625
397	56	0.284358
397	219	0.710169
397	46	0.557488
397	132	0.890833
397	27	0.114147
397	94	0.313431
397	24	0.563778
397	104	0.336531
397	56	0.746577
397	21	0.068197
397	19	0.107502
397	31	0.0955812
397	133	0.519758
397	87	0.440044
397	95	0.42507
397	28	0.169203
397	94	0.61074
397	39	0.125955
397	224	0.609011
397	7	0.126381
397	28	0.0803121
397	34	0.980478
397	91	0.287565
397	12	0.339453
397	24	0.148636
397	25	0.118998
397	131	0.804713
397	40	0.103287
397	29	0.129988
397	157	0.88146
397	45	0.491431
397	95	0.401186
397	112	0.316849
397	64	0.263073
397	73	0.927625
397	115	0.74981
397	55	0.291204
397	125	0.972432
397	116	0.703306
397	11	0.91065
397	236	0.963025
397	1	0.0915048
397	338	0.8781
397	9	0.503072
397	31	0.607871
397	86	0.814522
397	239	0.763324
397	17	0.100833
397	65	0.499981
397	13	0.0929887
397	184	0.535286
397	108	0.361101
397	43	0.190091
397	29	0.0953584
397	198	0.569763
397	17	0.200383
397	158	0.608194
397	0	0.0241454
397	195	0.725524
397	106	0.602354
397	6	0.0201195
397	133	0.793289
397	186	0.97178
397	125	0.469126
397	239	0.891385
397	81	0.565086
397	205	0.77041
397	39	0.123227
397	247	0.72367
397	65	0.260096
397	233	0.712656
397	9	0.104144
397	42	0.663889
397	58	0.523064
397	211	0.971269
397	135	0.928353
397	336	0.974048
397	105	0.392803
397	70	0.180336
397	41	0.183665
397	35	0.247918
397	90	0.26678
397	194	0.747997
397	87	0.492431
397	34	0.276042
397	245	0.956424
397	23	0.554258
397	15	0.233822
397	13	0.0623345
397	0	0.852751
397	9	0.560494
397	116	0.298118
397	23	0.656026
397	84	0.217845
397	62	0.5729
397	53	0.377258
397	18	0.0614995
397	61	0.706603
397	87	0.497592
397	197	0.920122
397	309	0.85183
397	171	0.618275
397	296	0.912698
397	116	0.627528
397	6	0.0459548
397	115	0.360967
397	68	0.917975
397	168	0.687199
397	0	0.0805449
397	16	0.0491116
397	73	0.770353
397	78	0.483558
397	95	0.467989
397	3	0.0970787
397	346	0.897785
397	101	0.551517
397	29	0.391164
397	225	0.613229
397	7	0.221963
397	16	0.875538
397	21	0.418627
397	255	0.983915
397	147	0.39492
397	41	0.308195
397	5	0.0470512
397	233	0.928748
397	0	0.0271546
397	103	0.443535
397	51	0.489947
397	171	0.882714
397	97	0.462646
397	227	0.618013
397	129	0.776124
397	14	0.97256
397	3	0.740772
397	69	0.529603
397	50	0.210941
397	248	0.64116
397	18	0.327094
397	102	0.295221
397	312	0.794526
397	0	0.0859248
397	177	0.967911
397	143	0.467785
397	50	0.327494
397	15	0.128932
397	1	0.469573
397	19	0.138364
397	52	0.856689
397	106	0.403648
397	45	0.276342
397	166	0.524606
397	62	0.166524
397	51	0.160858
397	75	0.76466
397	1	0.245662
397	1	0.0287644
397	53	0.600868
397	315	0.829755
397	251	0.981986
397	93	0.519713
397	92	0.573035
397	322	0.926616
397	346	0.963985
397	77	0.894725
397	29	0.0750666
397	87	0.279728
397	2	0.218092
397	127	0.667292
397	69	0.352916
397	101	0.295083
397	11	0.0701294
397	13	0.119291
397	130	0.444779
397	186	0.923546
397	7	0.0534481
397	4	0.455607
397	25	0.179027
397	29	0.363227
397	75	0.373376
397	72	0.196295
397	52	0.304869
397	29	0.0809514
397	8	0.108994
397	33	0.546014
397	142	0.747805
397	37	0.112931
397	60	0.568286
397	67	0.688343
397	64	0.244991
397	97	0.438274
397	96	0.923237
397	98	0.399447
397	332	0.916707
397	14	0.0985068
397	1	0.151378
397	36	0.155414
397	269	0.757399
397	70	0.583079
397	80	0.208547
397	8	0.178915
397	43	0.294358
397	33	0.138257
397	41	0.520671
397	214	0.825236
397	35	0.629541
397	94	0.532314
397	37	0.230666
397	44	0.416921
397	114	0.817915
397	80	0.367827
397	38	0.345335
397	86	0.943547
397	51	0.457607
397	26	0.400611
397	33	0.0913586
397	95	0.462947
397	4	0.135677
397	15	0.281514
397	81	0.89052
397	107	0.457579
397	121	0.351033
397	57	0.889
397	33	0.13296
397	0	0.234037
397	68	0.71887
397	75	0.864153
397	7	0.049082
397	13	0.0423896
397	0	0.498687
397	248	0.690276
397	1	0.185874
397	317	0.901755
397	28	0.610766
397	19	0.440231
397	291	0.954463
397	197	0.541973
397	91	0.232477
397	287	0.930564
397	83	0.976813
397	330	0.877434
397	16	0.628211
397	70	0.550167
397	166	0.643081
397	0	0.0120418
397	141	0.433616
397	6	0.795591
397	53	0.296543
397	305	0.881658
397	285	0.856358
397	88	0.298744
397	69	0.418419
397	164	0.459517
397	19	0.15823
397	218	0.810645
397	6	0.610563
397	361	0.913724
397	48	0.778418
397	3	0.100735
397	83	0.227076
397	66	0.54824
397	26	0.936935
397	75	0.806758
397	14	0.397137
397	155	0.571828
397	4	0.0893204
397	99	0.510296
397	80	0.520655
397	34	0.983222
397	90	0.575431
397	262	0.714889
397	50	0.277094
397	144	0.578466
397	48	0.137645
397	39	0.445771
397	47	0.676942
397	88	0.648034
397	10	0.3938
397	67	0.186841
397	84	0.254368
397	67	0.265685
397	65	0.588146
397	127	0.555542
397	213	0.685828
397	292	0.795833
397	35	0.615451
397	328	0.853513
397	99	0.31237
397	171	0.448906
397	292	0.912442
397	256	0.756234
397	75	0.485769
397	45	0.533196
397	174	0.538565
397	198	0.786764
397	93	0.629718
397	177	0.782059
397	61	0.209942
397	29	0.167799
397	132	0.669793
397	8	0.0477083
397	156	0.467526
397	143	0.823067
397	80	0.500683
397	97	0.697094
397	62	0.403967
397	8	0.635367
397	21	0.312072
397	214	0.758724
397	26	0.111437
397	42	0.111197
397	4	0.0130874
397	10	0.383706
397	86	0.475229
397	52	0.505488
397	195	0.6265
397	12	0.0358621
397	113	0.446464
397	41	0.575549
397	46	0.490334
397	35	0.103462
397	224	0.783827
397	12	0.0904083
397	62	0.274782
397	192	0.895819
397	55	0.173672
397	91	0.784779
397	51	0.561175
397	35	0.354998
397	50	0.657531
397	41	0.194832
397	165	0.863958
397	91	0.406476
397	107	0.860679
397	184	0.969868
397	24	0.335344
397	157	0.572167
397	3	0.159168
397	94	0.406593
397	16	0.473696
397	128	0.602132
397	11	0.206545
397	24	0.687637
397	12	0.105839
397	111	0.962149
397	344	0.93436
397	96	0.795233
397	18	0.20548
397	35	0.662959
397	215	0.552495
397	3	0.981261
397	42	0.335156
397	56	0.425676
397	149	0.487082
397	17	0.49255
397	179	0.494151
397	61	0.308284
397	19	0.0669231
397	160	0.542245
397	50	0.42395
397	4	0.0288625
397	37	0.477951
397	32	0.701609
397	141	0.648538
397	74	0.748201
397	64	0.66735
397	156	0.547093
397	309	0.808728
397	102	0.282774
397	38	0.214397
397	143	0.874632
397	10	0.0280688
397	11	0.0387475
397	9	0.0432301
397	243	0.724826
397	107	0.685452
397	51	0.135876
397	125	0.454822
397	173	0.961875
397	139	0.576192
397	36	0.212953
397	16	0.56849
397	28	0.167396
397	131	0.462252
397	1	0.0326743
397	232	0.766622
397	214	0.7279
397	105	0.344559
397	90	0.532104
397	249	0.866846
397	218	0.68517
397	36	0.808536
397	64	0.474713
397	9	0.030046
397	182	0.810911
397	131	0.5964
397	0	0.0151453
397	129	0.455999
397	224	0.678408
397	33	0.197497
397	33	0.614953
397	39	0.382191
397	284	0.849584
397	19	0.92074
397	40	0.388863
397	27	0.235661
397	5	0.476387
397	7	0.336565
397	129	0.364556
397	1	0.0295037
397	26	0.49713
397	255	0.795385
397	2	0.0200405
397	79	0.20423
397	86	0.760295
397	44	0.241231
397	56	0.210856
397	72	0.261585
397	190	0.688019
397	203	0.598031
397	10	0.524978
397	256	0.961897
397	127	0.463193
397	66	0.171983
397	117	0.673123
397	252	0.876946
397	32	0.540232
397	125	0.497987
397	20	0.0611783
397	226	0.980779
397	25	0.214241
397	44	0.306036
397	143	0.675056
397	4	0.0551811
397	140	0.46962
397	168	0.675584
397	49	0.224161
397	26	0.0663604
397	117	0.750656
397	31	0.494705
397	200	0.789655
397	27	0.133775
397	84	0.316424
397	346	0.960387
397	68	0.467877
397	22	0.53093
397	177	0.989605
397	266	0.939812
397	41	0.199325
397	273	0.688361
397	6	0.332918
397	105	0.639597
397	124	0.320253
397	127	0.386131
397	95	0.63385
397	28	0.201179
397	153	0.65217
397	258	0.723696
397	173	0.459572
397	147	0.40213
397	291	0.750257
397	30	0.576458
397	3	0.0433075
397	160	0.67404
397	12	0.103129
397	137	0.531587
397	230	0.846583
397	8	0.199524
397	10	0.0428366
397	216	0.712134
397	57	0.575131
397	25	0.11194
397	19	0.37388
397	5	0.0141158
397	79	0.651547
397	261	0.678418
397	117	0.467082
397	51	0.719987
397	92	0.650279
397	15	0.892884
397	44	0.535527
397	33	0.442611
397	3	0.022078
397	146	0.746942
397	24	0.129115
397	299	0.933716
397	303	0.841847
397	114	0.779236
397	43	0.339263
397	89	0.524079
397	143	0.827557
397	66	0.559566
397	20	0.863386
397	248	0.841804
397	161	0.666377
397	15	0.911674
397	106	0.686962
397	40	0.828806
397	60	0.901447
397	232	0.808327
397	257	0.887965
397	11	0.178907
397	3	0.0397967
397	40	0.217313
397	2	0.0510305
397	150	0.70927
397	83	0.268379
397	124	0.657658
397	12	0.792798
397	172	0.88282
397	284	0.718158
397	350	0.963013
397	145	0.435138
397	102	0.354463
397	369	0.976587
397	150	0.388646
397	256	0.697719
397	64	0.201744
397	102	0.489013
397	91	0.866032
397	87	0.659302
397	4	0.027473
397	15	0.0616619
397	200	0.546459
397	55	0.917797
397	153	0.688515
397	233	0.832383
397	216	0.777033
397	164	0.627948
397	85	0.831507
397	228	0.81602
397	35	0.120663
397	9	0.498414
397	224	0.913642
397	2	0.0282963
397	125	0.906706
397	52	0.928814
397	295	0.939327
397	229	0.938009
397	9	0.89683
397	43	0.554869
397	30	0.0929466
397	263	0.79725
397	152	0.389953
397	27	0.119821
397	77	0.459636
397	14	0.397458
397	71	0.589183
397	23	0.197543
397	25	0.131502
397	24	0.562555
397	5	0.314791
397	222	0.689856
397	278	0.804912
397	145	0.872455
397	24	0.266285
397	20	0.057073
397	72	0.531127
397	97	0.556709
397	165	0.60839
397	69	0.185137
397	163	0.450361
397	9	0.122388
397	37	0.182033
397	34	0.335329
397	66	0.193367
397	95	0.358958
397	98	0.34397
397	134	0.54809
397	14	0.043885
397	87	0.530216
397	17	0.835412
397	23	0.0789691
397	62	0.377504
397	8	0.64175
397	28	0.081921
397	159	0.656476
397	70	0.307383
397	73	0.233807
397	175	0.92361
397	5	0.0242418
397	95	0.813295
397	51	0.187763
397	124	0.445905
397	18	0.36208
397	9	0.248128
397	61	0.17584
397	84	0.227142
397	224	0.825064
397	5	0.428499
397	7	0.351502
397	286	0.941919
397	39	0.112928
397	133	0.401568
397	246	0.795986
397	96	0.44212
397	87	0.289518
397	53	0.400514
397	198	0.584329
397	49	0.36146
397	108	0.38566
397	259	0.897113
397	309	0.975047
397	0	0.101333
397	164	0.800131
397	207	0.661979
397	74	0.278814
397	0	0.404342
397	88	0.742852
397	308	0.805118
397	163	0.441358
397	12	0.642903
397	128	0.679809
397	55	0.290651
397	78	0.582649
397	27	0.231502
397	101	0.50211
397	9	0.236301
397	127	0.967898
397	67	0.219636
397	62	0.601212
397	108	0.493467
397	156	0.729465
397	119	0.427972
397	28	0.177496
397	103	0.386312
397	184	0.563791
397	33	0.202136
397	54	0.209417
397	174	0.673616
397	1	0.0176254
397	57	0.160549
397	21	0.587619
397	232	0.621794
397	33	0.114258
397	73	0.516979
397	149	0.409359
397	7	0.421292
397	95	0.27659
397	31	0.341475
397	156	0.642088
397	67	0.450698
397	17	0.0474115
397	24	0.110604
397	212	0.633031
397	253	0.926022
397	52	0.291284
397	58	0.70526
397	180	0.801157
397	195	0.850172
397	88	0.694863
397	222	0.615727
397	9	0.0239053
397	117	0.553923
397	42	0.210288
397	233	0.794184
397	12	0.550094
397	138	0.348145
397	9	0.981222
397	125	0.532935
397	310	0.864989
397	304	0.876036
397	102	0.327139
397	90	0.313265
397	4	0.418617
397	22	0.219203
397	195	0.935655
397	14	0.115766
397	333	0.94639
397	129	0.627451
397	7	0.445821
397	18	0.139221
397	167	0.556395
397	67	0.413043
397	50	0.333571
397	14	0.527895
397	141	0.673889
397	53	0.642581
397	1	0.0269779
397	86	0.315613
397	171	0.440287
397	60	0.501129
397	29	0.290929
397	3	0.0226246
397	199	0.825694
397	76	0.262279
397	154	0.3893
397	152	0.588632
397	104	0.685919
397	17	0.776949
397	178	0.832218
397	332	0.961361
397	87	0.940023
397	14	0.163413
397	13	0.0557481
397	9	0.492042
397	360	0.914249
397	18	0.661499
397	10	0.143067
397	261	0.752212
397	226	0.73719
397	15	0.54494
397	216	0.562167
397	165	0.474803
397	107	0.938984
397	263	0.872382
397	4	0.519979
397	4	0.0665609
397	27	0.158289
397	47	0.683717
397	50	0.613467
397	149	0.78081
397	115	0.647486
397	0	0.139947
397	144	0.672164
397	10	0.149103
397	165	0.801561
397	177	0.799691
397	87	0.246117
397	72	0.398344
397	317	0.828825
397	106	0.458171
397	53	0.745109
397	114	0.889396
397	114	0.331294
397	286	0.822393
397	100	0.811335
397	8	0.107359
397	250	0.843081
397	25	0.245484
397	231	0.673919
397	218	0.560227
397	293	0.808242
397	234	0.956018
397	16	0.0606133
397	8	0.072533
397	254	0.66065
397	205	0.691308
397	6	0.0178195
397	3	0.0159631
397	121	0.885711
397	111	0.300049
397	167	0.695519
397	22	0.175314
397	35	0.91279
397	50	0.357368
397	13	0.0355667
397	102	0.786592
397	6	0.137962
397	138	0.461271
397	17	0.509666
397	43	0.159444
397	109	0.367769
397	317	0.864537
397	2	0.285968
397	105	0.769966
397	241	0.750469
397	25	0.0720939
397	91	0.894127
397	6	0.47818
397	43	0.598898
397	151	0.8664
397	149	0.702534
397	18	0.0568136
397	43	0.391862
397	132	0.488609
397	167	0.75933
397	165	0.426099
397	171	0.589587
397	121	0.840486
397	50	0.395134
397	7	0.0345279
397	164	0.557753
397	87	0.851332
397	57	0.489763
397	362	0.975932
397	21	0.225475
397	29	0.351822
397	40	0.354177
397	157	0.856138
397	114	0.38071
397	18	0.204364
397	214	0.787443
397	92	0.946901
397	91	0.493525
397	39	0.406559
397	115	0.310124
397	30	0.324508
397	294	0.888265
397	27	0.51055
397	113	0.691357
397	126	0.355738
397	162	0.703813
397	34	0.190981
397	68	0.188504
397	216	0.649739
397	68	0.567243
397	35	0.176758
397	37	0.320529
397	341	0.96757
397	39	0.153364
397	91	0.274631
397	73	0.519372
397	12	0.264592
397	36	0.151072
397	76	0.270485
397	160	0.409108
397	60	0.475154
397	80	0.668443
397	107	0.317634
397	127	0.384053
397	122	0.744666
397	11	0.12262
397	91	0.379668
397	55	0.178461
397	243	0.937129
397	1	0.0925679
397	54	0.337003
397	96	0.438896
397	107	0.871026
397	0	0.0325695
397	5	0.128123
397	44	0.174745
397	71	0.238596
397	152	0.801388
397	127	0.713703
397	69	0.334342
397	20	0.307151
397	171	0.820309
397	139	0.985124
397	9	0.11132
397	3	0.610444
397	89	0.605578
397	142	0.79337
397	140	0.764784
397	87	0.796271
397	121	0.725034
397	57	0.344468
397	16	0.0681049
397	181	0.934877
397	147	0.953023
397	4	0.209055
397	0	0.0564506
397	74	0.294889
397	0	0.0177356
397	287	0.868267
397	181	0.861882
397	115	0.388001
397	201	0.719122
397	111	0.418081
397	143	0.37624
397	48	0.169892
397	135	0.617307
397	60	0.883709
397	104	0.723392
397	118	0.411434
397	32	0.537147
397	245	0.860708
397	37	0.863951
397	28	0.589632
397	192	0.87594
397	91	0.311088
397	71	0.282643
397	52	0.32429
397	1	0.141949
397	33	0.850158
397	351	0.894378
397	88	0.699459
397	67	0.328784
397	150	0.429222
397	68	0.195988
397	31	0.128713
397	155	0.775662
397	44	0.514453
397	75	0.36307
397	34	0.372638
397	39	0.277837
397	211	0.861261
397	5	0.214558
397	73	0.207398
397	148	0.659669
397	22	0.259711
397	122	0.377168
397	42	0.692026
397	113	0.908672
397	68	0.279116
397	100	0.597746
397	73	0.458121
397	260	0.866554
397	41	0.44717
397	17	0.169337
397	77	0.790212
397	258	0.811593
397	48	0.166029
397	71	0.984771
397	125	0.762637
397	19	0.0835751
397	97	0.406375
397	111	0.661782
397	2	0.0241776
397	59	0.197773
397	196	0.585109
397	80	0.257346
397	211	0.897033
397	150	0.403199
397	121	0.847293
397	16	0.329458
397	297	0.867432
397	206	0.969227
397	166	0.598798
397	153	0.658359
397	53	0.284293
397	87	0.727384
397	65	0.17663
397	19	0.514288
397	38	0.222339
397	16	0.10659
397	44	0.209171
397	257	0.77936
397	82	0.333907
397	163	0.701299
397	13	0.0594388
397	30	0.306168
397	6	0.534717
397	13	0.0346116
397	172	0.806023
397	110	0.313364
397	211	0.595357
397	257	0.72701
397	82	0.260761
397	58	0.533498
397	3	0.0961497
397	21	0.0634645
397	115	0.80846
397	127	0.352758
397	234	0.742958
397	62	0.529449
397	58	0.608811
397	18	0.392222
397	33	0.0996471
397	159	0.59465
397	98	0.563343
397	10	0.941197
397	35	0.784342
397	47	0.769864
397	173	0.484885
397	80	0.31408
397	151	0.521784
397	47	0.813541
397	328	0.842868
397	76	0.369367
397	115	0.797566
397	200	0.703394
397	17	0.258989
397	1	0.0513724
397	44	0.985905
397	189	0.940653
397	126	0.372999
397	7	0.652287
397	7	0.206203
397	231	0.709718
397	21	0.619818
397	1	0.0307818
397	34	0.207233
397	76	0.214478
397	6	0.125973
397	197	0.695821
397	22	0.637759
397	63	0.287345
397	97	0.349389
397	13	0.517327
397	107	0.775634
397	20	0.228025
397	3	0.390832
397	136	0.702961
397	32	0.702786
397	65	0.182774
397	24	0.130735
397	46	0.174668
397	126	0.466206
397	6	0.015287
397	158	0.842884
397	174	0.694267
397	37	0.953306
397	78	0.340405
397	278	0.969669
397	63	0.419065
397	30	0.599924
397	179	0.944903
397	55	0.141342
397	78	0.326986
397	177	0.45073
397	72	0.668885
397	256	0.95377
397	193	0.689685
397	141	0.406827
397	1	0.0889896
397	74	0.21502
397	331	0.847923
397	74	0.257392
397	96	0.477925
397	12	0.673844
397	157	0.436777
397	1	0.0102329
397	65	0.250931
397	100	0.887285
397	109	0.413342
397	5	0.735921
397	44	0.2598
397	125	0.959611
397	58	0.630153
397	28	0.493963
397	189	0.954511
397	5	0.106477
397	202	0.525891
397	64	0.218006
397	9	0.267543
397	22	0.0743859
397	227	0.702568
397	59	0.856071
397	141	0.570958
397	129	0.694407
397	24	0.13299
397	5	0.423004
397	21	0.130098
397	5	0.492527
397	119	0.414161
397	153	0.84541
397	374	0.964222
397	119	0.735131
397	146	0.543926
397	126	0.973279
397	89	0.412414
397	97	0.301362
397	98	0.944516
397	104	0.291105
397	19	0.727187
397	76	0.322846
397	179	0.703873
397	52	0.132985
397	58	0.362865
397	53	0.52311
397	36	0.475133
397	206	0.749257
397	91	0.392644
397	93	0.849402
397	22	0.562192
397	106	0.592042
397	21	0.61593
397	0	0.352361
397	85	0.28463
397	50	0.559167
397	8	0.53968
397	66	0.628835
397	103	0.91567
397	172	0.686521
397	0	0.126206
397	317	0.951973
397	153	0.825323
397	11	0.249916
397	13	0.748131
397	46	0.147013
397	57	0.841081
397	85	0.345281
397	181	0.469667
397	7	0.32655
397	88	0.652348
397	73	0.294204
397	240	0.848547
397	4	0.010137
397	319	0.922383
397	134	0.833781
397	2	0.0120224
397	12	0.032933
397	105	0.424249
397	210	0.861666
397	44	0.496394
397	150	0.633156
397	58	0.164541
397	59	0.281876
397	3	0.162247
397	1	0.653708
397	28	0.226795
397	162	0.565174
397	115	0.337426
397	145	0.37107
397	29	0.117888
397	1	0.437366
397	134	0.67056
397	316	0.810945
397	196	0.585696
397	204	0.644907
397	30	0.128868
397	36	0.504325
397	73	0.21027
397	289	0.814594
397	73	0.538287
397	83	0.800411
397	223	0.74151
397	41	0.294518
397	17	0.090329
397	1	0.0155388
397	166	0.577977
397	105	0.731657
397	48	0.336115
397	2	0.0397675
397	89	0.231127
397	173	0.526498
397	255	0.686321
397	37	0.374847
397	22	0.205295
397	119	0.880292
397	119	0.81439
397	4	0.0165945
397	20	0.769077
397	150	0.71837
397	7	0.68562
397	213	0.660378
397	50	0.684251
397	60	0.19993
397	132	0.806506
397	231	0.90176
397	38	0.110155
397	198	0.61045
397	43	0.155796
397	184	0.659514
397	141	0.528876
397	185	0.76997
397	288	0.794672
397	157	0.428392
397	17	0.234775
397	13	0.144251
397	230	0.79644
397	26	0.252038
397	258	0.911701
397	198	0.696985
397	42	0.232259
397	124	0.487747
397	39	0.908366
397	22	0.283398
397	5	0.570447
397	100	0.559263
397	324	0.985276
397	154	0.643067
397	55	0.221696
397	36	0.118069
397	99	0.410266
397	21	0.147003
397	13	0.893013
397	114	0.804231
397	116	0.443555
397	12	0.056978
397	63	0.826853
397	21	0.540453
397	0	0.360755
397	17	0.728171
397	192	0.877402
397	140	0.546559
397	59	0.366726
397	242	0.691664
397	1	0.0311837
397	305	0.886735
397	167	0.541223
397	144	0.774553
397	130	0.670871
397	159	0.936801
397	93	0.5589
397	135	0.789342
397	138	0.4322
397	16	0.101641
397	90	0.861859
397	275	0.90561
397	86	0.577972
397	157	0.895514
397	241	0.903882
397	44	0.264865
397	46	0.436784
397	10	0.147484
397	85	0.316444
397	70	0.182051
397	238	0.645181
397	114	0.440143
397	57	0.641052
397	37	0.801439
397	167	0.573201
397	29	0.599824
397	26	0.0735618
397	146	0.510164
397	95	0.265715
397	316	0.822045
397	58	0.638324
397	102	0.894535
397	130	0.755866
397	207	0.961589
397	40	0.22539
397	65	0.653872
397	67	0.422267
397	177	0.517592
397	223	0.661267
397	34	0.770297
397	44	0.293959
397	298	0.895592
397	206	0.543834
397	105	0.437828
397	61	0.481397
397	212	0.950328
397	101	0.612515
397	4	0.676888
397	71	0.322451
397	92	0.965432
397	10	0.0791734
397	33	0.758012
397	224	0.98158
397	60	0.76559
397	129	0.779131
397	30	0.139058
397	351	0.985291
397	45	0.146479
397	3	0.0155994
397	237	0.728538
397	305	0.862467
397	36	0.882393
397	363	0.980722
397	241	0.770744
397	110	0.67471
397	60	0.700068
397	152	0.428329
397	100	0.744978
397	217	0.654512
397	374	0.948908
397	77	0.612981
397	318	0.940877
397	93	0.400486
397	156	0.68097
397	176	0.744858
397	97	0.29623
397	91	0.332361
397	1	0.0107999
397	233	0.883984
397	107	0.509545
397	204	0.983016
397	99	0.28762
397	2	0.0244205
397	6	0.538198
397	78	0.287928
397	285	0.788713
397	17	0.957188
397	39	0.249902
397	115	0.709432
397	179	0.468472
397	2	0.848827
397	20	0.200309
397	166	0.553066
397	137	0.985602
397	168	0.985281
397	98	0.367156
397	54	0.709376
397	10	0.119473
397	10	0.139972
397	17	0.393658
397	23	0.0930611
397	122	0.445352
397	116	0.365127
397	0	0.0241799
397	38	0.119883
397	68	0.188335
397	289	0.885309
397	54	0.800772
397	4	0.879737
397	197	0.825353
397	157	0.930794
397	27	0.149067
397	40	0.904983
397	115	0.29404
397	2	0.0160712
397	19	0.106317
397	243	0.896004
397	266	0.813486
397	296	0.942659
397	144	0.425729
397	8	0.063103
397	128	0.861941
397	235	0.796725
397	61	0.180603
397	94	0.739735
397	29	0.74132
397	29	0.465474
397	172	0.497936
397	69	0.291977
397	81	0.242624
397	202	0.792096
397	47	0.291008
397	6	0.926697
397	37	0.422544
397	122	0.366991
397	112	0.845687
397	2	0.0315084
397	183	0.685847
397	1	0.148654
397	1	0.0198776
397	78	0.454084
397	166	0.447513
397	194	0.751267
397	187	0.651818
397	10	0.494032
397	56	0.202589
397	41	0.326797
397	159	0.599422
397	268	0.739404
397	182	0.572301
397	295	0.961751
397	99	0.557152
397	169	0.471199
397	50	0.687355
397	0	0.203333
397	76	0.310955
397	96	0.36913
397	82	0.233339
397	131	0.454181
397	153	0.427575
397	92	0.470861
397	5	0.27859
397	29	0.219171
397	48	0.625429
397	54	0.63547
397	20	0.401962
397	69	0.247527
397	34	0.199117
397	2	0.487442
397	280	0.849396
397	124	0.453379
397	0	0.220211
397	37	0.451611
397	55	0.761608
397	46	0.286868
397	50	0.258307
397	43	0.711679
397	77	0.452051
397	50	0.415127
397	4	0.330276
397	0	0.159078
397	152	0.875111
397	54	0.424282
397	172	0.680096
397	2	0.736674
397	74	0.340386
397	0	0.0119755
397	327	0.95683
397	34	0.487441
397	197	0.503346
397	179	0.55774
397	71	0.645459
397	335	0.941736
397	36	0.0945339
397	41	0.232962
397	38	0.40254
397	45	0.744934
397	19	0.603599
397	44	0.239717
397	95	0.26188
397	229	0.806983
397	129	0.484319
397	96	0.561653
397	290	0.75266
397	73	0.228898
397	187	0.829916
397	18	0.300076
397	288	0.937721
397	124	0.609083
397	32	0.108205
397	78	0.362421
397	7	0.410104
397	47	0.271748
397	137	0.872226
397	53	0.706637
397	0	0.162785
397	113	0.821223
397	36	0.192766
397	171	0.543217
397	258	0.911488
397	19	0.238111
397	54	0.249704
397	172	0.719167
397	184	0.7203
397	303	0.853347
397	204	0.875293
397	35	0.0918136
397	23	0.292061
397	54	0.741673
397	30	0.715442
397	303	0.974173
397	16	0.280703
397	50	0.301593
397	56	0.360717
397	27	0.139231
397	214	0.908718
397	169	0.705631
397	159	0.877224
397	43	0.204564
397	259	0.96933
397	46	0.967717
397	208	0.743273
397	27	0.305777
397	14	0.0671447
397	216	0.864313
397	6	0.100004
397	0	0.0236424
397	112	0.657575
397	137	0.90139
397	146	0.81906
397	5	0.760998
397	115	0.52402
397	20	0.218657
397	18	0.0510384
397	54	0.230986
397	94	0.536584
397	104	0.72317
397	16	0.49667
397	10	0.0652298
397	135	0.821441
397	299	0.850987
397	59	0.273006
397	116	0.713678
397	199	0.780613
397	13	0.0386765
397	6	0.275425
397	284	0.908363
397	161	0.606123
397	81	0.45788
397	5	0.0955613
397	180	0.513918
397	100	0.350619
397	158	0.895465
397	45	0.884854
397	98	0.426343
397	81	0.473303
397	11	0.375252
397	208	0.535244
397	48	0.453881
397	30	0.129165
397	53	0.179244
397	170	0.644236
397	1	0.253406
397	81	0.476276
397	164	0.447088
397	123	0.352594
397	111	0.380149
397	46	0.216157
397	6	0.143424
397	14	0.0638593
397	6	0.171791
397	4	0.200887
397	308	0.906367
397	144	0.439014
397	147	0.402597
397	26	0.173446
397	58	0.286552
397	0	0.300618
397	162	0.655762
397	86	0.268254
397	11	0.0329037
397	113	0.466206
397	229	0.896924
397	37	0.184523
397	98	0.338904
397	39	0.15983
397	57	0.376265
397	90	0.386877
397	194	0.618669
397	33	0.127582
397	78	0.552176
397	24	0.408101
397	195	0.715169
397	114	0.572749
397	186	0.951768
397	176	0.974229
397	243	0.684957
397	3	0.675693
397	223	0.901235
397	12	0.0428171
397	69	0.265249
397	203	0.613046
397	57	0.284169
397	40	0.113311
397	23	0.723351
397	22	0.0628702
397	100	0.661268
397	292	0.933547
397	3	0.630634
397	118	0.687801
397	314	0.94136
397	204	0.552894
397	29	0.869369
397	21	0.101654
397	135	0.562873
397	70	0.299214
397	10	0.255919
397	368	0.976929
397	67	0.48873
397	16	0.0463881
397	91	0.261341
397	104	0.471068
397	158	0.651807
397	153	0.443717
397	14	0.529304
397	101	0.89776
397	36	0.147245
397	133	0.349334
397	251	0.915009
397	242	0.972362
397	25	0.0974538
397	85	0.890974
397	7	0.136819
397	107	0.680209
397	218	0.740641
397	217	0.936237
397	21	0.0561775
397	205	0.787971
397	93	0.798819
397	169	0.801334
397	12	0.132513
397	228	0.74934
397	101	0.49764
397	337	0.895951
397	172	0.934209
397	77	0.573201
397	14	0.774896
397	38	0.138658
397	69	0.836443
397	18	0.0683483
397	153	0.806438
397	41	0.126759
397	279	0.729151
397	8	0.126914
397	12	0.288388
397	133	0.969883
397	95	0.351735
397	61	0.273803
397	25	0.142208
397	24	0.605996
397	136	0.413814
397	106	0.301362
397	11	0.12766
397	75	0.628091
397	309	0.854982
397	167	0.663633
397	50	0.149807
397	26	0.121978
397	161	0.748011
397	158	0.908943
397	19	0.112769
397	135	0.369404
397	17	0.394261
397	135	0.367194
397	201	0.675021
397	28	0.20477
397	7	0.0309852
397	8	0.0247144
397	8	0.822313
397	8	0.0203107
397	185	0.967098
397	36	0.691306
397	22	0.118711
397	0	0.0105516
397	56	0.856992
397	92	0.448792
397	55	0.736252
397	11	0.373778
397	27	0.321529
397	92	0.429083
397	28	0.676207
397	100	0.834483
397	48	0.124668
397	195	0.70006
397	5	0.0382083
397	39	0.500742
397	13	0.330012
397	18	0.26619
397	30	0.877562
397	109	0.443342
397	266	0.713863
397	94	0.336826
397	45	0.374171
397	71	0.218552
397	146	0.711739
397	164	0.584633
397	77	0.581173
397	32	0.194463
397	12	0.202655
397	23	0.118466
397	303	0.913525
397	216	0.549493
397	166	0.759442
397	301	0.805051
397	10	0.0352551
397	66	0.870165
397	35	0.292132
397	97	0.370785
397	88	0.602815
397	147	0.88057
397	35	0.584218
397	152	0.787102
397	74	0.398912
397	347	0.895972
397	49	0.655419
397	320	0.869456
397	85	0.656
397	207	0.978466
397	292	0.917359
397	6	0.15601
397	231	0.981003
397	82	0.604172
397	68	0.304019
397	31	0.458307
397	133	0.401058
397	68	0.353339
397	43	0.12271
397	25	0.183784
397	146	0.805135
397	112	0.515249
397	213	0.875894
397	84	0.405842
397	112	0.566502
397	337	0.880486
397	9	0.164711
397	45	0.65221
397	35	0.405751
397	126	0.384888
397	4	0.0519547
397	67	0.237751
397	222	0.80376
397	162	0.712322
397	132	0.674239
397	130	0.428173
397	228	0.85075
397	60	0.262096
397	118	0.631881
397	82	0.849714
397	205	0.820007
397	149	0.470579
397	20	0.182038
397	76	0.550353
397	260	0.66515
397	2	0.0109469
397	232	0.93462
397	186	0.616087
397	148	0.907951
397	65	0.904475
397	19	0.393785
397	235	0.732863
397	109	0.445801
397	22	0.117123
397	125	0.864539
397	95	0.303432
397	11	0.0295936
397	200	0.819351
397	17	0.243733
397	2	0.0347272
397	62	0.197678
397	177	0.448154
397	106	0.292794
397	335	0.917154
397	36	0.179757
397	79	0.44783
397	123	0.925719
397	228	0.742995
397	99	0.684156
397	214	0.894069
397	2	0.0360433
397	2	0.184634
397	41	0.275844
397	2	0.0173898
397	6	0.0466292
397	0	0.0750628
397	44	0.164779
397	34	0.357502
397	150	0.966767
397	278	0.800753
397	33	0.0948897
397	62	0.636263
397	214	0.773383
397	35	0.0985336
397	62	0.9165
397	5	0.0293025
397	170	0.446553
397	68	0.338866
397	17	0.425061
397	6	0.020618
397	106	0.546403
397	134	0.553313
397	243	0.822131
397	34	0.446075
397	97	0.914215
397	116	0.746153
397	4	0.0132685
397	95	0.934994
397	36	0.101486
397	14	0.48123
397	89	0.334804
397	94	0.270733
397	257	0.803483
397	134	0.489986
397	39	0.148126
397	237	0.742394
397	72	0.215806
397	155	0.955505
397	31	0.618634
397	244	0.870013
397	42	0.136652
397	210	0.642548
397	67	0.942873
397	90	0.641953
397	222	0.809985
397	212	0.685954
397	279	0.757271
397	59	0.253308
397	38	0.121394
397	7	0.778651
397	146	0.81968
397	42	0.296311
397	9	0.0256907
397	53	0.312632
397	176	0.500949
397	79	0.909627
397	149	0.496984
397	230	0.622153
397	154	0.521742
397	118	0.934174
397	7	0.0472239
397	243	0.674392
397	191	0.734275
397	45	0.132028
397	55	0.190238
397	36	0.959778
397	119	0.538592
397	4	0.0745276
397	90	0.436881
397	64	0.29963
397	140	0.600243
397	247	0.813273
397	23	0.450494
397	128	0.419716
397	112	0.424381
397	210	0.736281
397	48	0.122658
397	116	0.563571
397	299	0.82444
397	163	0.656115
397	100	0.367504
397	14	0.71149
397	31	0.2843
397	167	0.771829
397	79	0.799965
397	325	0.901639
397	156	0.716055
397	73	0.974181
397	0	0.0107704
397	204	0.64671
397	173	0.697304
397	213	0.664733
397	323	0.903313
397	34	0.11213
397	107	0.339398
397	322	0.954536
397	94	0.596971
397	13	0.302859
397	110	0.712717
397	93	0.256234
397	64	0.272257
397	53	0.567459
397	145	0.375845
397	120	0.798793
397	8	0.288461
397	9	0.377842
397	22	0.652437
397	19	0.0779768
397	50	0.154625
397	127	0.591421
397	246	0.777511
397	19	0.0927184
397	9	0.254176
397	151	0.588655
397	50	0.659095
397	5	0.0303921
397	90	0.918962
397	7	0.0305192
397	47	0.177234
397	27	0.696253
397	46	0.878047
397	19	0.118273
397	7	0.652362
397	2	0.294572
397	76	0.457196
397	208	0.601375
397	54	0.742413
397	132	0.603609
397	239	0.613957
397	65	0.45949
397	81	0.673692
397	135	0.365217
397	16	0.0749031
397	218	0.883084
397	33	0.383777
397	17	0.901378
397	0	0.0270629
397	0	0.425012
397	136	0.458354
397	206	0.69548
397	24	0.77765
397	118	0.344753
397	25	0.337753
397	3	0.174926
397	55	0.293965
397	80	0.685242
397	271	0.843221
397	225	0.660329
397	99	0.376271
397	64	0.349183
397	34	0.466229
397	120	0.665162
397	6	0.0223284
397	165	0.796026
397	206	0.841419
397	12	0.047642
397	84	0.790088
397	184	0.483682
397	106	0.967039
397	66	0.6494
397	30	0.181535
397	40	0.238742
397	137	0.563538
397	34	0.130929
397	50	0.159121
397	23	0.0683996
397	30	0.31326
397	9	0.0674091
397	214	0.846239
397	88	0.390702
397	266	0.749735
397	9	0.0296942
397	21	0.121781
397	61	0.911326
397	107	0.741653
397	320	0.985546
397	10	0.385383
397	176	0.482952
397	3	0.0222417
397	5	0.488765
397	293	0.773059
397	19	0.909101
397	306	0.838828
397	32	0.144171
397	42	0.244162
397	166	0.424793
397	8	0.706581
397	56	0.151542
397	100	0.778028
397	25	0.351723
397	37	0.647633
397	30	0.0806297
397	38	0.945027
397	339	0.907281
397	282	0.758821
397	17	0.163925
397	25	0.147008
397	87	0.3576
397	72	0.741629
397	90	0.796119
397	179	0.913995
397	176	0.628857
397	33	0.229958
397	104	0.454035
397	47	0.166571
397	89	0.552889
397	212	0.780875
397	83	0.232838
397	84	0.871627
397	201	0.9654
397	49	0.360049
397	58	0.554103
397	7	0.507448
397	75	0.313845
397	132	0.591975
397	12	0.116256
397	78	0.951903
397	109	0.848763
397	23	0.08681
397	74	0.578549
397	88	0.62919
397	16	0.440115
397	5	0.0185662
397	90	0.72788
397	12	0.0373767
397	25	0.105508
397	11	0.0713169
397	242	0.649204
397	18	0.252862
397	112	0.510431
397	162	0.455636
397	148	0.729865
397	27	0.625812
397	214	0.579041
397	42	0.128189
397	31	0.163177
397	148	0.798115
397	18	0.0463494
397	40	0.25846
397	1	0.90734
397	22	0.113007
397	51	0.574727
397	3	0.0470276
397	22	0.104121
397	5	0.265968
397	19	0.116347
397	112	0.605229
397	135	0.65303
397	5	0.144968
397	47	0.302792
397	0	0.0428473
397	195	0.524892
397	128	0.373282
397	47	0.329346
397	46	0.188378
397	112	0.436918
397	179	0.514231
397	110	0.920741
397	4	0.0105219
397	262	0.909913
397	153	0.734835
397	16	0.120185
397	4	0.22655
397	254	0.887114
397	163	0.510342
397	134	0.363831
397	50	0.253521
397	172	0.522572
397	6	0.0231454
397	58	0.619894
397	12	0.0797795
397	190	0.974415
397	223	0.616571
397	22	0.0586183
397	169	0.647881
397	12	0.7
397	144	0.83332
397	29	0.453908
397	23	0.410947
397	61	0.792321
397	36	0.344134
397	31	0.131488
397	70	0.23865
397	151	0.84797
397	16	0.267355
397	98	0.328184
397	55	0.145202
397	153	0.648764
397	192	0.502644
397	274	0.769637
397	107	0.288103
397	59	0.457199
397	20	0.672932
397	68	0.242105
397	14	0.103794
397	169	0.621424
397	21	0.566997
397	82	0.497461
397	9	0.736163
397	65	0.334606
397	57	0.339464
397	313	0.856933
397	155	0.498795
397	59	0.488404
397	39	0.12697
397	87	0.902273
397	21	0.127169
397	83	0.68087
397	11	0.399305
397	138	0.71725
397	95	0.345756
397	220	0.567819
397	124	0.452434
397	0	0.0207855
397	40	0.211689
397	249	0.797315
397	60	0.446631
397	283	0.716089
397	76	0.231197
397	149	0.719817
397	38	0.33574
397	23	0.211198
397	45	0.290328
397	32	0.848318
397	10	0.0817119
397	131	0.331014
397	38	0.223624
397	20	0.0645273
397	50	0.547358
397	41	0.164642
397	99	0.989855
397	124	0.70066
397	6	0.100462
397	40	0.905314
397	199	0.905034
397	33	0.37873
397	168	0.723479
397	156	0.977133
397	73	0.555011
397	203	0.734636
397	111	0.293383
397	22	0.0679884
397	266	0.794964
397	32	0.759663
397	1	0.200987
397	101	0.430992
397	185	0.929403
397	15	0.634016
397	41	0.377076
397	16	0.16363
397	68	0.262961
397	13	0.126713
397	60	0.90918
397	53	0.298081
397	220	0.626097
397	4	0.661041
397	26	0.574927
397	100	0.257978
397	117	0.784772
397	196	0.567299
397	43	0.173753
397	207	0.909445
397	7	0.0941526
397	78	0.219116
397	74	0.304458
397	6	0.038964
397	94	0.564412
397	142	0.766583
397	79	0.462075
397	94	0.329693
397	147	0.578095
397	24	0.442191
397	8	0.0417158
397	303	0.960906
397	98	0.727962
397	75	0.397095
397	42	0.249618
397	9	0.294345
397	17	0.175132
397	0	0.352263
397	72	0.21638
397	59	0.664419
397	62	0.251103
397	75	0.373471
397	25	0.594605
397	3	0.0204567
397	244	0.745693
397	71	0.325437
397	49	0.790935
397	145	0.79706
397	319	0.948192
397	32	0.240351
397	96	0.650518
397	4	0.265972
397	362	0.950777
397	263	0.769765
397	190	0.894536
397	185	0.654
397	81	0.366679
397	28	0.224515
397	241	0.9172
397	58	0.956249
397	58	0.44018
397	33	0.510803
397	198	0.527062
397	258	0.652284
397	13	0.54213
397	36	0.229505
397	82	0.212287
397	266	0.902245
397	83	0.398517
397	176	0.7018
397	27	0.264608
397	22	0.53633
397	166	0.6658
397	87	0.627689
397	30	0.307135
397	13	0.276573
397	71	0.627874
397	343	0.948603
397	135	0.478792
397	133	0.962354
397	37	0.325794
397	32	0.0857139
397	35	0.285497
397	114	0.402621
397	47	0.261182
397	168	0.759491
397	34	0.223156
397	17	0.137615
397	16	0.181296
397	107	0.365003
397	5	0.0806623
397	96	0.367575
397	28	0.594723
397	73	0.415409
397	90	0.949862
397	20	0.348764
397	1	0.016517
397	31	0.292141
397	84	0.288744
397	2	0.011162
397	362	0.960776
397	179	0.687855
397	111	0.978142
397	22	0.120799
397	57	0.437714
397	173	0.643093
397	131	0.668508
397	101	0.835389
397	110	0.456797
397	165	0.701985
397	33	0.411138
397	1	0.0145793
397	116	0.449606
397	13	0.107529
397	62	0.181572
397	223	0.699517
397	289	0.915744
397	103	0.982353
397	18	0.0675512
397	74	0.987138
397	222	0.980622
397	36	0.849341
397	124	0.394185
397	243	0.775909
397	52	0.184635
397	274	0.70055
397	10	0.291997
397	36	0.102773
397	21	0.636642
397	19	0.979134
397	5	0.212781
397	103	0.705917
397	86	0.762655
397	198	0.718693
397	1	0.364436
397	148	0.625646
397	64	0.526224
397	24	0.331106
397	37	0.292584
397	14	0.0373509
397	98	0.627468
397	14	0.758824
397	4	0.357083
397	11	0.890969
397	207	0.887154
397	29	0.0869268
397	160	0.474294
397	26	0.86806
397	28	0.157972
397	24	0.11011
397	1	0.0385497
397	269	0.952021
397	71	0.651296
397	80	0.922555
397	66	0.493701
397	210	0.572717
397	259	0.825954
397	115	0.317906
397	52	0.475198
397	72	0.184792
397	172	0.593376
397	147	0.434574
397	13	0.585782
397	157	0.601837
397	200	0.863666
397	78	0.218088
397	28	0.775997
397	5	0.0613717
397	162	0.569102
397	110	0.332425
397	23	0.0815687
397	92	0.440472
397	109	0.593966
397	0	0.302372
397	13	0.437052
397	53	0.188125
397	156	0.808163
397	27	0.232109
397	334	0.947969
397	68	0.270921
397	30	0.0871593
397	73	0.406695
397	31	0.379329
397	0	0.740394
397	106	0.357699
397	34	0.576908
397	214	0.951103
397	37	0.350365
397	92	0.246647
397	272	0.920137
397	139	0.945075
397	30	0.165671
397	221	0.663843
397	39	0.357702
397	143	0.758275
397	23	0.221315
397	11	0.0837782
397	230	0.808662
397	89	0.433134
397	46	0.216439
397	157	0.784523
397	76	0.228251
397	98	0.314703
397	166	0.853002
397	244	0.824413
397	264	0.823908
397	284	0.847243
397	65	0.614222
397	59	0.28204
397	48	0.282561
397	76	0.653758
397	109	0.399637
397	11	0.1215
397	247	0.717187
397	67	0.398408
397	95	0.267771
397	161	0.582662
397	38	0.25311
397	82	0.540048
397	26	0.202094
397	165	0.915339
397	45	0.790904
397	35	0.261395
397	123	0.881244
397	0	0.434617
397	257	0.983789
397	241	0.617007
397	34	0.107421
397	90	0.684155
397	219	0.843358
397	135	0.720636
397	75	0.811123
397	134	0.420329
397	115	0.807862
397	94	0.508674
397	123	0.825198
397	126	0.519602
397	1	0.561378
397	4	0.671767
397	193	0.580552
397	231	0.961379
397	49	0.487569
397	118	0.895069
397	35	0.394018
397	17	0.979322
397	85	0.494516
397	156	0.522842
397	23	0.0870361
397	35	0.144036
397	312	0.786498
397	197	0.622031
397	119	0.790962
397	93	0.282169
397	75	0.632184
397	153	0.441253
397	120	0.665581
397	0	0.0100042
397	31	0.0790154
397	72	0.942484
397	25	0.112746
397	101	0.429143
397	154	0.581197
397	165	0.502619
397	153	0.431525
397	268	0.933376
397	280	0.773748
397	167	0.863191
397	4	0.746966
397	171	0.557384
397	32	0.242698
397	290	0.893218
397	8	0.42297
397	181	0.807038
397	163	0.525994
397	163	0.483401
397	63	0.534243
397	151	0.678926
397	36	0.348114
397	1	0.0163144
397	335	0.903571
397	28	0.179182
397	59	0.54245
397	100	0.555069
397	91	0.422528
397	82	0.372451
397	181	0.88538
397	144	0.919477
397	29	0.616277
397	112	0.469898
397	100	0.851683
397	31	0.207362
397	260	0.983943
397	130	0.933971
397	11	0.103935
397	10	0.0924291
397	20	0.0810381
397	89	0.234055
397	144	0.764519
397	7	0.140801
397	9	0.0316722
397	110	0.342983
397	25	0.0678065
397	97	0.548204
397	7	0.0236085
397	60	0.162489
397	81	0.215053
397	97	0.79199
397	18	0.210769
397	48	0.311067
397	59	0.944835
397	1	0.0855793
397	151	0.620312
397	206	0.55546
397	21	0.375844
397	101	0.397663
397	112	0.437364
397	11	0.731155
397	40	0.243296
397	186	0.978774
397	172	0.727597
397	16	0.0701149
397	89	0.478042
397	2	0.54556
397	254	0.803337
397	124	0.3338
397	99	0.663638
397	28	0.232576
397	88	0.595943
397	131	0.443579
397	44	0.268786
397	105	0.392941
397	32	0.198677
397	35	0.13252
397	10	0.263068
397	25	0.245601
397	6	0.839954
397	162	0.473271
397	37	0.185959
397	103	0.444736
397	42	0.168416
397	52	0.572051
397	136	0.757101
397	47	0.162378
397	233	0.668013
397	12	0.275497
397	287	0.757539
397	260	0.786402
397	312	0.91636
397	21	0.0941262
397	75	0.410297
397	80	0.677774
397	96	0.474018
397	161	0.707879
397	102	0.699063
397	32	0.390231
397	79	0.354409
397	0	0.283757
397	12	0.587451
397	27	0.531909
397	170	0.541253
397	72	0.62847
397	184	0.542536
397	27	0.685693
397	63	0.677281
397	180	0.698132
397	1	0.111852
397	281	0.774939
397	46	0.989052
397	89	0.971202
397	280	0.874005
397	101	0.98829
397	27	0.456439
397	37	0.186375
397	200	0.512529
397	86	0.22914
397	144	0.740661
397	30	0.0905361
397	31	0.209524
397	56	0.231172
397	214	0.795265
397	70	0.939066
397	96	0.625569
397	47	0.387914
397	86	0.453227
397	241	0.696244
397	42	0.629037
397	76	0.553967
397	122	0.351489
397	268	0.698532
397	209	0.564535
397	170	0.757637
397	197	0.540515
397	34	0.64442
397	10	0.0527387
397	20	0.470853
397	85	0.373693
397	29	0.819613
397	4	0.574371
397	26	0.641626
397	206	0.637931
397	99	0.441923
397	99	0.637551
397	28	0.472762
397	52	0.587683
397	90	0.835832
397	19	0.134391
397	229	0.614141
397	11	0.165674
397	42	0.70976
397	91	0.292491
397	147	0.735882
397	118	0.312139
397	84	0.594027
397	66	0.310574
397	44	0.244935
397	54	0.672926
397	109	0.960593
397	34	0.687222
397	196	0.594743
397	224	0.584749
397	25	0.159193
397	28	0.0817252
397	61	0.662255
397	289	0.852585
397	33	0.47579
397	47	0.384597
397	37	0.268185
397	131	0.695946
397	170	0.657823
397	37	0.921356
397	183	0.666021
397	140	0.538741
397	15	0.0554273
397	33	0.324108
397	151	0.518836
397	23	0.219369
397	122	0.649208
397	34	0.394169
397	53	0.481046
397	98	0.501499
397	177	0.49673
397	126	0.816886
397	45	0.905675
