4000
123	33	0.436144
123	17	0.534667
123	33	0.34939
123	3	0.0583446
123	69	0.954732
123	13	0.115583
123	16	0.211179
123	9	0.132433
123	67	0.920625
123	76	0.667974
123	0	0.0274454
123	102	0.938762
123	18	0.229031
123	21	0.729471
123	86	0.783941
123	43	0.757416
123	91	0.820032
123	83	0.830671
123	3	0.27864
123	11	0.284268
123	21	0.508149
123	34	0.282805
123	48	0.578323
123	47	0.459472
123	16	0.303872
123	17	0.226999
123	30	0.961132
123	16	0.297718
123	20	0.189216
123	84	0.942139
123	6	0.441072
123	6	0.723396
123	19	0.693797
123	23	0.290267
123	53	0.637615
123	4	0.273804
123	77	0.908392
123	5	0.816877
123	50	0.433002
123	39	0.57306
123	52	0.664332
123	16	0.782669
123	57	0.647168
123	12	0.334977
123	21	0.253248
123	7	0.529769
123	8	0.193222
123	7	0.156476
123	77	0.836379
123	29	0.69884
123	1	0.0506905
123	12	0.648824
123	47	0.471741
123	72	0.787769
123	8	0.238508
123	21	0.365836
123	3	0.316009
123	1	0.0399159
123	39	0.33918
123	67	0.791173
123	22	0.524635
123	24	0.449384
123	2	0.395562
123	43	0.754885
123	27	0.657699
123	35	0.614706
123	81	0.862548
123	14	0.130998
123	66	0.776867
123	70	0.630937
123	25	0.255005
123	15	0.127493
123	4	0.141385
123	12	0.384136
123	0	0.0130576
123	62	0.72045
123	17	0.459727
123	42	0.366214
123	100	0.872722
123	2	0.309493
123	97	0.822313
123	60	0.701743
123	25	0.985312
123	44	0.388528
123	3	0.241164
123	26	0.837392
123	49	0.501589
123	24	0.256481
123	79	0.824042
123	102	0.849622
123	17	0.556173
123	15	0.322418
123	20	0.748378
123	17	0.327732
123	3	0.269781
123	34	0.41739
123	16	0.402398
123	3	0.188641
123	35	0.70756
123	27	0.341799
123	79	0.712359
123	108	0.91415
123	7	0.203426
123	22	0.534898
123	74	0.859623
123	26	0.403416
123	17	0.631268
123	35	0.35764
123	5	0.0685532
123	24	0.711279
123	10	0.92221
123	43	0.367964
123	12	0.358631
123	73	0.888357
123	0	0.0105387
123	80	0.798641
123	14	0.42747
123	14	0.977583
123	4	0.244691
123	13	0.105774
123	56	0.835963
123	84	0.765129
123	12	0.342285
123	23	0.315012
123	43	0.808977
123	111	0.985709
123	37	0.675037
123	39	0.612948
123	53	0.535188
123	13	0.128602
123	5	0.292187
123	7	0.435645
123	7	0.0895769
123	17	0.1752
123	7	0.524183
123	30	0.256204
123	4	0.0645985
123	29	0.740361
123	28	0.497395
123	5	0.11969
123	34	0.714925
123	2	0.0272629
123	1	0.159616
123	40	0.702524
123	1	0.180238
123	39	0.881014
123	26	0.268584
123	11	0.0940676
123	17	0.179091
123	22	0.264138
123	38	0.717791
123	4	0.133288
123	26	0.797786
123	29	0.760711
123	63	0.64144
123	7	0.720805
123	41	0.37725
123	27	0.683017
123	40	0.403373
123	2	0.25853
123	7	0.0605304
123	79	0.877025
123	35	0.467641
123	0	0.536053
123	5	0.104053
123	1	0.0148981
123	75	0.835944
123	21	0.241425
123	17	0.242022
123	53	0.519093
123	51	0.605837
123	83	0.801312
123	36	0.331271
123	7	0.858176
123	23	0.268527
123	8	0.940358
123	9	0.345537
123	1	0.185608
123	88	0.75425
123	31	0.318376
123	32	0.267488
123	48	0.94996
123	47	0.579283
123	34	0.532326
123	31	0.403007
123	14	0.49797
123	28	0.236569
123	1	0.0150673
123	74	0.740159
123	65	0.667996
123	11	0.209969
123	45	0.753278
123	69	0.586336
123	33	0.756527
123	45	0.832534
123	5	0.262249
123	0	0.596701
123	13	0.228479
123	61	0.79898
123	12	0.860929
123	4	0.0888006
123	15	0.679183
123	17	0.816899
123	12	0.102832
123	1	0.0319701
123	2	0.277331
123	40	0.635296
123	38	0.834547
123	2	0.0349332
123	70	0.714176
123	8	0.204672
123	13	0.183996
123	0	0.462853
123	29	0.318743
123	49	0.53002
123	80	0.910108
123	19	0.314991
123	56	0.789721
123	67	0.880962
123	60	0.784346
123	29	0.869881
123	11	0.185234
123	3	0.213282
123	73	0.600206
123	57	0.547388
123	32	0.394205
123	44	0.762485
123	10	0.141899
123	43	0.52079
123	22	0.397994
123	27	0.726161
123	19	0.242479
123	4	0.291332
123	0	0.0371034
123	1	0.491017
123	57	0.667772
123	26	0.269467
123	4	0.0437652
123	44	0.914057
123	8	0.230877
123	4	0.373614
123	56	0.707937
123	3	0.107232
123	4	0.0457483
123	14	0.635124
123	35	0.963942
123	99	0.910369
123	16	0.203238
123	27	0.39496
123	1	0.972637
123	49	0.820827
123	76	0.843848
123	48	0.986231
123	2	0.057963
123	82	0.833059
123	43	0.419529
123	3	0.572975
123	13	0.167804
123	22	0.64574
123	17	0.250549
123	10	0.0869616
123	2	0.752152
123	1	0.260234
123	1	0.0277587
123	29	0.337069
123	5	0.793082
123	2	0.0891887
123	38	0.837663
123	101	0.930556
123	17	0.199335
123	42	0.765348
123	12	0.201364
123	8	0.532897
123	1	0.0795417
123	12	0.305693
123	1	0.624795
123	3	0.0502853
123	41	0.759693
123	0	0.0108497
123	28	0.774802
123	11	0.278799
123	3	0.379709
123	23	0.2583
123	32	0.801592
123	28	0.586284
123	58	0.500973
123	82	0.987221
123	43	0.46636
123	35	0.325893
123	46	0.654354
123	0	0.0223943
123	14	0.406229
123	31	0.555476
123	61	0.823813
123	24	0.289986
123	0	0.0611351
123	58	0.610552
123	10	0.511002
123	12	0.169081
123	3	0.314774
123	49	0.668555
123	56	0.487864
123	19	0.158867
123	50	0.453443
123	13	0.120964
123	7	0.79384
123	95	0.931903
123	10	0.295614
123	0	0.789918
123	59	0.645166
123	80	0.963691
123	34	0.523593
123	0	0.299587
123	5	0.720162
123	6	0.591215
123	52	0.944929
123	13	0.872917
123	7	0.317886
123	3	0.0526187
123	2	0.662411
123	19	0.542707
123	11	0.298399
123	16	0.526207
123	1	0.021146
123	2	0.053873
123	61	0.729962
123	63	0.628159
123	64	0.836089
123	11	0.244606
123	11	0.643612
123	21	0.192126
123	64	0.854992
123	8	0.0871533
123	12	0.164272
123	58	0.903216
123	14	0.46405
123	58	0.798139
123	66	0.580473
123	14	0.696813
123	4	0.539434
123	4	0.484606
123	5	0.0760619
123	45	0.471547
123	33	0.598471
123	76	0.699983
123	6	0.478234
123	52	0.613078
123	0	0.556692
123	83	0.790401
123	24	0.548423
123	5	0.212617
123	13	0.539338
123	22	0.357642
123	21	0.235549
123	47	0.552468
123	24	0.202903
123	25	0.419074
123	25	0.904993
123	40	0.696239
123	30	0.29751
123	3	0.687747
123	104	0.898429
123	0	0.224368
123	0	0.088222
123	3	0.384936
123	2	0.0215033
123	0	0.282715
123	97	0.988911
123	12	0.202512
123	86	0.793196
123	47	0.410285
123	12	0.217316
123	3	0.219182
123	19	0.76891
123	89	0.796365
123	74	0.677678
123	3	0.0342012
123	3	0.0690687
123	7	0.217449
123	30	0.323761
123	37	0.499519
123	42	0.921371
123	29	0.688671
123	75	0.700449
123	18	0.418031
123	0	0.12253
123	28	0.975463
123	4	0.11213
123	49	0.566177
123	38	0.405903
123	9	0.22354
123	8	0.184964
123	28	0.344068
123	8	0.103685
123	7	0.0737518
123	7	0.460922
123	43	0.407112
123	42	0.615437
123	9	0.263021
123	1	0.032561
123	16	0.563269
123	19	0.792973
123	22	0.87802
123	27	0.722763
123	78	0.965809
123	11	0.984165
123	12	0.845067
123	11	0.220358
123	27	0.731406
123	36	0.406244
123	25	0.310521
123	17	0.39982
123	2	0.0165464
123	10	0.178577
123	8	0.0969064
123	52	0.484667
123	52	0.582695
123	30	0.753025
123	11	0.669335
123	51	0.550798
123	48	0.434874
123	85	0.816623
123	12	0.526292
123	3	0.123734
123	37	0.45809
123	0	0.153799
123	38	0.827987
123	15	0.425766
123	35	0.482291
123	1	0.722019
123	16	0.821673
123	53	0.615048
123	8	0.718334
123	23	0.274076
123	71	0.750452
123	14	0.658435
123	13	0.154209
123	5	0.250398
123	52	0.822772
123	29	0.394902
123	37	0.554057
123	0	0.0122032
123	6	0.211819
123	0	0.734651
123	1	0.04342
123	30	0.369268
123	25	0.656606
123	46	0.863368
123	31	0.890831
123	39	0.557797
123	10	0.163911
123	42	0.594595
123	84	0.923858
123	2	0.618079
123	0	0.184955
123	44	0.870777
123	3	0.511132
123	38	0.548244
123	18	0.429169
123	7	0.216354
123	64	0.986404
123	49	0.939468
123	84	0.806964
123	106	0.867784
123	33	0.455287
123	7	0.0902883
123	57	0.536461
123	37	0.354867
123	12	0.847239
123	30	0.608638
123	34	0.296486
123	4	0.522093
123	85	0.763999
123	14	0.481981
123	35	0.965517
123	7	0.336747
123	13	0.16045
123	63	0.704018
123	14	0.374213
123	27	0.350901
123	25	0.323152
123	22	0.244274
123	6	0.11133
123	7	0.508079
123	89	0.776989
123	47	0.796522
123	43	0.952446
123	25	0.274043
123	42	0.935393
123	59	0.899106
123	10	0.0942214
123	96	0.941156
123	25	0.773319
123	49	0.955602
123	64	0.783303
123	88	0.965514
123	68	0.916577
123	69	0.914212
123	3	0.0688245
123	18	0.635444
123	10	0.15997
123	4	0.23652
123	20	0.649633
123	19	0.627817
123	4	0.405438
123	3	0.796222
123	53	0.463221
123	60	0.623445
123	15	0.290193
123	17	0.599441
123	11	0.344162
123	14	0.531952
123	20	0.187097
123	72	0.830925
123	7	0.301766
123	16	0.230352
123	113	0.92968
123	37	0.744124
123	94	0.783333
123	70	0.935448
123	27	0.55531
123	77	0.726705
123	39	0.478853
123	10	0.139737
123	46	0.704727
123	44	0.421904
123	84	0.944144
123	62	0.920602
123	2	0.20853
123	7	0.324715
123	63	0.546989
123	13	0.14822
123	1	0.523391
123	34	0.953907
123	39	0.984708
123	17	0.189602
123	36	0.372878
123	60	0.526933
123	10	0.597604
123	4	0.146297
123	66	0.564084
123	3	0.0467237
123	30	0.393433
123	76	0.966102
123	103	0.940139
123	4	0.472925
123	17	0.218163
123	20	0.401438
123	0	0.0514499
123	0	0.268294
123	6	0.557834
123	85	0.795101
123	84	0.963569
123	82	0.872249
123	3	0.061996
123	85	0.892787
123	0	0.235744
123	43	0.481573
123	26	0.241061
123	34	0.298905
123	5	0.129278
123	17	0.31457
123	7	0.290929
123	26	0.677023
123	3	0.0808023
123	27	0.472321
123	17	0.29632
123	6	0.209124
123	10	0.405029
123	15	0.150677
123	72	0.869371
123	44	0.443153
123	6	0.681535
123	54	0.491859
123	24	0.288861
123	39	0.986895
123	12	0.332037
123	44	0.415547
123	72	0.810653
123	13	0.262293
123	54	0.447648
123	30	0.312703
123	9	0.296745
123	21	0.333939
123	79	0.878614
123	79	0.863076
123	7	0.219306
123	59	0.889116
123	0	0.0650263
123	1	0.0162026
123	2	0.0533222
123	10	0.544258
123	66	0.955715
123	25	0.610869
123	72	0.842994
123	27	0.26904
123	15	0.401517
123	55	0.977421
123	27	0.265622
123	18	0.270331
123	41	0.679446
123	42	0.468267
123	6	0.423975
123	79	0.768264
123	10	0.127524
123	41	0.338262
123	1	0.747254
123	18	0.911842
123	20	0.806759
123	18	0.401746
123	36	0.293128
123	66	0.660882
123	109	0.935003
123	25	0.664878
123	103	0.905859
123	72	0.84345
123	25	0.218866
123	83	0.800913
123	2	0.0282891
123	84	0.897723
123	10	0.140759
123	5	0.286019
123	10	0.299603
123	31	0.454742
123	70	0.613127
123	13	0.114517
123	21	0.489832
123	11	0.170943
123	9	0.473783
123	67	0.585333
123	56	0.510677
123	45	0.476491
123	20	0.184324
123	82	0.772135
123	5	0.106163
123	51	0.578951
123	47	0.436508
123	70	0.788271
123	44	0.93924
123	49	0.978643
123	2	0.0441018
123	45	0.664138
123	0	0.984159
123	35	0.360761
123	32	0.551694
123	43	0.939362
123	2	0.0649583
123	50	0.547248
123	1	0.178226
123	12	0.277995
123	3	0.3225
123	33	0.736559
123	114	0.945152
123	7	0.133723
123	24	0.391144
123	28	0.463489
123	10	0.273195
123	27	0.567267
123	35	0.560494
123	19	0.727657
123	10	0.185624
123	85	0.825827
123	15	0.917755
123	51	0.42701
123	5	0.384548
123	8	0.342744
123	73	0.965428
123	4	0.370939
123	7	0.0768005
123	15	0.21292
123	22	0.818904
123	7	0.403856
123	39	0.439952
123	8	0.50377
123	7	0.271977
123	26	0.51013
123	14	0.796087
123	1	0.0449504
123	1	0.0999618
123	13	0.118589
123	4	0.0501357
123	15	0.226737
123	41	0.381768
123	22	0.810291
123	30	0.679089
123	1	0.449188
123	0	0.0369814
123	40	0.378051
123	40	0.469063
123	48	0.438549
123	67	0.680529
123	15	0.466339
123	17	0.739019
123	2	0.76118
123	5	0.172122
123	30	0.419224
123	58	0.56811
123	20	0.347609
123	1	0.073128
123	41	0.513087
123	1	0.0313845
123	111	0.925437
123	41	0.558889
123	17	0.342187
123	9	0.172903
123	14	0.294975
123	25	0.988947
123	22	0.576481
123	33	0.767081
123	7	0.14505
123	22	0.2547
123	36	0.599995
123	1	0.105581
123	2	0.0989162
123	26	0.827561
123	59	0.601191
123	6	0.076485
123	61	0.524974
123	0	0.012948
123	71	0.607349
123	19	0.341926
123	21	0.176303
123	3	0.0914577
123	10	0.281154
123	32	0.94676
123	10	0.266903
123	1	0.379463
123	33	0.425745
123	3	0.45469
123	7	0.262837
123	8	0.539566
123	2	0.0644864
123	31	0.291618
123	21	0.41216
123	70	0.592017
123	3	0.0397712
123	71	0.619203
123	3	0.958907
123	4	0.418567
123	38	0.619914
123	31	0.579555
123	7	0.286814
123	82	0.91113
123	17	0.198483
123	3	0.0901968
123	20	0.197841
123	4	0.0870345
123	35	0.40777
123	8	0.22442
123	5	0.406997
123	14	0.277205
123	80	0.726889
123	12	0.470574
123	4	0.161248
123	30	0.695502
123	63	0.878333
123	4	0.118139
123	12	0.24707
123	112	0.931034
123	18	0.323316
123	84	0.844453
123	14	0.706629
123	28	0.247412
123	74	0.737758
123	21	0.909098
123	2	0.0366311
123	28	0.253877
123	18	0.604592
123	26	0.332981
123	0	0.0158657
123	16	0.184809
123	3	0.674514
123	27	0.72271
123	0	0.0152308
123	15	0.216116
123	5	0.16723
123	32	0.284632
123	58	0.752499
123	3	0.0936608
123	59	0.737687
123	5	0.553987
123	41	0.756369
123	48	0.71494
123	57	0.984103
123	6	0.352885
123	42	0.731205
123	20	0.24866
123	15	0.368956
123	25	0.818455
123	0	0.060743
123	4	0.520048
123	6	0.831734
123	3	0.164245
123	17	0.927041
123	13	0.185463
123	48	0.500817
123	17	0.668529
123	46	0.463622
123	1	0.0522795
123	2	0.0401361
123	16	0.240766
123	38	0.686746
123	49	0.974163
123	11	0.85905
123	3	0.574913
123	64	0.733386
123	28	0.389625
123	28	0.80723
123	2	0.895671
123	20	0.690605
123	3	0.563111
123	67	0.809928
123	46	0.423468
123	2	0.0817284
123	22	0.380055
123	58	0.879984
123	3	0.174755
123	14	0.332141
123	24	0.509399
123	67	0.579961
123	31	0.385897
123	20	0.193083
123	34	0.450314
123	4	0.358601
123	0	0.11296
123	38	0.692964
123	36	0.738587
123	32	0.830175
123	2	0.0232556
123	20	0.574394
123	0	0.263437
123	14	0.8792
123	10	0.352691
123	1	0.0369739
123	81	0.703148
123	40	0.476774
123	11	0.170505
123	19	0.203557
123	51	0.862067
123	10	0.179783
123	0	0.037483
123	38	0.454558
123	14	0.322202
123	0	0.159626
123	1	0.0636247
123	12	0.313896
123	37	0.492255
123	4	0.0810095
123	5	0.75691
123	15	0.218525
123	55	0.508051
123	15	0.139918
123	80	0.91135
123	53	0.680055
123	15	0.130005
123	2	0.134279
123	42	0.633265
123	23	0.375325
123	73	0.75452
123	76	0.630135
123	3	0.933012
123	31	0.784752
123	0	0.91671
123	36	0.297282
123	21	0.466551
123	91	0.754007
123	15	0.123095
123	6	0.0673439
123	8	0.15809
123	40	0.564586
123	28	0.271378
123	5	0.387569
123	15	0.374385
123	24	0.248214
123	40	0.629426
123	15	0.186714
123	2	0.39392
123	22	0.370155
123	54	0.541593
123	43	0.986544
123	33	0.873296
123	34	0.415298
123	4	0.0448475
123	45	0.651695
123	14	0.160571
123	28	0.350794
123	18	0.156081
123	39	0.493974
123	31	0.509843
123	52	0.890245
123	4	0.153519
123	4	0.0553275
123	2	0.631511
123	9	0.388055
123	81	0.790804
123	4	0.499052
123	2	0.149886
123	19	0.973063
123	10	0.513267
123	0	0.76843
123	2	0.333328
123	53	0.477505
123	17	0.578556
123	105	0.865349
123	12	0.123318
123	4	0.344987
123	3	0.0254997
123	12	0.319817
123	65	0.676917
123	5	0.0495098
123	5	0.0465481
123	17	0.312654
123	49	0.428626
123	10	0.2183
123	27	0.559497
123	4	0.134567
123	33	0.447532
123	28	0.445229
123	16	0.692736
123	61	0.826027
123	13	0.121147
123	80	0.905004
123	82	0.709072
123	74	0.885533
123	13	0.529544
123	38	0.354046
123	25	0.22084
123	28	0.298069
123	8	0.346218
123	8	0.642706
123	19	0.950322
123	66	0.632446
123	11	0.256827
123	13	0.14711
123	64	0.591246
123	73	0.611436
123	5	0.836761
123	30	0.528968
123	32	0.829034
123	22	0.25084
123	77	0.645709
123	55	0.601077
123	0	0.318221
123	0	0.359913
123	47	0.763267
123	17	0.146091
123	19	0.206535
123	3	0.0547368
123	0	0.0536247
123	7	0.623879
123	27	0.297155
123	71	0.60475
123	54	0.748964
123	57	0.515626
123	28	0.606075
123	31	0.703055
123	79	0.73835
123	49	0.421079
123	11	0.100251
123	32	0.826396
123	44	0.790534
123	23	0.281407
123	2	0.0187515
123	12	0.701152
123	52	0.426602
123	19	0.204087
123	20	0.837292
123	3	0.517204
123	48	0.404979
123	49	0.556683
123	35	0.711851
123	68	0.737952
123	23	0.252702
123	2	0.0766842
123	53	0.554372
123	3	0.739965
123	2	0.10595
123	11	0.091842
123	42	0.483983
123	0	0.424954
123	9	0.084587
123	65	0.67553
123	31	0.408334
123	0	0.887512
123	13	0.146934
123	34	0.502906
123	17	0.714451
123	12	0.302007
123	48	0.874004
123	27	0.30686
123	47	0.67041
123	23	0.90889
123	51	0.953614
123	20	0.319509
123	6	0.0566164
123	0	0.562411
123	42	0.76228
123	45	0.872611
123	0	0.0479999
123	77	0.751494
123	13	0.213356
123	23	0.352895
123	10	0.742543
123	90	0.870896
123	28	0.26513
123	8	0.208253
123	61	0.948349
123	42	0.48386
123	0	0.0652109
123	7	0.247139
123	15	0.544784
123	1	0.31048
123	42	0.433868
123	16	0.141932
123	5	0.0519248
123	7	0.0969043
123	26	0.275816
123	18	0.748637
123	16	0.303835
123	25	0.966546
123	5	0.306398
123	50	0.755086
123	22	0.266416
123	9	0.368925
123	9	0.845591
123	3	0.144671
123	70	0.859148
123	12	0.237248
123	43	0.72315
123	40	0.34354
123	54	0.540541
123	11	0.233802
123	49	0.865653
123	84	0.869588
123	21	0.183849
123	35	0.488555
123	64	0.597258
123	4	0.156376
123	9	0.203522
123	71	0.951658
123	16	0.218616
123	35	0.423551
123	29	0.274255
123	75	0.636463
123	2	0.115219
123	6	0.126402
123	47	0.751873
123	47	0.780185
123	8	0.109273
123	1	0.0277859
123	5	0.0646677
123	38	0.764632
123	4	0.156191
123	31	0.660242
123	2	0.475326
123	3	0.331757
123	4	0.196268
123	22	0.437947
123	2	0.164786
123	4	0.269099
123	23	0.43748
123	8	0.521915
123	2	0.033042
123	12	0.299067
123	0	0.242847
123	8	0.145686
123	13	0.144935
123	20	0.196372
123	32	0.365404
123	13	0.129703
123	34	0.319495
123	23	0.213418
123	22	0.643906
123	12	0.116752
123	6	0.240559
123	13	0.119456
123	28	0.292986
123	6	0.43528
123	28	0.716243
123	19	0.817422
123	61	0.548984
123	87	0.822878
123	4	0.483721
123	5	0.983047
123	4	0.0581053
123	0	0.0916058
123	21	0.218743
123	86	0.987917
123	5	0.429254
123	23	0.229484
123	5	0.27221
123	81	0.879058
123	30	0.245438
123	51	0.4492
123	9	0.125319
123	93	0.974658
123	1	0.0224807
123	7	0.0679547
123	5	0.549679
123	8	0.667777
123	11	0.172725
123	22	0.193698
123	0	0.474661
123	59	0.794534
123	25	0.729262
123	4	0.0326931
123	39	0.725739
123	21	0.190239
123	33	0.855422
123	7	0.378232
123	43	0.671225
123	14	0.198209
123	0	0.923726
123	12	0.578495
123	30	0.750852
123	108	0.986868
123	96	0.798577
123	24	0.398847
123	21	0.919702
123	63	0.955078
123	39	0.330478
123	28	0.338297
123	19	0.164809
123	63	0.828117
123	43	0.374275
123	20	0.764368
123	4	0.0851423
123	3	0.36153
123	7	0.0770856
123	12	0.71727
123	62	0.734217
123	7	0.477494
123	79	0.880564
123	5	0.0420402
123	3	0.0398832
123	42	0.342499
123	40	0.709326
123	56	0.547888
123	9	0.298062
123	26	0.282638
123	25	0.648816
123	11	0.352658
123	32	0.345781
123	18	0.18942
123	85	0.823994
123	13	0.286918
123	48	0.431599
123	43	0.854473
123	43	0.507843
123	15	0.193838
123	19	0.165773
123	21	0.518255
123	13	0.552621
123	6	0.3106
123	55	0.936437
123	8	0.0912208
123	30	0.474665
123	68	0.657623
123	19	0.327486
123	2	0.292442
123	56	0.658466
123	10	0.249494
123	26	0.24422
123	4	0.104307
123	26	0.338179
123	25	0.240065
123	0	0.02314
123	3	0.486027
123	4	0.697375
123	58	0.512385
123	21	0.185915
123	106	0.976998
123	0	0.10608
123	12	0.572188
123	89	0.792508
123	60	0.701122
123	8	0.729624
123	26	0.874009
123	23	0.707957
123	69	0.612089
123	29	0.282782
123	15	0.493409
123	11	0.921522
123	7	0.619815
123	24	0.267758
123	24	0.297699
123	18	0.255775
123	26	0.432616
123	93	0.96037
123	56	0.498344
123	19	0.463013
123	9	0.947796
123	9	0.29328
123	59	0.487247
123	105	0.979744
123	18	0.885643
123	26	0.238678
123	5	0.705575
123	78	0.866961
123	1	0.0112439
123	7	0.105814
123	64	0.579121
123	81	0.663673
123	7	0.229243
123	87	0.787386
123	22	0.267506
123	12	0.979666
123	66	0.824959
123	2	0.609443
123	19	0.518682
123	117	0.961096
123	48	0.855881
123	0	0.195855
123	24	0.661946
123	7	0.0651252
123	13	0.354839
123	1	0.780028
123	28	0.570808
123	9	0.20372
123	28	0.33689
123	71	0.600458
123	6	0.191876
123	14	0.574822
123	25	0.223798
123	96	0.814145
123	27	0.840086
123	90	0.984782
123	2	0.0380276
123	6	0.26515
123	13	0.592701
123	19	0.256431
123	26	0.304275
123	75	0.83141
123	29	0.675315
123	29	0.326783
123	95	0.79319
123	18	0.823275
123	58	0.511953
123	35	0.322214
123	1	0.269335
123	20	0.764554
123	37	0.568596
123	3	0.571365
123	64	0.926656
123	28	0.988123
123	15	0.720823
123	34	0.530641
123	53	0.678069
123	30	0.300886
123	80	0.762283
123	20	0.377603
123	25	0.494545
123	22	0.338013
123	59	0.633139
123	98	0.863345
123	7	0.566097
123	1	0.0885569
123	7	0.305976
123	1	0.919475
123	66	0.737655
123	24	0.301862
123	41	0.520278
123	4	0.0496691
123	70	0.65145
123	11	0.197286
123	58	0.696637
123	37	0.987339
123	19	0.209525
123	19	0.226085
123	13	0.193655
123	59	0.927233
123	36	0.31494
123	5	0.26776
123	55	0.581072
123	26	0.301531
123	84	0.816918
123	31	0.658466
123	0	0.18218
123	19	0.206642
123	6	0.267434
123	15	0.883009
123	10	0.162955
123	12	0.685948
123	15	0.58709
123	0	0.134317
123	16	0.435287
123	21	0.821351
123	23	0.403408
123	87	0.752034
123	61	0.502239
123	34	0.765937
123	6	0.233311
123	3	0.175338
123	16	0.954055
123	93	0.829515
123	15	0.246138
123	19	0.381724
123	31	0.395194
123	8	0.125125
123	3	0.0655687
123	91	0.811499
123	1	0.288489
123	29	0.498064
123	47	0.440501
123	7	0.11591
123	9	0.138145
123	58	0.864033
123	45	0.918678
123	32	0.771384
123	40	0.466037
123	61	0.500583
123	63	0.794311
123	1	0.01677
123	50	0.715935
123	3	0.0575547
123	19	0.516465
123	8	0.0738165
123	38	0.343256
123	11	0.339548
123	5	0.558549
123	0	0.0411937
123	99	0.847875
123	7	0.566634
123	37	0.611001
123	18	0.248546
123	1	0.309017
123	3	0.40671
123	14	0.170217
123	57	0.516964
123	67	0.701537
123	4	0.0669
123	5	0.675719
123	1	0.255263
123	54	0.649276
123	36	0.29801
123	108	0.948532
123	32	0.67197
123	13	0.240111
123	72	0.628864
123	22	0.402494
123	75	0.793754
123	0	0.295038
123	4	0.0546366
123	49	0.869076
123	1	0.391135
123	21	0.540807
123	0	0.785475
123	0	0.0197143
123	72	0.72295
123	89	0.85046
123	0	0.130528
123	24	0.300858
123	43	0.413655
123	40	0.630743
123	8	0.566168
123	10	0.746557
123	56	0.724763
123	2	0.0793193
123	12	0.501174
123	41	0.535743
123	5	0.463091
123	86	0.883665
123	44	0.470473
123	21	0.232437
123	38	0.335348
123	14	0.770162
123	18	0.970364
123	38	0.803395
123	0	0.680191
123	17	0.473785
123	23	0.509059
123	84	0.939668
123	68	0.710883
123	14	0.873184
123	10	0.190625
123	0	0.550926
123	17	0.250386
123	66	0.844648
123	24	0.338244
123	33	0.388246
123	13	0.777823
123	1	0.306696
123	0	0.227448
123	84	0.690294
123	26	0.587657
123	55	0.640638
123	8	0.357174
123	2	0.03203
123	71	0.591648
123	30	0.636456
123	5	0.057473
123	64	0.954069
123	12	0.180253
123	66	0.578451
123	26	0.362421
123	26	0.857535
123	25	0.303889
123	2	0.0698623
123	1	0.0112322
123	8	0.0748217
123	19	0.686445
123	1	0.330947
123	20	0.301441
123	57	0.766576
123	1	0.0541148
123	8	0.151354
123	14	0.871485
123	4	0.439794
123	83	0.685855
123	4	0.93869
123	12	0.124914
123	38	0.472286
123	43	0.944463
123	5	0.079272
123	6	0.359941
123	0	0.0226773
123	19	0.182382
123	45	0.929794
123	15	0.307759
123	63	0.680887
123	13	0.299762
123	9	0.521601
123	20	0.277769
123	24	0.622899
123	8	0.16338
123	9	0.12168
123	14	0.204648
123	34	0.492446
123	10	0.283669
123	40	0.799313
123	10	0.533594
123	12	0.368529
123	2	0.234604
123	3	0.481828
123	93	0.781186
123	17	0.204643
123	6	0.0875767
123	54	0.623396
123	9	0.096929
123	26	0.533179
123	9	0.867929
123	15	0.563106
123	64	0.556314
123	5	0.668376
123	51	0.527027
123	30	0.805208
123	19	0.200112
123	20	0.279072
123	6	0.102166
123	40	0.338513
123	18	0.527148
123	4	0.134083
123	4	0.421519
123	35	0.318526
123	8	0.351445
123	63	0.974617
123	4	0.0804743
123	25	0.321688
123	35	0.747841
123	10	0.627355
123	0	0.15611
123	1	0.244386
123	5	0.349354
123	52	0.635759
123	59	0.81651
123	8	0.0985934
123	3	0.0263094
123	12	0.144262
123	17	0.183976
123	8	0.127866
123	32	0.30854
123	11	0.739908
123	53	0.810568
123	5	0.102532
123	11	0.315087
123	21	0.373418
123	6	0.0864522
123	36	0.507843
123	10	0.0891994
123	86	0.716803
123	72	0.958524
123	7	0.0575289
123	4	0.408108
123	15	0.132041
123	29	0.281833
123	1	0.169891
123	3	0.120893
123	37	0.679106
123	51	0.8649
123	38	0.312195
123	78	0.775549
123	39	0.438286
123	94	0.836307
123	17	0.164256
123	32	0.298977
123	52	0.915795
123	14	0.357551
123	55	0.767296
123	2	0.121381
123	13	0.935609
123	1	0.0880133
123	19	0.750673
123	17	0.808094
123	14	0.117972
123	29	0.367977
123	44	0.944983
123	33	0.531859
123	20	0.591221
123	14	0.248864
123	11	0.712959
123	26	0.634588
123	51	0.583198
123	10	0.103859
123	4	0.0640015
123	0	0.715747
123	45	0.74511
123	21	0.195674
123	8	0.398015
123	8	0.106862
123	13	0.26687
123	17	0.184177
123	4	0.437826
123	26	0.652419
123	27	0.223757
123	3	0.578177
123	14	0.235357
123	7	0.715824
123	61	0.803565
123	15	0.250625
123	2	0.112652
123	2	0.304487
123	59	0.71301
123	27	0.738861
123	71	0.736295
123	37	0.778874
123	0	0.0232629
123	94	0.986796
123	39	0.375062
123	3	0.278008
123	28	0.524869
123	35	0.721841
123	32	0.613819
123	4	0.658851
123	23	0.348716
123	15	0.732582
123	93	0.934234
123	22	0.384813
123	39	0.344799
123	13	0.203434
123	36	0.487313
123	5	0.50049
123	3	0.0308114
123	18	0.556205
123	35	0.678628
123	8	0.0744323
123	30	0.259428
123	63	0.935728
123	68	0.956214
123	10	0.35131
123	0	0.362869
123	3	0.176235
123	38	0.863143
123	1	0.751162
123	20	0.19865
123	31	0.702523
123	14	0.381815
123	32	0.699302
123	4	0.533973
123	0	0.293301
123	58	0.940747
123	24	0.203981
123	37	0.634652
123	6	0.144512
123	8	0.43972
123	40	0.758537
123	6	0.107978
123	8	0.140041
123	65	0.832144
123	49	0.442561
123	18	0.498224
123	83	0.729248
123	57	0.514435
123	12	0.326928
123	72	0.603793
123	8	0.107239
123	8	0.406228
123	14	0.254728
123	1	0.0302503
123	6	0.414823
123	10	0.219976
123	87	0.810264
123	29	0.910869
123	30	0.394715
123	6	0.146796
123	13	0.126183
123	1	0.0622124
123	32	0.641484
123	0	0.359447
123	32	0.282369
123	29	0.281699
123	30	0.458657
123	3	0.272756
123	30	0.324436
123	47	0.805444
123	41	0.568447
123	15	0.782146
123	24	0.295322
123	97	0.800197
123	5	0.668099
123	44	0.458978
123	32	0.718375
123	30	0.344795
123	28	0.298613
123	25	0.729836
123	13	0.304946
123	98	0.9561
123	28	0.502428
123	19	0.719269
123	20	0.186146
123	65	0.828309
123	12	0.939979
123	28	0.460621
123	49	0.562153
123	33	0.310476
123	77	0.665602
123	16	0.792712
123	34	0.595844
123	109	0.934764
123	4	0.36772
123	9	0.57726
123	15	0.173845
123	62	0.888071
123	23	0.234159
123	14	0.281467
123	69	0.692501
123	40	0.454465
123	14	0.385308
123	47	0.429375
123	20	0.275428
123	35	0.84657
123	5	0.210885
123	32	0.481558
123	41	0.392325
123	101	0.959225
123	66	0.728564
123	25	0.447653
123	22	0.312961
123	4	0.0414632
123	43	0.455854
123	36	0.40663
123	2	0.787462
123	36	0.796734
123	4	0.11012
123	73	0.805367
123	14	0.467694
123	7	0.0937186
123	13	0.363205
123	0	0.0105538
123	14	0.895378
123	18	0.777271
123	52	0.875812
123	35	0.405127
123	35	0.391449
123	13	0.414419
123	59	0.594526
123	25	0.410637
123	8	0.914842
123	24	0.395992
123	92	0.989274
123	48	0.844308
123	26	0.246682
123	5	0.0977621
123	13	0.178692
123	1	0.555309
123	35	0.593752
123	6	0.327715
123	23	0.551519
123	20	0.207675
123	37	0.72249
123	3	0.050287
123	0	0.146568
123	26	0.339156
123	23	0.295541
123	102	0.852874
123	3	0.152805
123	0	0.544223
123	5	0.246289
123	16	0.390377
123	54	0.659438
123	32	0.974113
123	19	0.650938
123	41	0.932269
123	0	0.014493
123	104	0.881985
123	75	0.653987
123	3	0.410574
123	24	0.346777
123	42	0.370374
123	16	0.164776
123	18	0.920056
123	46	0.421509
123	5	0.268773
123	11	0.639128
123	16	0.568825
123	14	0.634464
123	34	0.405909
123	29	0.645144
123	8	0.482151
123	58	0.492858
123	28	0.905159
123	16	0.173165
123	4	0.467705
123	2	0.0344682
123	19	0.241365
123	60	0.832712
123	1	0.0169801
123	39	0.982955
123	6	0.0628535
123	75	0.779446
123	15	0.123615
123	80	0.717362
123	20	0.323569
123	15	0.359888
123	95	0.819793
123	87	0.899381
123	9	0.210931
123	65	0.805656
123	0	0.0251173
123	12	0.16849
123	11	0.0928099
123	5	0.503189
123	70	0.81756
123	26	0.377425
123	2	0.138237
123	85	0.808309
123	29	0.253837
123	51	0.748901
123	22	0.722822
123	26	0.569536
123	4	0.910132
123	52	0.854798
123	23	0.532705
123	59	0.766913
123	44	0.460888
123	8	0.787697
123	0	0.212488
123	46	0.585901
123	57	0.531559
123	29	0.605962
123	59	0.623282
123	6	0.0816223
123	4	0.03925
123	45	0.550332
123	6	0.0604908
123	2	0.150212
123	15	0.189923
123	9	0.234353
123	29	0.251814
123	6	0.0663649
123	7	0.189867
123	28	0.514378
123	103	0.935612
123	43	0.877927
123	78	0.637927
123	59	0.75323
123	63	0.528374
123	5	0.123875
123	54	0.73383
123	42	0.451779
123	33	0.6547
123	47	0.604097
123	39	0.370832
123	48	0.728279
123	16	0.349836
123	9	0.895572
123	4	0.0476444
123	20	0.920341
123	20	0.54084
123	31	0.432028
123	78	0.699722
123	23	0.871361
123	19	0.627687
123	96	0.79178
123	15	0.202573
123	1	0.0788627
123	6	0.0539568
123	7	0.0716003
123	3	0.398953
123	38	0.385456
123	47	0.483253
123	31	0.487115
123	40	0.618215
123	16	0.186544
123	43	0.647311
123	83	0.77713
123	13	0.268268
123	19	0.298788
123	4	0.121754
123	45	0.78914
123	36	0.912189
123	28	0.685019
123	38	0.977633
123	21	0.333202
123	1	0.0927117
123	22	0.531124
123	92	0.961208
123	46	0.700831
123	31	0.719819
123	90	0.776359
123	3	0.424289
123	100	0.910744
123	6	0.773381
123	17	0.318917
123	17	0.940815
123	0	0.0931125
123	10	0.606491
123	78	0.860247
123	28	0.520404
123	22	0.699059
123	6	0.0682383
123	17	0.437285
123	12	0.480328
123	14	0.44063
123	12	0.283553
123	70	0.950636
123	26	0.752621
123	97	0.971203
123	53	0.835727
123	14	0.174444
123	41	0.574465
123	0	0.594801
123	38	0.775909
123	23	0.90367
123	37	0.457523
123	15	0.172705
123	53	0.534847
123	1	0.531144
123	10	0.215246
123	44	0.970003
123	19	0.947673
123	37	0.587979
123	46	0.513489
123	61	0.617224
123	26	0.606621
123	17	0.407715
123	37	0.891821
123	23	0.35759
123	54	0.521168
123	13	0.243679
123	3	0.0752258
123	81	0.930204
123	1	0.0623589
123	90	0.893347
123	0	0.0113222
123	13	0.165713
123	3	0.175978
123	84	0.761054
123	17	0.451548
123	97	0.950079
123	77	0.709863
123	34	0.660188
123	80	0.756544
123	8	0.0709436
123	0	0.581918
123	31	0.667569
123	21	0.585545
123	6	0.077191
123	1	0.856449
123	41	0.436828
123	4	0.617252
123	16	0.578191
123	78	0.739529
123	50	0.727462
123	40	0.363955
123	93	0.761037
123	2	0.0212719
123	45	0.397207
123	63	0.912911
123	1	0.0290502
123	17	0.715349
123	14	0.424464
123	18	0.156403
123	86	0.736813
123	24	0.407974
123	3	0.0489994
123	6	0.595149
123	16	0.645095
123	6	0.0517092
123	68	0.588702
123	18	0.146374
123	30	0.958555
123	16	0.290644
123	58	0.529311
123	20	0.342463
123	17	0.469888
123	85	0.766465
123	19	0.48311
123	87	0.847284
123	1	0.0129371
123	32	0.329004
123	44	0.962877
123	40	0.476642
123	49	0.728269
123	28	0.738522
123	31	0.766424
123	1	0.197446
123	13	0.485832
123	55	0.569287
123	23	0.440841
123	35	0.350122
123	18	0.539228
123	47	0.710677
123	38	0.458176
123	3	0.805687
123	8	0.121768
123	97	0.844356
123	83	0.771144
123	40	0.364478
123	43	0.44974
123	91	0.97233
123	13	0.638746
123	6	0.68528
123	43	0.488065
123	68	0.942109
123	2	0.0289062
123	69	0.779904
123	98	0.829077
123	42	0.388542
123	13	0.783077
123	15	0.521032
123	69	0.914224
123	44	0.645125
123	39	0.588447
123	4	0.220302
123	54	0.60286
123	18	0.158807
123	14	0.352152
123	48	0.77289
123	46	0.441603
123	53	0.90945
123	59	0.665914
123	30	0.720585
123	3	0.0478417
123	85	0.874653
123	5	0.312994
123	6	0.342133
123	0	0.0578633
123	42	0.489945
123	7	0.10658
123	61	0.601413
123	12	0.300692
123	27	0.722793
123	79	0.967448
123	8	0.416121
123	108	0.961281
123	58	0.5018
123	23	0.44005
123	30	0.260987
123	28	0.740587
123	16	0.591187
123	10	0.498829
123	9	0.126892
123	44	0.972397
123	96	0.982617
123	31	0.349179
123	37	0.654341
123	60	0.689103
123	10	0.155974
123	1	0.0147372
123	16	0.16515
123	16	0.783239
123	3	0.256633
123	25	0.377376
123	9	0.157762
123	4	0.0706769
123	32	0.789796
123	10	0.131374
123	60	0.920652
123	32	0.647508
123	3	0.163508
123	64	0.848206
123	40	0.481606
123	10	0.452471
123	96	0.95489
123	22	0.238228
123	61	0.555579
123	51	0.669901
123	17	0.155698
123	2	0.0178078
123	10	0.272298
123	38	0.754619
123	3	0.1029
123	8	0.255409
123	0	0.0269291
123	17	0.621743
123	1	0.016656
123	12	0.434742
123	30	0.940582
123	37	0.342825
123	37	0.482186
123	6	0.0574923
123	11	0.125472
123	82	0.764465
123	5	0.447273
123	4	0.114835
123	6	0.173295
123	5	0.0430334
123	13	0.321528
123	70	0.747088
123	6	0.0610161
123	15	0.307937
123	94	0.954023
123	112	0.959453
123	5	0.654759
123	29	0.89143
123	0	0.032107
123	3	0.192024
123	56	0.519926
123	4	0.830109
123	0	0.0925006
123	70	0.614514
123	22	0.645771
123	12	0.315923
123	84	0.898661
123	17	0.192297
123	15	0.127783
123	29	0.238948
123	8	0.401423
123	1	0.0192289
123	30	0.556578
123	6	0.254911
123	31	0.421882
123	10	0.668972
123	32	0.366621
123	7	0.361178
123	28	0.374775
123	49	0.741148
123	84	0.731174
123	31	0.714107
123	12	0.461879
123	1	0.570677
123	58	0.491952
123	13	0.403765
123	44	0.558837
123	29	0.339647
123	9	0.638109
123	12	0.159663
123	7	0.490921
123	31	0.30475
123	39	0.859716
123	27	0.793732
123	35	0.662834
123	60	0.812388
123	62	0.537307
123	42	0.813345
123	23	0.464406
123	12	0.181114
123	22	0.292495
123	3	0.12293
123	86	0.701028
123	27	0.820003
123	42	0.671896
123	100	0.881024
123	40	0.585372
123	42	0.577818
123	51	0.518621
123	57	0.593693
123	89	0.951516
123	13	0.312852
123	8	0.294946
123	2	0.027455
123	25	0.243943
123	49	0.918709
123	6	0.493968
123	7	0.128736
123	29	0.359205
123	55	0.768518
123	44	0.368878
123	10	0.158514
123	42	0.70817
123	12	0.508029
123	30	0.246479
123	27	0.425519
123	1	0.682739
123	24	0.279466
123	4	0.264944
123	19	0.394465
123	41	0.906234
123	20	0.511009
123	37	0.777551
123	3	0.147288
123	30	0.779299
123	29	0.371444
123	14	0.728539
123	63	0.94957
123	53	0.813431
123	5	0.568292
123	20	0.34553
123	4	0.148827
123	17	0.396502
123	12	0.223445
123	20	0.857634
123	14	0.969213
123	1	0.286333
123	30	0.246195
123	9	0.906995
123	4	0.0845261
123	31	0.841283
123	21	0.686816
123	14	0.149892
123	9	0.156137
123	17	0.155626
123	9	0.143224
123	11	0.543406
123	7	0.0980552
123	1	0.138249
123	99	0.844996
123	3	0.710697
123	35	0.866542
123	58	0.976103
123	57	0.895621
123	1	0.0141396
123	0	0.0789574
123	27	0.3307
123	55	0.875157
123	3	0.802229
123	66	0.957795
123	39	0.62617
123	16	0.382315
123	27	0.894112
123	3	0.0960693
123	15	0.496496
123	4	0.847642
123	38	0.44176
123	59	0.561696
123	28	0.229981
123	48	0.801379
123	54	0.599236
123	0	0.158838
123	44	0.547246
123	16	0.789109
123	21	0.245352
123	23	0.537705
123	78	0.750446
123	71	0.958295
123	40	0.937597
123	44	0.438108
123	53	0.578458
123	22	0.404663
123	40	0.409329
123	47	0.754867
123	64	0.585783
123	6	0.765185
123	70	0.740332
123	11	0.214148
123	66	0.789604
123	12	0.366933
123	5	0.0621569
123	22	0.446112
123	8	0.536774
123	7	0.519726
123	22	0.632631
123	8	0.0694267
123	16	0.363481
123	13	0.231485
123	1	0.0790546
123	22	0.915185
123	17	0.449265
123	14	0.25229
123	34	0.740603
123	104	0.898791
123	1	0.105123
123	37	0.534624
123	118	0.988716
123	18	0.420498
123	72	0.610352
123	6	0.115315
123	10	0.348901
123	34	0.8232
123	43	0.658462
123	72	0.62854
123	33	0.334101
123	30	0.93776
123	13	0.551454
123	8	0.137256
123	12	0.153097
123	1	0.0799899
123	3	0.0580222
123	21	0.216424
123	24	0.290255
123	40	0.8768
123	26	0.273816
123	1	0.179468
123	15	0.850359
123	1	0.0386321
123	4	0.174013
123	40	0.590166
123	7	0.284228
123	0	0.0344967
123	50	0.724126
123	11	0.575098
123	31	0.385542
123	8	0.121555
123	9	0.168913
123	71	0.616814
123	6	0.291234
123	70	0.688058
123	12	0.324447
123	15	0.214153
123	6	0.204893
123	10	0.148649
123	11	0.591669
123	2	0.225136
123	34	0.758335
123	30	0.321986
123	9	0.129283
123	98	0.855618
123	36	0.384725
123	35	0.715521
123	0	0.0447647
123	47	0.506909
123	31	0.570232
123	22	0.918423
123	26	0.286648
123	3	0.278435
123	51	0.76939
123	34	0.543898
123	40	0.464888
123	61	0.513213
123	2	0.109181
123	6	0.134283
123	21	0.191817
123	34	0.947136
123	21	0.171242
123	30	0.316327
123	70	0.77195
123	2	0.568865
123	9	0.265655
123	41	0.59986
123	30	0.617425
123	21	0.177381
123	39	0.742725
123	23	0.781168
123	22	0.309446
123	25	0.262881
123	35	0.310103
123	64	0.705313
123	16	0.227629
123	0	0.209821
123	2	0.0171727
123	2	0.242034
123	91	0.776852
123	43	0.803391
123	61	0.531968
123	54	0.52352
123	28	0.362811
123	17	0.556008
123	47	0.598584
123	17	0.808444
123	13	0.19808
123	72	0.986132
123	7	0.122773
123	69	0.651999
123	7	0.0774683
123	26	0.273247
123	57	0.520903
123	13	0.212843
123	18	0.943282
123	8	0.705517
123	17	0.254648
123	3	0.089648
123	4	0.0387266
123	23	0.281889
123	17	0.438306
123	46	0.726403
123	26	0.799521
123	2	0.0240776
123	18	0.380755
123	35	0.392777
123	9	0.199923
123	9	0.0750878
123	16	0.308901
123	23	0.787129
123	87	0.962413
123	7	0.461245
123	21	0.874768
123	9	0.155733
123	68	0.758801
123	54	0.476443
123	96	0.977728
123	63	0.641064
123	1	0.0107039
123	67	0.731622
123	1	0.0112913
123	107	0.929102
123	36	0.417898
123	1	0.214097
123	32	0.351143
123	110	0.902194
123	16	0.2858
123	0	0.0157439
123	5	0.840588
123	59	0.573396
123	34	0.317932
123	20	0.266067
123	47	0.533419
123	15	0.180688
123	6	0.178914
123	16	0.196541
123	10	0.153584
123	93	0.889772
123	72	0.91938
123	54	0.482691
123	48	0.813384
123	5	0.0554886
123	5	0.168304
123	37	0.6508
123	25	0.390913
123	15	0.228217
123	21	0.833509
123	42	0.649016
123	19	0.762841
123	5	0.0646166
123	25	0.589227
123	66	0.81391
123	34	0.634898
123	1	0.200379
123	11	0.288595
123	19	0.319314
123	27	0.775605
123	34	0.91477
123	43	0.470014
123	52	0.423106
123	43	0.395412
123	42	0.586193
123	60	0.78566
123	0	0.328001
123	11	0.0943169
123	110	0.95557
123	18	0.352686
123	8	0.595661
123	9	0.194276
123	5	0.428034
123	6	0.782828
123	81	0.896716
123	57	0.490292
123	63	0.609382
123	23	0.22768
123	18	0.705905
123	8	0.537104
123	42	0.343061
123	8	0.081558
123	33	0.328349
123	14	0.398505
123	61	0.820112
123	21	0.569141
123	44	0.465277
123	41	0.928296
123	3	0.0390868
123	15	0.205908
123	21	0.53983
123	1	0.826312
123	57	0.77712
123	93	0.885207
123	79	0.832015
123	1	0.0259414
123	23	0.241702
123	31	0.313473
123	26	0.678077
123	15	0.171152
123	18	0.423326
123	29	0.719726
123	79	0.927964
123	52	0.824629
123	27	0.420165
123	29	0.331019
123	38	0.439796
123	62	0.524051
123	58	0.497216
123	26	0.370333
123	30	0.945235
123	44	0.359998
123	93	0.796139
123	69	0.984101
123	46	0.463533
123	25	0.340509
123	2	0.0343026
123	27	0.805623
123	77	0.801737
123	24	0.605333
123	42	0.37272
123	47	0.39785
123	24	0.202702
123	22	0.375862
123	58	0.968636
123	67	0.853923
123	11	0.623606
123	0	0.0428333
123	27	0.326444
123	24	0.401911
123	38	0.509022
123	25	0.288224
123	56	0.976784
123	24	0.23708
123	22	0.203422
123	0	0.0414451
123	39	0.552995
123	4	0.0897664
123	42	0.425184
123	34	0.76842
123	40	0.483736
123	1	0.167743
123	51	0.623228
123	7	0.0705163
123	56	0.689965
123	8	0.165557
123	32	0.676152
123	47	0.60908
123	104	0.892868
123	85	0.7409
123	36	0.526676
123	39	0.427782
123	39	0.545939
123	58	0.518916
123	0	0.064124
123	38	0.360084
123	87	0.804019
123	36	0.413503
123	7	0.396176
123	70	0.60187
123	37	0.502926
123	51	0.731357
123	34	0.348892
123	19	0.224454
123	29	0.530898
123	95	0.825294
123	21	0.421129
123	44	0.384079
123	7	0.083513
123	29	0.367321
123	4	0.382203
123	20	0.376315
123	28	0.939681
123	45	0.608425
123	10	0.0922507
123	27	0.304532
123	18	0.22027
123	4	0.274901
123	67	0.669609
123	54	0.637351
123	30	0.370553
123	2	0.0682782
123	17	0.285675
123	38	0.693883
123	14	0.116358
123	7	0.649935
123	6	0.100448
123	2	0.184128
123	12	0.100939
123	51	0.479877
123	6	0.0489942
123	1	0.620135
123	65	0.566314
123	46	0.726525
123	2	0.524048
123	6	0.380002
123	1	0.0690642
123	11	0.108753
123	39	0.37913
123	0	0.660576
123	51	0.964884
123	6	0.385145
123	19	0.365609
123	8	0.82191
123	80	0.828945
123	42	0.555913
123	57	0.915359
123	5	0.0603813
123	10	0.0964698
123	35	0.425458
123	54	0.577391
123	34	0.919733
123	6	0.0789458
123	4	0.568636
123	46	0.410168
123	13	0.191397
123	82	0.963048
123	88	0.727977
123	60	0.959114
123	2	0.147646
123	63	0.676721
123	21	0.470069
123	13	0.144779
123	30	0.328164
123	14	0.574511
123	13	0.396017
123	21	0.9216
123	47	0.561104
123	48	0.689116
123	9	0.349003
123	9	0.26697
123	0	0.430758
123	77	0.960064
123	1	0.098343
123	44	0.495958
123	40	0.336511
123	5	0.130386
123	80	0.791768
123	42	0.380075
123	1	0.412823
123	22	0.299185
123	47	0.835496
123	1	0.0460275
123	63	0.528907
123	18	0.642033
123	79	0.800928
123	4	0.517516
123	53	0.515393
123	5	0.656802
123	24	0.783662
123	49	0.836766
123	3	0.11347
123	6	0.0774021
123	15	0.676398
123	10	0.332315
123	47	0.866136
123	0	0.0387671
123	10	0.815832
123	18	0.212692
123	76	0.943043
123	42	0.483487
123	1	0.0155618
123	12	0.243279
123	20	0.219737
123	5	0.38368
123	17	0.605562
123	46	0.584335
123	13	0.450571
123	63	0.631378
123	48	0.522973
123	19	0.653122
123	91	0.808182
123	43	0.632899
123	28	0.854321
123	8	0.203239
123	15	0.187032
123	21	0.830806
123	9	0.526075
123	2	0.291647
123	72	0.685017
123	55	0.617434
123	0	0.904318
123	22	0.41839
123	17	0.358669
123	27	0.520239
123	31	0.602783
123	48	0.391925
123	14	0.156014
123	7	0.0910959
123	88	0.918407
123	91	0.947954
123	13	0.429704
123	39	0.608373
123	51	0.596087
123	17	0.498102
123	98	0.967465
123	40	0.455145
123	44	0.791681
123	37	0.374398
123	1	0.577699
123	32	0.829881
123	6	0.0659319
123	6	0.973639
123	45	0.679364
123	3	0.286704
123	46	0.400761
123	84	0.829052
123	9	0.353133
123	6	0.14876
123	44	0.501911
123	45	0.519561
123	7	0.200109
123	76	0.842012
123	88	0.774009
123	31	0.417725
123	9	0.70194
123	1	0.234159
123	2	0.214703
123	7	0.212947
123	11	0.114292
123	2	0.264038
123	5	0.231205
123	41	0.980579
123	6	0.0546319
123	40	0.988638
123	69	0.730648
123	56	0.466494
123	71	0.749988
123	81	0.742334
123	100	0.833826
123	20	0.517171
123	11	0.442787
123	84	0.89985
123	1	0.0274399
123	18	0.178671
123	16	0.157416
123	22	0.345188
123	0	0.0444844
123	57	0.625361
123	32	0.676157
123	59	0.545184
123	60	0.8688
123	9	0.27795
123	21	0.252269
123	1	0.242993
123	12	0.3196
123	7	0.232731
123	26	0.318419
123	2	0.383196
123	88	0.917609
123	26	0.217085
123	29	0.927345
123	59	0.716431
123	35	0.599936
123	22	0.639411
123	38	0.762708
123	7	0.61684
123	5	0.240818
123	46	0.692949
123	75	0.616379
123	24	0.292574
123	18	0.36788
123	13	0.109392
123	0	0.537745
123	5	0.0510452
123	28	0.636679
123	0	0.0196678
123	14	0.128997
123	71	0.586731
123	7	0.176299
123	42	0.911208
123	92	0.962455
123	48	0.393101
123	21	0.505645
123	59	0.878832
123	4	0.606024
123	88	0.967953
123	3	0.28134
123	48	0.763539
123	94	0.806148
123	8	0.102283
123	18	0.208052
123	5	0.0581346
123	71	0.929427
123	9	0.153167
123	44	0.593058
123	23	0.926701
123	33	0.969862
123	15	0.144416
123	29	0.709266
123	66	0.763774
123	39	0.951587
123	27	0.383826
123	2	0.0888553
123	66	0.984237
123	110	0.959123
123	14	0.866496
123	0	0.435975
123	21	0.598685
123	23	0.461809
123	64	0.893128
123	7	0.29539
123	0	0.206193
123	33	0.614834
123	14	0.711189
123	3	0.0542093
123	8	0.158087
123	77	0.831971
123	51	0.989181
123	87	0.712061
123	101	0.870504
123	7	0.249798
123	68	0.694262
123	51	0.868087
123	36	0.606828
123	60	0.56484
123	73	0.859263
123	18	0.658482
123	17	0.186586
123	11	0.574429
123	26	0.269449
123	22	0.406723
123	23	0.25339
123	34	0.592005
123	3	0.698249
123	32	0.370408
123	42	0.478005
123	0	0.0307121
123	19	0.177058
123	14	0.142016
123	43	0.638676
123	0	0.273036
123	9	0.916996
123	84	0.690318
123	63	0.551075
123	1	0.111805
123	97	0.898902
123	24	0.315343
123	26	0.323284
123	17	0.878887
123	20	0.256791
123	91	0.927818
123	21	0.59335
123	61	0.716323
123	3	0.214594
123	29	0.943734
123	75	0.732322
123	56	0.663439
123	11	0.295303
123	9	0.856046
123	85	0.907846
123	43	0.665906
123	1	0.205907
123	15	0.345141
123	38	0.437218
123	39	0.423917
123	33	0.971449
123	51	0.628527
123	12	0.424867
123	14	0.129251
123	22	0.650494
123	18	0.229226
123	4	0.109079
123	18	0.190032
123	0	0.0381659
123	11	0.124539
123	14	0.293163
123	27	0.478977
123	12	0.107856
123	10	0.261693
123	80	0.851758
123	20	0.902475
123	29	0.633969
123	26	0.228094
123	19	0.435262
123	18	0.555837
123	5	0.0640653
123	7	0.264224
123	5	0.385926
123	48	0.584242
123	8	0.178621
123	50	0.953392
123	25	0.578165
123	2	0.0372825
123	13	0.348536
123	77	0.906845
123	39	0.807349
123	17	0.340634
123	15	0.482095
123	37	0.955305
123	2	0.075177
123	27	0.379433
123	61	0.582469
123	5	0.544292
123	15	0.253452
123	44	0.383176
123	53	0.431957
123	41	0.979789
123	49	0.826188
123	7	0.110758
123	15	0.984808
123	27	0.318681
123	94	0.97728
123	44	0.555501
123	10	0.172006
123	11	0.182599
123	3	0.283378
123	44	0.754591
123	35	0.595502
123	10	0.496844
123	45	0.391037
123	5	0.0993372
123	9	0.0934715
123	8	0.666834
123	16	0.213204
123	1	0.0306621
123	6	0.2157
123	14	0.295694
123	61	0.554676
123	55	0.892008
123	15	0.887406
123	29	0.415155
123	70	0.939521
123	17	0.144772
123	10	0.478254
123	3	0.340356
123	53	0.497663
123	57	0.72207
123	1	0.485613
123	6	0.0905414
123	0	0.686206
123	36	0.461048
123	3	0.570522
123	23	0.587196
123	52	0.769377
123	13	0.26766
123	98	0.835267
123	13	0.272877
123	3	0.98575
123	48	0.573435
123	29	0.53169
123	2	0.0277897
123	66	0.537575
123	14	0.757453
123	1	0.0179622
123	3	0.24309
123	0	0.106538
123	26	0.681061
123	26	0.316207
123	2	0.0527027
123	37	0.846537
123	9	0.186136
123	2	0.274307
123	1	0.257196
123	44	0.904933
123	14	0.538437
123	12	0.92628
123	34	0.369538
123	3	0.321557
123	82	0.860996
123	16	0.204772
123	4	0.0813482
123	0	0.0318019
123	70	0.626099
123	94	0.810047
123	27	0.250548
123	26	0.899173
123	3	0.0821036
123	81	0.741228
123	83	0.826226
123	24	0.946
123	18	0.165644
123	3	0.0823939
123	80	0.948184
123	1	0.0399169
123	20	0.213091
123	73	0.828291
123	43	0.821847
123	25	0.681848
123	0	0.0405458
123	49	0.620233
123	9	0.163984
123	1	0.0124741
123	7	0.137005
123	8	0.372571
123	57	0.767842
123	4	0.756137
123	4	0.109036
123	23	0.458532
123	2	0.0198045
123	18	0.148376
123	44	0.619128
123	49	0.543683
123	4	0.209908
123	0	0.706609
123	9	0.453702
123	2	0.0880293
123	16	0.185795
123	3	0.0499216
123	16	0.344524
123	28	0.321089
123	15	0.162377
123	65	0.93742
123	12	0.35474
123	11	0.309485
123	6	0.733623
123	3	0.983133
123	9	0.0885536
123	83	0.813711
123	39	0.432995
123	22	0.23374
123	81	0.879068
123	59	0.865556
123	12	0.861005
123	37	0.332647
123	6	0.209227
123	1	0.150318
123	67	0.646915
123	23	0.28571
123	17	0.433178
123	62	0.507851
123	54	0.592994
123	25	0.24118
123	81	0.733905
123	91	0.822442
123	17	0.676766
123	0	0.0112601
123	30	0.316315
123	72	0.594352
123	2	0.0923771
123	34	0.291414
123	58	0.681062
123	3	0.524463
123	0	0.36484
123	77	0.932495
123	15	0.949096
123	26	0.65193
123	2	0.0348649
123	3	0.717541
123	78	0.82895
123	42	0.415675
123	17	0.193633
123	0	0.461356
123	16	0.264893
123	1	0.699417
123	10	0.0962736
123	83	0.98199
123	42	0.34531
123	25	0.591384
123	4	0.0935781
123	68	0.959602
123	4	0.160143
123	23	0.590683
123	22	0.837005
123	7	0.274646
123	0	0.0142411
123	15	0.412547
123	44	0.727303
123	78	0.78152
123	18	0.292157
123	30	0.826445
123	92	0.79001
123	81	0.840413
123	59	0.704661
123	87	0.852952
123	2	0.0173864
123	13	0.637681
123	19	0.934011
123	42	0.392489
123	63	0.799438
123	8	0.810166
123	41	0.689102
123	88	0.977023
123	11	0.154457
123	19	0.340835
123	42	0.41731
123	65	0.700914
123	15	0.627282
123	42	0.388001
123	0	0.235959
123	5	0.186029
123	15	0.364912
123	5	0.326596
123	11	0.139335
123	54	0.495007
123	12	0.16054
123	74	0.740196
123	66	0.582226
123	36	0.437018
123	32	0.545656
123	2	0.030819
123	32	0.505451
123	21	0.189074
123	2	0.166371
123	32	0.629757
123	3	0.314134
123	18	0.232561
123	17	0.138849
123	45	0.940889
123	3	0.274057
123	11	0.151624
123	67	0.741716
123	54	0.938458
123	33	0.610868
123	4	0.34734
123	71	0.867863
123	32	0.565033
123	1	0.28539
123	6	0.120494
123	73	0.761143
123	52	0.429866
123	4	0.657177
123	1	0.740661
123	20	0.412709
123	59	0.628714
123	32	0.711714
123	70	0.80584
123	24	0.741632
123	16	0.233247
123	47	0.515137
123	58	0.566632
123	42	0.792113
123	21	0.483988
123	39	0.8504
123	58	0.630397
123	54	0.552626
123	49	0.448422
123	19	0.487427
123	61	0.607077
123	24	0.424383
123	32	0.950975
123	18	0.688916
123	24	0.688731
123	24	0.760231
123	8	0.778279
123	40	0.584868
123	28	0.27
123	89	0.913519
123	43	0.473242
123	60	0.507207
123	29	0.695403
123	82	0.836823
123	66	0.724734
123	8	0.906893
123	19	0.258973
123	6	0.323058
123	22	0.415628
123	100	0.874814
123	35	0.979246
123	45	0.717219
123	17	0.758827
123	3	0.0711249
123	4	0.194608
123	42	0.732777
123	19	0.697962
123	78	0.783489
123	3	0.0480153
123	77	0.861418
123	0	0.022827
123	89	0.929773
123	85	0.949521
123	0	0.176481
123	43	0.770121
123	45	0.986092
123	74	0.733619
123	10	0.250092
123	19	0.807233
123	8	0.101152
123	23	0.546513
123	10	0.346823
123	40	0.504336
123	35	0.313147
123	26	0.639323
123	7	0.856884
123	56	0.651342
123	9	0.150716
123	1	0.0131463
123	43	0.484867
123	14	0.150157
123	80	0.708339
123	37	0.708843
123	77	0.660155
123	97	0.797639
123	41	0.410934
123	0	0.693384
123	2	0.376529
123	50	0.42369
123	73	0.895904
123	21	0.60892
123	1	0.126647
123	42	0.867382
123	29	0.270273
123	42	0.374514
123	15	0.355389
123	18	0.337714
123	51	0.833083
123	8	0.808996
123	83	0.776516
123	9	0.666756
123	54	0.984776
123	2	0.017125
123	22	0.502989
123	42	0.527546
123	3	0.934652
123	36	0.488179
123	1	0.175685
123	32	0.427071
123	65	0.856125
123	18	0.690691
123	33	0.308867
123	52	0.867853
123	99	0.879157
123	2	0.102301
123	96	0.973517
123	11	0.256597
123	61	0.831689
123	39	0.537842
123	31	0.409006
123	14	0.175778
123	30	0.361381
123	33	0.780635
123	3	0.357369
123	10	0.187757
123	102	0.941434
123	80	0.946002
123	73	0.824227
123	12	0.250193
123	51	0.722481
123	25	0.293723
123	14	0.49399
123	109	0.900175
123	10	0.111275
123	7	0.631756
123	14	0.178703
123	32	0.3733
123	15	0.527998
123	72	0.808817
123	71	0.96962
123	45	0.867757
123	6	0.242582
123	2	0.387656
123	27	0.791454
123	19	0.580283
123	25	0.898769
123	53	0.845625
123	33	0.900979
123	0	0.043602
123	36	0.365912
123	53	0.750798
123	18	0.680716
123	85	0.835116
123	15	0.226208
123	88	0.94672
123	48	0.503634
123	0	0.734696
123	15	0.156476
123	1	0.121369
123	4	0.283419
123	18	0.417786
123	62	0.613754
123	80	0.918548
123	2	0.0253352
123	41	0.818323
123	10	0.0877746
123	7	0.159641
123	42	0.966836
123	85	0.898579
123	2	0.542119
123	18	0.879665
123	66	0.557692
123	9	0.119103
123	3	0.221133
123	17	0.158078
123	46	0.731657
123	9	0.116737
123	6	0.199369
123	40	0.610011
123	15	0.218481
123	37	0.86624
123	52	0.453962
123	0	0.0118166
123	22	0.323334
123	28	0.629906
123	23	0.75218
123	19	0.509057
123	68	0.918667
123	8	0.979048
123	107	0.984745
123	70	0.672856
123	8	0.422571
123	87	0.954266
123	3	0.0445689
123	0	0.0881618
123	2	0.713011
123	4	0.0390246
123	6	0.0959811
123	51	0.955278
123	21	0.325616
123	29	0.638142
123	14	0.494097
123	44	0.55044
123	3	0.0765762
123	3	0.687281
123	0	0.0298688
123	2	0.0909167
123	88	0.762233
123	59	0.585164
123	51	0.429066
123	85	0.810108
123	2	0.103121
123	8	0.161119
123	49	0.586772
123	74	0.82369
123	67	0.588365
123	17	0.416658
123	18	0.240808
123	7	0.53555
123	41	0.447853
123	42	0.366229
123	35	0.645688
123	26	0.606687
123	2	0.0857745
123	5	0.148432
123	5	0.0735074
123	57	0.490692
123	75	0.95639
123	26	0.845405
123	2	0.76407
123	5	0.322683
123	61	0.517807
123	22	0.356766
123	73	0.602966
123	1	0.0102925
123	41	0.560004
123	0	0.0615156
123	40	0.552149
123	7	0.257207
123	5	0.391132
123	43	0.682123
123	7	0.143288
123	80	0.917485
123	47	0.41654
123	35	0.497437
123	49	0.970515
123	33	0.290497
123	40	0.644303
123	30	0.747172
123	23	0.905808
123	68	0.769101
123	72	0.594343
123	19	0.17376
123	10	0.254949
123	55	0.648898
123	3	0.647005
123	74	0.674191
123	39	0.770635
123	20	0.903636
123	70	0.619309
123	9	0.124755
123	39	0.354486
123	0	0.027999
123	20	0.980523
123	51	0.838795
123	28	0.600007
123	16	0.463681
123	13	0.464978
123	6	0.700333
123	10	0.143321
123	46	0.418678
123	47	0.730339
123	24	0.413957
123	13	0.631512
123	80	0.965149
123	70	0.720771
123	2	0.161073
123	35	0.545942
123	14	0.449832
123	11	0.146949
123	43	0.362064
123	22	0.347511
123	12	0.195261
123	11	0.103281
123	21	0.223864
123	33	0.428415
123	2	0.675756
123	40	0.580253
123	16	0.157874
123	45	0.402033
123	28	0.664755
123	25	0.946052
123	9	0.866447
123	5	0.173267
123	35	0.670557
123	35	0.383992
123	31	0.957433
123	0	0.0212422
123	97	0.942986
123	33	0.557613
123	46	0.500005
123	22	0.235004
123	11	0.440698
123	6	0.0847584
123	73	0.732473
123	13	0.453384
123	9	0.0741324
123	82	0.88746
123	23	0.528553
123	10	0.115406
123	64	0.589099
123	114	0.976994
123	53	0.582705
123	64	0.988284
123	56	0.578375
123	5	0.409373
123	20	0.216996
123	27	0.640662
123	28	0.839166
123	24	0.584038
123	81	0.90368
123	29	0.778262
123	19	0.829147
123	38	0.472813
123	7	0.417711
123	4	0.0505498
123	67	0.94044
123	81	0.899551
123	57	0.523421
123	8	0.588675
123	70	0.76717
123	79	0.863668
123	47	0.867387
123	24	0.981174
123	9	0.17311
123	19	0.166228
123	6	0.0824501
123	54	0.943181
123	3	0.0454705
123	27	0.717878
123	7	0.133565
123	1	0.442207
123	39	0.395012
123	0	0.0174502
123	58	0.938936
123	18	0.332823
123	10	0.745468
123	36	0.740156
123	14	0.133808
123	66	0.815065
123	104	0.854878
123	12	0.410976
123	12	0.434022
123	91	0.888319
123	7	0.441256
123	82	0.732757
123	6	0.83725
123	106	0.882196
123	48	0.444512
123	16	0.676684
123	8	0.115741
123	0	0.0873947
123	24	0.716556
123	13	0.686117
123	58	0.638965
123	1	0.0135571
123	1	0.144076
123	26	0.300573
123	20	0.189755
123	14	0.144225
123	32	0.897274
123	46	0.493637
123	33	0.395811
123	6	0.123565
123	15	0.143111
123	5	0.913908
123	7	0.189479
123	3	0.12065
123	11	0.127655
123	1	0.0764363
123	24	0.471929
123	47	0.675514
123	10	0.123773
123	48	0.604299
123	25	0.311449
123	3	0.0395995
123	22	0.652483
123	72	0.784789
123	18	0.913125
123	17	0.860585
123	97	0.943626
123	11	0.183641
123	10	0.171736
123	14	0.862367
123	2	0.0297743
123	19	0.602266
123	12	0.336944
123	1	0.013699
123	8	0.613463
123	40	0.517878
123	26	0.499306
123	1	0.316467
123	35	0.346694
123	26	0.443547
123	19	0.279661
123	45	0.41485
123	0	0.949077
123	47	0.832932
123	28	0.88375
123	21	0.502229
123	19	0.20677
123	84	0.94027
123	6	0.928112
123	68	0.922919
123	33	0.745932
123	112	0.934282
123	34	0.380875
123	17	0.41246
123	12	0.11292
123	10	0.377954
123	0	0.479398
123	7	0.291862
123	16	0.130769
123	33	0.807997
123	5	0.17368
123	11	0.0984371
123	41	0.592991
123	2	0.443632
123	4	0.113758
123	18	0.191761
123	15	0.12456
123	62	0.810244
123	61	0.72542
123	9	0.517845
123	20	0.221503
123	61	0.914206
123	31	0.678282
123	27	0.398183
123	62	0.719801
123	17	0.408871
123	71	0.654999
123	85	0.800032
123	6	0.22585
123	91	0.923771
123	25	0.592718
123	36	0.95431
123	62	0.657014
123	11	0.238522
123	6	0.148727
123	18	0.223834
123	85	0.746121
123	22	0.627064
123	27	0.563361
123	50	0.944448
123	7	0.534964
123	34	0.422656
123	9	0.238538
123	18	0.637949
123	8	0.0728384
123	3	0.808693
123	69	0.636255
123	82	0.750103
123	5	0.0974688
123	9	0.200441
123	16	0.144466
123	25	0.853204
123	54	0.98844
123	10	0.376923
123	45	0.902547
123	65	0.599107
123	7	0.851942
123	34	0.352906
123	16	0.525119
123	49	0.829509
123	7	0.104832
123	4	0.0628064
123	54	0.815977
123	42	0.637487
123	59	0.692235
123	51	0.921446
123	9	0.0795911
123	2	0.0506784
123	30	0.77385
123	0	0.673923
123	80	0.69749
123	70	0.621122
123	17	0.866303
123	36	0.608477
123	20	0.194626
123	32	0.759716
123	78	0.644202
123	105	0.97416
123	17	0.802226
123	38	0.949599
123	9	0.276797
123	60	0.706312
123	4	0.0933907
123	22	0.817642
123	23	0.355373
123	20	0.247928
123	0	0.63899
123	115	0.970908
123	2	0.282613
123	3	0.950411
123	3	0.0821664
123	10	0.437596
123	1	0.14479
123	14	0.412819
123	57	0.687641
123	2	0.0799803
123	88	0.976547
123	40	0.412173
123	57	0.913615
123	5	0.0724459
123	20	0.818641
123	59	0.571188
123	3	0.0777015
123	24	0.307205
123	9	0.148691
123	31	0.671532
123	27	0.505308
123	38	0.858645
123	1	0.0544669
123	33	0.368165
123	69	0.627368
123	0	0.0436533
123	7	0.11027
123	34	0.456366
123	21	0.775656
123	72	0.772285
123	47	0.592574
123	14	0.168102
123	30	0.270103
123	92	0.797989
123	72	0.819739
123	12	0.372959
123	13	0.492778
123	20	0.240479
123	2	0.450833
123	64	0.562129
123	20	0.568524
123	18	0.370792
123	36	0.460117
123	24	0.362871
123	30	0.325001
123	14	0.883502
123	6	0.0855483
123	1	0.0675667
123	58	0.96818
123	18	0.438334
123	13	0.538646
123	19	0.381674
123	105	0.905221
123	2	0.0220725
123	12	0.102698
123	0	0.19974
123	67	0.969064
123	7	0.492217
123	20	0.859355
123	18	0.655557
123	22	0.810392
123	19	0.569187
123	32	0.491485
123	12	0.612533
123	47	0.810669
123	14	0.513934
123	54	0.948922
123	31	0.862475
123	18	0.549581
123	20	0.640214
123	3	0.971084
123	87	0.892715
123	14	0.400321
123	11	0.347581
123	9	0.0920231
123	2	0.511692
123	2	0.109122
123	69	0.776053
123	15	0.207695
123	32	0.538319
123	59	0.936174
123	87	0.839469
123	31	0.255027
123	17	0.472604
123	29	0.2935
123	56	0.478362
123	57	0.742261
123	84	0.852072
123	10	0.34952
123	16	0.962094
123	40	0.731218
123	107	0.918901
123	78	0.824424
123	24	0.644484
123	48	0.456424
123	73	0.976569
123	21	0.750003
123	5	0.0993846
123	25	0.204186
123	26	0.890509
123	56	0.60608
123	10	0.239211
123	3	0.774561
123	26	0.258458
123	12	0.194763
123	8	0.151963
123	1	0.100687
123	62	0.67085
123	3	0.762192
123	56	0.498637
123	20	0.885629
123	2	0.70425
123	4	0.109535
123	4	0.650315
123	34	0.564571
123	35	0.71454
123	77	0.844295
123	0	0.325329
123	1	0.0385498
123	7	0.224955
123	22	0.517095
123	103	0.918418
123	3	0.263599
123	0	0.752424
123	46	0.544078
123	15	0.158821
123	2	0.698847
123	8	0.122561
123	67	0.593642
123	23	0.201663
123	3	0.695214
123	73	0.9382
123	16	0.647679
123	24	0.42193
123	11	0.194031
123	12	0.308003
123	52	0.47603
123	83	0.751187
123	5	0.155378
123	15	0.14393
123	36	0.371985
123	6	0.295414
123	15	0.847388
123	43	0.360871
123	61	0.523344
123	0	0.906334
123	41	0.680422
123	90	0.756472
123	77	0.967224
123	64	0.813137
123	35	0.423119
123	9	0.370673
123	2	0.594988
123	12	0.460699
123	16	0.287612
123	12	0.178628
123	84	0.944816
123	15	0.211588
123	14	0.566618
123	8	0.697394
123	38	0.325059
123	6	0.135175
123	86	0.917949
123	31	0.355205
123	9	0.96685
123	8	0.425631
123	1	0.0471831
123	1	0.104459
123	5	0.232975
123	90	0.884012
123	13	0.115524
123	2	0.0319212
123	2	0.464866
123	2	0.0904483
123	13	0.121502
123	29	0.373893
123	7	0.223884
123	25	0.283513
123	36	0.666779
123	12	0.895099
123	3	0.0435485
123	72	0.885002
123	6	0.104372
123	13	0.114684
123	81	0.811406
123	4	0.802954
123	17	0.557442
123	7	0.835439
123	76	0.875371
123	5	0.955723
123	90	0.755073
123	4	0.432402
123	16	0.886907
123	67	0.571496
123	58	0.76381
123	54	0.795353
123	53	0.662456
123	0	0.0353823
123	0	0.606038
123	15	0.548568
123	34	0.361053
123	59	0.81128
123	21	0.353367
123	53	0.439649
123	36	0.491073
123	12	0.552879
123	24	0.451999
123	3	0.0253886
123	17	0.149448
123	82	0.761147
123	67	0.591692
123	8	0.466614
123	3	0.0398874
123	18	0.427882
123	83	0.961702
123	81	0.729391
123	40	0.898188
123	11	0.218665
123	9	0.133982
123	10	0.370279
123	4	0.0395274
123	23	0.979619
123	51	0.964077
123	27	0.339482
123	17	0.204866
123	8	0.0867235
123	57	0.762568
123	42	0.820668
123	18	0.190668
123	26	0.451862
123	1	0.0503306
123	26	0.694778
123	63	0.566703
123	25	0.228624
123	9	0.117048
123	12	0.178138
123	33	0.799645
123	39	0.869961
123	95	0.863558
123	9	0.0735646
123	15	0.288866
123	27	0.584212
123	50	0.543428
123	81	0.939607
123	0	0.196044
123	44	0.963258
123	35	0.284574
123	23	0.436986
123	4	0.119045
123	2	0.0231933
123	52	0.672824
123	46	0.496677
123	16	0.2853
123	71	0.672074
123	2	0.0225432
123	37	0.621836
123	97	0.826998
123	32	0.364963
123	19	0.847781
123	14	0.274955
123	4	0.133666
123	39	0.433951
123	11	0.29541
123	22	0.404564
123	73	0.6139
123	4	0.250717
123	5	0.351186
123	62	0.917187
123	69	0.692827
123	18	0.412586
123	4	0.157489
123	2	0.118475
123	85	0.963928
123	9	0.118736
123	30	0.400012
123	58	0.676151
123	2	0.0235452
123	17	0.266763
123	88	0.840805
123	2	0.975258
123	33	0.630473
123	22	0.884462
123	19	0.303555
123	59	0.69053
123	30	0.738629
123	50	0.98819
123	50	0.409193
123	25	0.405206
123	24	0.858981
123	1	0.022523
123	13	0.710297
123	11	0.28466
123	8	0.338419
123	22	0.352825
123	12	0.632506
123	6	0.23515
123	1	0.218446
123	22	0.703972
123	6	0.249557
123	76	0.627573
123	13	0.202502
123	2	0.174868
123	20	0.497256
123	28	0.449652
123	16	0.14778
123	87	0.725794
123	30	0.545167
123	17	0.182245
123	52	0.986213
123	13	0.174403
123	22	0.389872
123	7	0.0995318
123	33	0.446204
123	19	0.18108
123	32	0.911566
123	2	0.0227695
123	29	0.375415
123	27	0.258699
123	31	0.356297
123	15	0.307341
123	10	0.175121
123	16	0.84958
123	39	0.561172
123	79	0.908238
123	3	0.029237
123	90	0.887423
123	42	0.881398
123	43	0.436568
123	25	0.611157
123	12	0.373279
123	16	0.614774
123	33	0.34561
123	24	0.412391
123	21	0.423674
123	7	0.238471
123	16	0.196161
123	11	0.1458
123	7	0.0772672
123	53	0.607238
123	80	0.754615
123	5	0.252751
123	14	0.926515
123	7	0.2486
123	20	0.250495
123	58	0.977456
123	32	0.615325
123	6	0.140973
123	53	0.619545
123	3	0.21174
123	57	0.494189
123	2	0.768136
123	32	0.633377
123	50	0.633533
123	21	0.366201
123	78	0.757208
123	21	0.327859
123	47	0.862808
123	34	0.508947
123	33	0.279388
123	52	0.727808
123	27	0.72297
123	8	0.246934
123	12	0.15777
123	19	0.720726
123	95	0.907029
123	24	0.512488
123	12	0.458873
123	22	0.826407
123	52	0.887829
123	0	0.0177661
123	2	0.479363
123	38	0.462922
123	0	0.720993
123	54	0.672948
123	26	0.292404
123	6	0.0616239
123	21	0.748266
123	7	0.545826
123	82	0.935856
123	26	0.6815
123	30	0.73593
123	13	0.263342
123	9	0.584659
123	23	0.323787
123	51	0.909407
123	21	0.746167
123	1	0.0534484
123	2	0.816048
123	2	0.081673
123	19	0.308897
123	10	0.284854
123	48	0.586882
123	30	0.461024
123	16	0.152082
123	10	0.718567
123	6	0.632957
123	15	0.51983
123	77	0.717737
123	22	0.394342
123	5	0.537136
123	5	0.0590751
123	2	0.0181553
123	79	0.966335
123	58	0.674834
123	26	0.935865
123	38	0.434129
123	51	0.667502
123	45	0.965373
123	4	0.239645
123	13	0.145155
123	15	0.590509
123	71	0.742854
123	10	0.162767
123	17	0.358767
123	74	0.976919
123	31	0.858755
123	29	0.550406
123	59	0.657175
123	21	0.807113
123	28	0.536689
123	5	0.0615215
123	59	0.540897
123	4	0.0451459
123	5	0.0646939
123	22	0.538934
123	13	0.218582
123	80	0.814739
123	5	0.931008
123	10	0.315707
123	24	0.370287
123	64	0.765292
123	22	0.23888
123	36	0.86494
123	6	0.640523
123	32	0.293798
123	14	0.210652
123	3	0.425605
123	5	0.171775
123	0	0.0241255
123	21	0.477149
123	0	0.133671
123	1	0.0717811
123	67	0.82479
123	16	0.364369
123	27	0.33226
123	32	0.969232
123	16	0.163774
123	21	0.682275
123	100	0.869349
123	22	0.636647
123	0	0.0130917
123	5	0.292094
123	35	0.934601
123	22	0.569783
123	27	0.250939
123	106	0.947622
123	31	0.904574
123	75	0.924351
123	24	0.592079
123	65	0.830674
123	36	0.756783
123	97	0.850267
123	30	0.986539
123	42	0.759853
123	83	0.735438
123	12	0.564902
123	39	0.57984
123	26	0.457212
123	61	0.686862
123	33	0.634601
123	3	0.417668
123	13	0.367756
123	79	0.962941
123	7	0.402264
123	4	0.765682
123	93	0.923725
123	8	0.39632
123	24	0.210076
123	22	0.246645
123	65	0.880909
123	6	0.186127
123	40	0.386078
123	2	0.0324399
123	89	0.928669
123	1	0.293145
123	5	0.171448
123	0	0.0178678
123	12	0.120681
123	18	0.263186
123	97	0.860138
123	6	0.506162
123	3	0.0717768
123	10	0.323937
123	40	0.752753
123	6	0.209005
123	81	0.6852
123	18	0.189965
123	66	0.725588
123	47	0.565445
123	77	0.726371
123	12	0.339148
123	13	0.10886
123	10	0.209441
123	43	0.734081
123	9	0.142582
123	1	0.0604446
123	37	0.64443
123	0	0.0579557
123	13	0.374997
123	1	0.0409581
123	91	0.964545
123	72	0.766414
123	2	0.0179986
123	77	0.80642
123	48	0.589042
123	76	0.730146
123	20	0.943732
123	13	0.559254
123	45	0.565821
123	40	0.960785
123	51	0.418198
123	2	0.132199
123	32	0.766576
123	81	0.892505
123	10	0.424738
123	52	0.45665
123	16	0.338857
123	19	0.650385
123	114	0.934463
123	3	0.0634563
123	56	0.675364
123	39	0.627817
