5000
261	69	0.876828
261	94	0.49012
261	37	0.155335
261	61	0.490459
261	28	0.889118
261	80	0.676902
261	27	0.88282
261	58	0.280215
261	156	0.935656
261	34	0.198171
261	77	0.961565
261	45	0.50211
261	81	0.543161
261	61	0.987921
261	31	0.794834
261	30	0.274239
261	28	0.648576
261	147	0.890602
261	26	0.175506
261	47	0.213592
261	60	0.306145
261	190	0.801704
261	44	0.401027
261	0	0.026045
261	49	0.206739
261	156	0.604578
261	42	0.221783
261	39	0.164466
261	43	0.926268
261	3	0.130163
261	89	0.987386
261	1	0.0121176
261	109	0.603859
261	116	0.939915
261	20	0.4426
261	32	0.131123
261	63	0.914088
261	26	0.315393
261	71	0.409186
261	6	0.308428
261	59	0.527106
261	34	0.216449
261	39	0.315701
261	69	0.810963
261	98	0.48743
261	50	0.230104
261	33	0.703516
261	37	0.262514
261	85	0.41616
261	9	0.760944
261	154	0.787404
261	62	0.504525
261	17	0.635112
261	203	0.890699
261	52	0.217803
261	125	0.936816
261	24	0.411793
261	92	0.740659
261	14	0.347345
261	88	0.45808
261	87	0.443357
261	16	0.371765
261	151	0.623863
261	40	0.932498
261	108	0.758191
261	86	0.749097
261	11	0.0543655
261	61	0.242946
261	171	0.910562
261	7	0.797606
261	24	0.494105
261	133	0.800012
261	67	0.664381
261	198	0.81622
261	38	0.92667
261	5	0.0495172
261	67	0.408908
261	3	0.120204
261	105	0.697151
261	37	0.385441
261	15	0.0823241
261	11	0.135538
261	139	0.535563
261	21	0.189483
261	52	0.229928
261	5	0.74526
261	109	0.822693
261	95	0.527413
261	172	0.976897
261	84	0.346826
261	21	0.520419
261	134	0.659097
261	37	0.585824
261	2	0.0836863
261	34	0.13038
261	127	0.562505
261	66	0.492385
261	16	0.777478
261	10	0.0466632
261	93	0.587967
261	65	0.449755
261	65	0.362921
261	135	0.658997
261	122	0.473291
261	19	0.479298
261	8	0.962454
261	210	0.846571
261	14	0.549062
261	49	0.381781
261	8	0.0439467
261	80	0.710461
261	175	0.762514
261	54	0.630941
261	59	0.513363
261	60	0.51397
261	47	0.569739
261	12	0.199396
261	4	0.617744
261	41	0.50215
261	186	0.763544
261	172	0.811017
261	5	0.13782
261	4	0.635835
261	42	0.805717
261	10	0.216497
261	12	0.106924
261	70	0.273436
261	78	0.53592
261	78	0.602328
261	144	0.931032
261	101	0.525151
261	62	0.359727
261	183	0.782004
261	50	0.859587
261	6	0.612016
261	239	0.926502
261	18	0.0824215
261	13	0.260414
261	2	0.730618
261	12	0.0662903
261	39	0.45939
261	124	0.619139
261	0	0.59952
261	181	0.852099
261	154	0.646828
261	40	0.389131
261	25	0.407557
261	78	0.461515
261	75	0.430592
261	49	0.444088
261	39	0.212726
261	108	0.818739
261	218	0.918123
261	32	0.574
261	13	0.0862908
261	77	0.648747
261	57	0.565207
261	81	0.977777
261	31	0.30808
261	62	0.80807
261	93	0.454982
261	97	0.40662
261	65	0.563742
261	15	0.0845159
261	51	0.376484
261	10	0.1249
261	23	0.0920979
261	152	0.752163
261	54	0.881232
261	58	0.386632
261	39	0.423407
261	76	0.494294
261	15	0.384765
261	219	0.844388
261	24	0.121551
261	85	0.757975
261	2	0.649713
261	144	0.880594
261	27	0.517438
261	55	0.264331
261	28	0.180035
261	137	0.848644
261	11	0.857068
261	66	0.495408
261	4	0.152237
261	35	0.295703
261	10	0.130982
261	52	0.82309
261	196	0.957299
261	14	0.167049
261	88	0.87861
261	7	0.0636606
261	2	0.395973
261	62	0.368623
261	151	0.848224
261	78	0.503286
261	90	0.961717
261	29	0.41484
261	11	0.485115
261	29	0.288568
261	133	0.915871
261	2	0.0690102
261	81	0.371739
261	38	0.670644
261	104	0.765395
261	5	0.187946
261	41	0.780605
261	158	0.711568
261	87	0.390651
261	51	0.40109
261	57	0.520103
261	42	0.3931
261	20	0.105451
261	197	0.819538
261	18	0.634737
261	132	0.634609
261	130	0.855676
261	68	0.67885
261	150	0.619119
261	146	0.826645
261	13	0.117661
261	3	0.312178
261	8	0.389988
261	136	0.643572
261	13	0.975072
261	23	0.169539
261	5	0.100103
261	62	0.342289
261	13	0.238643
261	56	0.603648
261	22	0.31974
261	17	0.241853
261	68	0.453736
261	49	0.370179
261	36	0.760031
261	55	0.286432
261	2	0.317708
261	77	0.45042
261	42	0.75393
261	29	0.943722
261	44	0.171676
261	159	0.762689
261	36	0.234133
261	1	0.460507
261	12	0.352175
261	41	0.952631
261	149	0.663044
261	45	0.215177
261	49	0.306408
261	2	0.0287764
261	29	0.56764
261	1	0.212048
261	24	0.185773
261	101	0.800444
261	138	0.870796
261	18	0.499234
261	21	0.219345
261	1	0.111533
261	51	0.342584
261	20	0.142995
261	243	0.947575
261	116	0.837148
261	4	0.921466
261	85	0.500614
261	193	0.853156
261	175	0.749031
261	23	0.987471
261	215	0.900399
261	123	0.735612
261	9	0.185381
261	83	0.582464
261	98	0.647727
261	116	0.959366
261	56	0.504348
261	33	0.149111
261	148	0.883021
261	24	0.374568
261	15	0.925235
261	10	0.129193
261	83	0.509291
261	7	0.177208
261	2	0.0826683
261	50	0.212956
261	84	0.429862
261	19	0.536083
261	12	0.980422
261	2	0.0369603
261	38	0.212266
261	92	0.724573
261	134	0.870291
261	44	0.401288
261	24	0.751653
261	47	0.937662
261	148	0.883304
261	92	0.436586
261	47	0.298528
261	8	0.494208
261	31	0.630113
261	5	0.331387
261	100	0.404579
261	27	0.25536
261	126	0.688786
261	17	0.330165
261	12	0.384934
261	14	0.0769551
261	49	0.557253
261	96	0.556019
261	21	0.531803
261	74	0.30134
261	45	0.1762
261	16	0.607028
261	149	0.920284
261	87	0.600205
261	77	0.385312
261	37	0.288293
261	7	0.0844183
261	45	0.313164
261	126	0.817789
261	10	0.0937862
261	33	0.407673
261	26	0.311243
261	5	0.202057
261	1	0.0194323
261	173	0.70504
261	185	0.74221
261	103	0.672676
261	63	0.319731
261	106	0.968436
261	19	0.158608
261	164	0.934605
261	54	0.430421
261	30	0.17207
261	118	0.922481
261	85	0.613657
261	98	0.668741
261	16	0.551238
261	36	0.802772
261	15	0.11542
261	86	0.562904
261	7	0.450141
261	41	0.730554
261	94	0.372855
261	20	0.230664
261	46	0.590275
261	3	0.0121171
261	43	0.746429
261	100	0.473965
261	42	0.532378
261	118	0.858876
261	63	0.271731
261	105	0.527673
261	64	0.635606
261	1	0.165684
261	13	0.103711
261	184	0.839944
261	21	0.877758
261	80	0.401361
261	182	0.84587
261	67	0.7732
261	5	0.0212392
261	23	0.312511
261	26	0.307112
261	5	0.105058
261	15	0.220747
261	0	0.133378
261	18	0.15067
261	1	0.0674519
261	160	0.778899
261	16	0.306261
261	132	0.715995
261	39	0.384895
261	24	0.128072
261	22	0.36514
261	205	0.91629
261	18	0.241207
261	207	0.97817
261	28	0.300667
261	23	0.110262
261	134	0.579849
261	1	0.115284
261	1	0.282029
261	66	0.298885
261	181	0.762829
261	50	0.299616
261	114	0.451202
261	7	0.369975
261	7	0.565478
261	63	0.583893
261	47	0.23325
261	196	0.980232
261	0	0.368327
261	115	0.884765
261	77	0.71326
261	26	0.101679
261	73	0.291486
261	64	0.401623
261	7	0.483214
261	20	0.436237
261	40	0.345378
261	141	0.740487
261	60	0.887861
261	60	0.584606
261	34	0.283136
261	74	0.552141
261	105	0.976217
261	8	0.225434
261	8	0.0771294
261	46	0.293704
261	120	0.478505
261	202	0.889493
261	16	0.164968
261	115	0.587112
261	93	0.63436
261	65	0.253446
261	54	0.229543
261	51	0.357459
261	89	0.586659
261	43	0.28513
261	22	0.948306
261	55	0.217316
261	84	0.704652
261	19	0.665997
261	1	0.0772601
261	56	0.361198
261	160	0.65452
261	46	0.201453
261	149	0.605761
261	64	0.284823
261	25	0.552239
261	13	0.477444
261	81	0.964205
261	26	0.20488
261	167	0.78972
261	3	0.0225923
261	32	0.905663
261	68	0.671651
261	120	0.513344
261	119	0.691936
261	4	0.187912
261	78	0.808685
261	138	0.944669
261	4	0.103671
261	96	0.446413
261	181	0.722525
261	33	0.610938
261	47	0.595792
261	30	0.16085
261	5	0.63145
261	11	0.292328
261	60	0.411626
261	0	0.0781446
261	53	0.751863
261	28	0.440823
261	14	0.642505
261	112	0.577496
261	25	0.285296
261	81	0.866316
261	171	0.859872
261	16	0.264301
261	80	0.40945
261	3	0.0272678
261	129	0.647976
261	25	0.104549
261	81	0.384742
261	8	0.105815
261	4	0.0970157
261	59	0.426776
261	56	0.302613
261	1	0.0186816
261	43	0.799401
261	87	0.882603
261	63	0.91597
261	40	0.934842
261	17	0.204782
261	45	0.26017
261	2	0.218279
261	100	0.463328
261	53	0.394325
261	68	0.481095
261	17	0.0876507
261	6	0.689538
261	182	0.803136
261	36	0.631054
261	91	0.386052
261	18	0.111353
261	41	0.41895
261	38	0.755549
261	4	0.0354275
261	200	0.929044
261	0	0.0227602
261	3	0.036552
261	31	0.619401
261	22	0.136181
261	9	0.0575608
261	8	0.0593694
261	211	0.898464
261	29	0.147539
261	18	0.525886
261	15	0.661139
261	241	0.925037
261	109	0.543408
261	166	0.858669
261	167	0.873481
261	55	0.4259
261	56	0.344206
261	7	0.0663405
261	16	0.955884
261	79	0.940824
261	111	0.43803
261	26	0.976967
261	68	0.943587
261	30	0.22791
261	67	0.59111
261	31	0.586479
261	27	0.58118
261	68	0.36299
261	22	0.347009
261	129	0.932091
261	31	0.284125
261	45	0.287801
261	202	0.793209
261	44	0.286129
261	110	0.575862
261	36	0.155311
261	17	0.433647
261	65	0.312684
261	82	0.633297
261	75	0.698938
261	216	0.835158
261	65	0.942212
261	79	0.41286
261	57	0.964565
261	1	0.0365749
261	2	0.0880482
261	114	0.582908
261	24	0.775205
261	135	0.541839
261	246	0.956381
261	46	0.352551
261	100	0.637816
261	118	0.654081
261	60	0.237236
261	1	0.494135
261	28	0.547724
261	127	0.714537
261	120	0.762301
261	9	0.0912186
261	109	0.452442
261	36	0.606287
261	152	0.913538
261	33	0.242655
261	53	0.693896
261	72	0.52267
261	69	0.691251
261	37	0.24072
261	2	0.144616
261	142	0.872018
261	0	0.365613
261	58	0.607741
261	40	0.637787
261	21	0.692926
261	64	0.74618
261	145	0.572609
261	105	0.707753
261	80	0.841661
261	36	0.625922
261	74	0.56339
261	71	0.668874
261	81	0.574918
261	4	0.13893
261	160	0.88237
261	16	0.728036
261	135	0.677821
261	119	0.763252
261	63	0.745969
261	28	0.326273
261	66	0.299031
261	24	0.81206
261	16	0.69926
261	131	0.932354
261	111	0.656653
261	16	0.0704188
261	15	0.0887948
261	33	0.391343
261	120	0.52592
261	33	0.284524
261	4	0.128041
261	22	0.272264
261	32	0.169414
261	8	0.0885576
261	3	0.0527791
261	6	0.11009
261	17	0.125382
261	133	0.77066
261	2	0.0223703
261	13	0.142946
261	59	0.24795
261	27	0.305111
261	58	0.291003
261	157	0.68763
261	108	0.536317
261	13	0.144929
261	53	0.257812
261	14	0.230755
261	41	0.181227
261	29	0.36256
261	0	0.196344
261	16	0.375132
261	9	0.848639
261	155	0.719752
261	167	0.763796
261	199	0.805867
261	12	0.558421
261	39	0.968929
261	33	0.856241
261	170	0.922738
261	38	0.591561
261	30	0.12717
261	55	0.345208
261	41	0.572351
261	97	0.825568
261	112	0.436902
261	138	0.87542
261	169	0.791085
261	172	0.696533
261	39	0.192311
261	66	0.808557
261	57	0.773806
261	130	0.56892
261	66	0.988025
261	47	0.241063
261	130	0.61669
261	191	0.74253
261	76	0.894149
261	165	0.82546
261	44	0.30153
261	87	0.465207
261	120	0.804301
261	31	0.123378
261	165	0.666299
261	5	0.136316
261	137	0.562678
261	22	0.182661
261	5	0.0335796
261	31	0.673852
261	42	0.249152
261	68	0.710272
261	97	0.776992
261	164	0.744006
261	72	0.654536
261	10	0.169573
261	22	0.676599
261	72	0.95523
261	125	0.616572
261	30	0.338365
261	41	0.231172
261	20	0.523904
261	4	0.371524
261	173	0.921883
261	7	0.852034
261	42	0.190191
261	74	0.721268
261	57	0.35253
261	46	0.378824
261	47	0.357116
261	32	0.511057
261	2	0.0116336
261	75	0.33383
261	156	0.896569
261	202	0.804392
261	18	0.133243
261	24	0.829949
261	222	0.862389
261	6	0.507219
261	6	0.189444
261	85	0.3422
261	2	0.148773
261	65	0.409118
261	0	0.356999
261	27	0.197346
261	71	0.503961
261	4	0.0660277
261	82	0.688036
261	18	0.224516
261	27	0.498236
261	69	0.772637
261	47	0.802607
261	94	0.41146
261	95	0.449373
261	93	0.393902
261	18	0.144346
261	34	0.204304
261	7	0.187622
261	34	0.187151
261	186	0.975579
261	24	0.543243
261	5	0.550636
261	22	0.0929801
261	25	0.174222
261	66	0.98797
261	14	0.178904
261	22	0.472997
261	66	0.768735
261	204	0.829892
261	35	0.690264
261	7	0.0431688
261	67	0.638584
261	43	0.361409
261	10	0.330384
261	17	0.183451
261	11	0.201648
261	97	0.494893
261	203	0.888158
261	79	0.611486
261	88	0.553205
261	159	0.844579
261	34	0.790509
261	66	0.555861
261	13	0.558659
261	12	0.0683274
261	186	0.856558
261	45	0.324226
261	111	0.803316
261	132	0.732083
261	99	0.418128
261	57	0.219362
261	78	0.934642
261	57	0.441894
261	2	0.0208816
261	182	0.956186
261	49	0.825734
261	57	0.388933
261	8	0.0996841
261	15	0.313147
261	50	0.978436
261	26	0.140838
261	97	0.377263
261	150	0.600858
261	145	0.645391
261	49	0.419292
261	5	0.0328637
261	16	0.148573
261	39	0.374449
261	20	0.280796
261	111	0.792804
261	107	0.615291
261	160	0.945559
261	39	0.420107
261	92	0.378704
261	30	0.766799
261	54	0.216647
261	87	0.492446
261	96	0.73114
261	98	0.820548
261	0	0.0179369
261	21	0.238629
261	37	0.8332
261	7	0.177758
261	25	0.609161
261	25	0.692832
261	82	0.425329
261	11	0.405029
261	10	0.0600773
261	171	0.822694
261	44	0.724055
261	25	0.891526
261	44	0.522718
261	69	0.980594
261	206	0.936232
261	81	0.768334
261	24	0.346839
261	207	0.797581
261	2	0.242203
261	145	0.661158
261	52	0.753046
261	20	0.100166
261	206	0.925045
261	47	0.236421
261	10	0.0858748
261	6	0.429927
261	18	0.303293
261	125	0.628964
261	164	0.646092
261	14	0.240269
261	77	0.747904
261	0	0.0108973
261	29	0.156777
261	3	0.0624763
261	15	0.130993
261	10	0.815693
261	85	0.476401
261	97	0.595985
261	1	0.0199703
261	67	0.84749
261	198	0.804047
261	11	0.347134
261	168	0.648977
261	6	0.28429
261	35	0.164846
261	122	0.652945
261	23	0.299518
261	28	0.76321
261	28	0.872616
261	4	0.0272605
261	119	0.495001
261	11	0.136467
261	18	0.0737766
261	81	0.939974
261	46	0.425042
261	149	0.86703
261	90	0.642359
261	161	0.636702
261	11	0.146069
261	64	0.695505
261	34	0.168335
261	29	0.134535
261	7	0.0851377
261	82	0.549961
261	179	0.823855
261	128	0.978767
261	11	0.147334
261	66	0.461245
261	106	0.479943
261	28	0.259485
261	98	0.487009
261	1	0.0546203
261	69	0.507126
261	8	0.586263
261	78	0.416729
261	93	0.76544
261	0	0.412872
261	17	0.127319
261	9	0.0877926
261	0	0.26424
261	74	0.541047
261	142	0.626401
261	27	0.475821
261	8	0.965752
261	3	0.422394
261	51	0.463917
261	92	0.477197
261	108	0.470497
261	5	0.371006
261	39	0.740667
261	8	0.63034
261	31	0.12755
261	67	0.353756
261	156	0.71985
261	51	0.72806
261	125	0.649249
261	134	0.72175
261	18	0.823686
261	6	0.259967
261	25	0.163759
261	21	0.122973
261	59	0.812301
261	126	0.885701
261	2	0.0425122
261	100	0.676958
261	4	0.746486
261	0	0.508333
261	0	0.0378633
261	5	0.0263568
261	135	0.695178
261	3	0.10045
261	136	0.673924
261	77	0.960863
261	30	0.313057
261	8	0.0890307
261	123	0.56408
261	14	0.895116
261	58	0.767374
261	113	0.713063
261	126	0.615661
261	90	0.468746
261	53	0.661303
261	120	0.783675
261	9	0.129927
261	194	0.953207
261	99	0.764409
261	95	0.751253
261	8	0.470719
261	74	0.510703
261	93	0.916727
261	60	0.406401
261	57	0.746705
261	96	0.753142
261	10	0.129618
261	41	0.415934
261	10	0.0421888
261	164	0.69249
261	157	0.734418
261	119	0.961027
261	2	0.414111
261	0	0.11044
261	69	0.540554
261	19	0.105714
261	28	0.176804
261	22	0.821315
261	9	0.0932343
261	67	0.486819
261	4	0.0184775
261	42	0.413697
261	130	0.665636
261	76	0.635203
261	39	0.386175
261	189	0.792212
261	28	0.193552
261	82	0.845432
261	181	0.864191
261	68	0.87284
261	105	0.942356
261	132	0.510105
261	24	0.506376
261	101	0.541508
261	1	0.096542
261	25	0.298188
261	69	0.863505
261	14	0.0658316
261	1	0.030195
261	18	0.87247
261	78	0.925835
261	28	0.731399
261	147	0.666402
261	12	0.131738
261	156	0.922239
261	149	0.789647
261	26	0.606518
261	117	0.686333
261	10	0.289062
261	23	0.286048
261	69	0.808607
261	124	0.737325
261	18	0.124513
261	140	0.728706
261	48	0.297183
261	135	0.682722
261	90	0.565068
261	27	0.137129
261	64	0.430109
261	5	0.290757
261	70	0.489046
261	205	0.933619
261	142	0.611035
261	53	0.291579
261	12	0.0952419
261	33	0.492526
261	39	0.213873
261	7	0.616729
261	24	0.27182
261	30	0.156518
261	32	0.333937
261	92	0.454759
261	60	0.494874
261	44	0.266968
261	86	0.940241
261	18	0.178357
261	174	0.706726
261	24	0.0988108
261	82	0.363446
261	4	0.0814342
261	24	0.412842
261	118	0.515635
261	105	0.93051
261	10	0.284307
261	57	0.963113
261	42	0.6063
261	74	0.863745
261	57	0.262656
261	29	0.728845
261	84	0.847536
261	81	0.720515
261	73	0.757958
261	19	0.153713
261	21	0.130408
261	24	0.146864
261	105	0.816137
261	134	0.58274
261	40	0.253902
261	22	0.41857
261	14	0.618688
261	91	0.653112
261	42	0.581874
261	10	0.312812
261	96	0.426741
261	155	0.744529
261	135	0.926325
261	124	0.486717
261	6	0.542982
261	13	0.0510673
261	26	0.265182
261	99	0.846958
261	4	0.736095
261	28	0.143797
261	83	0.776271
261	71	0.361293
261	42	0.877089
261	52	0.702573
261	156	0.80665
261	135	0.692605
261	90	0.448532
261	62	0.515139
261	24	0.171631
261	73	0.347568
261	1	0.0290094
261	61	0.390724
261	14	0.0544828
261	58	0.448764
261	18	0.0730341
261	174	0.719557
261	7	0.965303
261	100	0.547111
261	16	0.945664
261	154	0.878306
261	127	0.608302
261	0	0.803391
261	22	0.128825
261	52	0.280376
261	94	0.562567
261	58	0.534306
261	159	0.672203
261	95	0.403148
261	4	0.838515
261	34	0.245029
261	133	0.84923
261	16	0.0997174
261	5	0.686562
261	43	0.506893
261	108	0.433206
261	47	0.223187
261	32	0.848717
261	77	0.797689
261	26	0.933447
261	190	0.895636
261	100	0.600841
261	1	0.087203
261	60	0.237167
261	65	0.518665
261	30	0.607722
261	24	0.107459
261	120	0.946752
261	40	0.165559
261	35	0.267911
261	173	0.759235
261	24	0.306546
261	129	0.837495
261	158	0.780858
261	39	0.301601
261	11	0.183825
261	86	0.410242
261	80	0.891183
261	63	0.564624
261	32	0.408948
261	5	0.0433687
261	71	0.355598
261	94	0.492212
261	178	0.944417
261	7	0.447142
261	4	0.223024
261	30	0.135175
261	108	0.691197
261	50	0.64686
261	119	0.569461
261	35	0.367824
261	133	0.512303
261	38	0.152551
261	109	0.944733
261	49	0.223335
261	2	0.0465871
261	21	0.267667
261	126	0.576873
261	49	0.437137
261	11	0.462165
261	64	0.289064
261	92	0.84981
261	75	0.340133
261	21	0.107879
261	21	0.716875
261	25	0.566156
261	95	0.861537
261	6	0.114912
261	54	0.486354
261	117	0.523498
261	88	0.586841
261	39	0.692841
261	146	0.69384
261	20	0.263389
261	41	0.279149
261	19	0.12327
261	9	0.24118
261	71	0.737999
261	72	0.432367
261	47	0.18055
261	51	0.605265
261	189	0.85592
261	30	0.733551
261	19	0.767516
261	42	0.362895
261	78	0.930236
261	163	0.941981
261	0	0.0271154
261	210	0.889663
261	43	0.646228
261	83	0.730788
261	84	0.78127
261	18	0.226451
261	121	0.51261
261	86	0.63612
261	208	0.927901
261	74	0.633216
261	109	0.575347
261	67	0.297114
261	4	0.233094
261	2	0.0972344
261	25	0.118589
261	1	0.183521
261	43	0.229791
261	66	0.394448
261	32	0.251273
261	178	0.79701
261	153	0.937399
261	7	0.714379
261	108	0.548065
261	89	0.484778
261	25	0.133106
261	64	0.586896
261	82	0.459907
261	49	0.300013
261	1	0.0638269
261	28	0.209796
261	2	0.022547
261	1	0.271279
261	143	0.69944
261	121	0.887922
261	27	0.263472
261	1	0.911438
261	2	0.463417
261	46	0.248097
261	73	0.517817
261	62	0.494542
261	35	0.274007
261	38	0.292229
261	26	0.868774
261	30	0.126296
261	27	0.878599
261	155	0.857893
261	30	0.238006
261	100	0.542214
261	13	0.110777
261	5	0.0251228
261	38	0.775693
261	4	0.284433
261	33	0.546328
261	136	0.647443
261	42	0.456224
261	14	0.273879
261	8	0.145347
261	18	0.74599
261	8	0.0627994
261	107	0.774224
261	9	0.117146
261	78	0.803227
261	18	0.0857135
261	61	0.796323
261	71	0.342601
261	61	0.645515
261	34	0.133102
261	5	0.219979
261	13	0.128408
261	9	0.0486394
261	124	0.600393
261	132	0.885133
261	98	0.462575
261	87	0.865868
261	10	0.149971
261	160	0.903763
261	13	0.101807
261	23	0.548536
261	84	0.764357
261	41	0.358846
261	67	0.847082
261	3	0.0702745
261	66	0.749574
261	123	0.657027
261	40	0.365425
261	83	0.512846
261	106	0.6575
261	199	0.935115
261	92	0.453888
261	6	0.505698
261	45	0.244888
261	16	0.215285
261	83	0.666235
261	14	0.0755621
261	51	0.226067
261	12	0.685365
261	9	0.172822
261	14	0.0806541
261	53	0.375855
261	71	0.354493
261	23	0.28879
261	4	0.188649
261	65	0.474753
261	1	0.0462913
261	37	0.477225
261	188	0.827468
261	1	0.0214302
261	66	0.51651
261	111	0.502648
261	46	0.658718
261	38	0.928077
261	40	0.757807
261	36	0.411003
261	8	0.392825
261	91	0.873545
261	184	0.85535
261	56	0.38631
261	57	0.320246
261	32	0.159923
261	184	0.901864
261	120	0.79873
261	8	0.565994
261	55	0.554903
261	98	0.508679
261	102	0.483839
261	175	0.828545
261	16	0.599888
261	17	0.195591
261	52	0.752965
261	8	0.0446673
261	85	0.489663
261	195	0.975353
261	4	0.198758
261	91	0.846224
261	128	0.675807
261	119	0.495315
261	14	0.0690221
261	47	0.872628
261	5	0.70589
261	34	0.619988
261	4	0.316545
261	20	0.138979
261	108	0.754885
261	61	0.833489
261	0	0.23218
261	67	0.605616
261	34	0.295448
261	12	0.17003
261	20	0.570905
261	96	0.742652
261	9	0.056045
261	236	0.954251
261	32	0.666549
261	26	0.760903
261	115	0.852539
261	5	0.0823638
261	66	0.417495
261	116	0.59355
261	50	0.613518
261	103	0.791746
261	99	0.811375
261	30	0.256623
261	0	0.0810734
261	39	0.923503
261	84	0.973102
261	48	0.335074
261	27	0.266564
261	17	0.561036
261	120	0.522491
261	4	0.0172939
261	57	0.33329
261	27	0.378707
261	72	0.674512
261	12	0.110231
261	93	0.523583
261	49	0.594235
261	7	0.103328
261	79	0.496124
261	106	0.620672
261	9	0.77887
261	59	0.251144
261	32	0.963581
261	4	0.0533509
261	74	0.714679
261	38	0.2169
261	79	0.779443
261	33	0.324925
261	23	0.407887
261	11	0.101923
261	33	0.267013
261	40	0.38571
261	34	0.316032
261	17	0.183242
261	105	0.404178
261	105	0.692684
261	20	0.0908167
261	243	0.975612
261	18	0.0903972
261	22	0.118612
261	86	0.367897
261	43	0.615563
261	33	0.227773
261	57	0.69143
261	168	0.767668
261	29	0.155442
261	109	0.419318
261	1	0.0194148
261	185	0.808387
261	68	0.292432
261	23	0.664603
261	61	0.658557
261	5	0.0947013
261	227	0.881759
261	45	0.316406
261	231	0.902959
261	203	0.865615
261	165	0.748959
261	0	0.0481402
261	53	0.646
261	104	0.619823
261	112	0.804787
261	8	0.0565946
261	190	0.792246
261	52	0.605886
261	85	0.555001
261	77	0.93211
261	68	0.604032
261	95	0.963477
261	235	0.90039
261	27	0.22219
261	167	0.8589
261	0	0.0191441
261	138	0.857813
261	233	0.963331
261	169	0.724564
261	153	0.6022
261	3	0.145486
261	21	0.12622
261	57	0.591343
261	110	0.789695
261	9	0.692553
261	3	0.029269
261	123	0.611385
261	115	0.562126
261	52	0.61572
261	131	0.517669
261	46	0.354732
261	48	0.539926
261	2	0.860134
261	22	0.140772
261	86	0.562374
261	58	0.26273
261	68	0.67832
261	161	0.907075
261	16	0.272777
261	161	0.772611
261	9	0.0726125
261	172	0.711926
261	59	0.339167
261	30	0.201736
261	35	0.317969
261	2	0.10359
261	57	0.633018
261	52	0.629605
261	20	0.797828
261	83	0.702055
261	54	0.925698
261	22	0.204072
261	5	0.276666
261	63	0.309536
261	61	0.311737
261	74	0.30352
261	13	0.841636
261	226	0.973192
261	136	0.767017
261	6	0.293301
261	117	0.723623
261	28	0.231291
261	9	0.84674
261	83	0.939883
261	143	0.909362
261	12	0.0769133
261	41	0.177972
261	128	0.837284
261	21	0.246389
261	10	0.771612
261	147	0.782219
261	144	0.822851
261	27	0.108146
261	108	0.526405
261	161	0.864111
261	46	0.243182
261	128	0.636905
261	31	0.140781
261	158	0.913481
261	8	0.30747
261	16	0.125987
261	80	0.492303
261	24	0.241735
261	39	0.476942
261	15	0.0735533
261	4	0.739465
261	28	0.336811
261	21	0.256373
261	19	0.0889687
261	6	0.334291
261	34	0.138253
261	79	0.794015
261	76	0.293611
261	143	0.632274
261	13	0.063801
261	18	0.803196
261	114	0.521903
261	78	0.303166
261	35	0.437269
261	79	0.614564
261	9	0.591788
261	149	0.940441
261	106	0.852131
261	0	0.03114
261	92	0.520327
261	48	0.195143
261	3	0.0647661
261	131	0.736146
261	41	0.649087
261	119	0.488126
261	144	0.713624
261	1	0.592002
261	120	0.802862
261	238	0.923171
261	36	0.367134
261	5	0.17404
261	37	0.174579
261	46	0.25704
261	8	0.0383193
261	219	0.944554
261	2	0.798807
261	23	0.74141
261	34	0.15649
261	79	0.961487
261	34	0.429502
261	52	0.798209
261	56	0.384604
261	103	0.4814
261	6	0.217649
261	50	0.633499
261	20	0.390529
261	40	0.933065
261	0	0.275043
261	149	0.840037
261	45	0.238216
261	22	0.132368
261	71	0.300616
261	14	0.700847
261	57	0.245171
261	3	0.0631624
261	19	0.164261
261	1	0.727403
261	80	0.318762
261	179	0.758828
261	31	0.158684
261	7	0.804592
261	104	0.595639
261	115	0.576188
261	236	0.948975
261	6	0.510097
261	133	0.711333
261	0	0.115535
261	50	0.551846
261	74	0.964195
261	253	0.983174
261	48	0.5534
261	20	0.38935
261	8	0.174329
261	79	0.326639
261	18	0.109921
261	41	0.712621
261	90	0.768219
261	2	0.203833
261	43	0.189807
261	11	0.247774
261	30	0.625843
261	18	0.463855
261	89	0.410919
261	13	0.0737045
261	18	0.227379
261	3	0.962935
261	8	0.0840015
261	89	0.9168
261	34	0.203904
261	47	0.271149
261	57	0.744513
261	0	0.0438409
261	101	0.525127
261	28	0.76328
261	94	0.48188
261	11	0.120492
261	31	0.298428
261	12	0.332184
261	40	0.32554
261	110	0.80203
261	55	0.300009
261	118	0.890131
261	13	0.23445
261	87	0.367543
261	5	0.149125
261	41	0.600017
261	59	0.565836
261	39	0.279058
261	186	0.954697
261	147	0.581558
261	163	0.675629
261	52	0.935624
261	19	0.267396
261	23	0.89261
261	40	0.672561
261	153	0.841817
261	9	0.805204
261	1	0.447031
261	16	0.06187
261	140	0.753731
261	88	0.707155
261	35	0.526095
261	21	0.324757
261	20	0.108348
261	80	0.923589
261	185	0.847972
261	22	0.181342
261	84	0.75284
261	3	0.224842
261	148	0.799229
261	11	0.293404
261	37	0.192967
261	24	0.376947
261	9	0.134835
261	79	0.576468
261	11	0.856793
261	43	0.256246
261	41	0.581567
261	161	0.730682
261	33	0.258829
261	208	0.898328
261	213	0.846569
261	11	0.920342
261	9	0.365658
261	51	0.232161
261	98	0.414142
261	25	0.702419
261	119	0.569115
261	81	0.701938
261	51	0.652631
261	64	0.510798
261	74	0.683101
261	96	0.844087
261	233	0.984982
261	34	0.575977
261	130	0.98024
261	61	0.495687
261	27	0.676982
261	73	0.714292
261	94	0.365102
261	79	0.328382
261	168	0.890883
261	144	0.593611
261	44	0.358431
261	126	0.731895
261	170	0.86582
261	0	0.08388
261	152	0.662156
261	18	0.25973
261	127	0.656922
261	144	0.758619
261	141	0.735918
261	21	0.253084
261	230	0.933822
261	197	0.949282
261	5	0.704304
261	83	0.472973
261	172	0.818665
261	44	0.805784
261	0	0.0247545
261	42	0.272907
261	156	0.757811
261	13	0.0545963
261	123	0.491267
261	172	0.858625
261	6	0.932638
261	114	0.814676
261	2	0.48439
261	139	0.59432
261	173	0.715996
261	13	0.172221
261	178	0.937777
261	22	0.311732
261	97	0.575717
261	115	0.518407
261	129	0.537483
261	45	0.924695
261	36	0.376887
261	106	0.822096
261	33	0.33061
261	10	0.904528
261	25	0.324612
261	17	0.318082
261	57	0.568531
261	93	0.633606
261	66	0.351034
261	95	0.443255
261	173	0.844516
261	24	0.0967112
261	152	0.725555
261	66	0.407077
261	139	0.594916
261	77	0.583297
261	12	0.100851
261	13	0.173512
261	135	0.546018
261	32	0.300747
261	37	0.333248
261	18	0.311015
261	24	0.504278
261	60	0.358892
261	123	0.929698
261	3	0.323125
261	13	0.276273
261	32	0.320295
261	2	0.337029
261	28	0.139981
261	43	0.27661
261	13	0.469373
261	22	0.466032
261	17	0.451898
261	17	0.0702187
261	21	0.17668
261	139	0.599277
261	13	0.188024
261	119	0.890923
261	99	0.495239
261	0	0.337982
261	41	0.637274
261	93	0.656861
261	196	0.915782
261	113	0.748787
261	50	0.309973
261	9	0.375769
261	27	0.230046
261	18	0.734493
261	0	0.01201
261	27	0.378783
261	38	0.762713
261	103	0.465829
261	92	0.398556
261	7	0.183122
261	29	0.554812
261	97	0.9039
261	79	0.769837
261	3	0.263665
261	15	0.0841122
261	168	0.736854
261	19	0.482017
261	13	0.15798
261	171	0.68273
261	7	0.0676745
261	96	0.416672
261	227	0.966037
261	4	0.0611203
261	167	0.799246
261	14	0.543925
261	96	0.854805
261	20	0.277261
261	116	0.922235
261	50	0.247201
261	39	0.826422
261	67	0.288203
261	198	0.84238
261	98	0.561402
261	65	0.441256
261	5	0.245803
261	16	0.587034
261	224	0.866811
261	166	0.799035
261	83	0.904761
261	20	0.13458
261	50	0.878616
261	26	0.120377
261	188	0.758938
261	52	0.305346
261	12	0.246031
261	70	0.826179
261	48	0.251664
261	210	0.925586
261	226	0.9879
261	46	0.869556
261	123	0.49784
261	16	0.108207
261	139	0.831208
261	12	0.154304
261	43	0.345996
261	95	0.490776
261	50	0.486135
261	100	0.702433
261	80	0.368524
261	17	0.779793
261	139	0.676342
261	104	0.669791
261	39	0.377703
261	97	0.398694
261	19	0.127849
261	84	0.91999
261	88	0.457058
261	77	0.683538
261	93	0.82936
261	6	0.0952303
261	35	0.29274
261	46	0.735727
261	44	0.694974
261	15	0.114178
261	0	0.341941
261	32	0.756278
261	200	0.896818
261	43	0.984869
261	15	0.169518
261	64	0.662024
261	30	0.487003
261	35	0.818678
261	4	0.556149
261	43	0.619846
261	10	0.595868
261	21	0.515409
261	66	0.578543
261	27	0.120991
261	49	0.21969
261	13	0.772829
261	148	0.97233
261	51	0.313537
261	2	0.0381743
261	41	0.588119
261	58	0.298453
261	7	0.130446
261	119	0.595384
261	125	0.560581
261	5	0.0545198
261	6	0.0872241
261	10	0.0496931
261	100	0.746788
261	108	0.679708
261	102	0.868977
261	48	0.221784
261	7	0.318554
261	20	0.520119
261	61	0.537891
261	8	0.0415585
261	51	0.47365
261	24	0.397944
261	42	0.295799
261	8	0.330968
261	64	0.358518
261	13	0.0685056
261	0	0.0335065
261	74	0.926165
261	49	0.484779
261	147	0.795439
261	44	0.704419
261	29	0.634553
261	15	0.853631
261	93	0.708091
261	5	0.105938
261	0	0.932974
261	34	0.903474
261	119	0.640414
261	20	0.528699
261	77	0.305301
261	139	0.564474
261	65	0.677808
261	24	0.779886
261	51	0.780308
261	168	0.849048
261	65	0.908467
261	142	0.816746
261	11	0.107294
261	51	0.210938
261	52	0.288827
261	51	0.541332
261	56	0.52694
261	5	0.403496
261	21	0.124723
261	27	0.232727
261	159	0.635316
261	16	0.154755
261	7	0.27367
261	61	0.542734
261	22	0.151585
261	116	0.826032
261	153	0.794355
261	73	0.434119
261	77	0.395026
261	149	0.944358
261	27	0.364109
261	5	0.023397
261	146	0.587535
261	4	0.0539935
261	79	0.408664
261	23	0.166626
261	31	0.210468
261	20	0.177793
261	8	0.0575266
261	132	0.605998
261	156	0.711355
261	36	0.217759
261	2	0.0268585
261	26	0.115632
261	9	0.108124
261	59	0.313082
261	15	0.931575
261	32	0.519712
261	241	0.931162
261	32	0.690275
261	9	0.606693
261	206	0.795037
261	0	0.0373133
261	21	0.800302
261	7	0.0649492
261	23	0.111245
261	3	0.113492
261	181	0.970994
261	134	0.750048
261	18	0.10224
261	36	0.158669
261	60	0.818652
261	78	0.851501
261	2	0.051225
261	38	0.254952
261	26	0.148146
261	30	0.153451
261	136	0.901278
261	130	0.914879
261	87	0.388025
261	19	0.564202
261	21	0.605328
261	24	0.27671
261	92	0.588265
261	91	0.506232
261	50	0.381692
261	31	0.460622
261	29	0.144959
261	134	0.670033
261	47	0.290944
261	63	0.457172
261	66	0.942473
261	192	0.83891
261	142	0.775457
261	145	0.603348
261	15	0.0597404
261	87	0.506121
261	27	0.210028
261	16	0.0726575
261	41	0.686123
261	58	0.489051
261	107	0.641468
261	41	0.393374
261	103	0.461256
261	155	0.913277
261	5	0.362413
261	157	0.711791
261	31	0.661174
261	67	0.43804
261	67	0.482309
261	11	0.353164
261	19	0.0977494
261	31	0.123106
261	38	0.736591
261	12	0.065539
261	2	0.0584909
261	31	0.469291
261	220	0.845519
261	161	0.718156
261	60	0.569599
261	113	0.550311
261	0	0.540673
261	12	0.503258
261	173	0.968708
261	156	0.813707
261	64	0.854142
261	140	0.786503
261	162	0.727376
261	98	0.770593
261	246	0.964053
261	231	0.94574
261	109	0.5529
261	131	0.508274
261	150	0.610812
261	150	0.576119
261	25	0.235723
261	53	0.40414
261	58	0.59573
261	42	0.425295
261	50	0.258171
261	24	0.230334
261	154	0.97216
261	75	0.800428
261	117	0.529825
261	30	0.930836
261	12	0.707227
261	40	0.987787
261	53	0.464379
261	54	0.234513
261	8	0.848964
261	96	0.537904
261	84	0.741066
261	40	0.376061
261	17	0.797694
261	38	0.567099
261	37	0.316881
261	100	0.943789
261	2	0.0394917
261	34	0.176026
261	62	0.393951
261	96	0.828781
261	46	0.22862
261	39	0.299646
261	48	0.591863
261	15	0.970547
261	62	0.251008
261	10	0.316988
261	36	0.299195
261	42	0.335724
261	110	0.537535
261	191	0.813697
261	21	0.591517
261	6	0.06258
261	95	0.803273
261	43	0.343108
261	15	0.83399
261	80	0.779198
261	39	0.30247
261	78	0.592388
261	21	0.117659
261	161	0.867872
261	7	0.0320329
261	173	0.713559
261	55	0.525396
261	98	0.547437
261	116	0.978443
261	120	0.667775
261	84	0.727401
261	26	0.221913
261	63	0.949957
261	117	0.779136
261	15	0.135512
261	150	0.958129
261	26	0.32277
261	111	0.486518
261	8	0.0762038
261	0	0.042741
261	170	0.942121
261	75	0.412847
261	1	0.0346622
261	78	0.94396
261	1	0.459554
261	95	0.743655
261	6	0.0561347
261	144	0.898838
261	18	0.09851
261	111	0.866243
261	4	0.0554322
261	25	0.148827
261	78	0.668495
261	3	0.128632
261	0	0.598709
261	36	0.532499
261	11	0.187419
261	14	0.49918
261	6	0.0248167
261	42	0.367734
261	11	0.290136
261	31	0.137508
261	159	0.874078
261	13	0.430689
261	9	0.18887
261	19	0.454606
261	92	0.764359
261	38	0.881636
261	37	0.468996
261	127	0.904387
261	5	0.247056
261	152	0.695201
261	16	0.45065
261	35	0.569199
261	60	0.307538
261	28	0.25313
261	103	0.651136
261	36	0.249887
261	64	0.713702
261	45	0.715411
261	0	0.232708
261	53	0.36864
261	8	0.0695248
261	26	0.856688
261	182	0.804406
261	6	0.0813359
261	28	0.234113
261	152	0.786997
261	58	0.67243
261	7	0.0312106
261	91	0.392394
261	132	0.619947
261	34	0.469509
261	13	0.157614
261	165	0.77239
261	61	0.395048
261	44	0.547154
261	52	0.593113
261	130	0.806375
261	5	0.0281807
261	6	0.0501133
261	67	0.265742
261	28	0.177693
261	64	0.752389
261	21	0.100838
261	65	0.71356
261	69	0.63691
261	19	0.786078
261	20	0.0789078
261	8	0.215614
261	14	0.0976347
261	107	0.47855
261	25	0.103897
261	88	0.756986
261	12	0.0532687
261	20	0.179296
261	176	0.814368
261	12	0.473647
261	54	0.272416
261	125	0.520259
261	46	0.588312
261	15	0.935088
261	214	0.979301
261	8	0.0503947
261	75	0.548054
261	3	0.27263
261	44	0.242852
261	201	0.850565
261	63	0.310416
261	44	0.854125
261	19	0.812893
261	8	0.464798
261	8	0.160604
261	47	0.356672
261	138	0.659034
261	41	0.9771
261	71	0.725047
261	87	0.356159
261	30	0.394825
261	23	0.0895213
261	43	0.219339
261	50	0.205924
261	14	0.147042
261	168	0.764564
261	45	0.798689
261	113	0.664642
261	25	0.65535
261	18	0.398965
261	66	0.465723
261	151	0.892474
261	8	0.0963136
261	15	0.619431
261	62	0.648208
261	20	0.354537
261	50	0.219438
261	15	0.451413
261	7	0.416646
261	0	0.193663
261	35	0.459678
261	148	0.623491
261	134	0.518667
261	17	0.0768508
261	164	0.694794
261	6	0.0919775
261	16	0.792145
261	39	0.275486
261	233	0.95421
261	52	0.27846
261	71	0.281224
261	10	0.114284
261	54	0.247098
261	19	0.114879
261	82	0.63597
261	11	0.705753
261	1	0.0216602
261	7	0.0620555
261	69	0.541823
261	51	0.531976
261	134	0.829596
261	63	0.801337
261	29	0.137577
261	28	0.55907
261	5	0.177295
261	5	0.104914
261	33	0.163795
261	22	0.0982108
261	196	0.88132
261	142	0.723293
261	32	0.169879
261	129	0.668989
261	128	0.526012
261	136	0.726515
261	71	0.295567
261	149	0.954181
261	78	0.609982
261	182	0.972615
261	32	0.391088
261	62	0.840465
261	45	0.696956
261	111	0.583482
261	122	0.479403
261	22	0.550976
261	96	0.479857
261	144	0.706335
261	14	0.388867
261	151	0.62983
261	18	0.347086
261	3	0.0888739
261	9	0.466092
261	220	0.963339
261	60	0.482341
261	15	0.0580801
261	26	0.358897
261	136	0.641691
261	12	0.30443
261	167	0.919937
261	43	0.606407
261	51	0.976773
261	18	0.0929209
261	49	0.282122
261	14	0.292661
261	18	0.216161
261	107	0.982625
261	169	0.694372
261	25	0.138674
261	13	0.952211
261	12	0.32348
261	138	0.885354
261	18	0.275703
261	0	0.0812999
261	5	0.0328346
261	46	0.302641
261	44	0.270157
261	157	0.684133
261	10	0.44554
261	102	0.543009
261	54	0.90763
261	0	0.0796564
261	216	0.962649
261	36	0.63185
261	6	0.271714
261	151	0.601489
261	173	0.665874
261	35	0.842806
261	106	0.728091
261	78	0.441463
261	53	0.657506
261	18	0.670537
261	1	0.0140312
261	24	0.899828
261	78	0.9577
261	39	0.589095
261	242	0.9364
261	24	0.846315
261	114	0.634117
261	69	0.777695
261	29	0.132213
261	66	0.521006
261	76	0.352046
261	85	0.719812
261	35	0.674251
261	69	0.985757
261	158	0.680306
261	77	0.603728
261	25	0.620057
261	2	0.173321
261	34	0.237773
261	33	0.202981
261	14	0.326184
261	166	0.753922
261	3	0.0329556
261	24	0.356518
261	18	0.584598
261	9	0.152005
261	18	0.257078
261	4	0.816637
261	15	0.349752
261	29	0.611168
261	78	0.875739
261	99	0.495511
261	211	0.82796
261	6	0.0245125
261	172	0.978672
261	26	0.13727
261	32	0.735348
261	10	0.4565
261	10	0.132864
261	202	0.957884
261	123	0.851184
261	39	0.678598
261	148	0.701862
261	74	0.520705
261	12	0.113212
261	31	0.576329
261	162	0.748776
261	132	0.589797
261	53	0.248468
261	54	0.445682
261	12	0.0499461
261	81	0.402536
261	28	0.281967
261	58	0.28955
261	67	0.379332
261	72	0.869206
261	0	0.122944
261	27	0.122188
261	9	0.0914989
261	17	0.573476
261	24	0.495738
261	7	0.805843
261	27	0.578622
261	108	0.460064
261	6	0.139271
261	16	0.327215
261	77	0.708134
261	13	0.526136
261	12	0.120107
261	12	0.18989
261	56	0.888577
261	2	0.0124381
261	160	0.749167
261	163	0.789476
261	35	0.251811
261	0	0.0101027
261	81	0.957378
261	11	0.114112
261	57	0.556075
261	181	0.739524
261	77	0.65446
261	55	0.279752
261	4	0.0191351
261	71	0.693474
261	44	0.495645
261	40	0.714767
261	17	0.369647
261	10	0.386629
261	1	0.484975
261	66	0.329404
261	80	0.569027
261	47	0.562821
261	106	0.481991
261	23	0.722131
261	2	0.0112811
261	60	0.835238
261	222	0.989077
261	119	0.468694
261	24	0.763064
261	93	0.457342
261	4	0.222369
261	166	0.805919
261	20	0.078117
261	34	0.623443
261	168	0.965772
261	74	0.678798
261	71	0.824347
261	9	0.518605
261	11	0.333453
261	30	0.888241
261	54	0.303147
261	14	0.106501
261	29	0.54774
261	105	0.463197
261	109	0.458207
261	95	0.437301
261	69	0.605955
261	188	0.775202
261	64	0.529215
261	26	0.215224
261	3	0.668492
261	96	0.616386
261	12	0.748386
261	21	0.0883241
261	82	0.478899
261	96	0.698396
261	100	0.600709
261	15	0.536173
261	51	0.219349
261	7	0.0605785
261	16	0.123381
261	74	0.683083
261	108	0.618464
261	26	0.195577
261	0	0.0424615
261	175	0.704935
261	53	0.292107
261	41	0.966999
261	59	0.298686
261	182	0.777447
261	29	0.976188
261	44	0.961156
261	3	0.0132843
261	2	0.58074
261	65	0.433347
261	95	0.729076
261	8	0.610987
261	42	0.50426
261	13	0.191863
261	231	0.891364
261	49	0.500159
261	14	0.0946483
261	16	0.634523
261	4	0.563439
261	140	0.929116
261	10	0.0739506
261	56	0.438746
261	137	0.918498
261	87	0.507217
261	28	0.7662
261	143	0.806048
261	0	0.0444876
261	128	0.778028
261	5	0.0661494
261	68	0.5364
261	46	0.314124
261	192	0.867939
261	2	0.0327207
261	59	0.519591
261	41	0.404106
261	22	0.137524
261	80	0.568672
261	59	0.312303
261	8	0.17008
261	53	0.328249
261	11	0.282564
261	12	0.265779
261	124	0.618842
261	58	0.699087
261	28	0.606704
261	142	0.549377
261	125	0.613107
261	189	0.848859
261	32	0.581583
261	25	0.30869
261	49	0.498801
261	26	0.132936
261	24	0.0943542
261	20	0.848076
261	112	0.897134
261	27	0.666624
261	29	0.4781
261	2	0.114906
261	59	0.457671
261	197	0.785247
261	62	0.284071
261	114	0.739478
261	2	0.345056
261	18	0.207084
261	63	0.35917
261	7	0.475323
261	97	0.679363
261	152	0.687183
261	82	0.765095
261	2	0.804328
261	0	0.0130571
261	90	0.394995
261	33	0.269798
261	19	0.784321
261	38	0.204522
261	122	0.666826
261	208	0.812902
261	26	0.255923
261	86	0.861991
261	213	0.852333
261	178	0.758117
261	33	0.810326
261	61	0.33595
261	11	0.231682
261	33	0.506
261	8	0.116961
261	65	0.598236
261	70	0.324748
261	27	0.907326
261	117	0.455187
261	14	0.395644
261	17	0.398764
261	93	0.643698
261	73	0.40456
261	12	0.582605
261	103	0.856049
261	90	0.407529
261	53	0.812145
261	56	0.485517
261	64	0.318196
261	175	0.795809
261	75	0.326539
261	9	0.385258
261	1	0.711717
261	5	0.124568
261	8	0.504145
261	28	0.654698
261	88	0.50167
261	108	0.444688
261	167	0.734985
261	66	0.567404
261	107	0.497076
261	15	0.238565
261	63	0.26941
261	15	0.418014
261	127	0.879879
261	43	0.307836
261	3	0.0606752
261	143	0.982149
261	218	0.905413
261	124	0.950285
261	114	0.710747
261	19	0.408629
261	59	0.404848
261	1	0.0813488
261	27	0.242933
261	234	0.978144
261	13	0.433396
261	60	0.492376
261	58	0.674693
261	147	0.840483
261	190	0.915382
261	71	0.475877
261	47	0.815101
261	86	0.368281
261	29	0.143715
261	79	0.652808
261	48	0.382733
261	69	0.614024
261	33	0.907952
261	23	0.711344
261	111	0.516698
261	141	0.581971
261	18	0.941376
261	69	0.835497
261	14	0.373891
261	28	0.258211
261	79	0.541163
261	122	0.615975
261	154	0.895108
261	31	0.577983
261	42	0.518927
261	25	0.76791
261	23	0.878633
261	38	0.175496
261	57	0.779688
261	3	0.251622
261	70	0.742481
261	38	0.404354
261	0	0.486575
261	24	0.531858
261	9	0.750725
261	13	0.122487
261	6	0.0244163
261	19	0.346724
261	20	0.838679
261	45	0.486631
261	6	0.0264338
261	43	0.167257
261	64	0.68703
261	115	0.947434
261	67	0.346749
261	155	0.609534
261	161	0.694954
261	113	0.434138
261	18	0.0833165
261	137	0.940431
261	7	0.0732129
261	83	0.517354
261	79	0.630751
261	171	0.840739
261	29	0.64181
261	36	0.240287
261	115	0.574587
261	10	0.312702
261	10	0.799379
261	18	0.342115
261	38	0.91706
261	52	0.558391
261	96	0.377563
261	19	0.340768
261	106	0.92191
261	68	0.525516
261	34	0.557456
261	91	0.40067
261	5	0.244963
261	258	0.989954
261	185	0.924411
261	50	0.974338
261	49	0.685293
261	45	0.206958
261	0	0.0151781
261	35	0.47301
261	77	0.965917
261	50	0.20155
261	174	0.929735
261	7	0.527508
261	77	0.585293
261	80	0.328203
261	20	0.523499
261	45	0.355098
261	25	0.627126
261	49	0.307539
261	213	0.924921
261	7	0.0292826
261	14	0.497297
261	9	0.0813905
261	181	0.711859
261	54	0.848614
261	35	0.265491
261	9	0.764817
261	102	0.524381
261	4	0.422304
261	21	0.141847
261	11	0.0720957
261	27	0.47378
261	101	0.655905
261	56	0.865175
261	5	0.0290339
261	4	0.030479
261	27	0.126617
261	0	0.0104267
261	74	0.465363
261	4	0.0654278
261	44	0.311458
261	82	0.399921
261	5	0.0202361
261	182	0.717565
261	24	0.93742
261	33	0.216315
261	42	0.495888
261	14	0.131499
261	212	0.869772
261	73	0.735918
261	6	0.091124
261	79	0.661362
261	14	0.058545
261	33	0.205872
261	96	0.885468
261	0	0.20158
261	6	0.34076
261	34	0.13492
261	0	0.117662
261	159	0.787299
261	96	0.42395
261	55	0.245934
261	4	0.371005
261	1	0.606476
261	185	0.796716
261	15	0.119039
261	163	0.986785
261	16	0.160037
261	90	0.892407
261	131	0.686205
261	212	0.830246
261	175	0.865293
261	9	0.10805
261	48	0.887047
261	102	0.738248
261	204	0.833194
261	63	0.444422
261	6	0.541761
261	103	0.54254
261	88	0.651156
261	23	0.232454
261	183	0.930502
261	91	0.919699
261	9	0.447532
261	9	0.555057
261	102	0.984048
261	28	0.511538
261	134	0.703561
261	63	0.434063
261	169	0.944228
261	5	0.431365
261	66	0.599791
261	69	0.393591
261	93	0.559236
261	5	0.256301
261	23	0.587791
261	140	0.771259
261	170	0.773681
261	4	0.602187
261	7	0.0481679
261	81	0.408473
261	89	0.711295
261	29	0.161023
261	70	0.431653
261	4	0.867843
261	85	0.648303
261	22	0.310987
261	4	0.178851
261	32	0.921574
261	39	0.906656
261	138	0.909456
261	48	0.349644
261	59	0.250835
261	71	0.573466
261	89	0.732867
261	43	0.480506
261	175	0.705513
261	64	0.426228
261	102	0.844578
261	112	0.622066
261	22	0.426436
261	80	0.910053
261	114	0.78156
261	21	0.322151
261	126	0.784447
261	4	0.855579
261	167	0.702146
261	6	0.188125
261	28	0.212769
261	45	0.32815
261	23	0.492657
261	78	0.396874
261	87	0.468821
261	43	0.398839
261	10	0.457487
261	42	0.467006
261	69	0.418358
261	19	0.691214
261	72	0.348721
261	8	0.824178
261	4	0.154699
261	9	0.0561304
261	73	0.455415
261	36	0.233961
261	88	0.517913
261	80	0.948427
261	214	0.844353
261	115	0.479727
261	9	0.0872683
261	29	0.194693
261	134	0.825609
261	100	0.672964
261	149	0.741115
261	52	0.306017
261	6	0.602379
261	27	0.297
261	35	0.486952
261	73	0.814772
261	61	0.569025
261	45	0.351353
261	31	0.197124
261	37	0.562238
261	19	0.16987
261	123	0.708902
261	32	0.929515
261	68	0.291838
261	109	0.563699
261	22	0.676172
261	33	0.202232
261	68	0.827994
261	101	0.59731
261	37	0.47324
261	0	0.24402
261	3	0.264884
261	6	0.910601
261	6	0.118913
261	4	0.0263244
261	72	0.294912
261	156	0.750451
261	101	0.976721
261	47	0.411749
261	15	0.468113
261	182	0.987419
261	11	0.245536
261	9	0.040273
261	9	0.0386148
261	3	0.0155106
261	29	0.234642
261	169	0.862972
261	85	0.960295
261	165	0.893345
261	75	0.351367
261	26	0.246388
261	7	0.111094
261	3	0.726749
261	49	0.455206
261	125	0.695918
261	43	0.363332
261	112	0.724039
261	182	0.925484
261	18	0.620787
261	53	0.493004
261	7	0.315634
261	39	0.248028
261	67	0.507343
261	35	0.166028
261	6	0.585746
261	237	0.908373
261	4	0.101191
261	32	0.495982
261	112	0.445112
261	2	0.16176
261	155	0.714935
261	184	0.88509
261	42	0.362141
261	51	0.642086
261	86	0.414774
261	44	0.283236
261	137	0.738973
261	183	0.719777
261	38	0.659755
261	44	0.636255
261	30	0.204932
261	100	0.679379
261	87	0.57192
261	11	0.217309
261	10	0.0505249
261	180	0.717625
261	36	0.494119
261	181	0.765799
261	132	0.68055
261	7	0.497699
261	38	0.555265
261	40	0.273676
261	83	0.63788
261	15	0.944991
261	155	0.966531
261	27	0.459277
261	40	0.195774
261	6	0.336214
261	8	0.106131
261	8	0.299395
261	21	0.225511
261	66	0.398522
261	232	0.906632
261	2	0.985177
261	14	0.843684
261	35	0.707775
261	180	0.889703
261	85	0.787267
261	8	0.0644688
261	141	0.944422
261	118	0.684104
261	128	0.525422
261	14	0.139294
261	71	0.273122
261	7	0.0461507
261	54	0.773976
261	80	0.681415
261	79	0.618846
261	144	0.759265
261	12	0.87155
261	142	0.794326
261	101	0.594806
261	72	0.842665
261	221	0.903511
261	45	0.369184
261	22	0.0889464
261	13	0.084304
261	27	0.697581
261	2	0.439476
261	57	0.447173
261	22	0.0913936
261	5	0.385319
261	123	0.512504
261	145	0.704707
261	70	0.88556
261	28	0.702749
261	64	0.717855
261	10	0.671108
261	13	0.750211
261	9	0.0807965
261	93	0.718428
261	98	0.891512
261	121	0.729307
261	32	0.34533
261	0	0.494844
261	24	0.39116
261	72	0.633258
261	189	0.729702
261	1	0.0975352
261	51	0.200102
261	44	0.741199
261	0	0.288821
261	4	0.240803
261	81	0.343939
261	12	0.0760154
261	84	0.53144
261	27	0.280524
261	217	0.944763
261	54	0.677422
261	97	0.445065
261	96	0.449891
261	111	0.757297
261	153	0.781548
261	10	0.0860743
261	142	0.847662
261	33	0.825181
261	124	0.649832
261	33	0.580316
261	60	0.329196
261	0	0.909122
261	45	0.179488
261	39	0.31859
261	53	0.404386
261	15	0.419695
261	38	0.306201
261	16	0.408877
261	82	0.800787
261	32	0.665991
261	31	0.296087
261	102	0.592985
261	40	0.892395
261	174	0.698349
261	2	0.0418538
261	87	0.483473
261	113	0.51166
261	26	0.139323
261	8	0.046206
261	113	0.782712
261	170	0.692459
261	3	0.455564
261	95	0.429092
261	63	0.624059
261	21	0.660612
261	38	0.868471
261	8	0.870816
261	79	0.822707
261	29	0.556829
261	19	0.596246
261	22	0.271129
261	3	0.0355348
261	17	0.288904
261	15	0.402334
261	62	0.852159
261	33	0.176369
261	4	0.0265799
261	33	0.150952
261	48	0.352628
261	23	0.111832
261	18	0.809198
261	197	0.956907
261	12	0.123584
261	9	0.649299
261	0	0.0966473
261	41	0.512392
261	68	0.535157
261	113	0.817245
261	16	0.668632
261	30	0.214594
261	21	0.129109
261	43	0.908952
261	148	0.651389
261	4	0.500038
261	18	0.110407
261	86	0.421445
261	106	0.864996
261	60	0.960127
261	6	0.209135
261	27	0.10533
261	170	0.661681
261	12	0.056393
261	11	0.193199
261	26	0.94642
261	128	0.988585
261	0	0.289382
261	8	0.588922
261	67	0.366238
261	9	0.0601982
261	3	0.0150519
261	3	0.19082
261	25	0.107144
261	10	0.863704
261	144	0.685233
261	53	0.977795
261	34	0.782651
261	122	0.640818
261	25	0.332414
261	8	0.0648207
261	20	0.254172
261	111	0.766058
261	170	0.652366
261	26	0.356734
261	82	0.789155
261	28	0.280989
261	138	0.563141
261	19	0.249518
261	87	0.537167
261	26	0.249023
261	6	0.253065
261	111	0.901046
261	86	0.680936
261	4	0.556843
261	7	0.228815
261	0	0.105782
261	18	0.84765
261	98	0.41071
261	67	0.342384
261	58	0.616814
261	11	0.20376
261	170	0.660789
261	27	0.749395
261	79	0.741244
261	19	0.718005
261	44	0.718574
261	33	0.298378
261	41	0.987455
261	126	0.618566
261	16	0.347222
261	32	0.840662
261	3	0.0127238
261	74	0.502456
261	150	0.626272
261	135	0.558307
261	122	0.74674
261	3	0.0728645
261	26	0.185163
261	22	0.109453
261	62	0.558931
261	47	0.328063
261	16	0.968963
261	0	0.514279
261	67	0.559956
261	79	0.60142
261	24	0.394483
261	135	0.834082
261	21	0.415086
261	4	0.0397635
261	6	0.0284957
261	101	0.394416
261	87	0.334212
261	82	0.633515
261	121	0.655409
261	43	0.228772
261	11	0.421997
261	24	0.364765
261	57	0.674928
261	17	0.152192
261	3	0.0354872
261	18	0.540996
261	1	0.530106
261	80	0.569367
261	111	0.819222
261	66	0.593757
261	19	0.143601
261	4	0.0282506
261	93	0.926649
261	147	0.821944
261	86	0.406627
261	128	0.580766
261	122	0.668176
261	91	0.387637
261	61	0.300208
261	82	0.537913
261	149	0.672529
261	56	0.275708
261	14	0.0613449
261	22	0.428294
261	139	0.547721
261	40	0.756325
261	33	0.150519
261	38	0.259359
261	14	0.371309
261	87	0.636163
261	46	0.327777
261	14	0.12701
261	63	0.333327
261	18	0.829388
261	25	0.107189
261	49	0.379163
261	66	0.754486
261	25	0.310931
261	52	0.443844
261	158	0.925513
261	8	0.155659
261	188	0.768665
261	25	0.163069
261	55	0.213852
261	87	0.407649
261	132	0.558454
261	49	0.618546
261	89	0.898345
261	29	0.599039
261	9	0.0795687
261	6	0.107435
261	50	0.601926
261	1	0.071418
261	26	0.577383
261	5	0.403187
261	126	0.949553
261	36	0.250732
261	68	0.863964
261	66	0.295359
261	6	0.318778
261	121	0.750359
261	143	0.844289
261	166	0.783112
261	67	0.603502
261	191	0.740768
261	28	0.836752
261	37	0.930381
261	64	0.496197
261	40	0.206735
261	121	0.558051
261	15	0.349482
261	22	0.291214
261	5	0.647252
261	65	0.58855
261	29	0.284653
261	90	0.642644
261	10	0.43552
261	188	0.946509
261	8	0.32984
261	150	0.637765
261	130	0.50394
261	10	0.534679
261	54	0.531508
261	9	0.324684
261	28	0.121376
261	129	0.979368
261	89	0.474754
261	88	0.389082
261	62	0.517252
261	9	0.530925
261	152	0.835286
261	31	0.629979
261	58	0.844285
261	135	0.906964
261	24	0.451129
261	91	0.512902
261	80	0.542966
261	14	0.150557
261	90	0.921324
261	30	0.154458
261	7	0.0617713
261	3	0.0130282
261	3	0.753641
261	6	0.0459067
261	99	0.460882
261	117	0.620816
261	39	0.253432
261	14	0.466407
261	34	0.488025
261	182	0.867293
261	46	0.376095
261	20	0.13479
261	20	0.743632
261	28	0.31391
261	16	0.168455
261	48	0.359139
261	153	0.933968
261	120	0.860839
261	218	0.977914
261	27	0.685551
261	4	0.138211
261	129	0.740438
261	0	0.585254
261	181	0.906753
261	62	0.356453
261	31	0.147164
261	9	0.635362
261	119	0.811142
261	91	0.946292
261	56	0.945457
261	15	0.153919
261	6	0.156345
261	127	0.556938
261	13	0.08002
261	13	0.0572431
261	28	0.455857
261	23	0.125135
261	66	0.775308
261	2	0.109886
261	153	0.708664
261	123	0.725493
261	180	0.779323
261	143	0.936442
261	8	0.0666189
261	125	0.858558
261	114	0.545313
261	48	0.800903
261	147	0.816448
261	9	0.117639
261	63	0.494633
261	124	0.667785
261	149	0.764059
261	40	0.392195
261	173	0.749653
261	25	0.394506
261	26	0.34637
261	19	0.252363
261	27	0.978146
261	108	0.620722
261	84	0.682097
261	37	0.459203
261	83	0.467375
261	141	0.544127
261	108	0.419925
261	176	0.779304
261	7	0.712294
261	50	0.213161
261	150	0.76231
261	46	0.370287
261	151	0.764677
261	160	0.881265
261	59	0.520316
261	120	0.875187
261	25	0.101537
261	5	0.082227
261	123	0.675392
261	0	0.0326175
261	40	0.520189
261	31	0.78014
261	24	0.659508
261	50	0.600017
261	9	0.0523212
261	189	0.77812
261	197	0.853582
261	98	0.649791
261	2	0.664195
261	4	0.365226
261	218	0.877692
261	34	0.228909
261	18	0.79324
261	8	0.44123
261	39	0.541789
261	63	0.876975
261	17	0.677679
261	51	0.381954
261	100	0.868928
261	11	0.469331
261	10	0.0673059
261	13	0.357592
261	130	0.523665
261	90	0.376246
261	73	0.545314
261	35	0.193466
261	23	0.0907746
261	68	0.460458
261	109	0.444277
261	185	0.719982
261	0	0.0491267
261	132	0.953552
261	13	0.0889079
261	9	0.0949612
261	46	0.224101
261	24	0.634731
261	61	0.334713
261	7	0.840902
261	126	0.83012
261	127	0.49221
261	7	0.154491
261	1	0.0549762
261	19	0.972175
261	97	0.505675
261	65	0.372277
261	71	0.507045
261	27	0.567144
261	78	0.317933
261	87	0.39128
261	24	0.172894
261	6	0.261652
261	134	0.764625
261	18	0.570077
261	13	0.371842
261	10	0.0553119
261	162	0.630892
261	46	0.430541
261	0	0.0336046
261	1	0.439365
261	42	0.546539
261	22	0.696716
261	80	0.669318
261	114	0.535467
261	162	0.644198
261	4	0.0504226
261	22	0.161651
261	123	0.552743
261	106	0.627003
261	6	0.0722809
261	36	0.667728
261	7	0.382251
261	24	0.093688
261	10	0.0531587
261	41	0.978185
261	42	0.310394
261	5	0.285183
261	235	0.944553
261	25	0.134438
261	48	0.377017
261	17	0.194616
261	85	0.926665
261	215	0.873678
261	32	0.278551
261	41	0.315777
261	25	0.844867
261	44	0.171917
261	5	0.0193404
261	2	0.104277
261	72	0.689956
261	37	0.230072
261	167	0.816694
261	55	0.886985
261	133	0.950925
261	5	0.0192682
261	35	0.369522
261	14	0.310586
261	6	0.0862531
261	40	0.427003
261	101	0.748586
261	38	0.268615
261	87	0.389507
261	3	0.447668
261	7	0.813828
261	69	0.872469
261	19	0.630649
261	23	0.443995
261	30	0.296962
261	65	0.249423
261	11	0.447306
261	58	0.301587
261	110	0.821986
261	19	0.433288
261	19	0.835912
261	28	0.210797
261	32	0.129962
261	75	0.441031
261	3	0.119263
261	21	0.822554
261	132	0.529118
261	15	0.128565
261	56	0.452538
261	11	0.223615
261	19	0.581901
261	8	0.137116
261	2	0.0198319
261	99	0.426616
261	12	0.217918
261	5	0.175413
261	118	0.530781
261	42	0.387648
261	82	0.694162
261	112	0.794873
261	46	0.179463
261	157	0.636445
261	4	0.774662
261	35	0.65861
261	97	0.378015
261	43	0.337113
261	99	0.422073
261	72	0.470537
261	22	0.26963
261	39	0.865593
261	18	0.524462
261	16	0.934756
261	110	0.817785
261	38	0.52023
261	3	0.21547
261	20	0.593783
261	19	0.459259
261	226	0.870878
261	22	0.91025
261	22	0.80796
261	42	0.566752
261	5	0.134961
261	14	0.118325
261	7	0.126875
261	67	0.661145
261	30	0.523844
261	15	0.694719
261	58	0.806278
261	29	0.152478
261	115	0.794311
261	22	0.541133
261	80	0.407431
261	1	0.957582
261	22	0.176565
261	136	0.949075
261	46	0.195555
261	13	0.0924584
261	9	0.306676
261	32	0.355281
261	23	0.607803
261	37	0.803288
261	72	0.623523
261	73	0.612269
261	78	0.339678
261	205	0.897757
261	130	0.954309
261	1	0.229692
261	68	0.537441
261	136	0.55599
261	225	0.881883
261	225	0.970541
261	16	0.277401
261	7	0.0391871
261	65	0.46528
261	71	0.387236
261	197	0.773881
261	23	0.428969
261	75	0.880202
261	172	0.727997
261	25	0.786731
261	98	0.675843
261	34	0.214294
261	117	0.673695
261	138	0.619877
261	69	0.87077
261	74	0.428441
261	68	0.512815
261	138	0.602687
261	25	0.499127
261	122	0.67115
261	16	0.938138
261	11	0.206862
261	29	0.123899
261	242	0.944671
261	38	0.540282
261	76	0.987877
261	78	0.925148
261	101	0.776772
261	26	0.352753
261	153	0.690137
261	83	0.389688
261	87	0.418245
261	16	0.067585
261	64	0.465145
261	118	0.641904
261	29	0.128382
261	7	0.203625
261	177	0.973634
261	23	0.0913732
261	220	0.908396
261	11	0.290494
261	98	0.647326
261	50	0.309431
261	75	0.580173
261	11	0.278057
261	127	0.643469
261	88	0.884523
261	16	0.111747
261	131	0.734921
261	89	0.879263
261	46	0.232395
261	179	0.84133
261	16	0.401456
261	3	0.139186
261	127	0.583802
261	31	0.609757
261	12	0.307966
261	31	0.512779
261	38	0.815666
261	84	0.434099
261	143	0.558981
261	64	0.527247
261	6	0.0262133
261	96	0.383373
261	16	0.814942
261	111	0.953592
261	117	0.543105
261	32	0.250325
261	85	0.641305
261	18	0.252123
261	81	0.47821
261	32	0.179237
261	35	0.623722
261	4	0.161518
261	82	0.498176
261	40	0.694858
261	138	0.79546
261	7	0.331352
261	4	0.53581
261	209	0.817331
261	130	0.559972
261	26	0.19854
261	14	0.0590045
261	11	0.539768
261	89	0.501174
261	1	0.45853
261	0	0.0472768
261	46	0.202062
261	243	0.951962
261	42	0.25481
261	114	0.803271
261	8	0.412544
261	127	0.984489
261	110	0.644549
261	112	0.501778
261	64	0.316785
261	15	0.0593795
261	5	0.225904
261	24	0.119843
261	160	0.746899
261	16	0.39663
261	32	0.414127
261	152	0.778999
261	76	0.493946
261	20	0.429541
261	102	0.402452
261	31	0.145809
261	88	0.391103
261	61	0.441439
261	18	0.248101
261	94	0.467872
261	35	0.174872
261	47	0.249332
261	48	0.259913
261	63	0.268254
261	103	0.950608
261	0	0.0599358
261	27	0.349374
261	36	0.19093
261	24	0.190423
261	27	0.120082
261	73	0.39261
261	33	0.31393
261	66	0.458989
261	1	0.174687
261	36	0.74339
261	60	0.314913
261	108	0.945042
261	29	0.625374
261	179	0.720926
261	58	0.278354
261	75	0.306041
261	24	0.738708
261	91	0.393729
261	28	0.215674
261	177	0.869991
261	2	0.304923
261	39	0.249867
261	44	0.410787
261	85	0.805156
261	28	0.382704
261	16	0.463723
261	97	0.821143
261	14	0.725565
261	187	0.856746
261	47	0.334834
261	143	0.647851
261	68	0.377485
261	61	0.379155
261	68	0.452196
261	48	0.40334
261	92	0.445714
261	21	0.179205
261	17	0.23154
261	41	0.70886
261	132	0.640844
261	35	0.636723
261	6	0.0506978
261	77	0.475602
261	119	0.967988
261	93	0.630123
261	126	0.73019
261	127	0.810688
261	155	0.707676
261	1	0.900778
261	132	0.6891
261	82	0.453713
261	32	0.1559
261	12	0.358838
261	56	0.270085
261	60	0.974157
261	53	0.807755
261	54	0.304133
261	71	0.630386
261	26	0.573848
261	156	0.976335
261	73	0.868767
261	79	0.950728
261	86	0.537539
261	127	0.84478
261	45	0.435571
261	2	0.0179209
261	54	0.632622
261	217	0.880799
261	163	0.72926
261	87	0.98849
261	21	0.241798
261	146	0.876929
261	40	0.225286
261	98	0.384282
261	38	0.204049
261	182	0.847671
261	33	0.581284
261	82	0.426289
261	23	0.82569
261	132	0.889007
261	117	0.60735
261	46	0.446042
261	62	0.679832
261	56	0.550342
261	140	0.930307
261	41	0.22403
261	31	0.127763
261	118	0.880547
261	80	0.846948
261	10	0.048353
261	63	0.250104
261	67	0.429642
261	16	0.143892
261	5	0.0983065
261	154	0.796208
261	92	0.553261
261	15	0.190915
261	99	0.421957
261	27	0.154626
261	12	0.788536
261	148	0.822694
261	35	0.492241
261	108	0.444287
261	0	0.0122967
261	44	0.940295
261	38	0.479109
261	189	0.962092
261	32	0.497004
261	53	0.8527
261	41	0.344804
261	23	0.23164
261	38	0.474324
261	135	0.599767
261	3	0.0192795
261	42	0.624872
261	20	0.319284
261	14	0.659874
261	20	0.883612
261	43	0.221178
261	57	0.479592
261	22	0.136027
261	66	0.444775
261	27	0.766928
261	116	0.531875
261	23	0.304536
261	43	0.197927
261	81	0.325944
261	16	0.13868
261	82	0.959087
261	168	0.751189
261	133	0.556133
261	102	0.467831
261	42	0.793788
261	1	0.192329
261	16	0.322337
261	22	0.514687
261	95	0.659675
261	27	0.418796
261	37	0.201122
261	57	0.967158
261	1	0.0431369
261	41	0.947515
261	6	0.0371164
261	4	0.0192285
261	16	0.0662575
261	76	0.81309
261	145	0.778875
261	153	0.624964
261	196	0.771318
261	4	0.480735
261	36	0.7175
261	13	0.208702
261	151	0.912056
261	5	0.0293066
261	36	0.169507
261	151	0.846294
261	3	0.0812681
261	35	0.98206
261	3	0.0917539
261	50	0.213385
261	27	0.13795
261	18	0.0692821
261	23	0.243014
261	174	0.94408
261	46	0.198164
261	225	0.947683
261	50	0.277931
261	25	0.389213
261	11	0.0629471
261	163	0.893613
261	111	0.502807
261	77	0.621407
261	59	0.235075
261	87	0.752062
261	160	0.696171
261	103	0.596549
261	80	0.942466
261	7	0.028876
261	3	0.0242119
261	14	0.0729073
261	142	0.957125
261	40	0.216708
261	8	0.298895
261	137	0.614304
261	13	0.235905
261	3	0.0646071
261	55	0.214252
261	117	0.612294
261	43	0.178838
261	25	0.169275
261	0	0.0352617
261	29	0.691003
261	20	0.65466
261	34	0.136684
261	71	0.578945
261	151	0.705677
261	117	0.825151
261	57	0.30837
261	4	0.154697
261	93	0.575847
261	45	0.657688
261	31	0.17346
261	5	0.145108
261	93	0.423726
261	49	0.771178
261	89	0.842229
261	27	0.62298
261	60	0.598788
261	90	0.693267
261	5	0.616216
261	91	0.469149
261	38	0.556637
261	67	0.272496
261	11	0.115026
261	30	0.976565
261	14	0.229811
261	12	0.0754186
261	36	0.36562
261	8	0.561452
261	61	0.24076
261	25	0.491537
261	130	0.498226
261	59	0.965483
261	135	0.841071
261	121	0.77128
261	141	0.966325
261	105	0.692357
261	0	0.0963699
261	2	0.368572
261	19	0.0739449
261	0	0.0121837
261	2	0.0151295
261	29	0.269773
261	222	0.927268
261	155	0.81373
261	59	0.432935
261	105	0.980313
261	10	0.475267
261	42	0.661986
261	1	0.0232308
261	17	0.121962
261	16	0.37702
261	30	0.590231
261	58	0.63597
261	22	0.144433
261	0	0.0392689
261	20	0.0858919
261	44	0.941234
261	136	0.875948
261	43	0.266635
261	30	0.184898
261	62	0.317511
261	71	0.59396
261	197	0.789926
261	104	0.76044
261	63	0.435402
261	61	0.588118
261	14	0.715536
261	142	0.75278
261	5	0.264816
261	223	0.933943
261	34	0.142274
261	100	0.813122
261	159	0.632193
261	94	0.595391
261	61	0.505336
261	183	0.765054
261	30	0.555787
261	30	0.392086
261	60	0.454299
261	100	0.744512
261	77	0.600966
261	58	0.303395
261	26	0.10435
261	159	0.922219
261	0	0.0444136
261	23	0.421557
261	4	0.226469
261	7	0.146599
261	61	0.438666
261	100	0.708551
261	145	0.70637
261	33	0.594525
261	99	0.485691
261	42	0.31001
261	70	0.916758
261	109	0.465912
261	51	0.610492
261	205	0.846784
261	17	0.130341
261	38	0.258612
261	13	0.236037
261	160	0.641959
261	122	0.978324
261	69	0.485303
261	56	0.244592
261	148	0.825878
261	1	0.37262
261	176	0.680305
261	69	0.330274
261	81	0.567772
261	165	0.911606
261	6	0.947321
261	41	0.752152
261	97	0.637673
261	163	0.691411
261	209	0.83055
261	7	0.0667552
261	69	0.269714
261	102	0.553781
261	10	0.194539
261	12	0.0535941
261	82	0.906518
261	88	0.338888
261	104	0.673897
261	178	0.98237
261	112	0.740395
261	1	0.434412
261	140	0.618855
261	0	0.0358235
261	63	0.364368
261	76	0.686493
261	23	0.92836
261	64	0.572738
261	0	0.624634
261	70	0.297059
261	135	0.708677
261	36	0.617438
261	141	0.61187
261	87	0.970514
261	52	0.444842
261	94	0.422898
261	116	0.897196
261	123	0.575407
261	27	0.625083
261	27	0.153589
261	221	0.939437
261	12	0.638262
261	19	0.123739
261	54	0.490013
261	13	0.495742
261	34	0.779804
261	19	0.416413
261	89	0.604666
261	60	0.496972
261	173	0.921992
261	111	0.927919
261	78	0.355832
261	109	0.467355
261	5	0.339627
261	4	0.609617
261	63	0.826055
261	155	0.694379
261	62	0.836394
261	13	0.600299
261	132	0.850728
261	99	0.438169
261	13	0.338079
261	98	0.952588
261	44	0.368925
261	40	0.254777
261	76	0.796262
261	37	0.212319
261	71	0.592197
261	3	0.187846
261	120	0.530508
261	142	0.638681
261	104	0.52846
261	95	0.665957
261	29	0.629958
261	94	0.480249
261	206	0.929427
261	24	0.701117
261	151	0.629964
261	158	0.954556
261	56	0.29112
261	29	0.246359
261	66	0.320181
261	156	0.91524
261	13	0.623774
261	190	0.972955
261	62	0.444658
261	33	0.28427
261	6	0.450364
261	39	0.15961
261	45	0.385645
261	60	0.437814
261	4	0.244347
261	106	0.432572
261	24	0.288263
261	198	0.833505
261	70	0.710102
261	4	0.200038
261	64	0.977712
261	9	0.0642963
261	63	0.292338
261	15	0.903975
261	37	0.530101
261	7	0.170829
261	12	0.0646084
261	142	0.669497
261	132	0.814883
261	113	0.57159
261	18	0.95209
261	20	0.530629
261	122	0.524067
261	8	0.0484694
261	8	0.458378
261	30	0.63472
261	43	0.335102
261	115	0.512917
261	170	0.700761
261	147	0.663669
261	110	0.530963
261	9	0.663235
261	67	0.437282
261	99	0.53838
261	40	0.555863
261	93	0.669255
261	27	0.6923
261	74	0.424613
261	20	0.147329
261	13	0.250587
261	203	0.847791
261	37	0.235805
261	34	0.149185
261	23	0.355815
261	35	0.320638
261	36	0.536894
261	2	0.885997
261	97	0.540742
261	5	0.066491
261	7	0.360658
261	32	0.352174
261	24	0.101923
261	20	0.652127
261	198	0.844717
261	18	0.0798375
261	228	0.887216
261	57	0.569307
261	60	0.276202
261	32	0.648459
261	98	0.628149
261	88	0.509361
261	25	0.137202
261	30	0.243054
261	172	0.676544
261	66	0.437551
261	0	0.0288424
261	45	0.241409
261	75	0.701739
261	12	0.271898
261	90	0.715518
261	11	0.0796567
261	52	0.923985
261	16	0.0848391
261	45	0.932987
261	186	0.927274
261	15	0.117116
261	238	0.923206
261	8	0.666712
261	98	0.512646
261	159	0.707843
261	93	0.647197
261	14	0.521258
261	15	0.0814953
261	66	0.741863
261	176	0.937574
261	14	0.121504
261	68	0.430685
261	29	0.298912
261	0	0.370124
261	199	0.792657
261	88	0.538236
261	21	0.275851
261	158	0.706806
261	87	0.334061
261	205	0.836135
261	35	0.162776
261	82	0.40613
261	203	0.822162
261	214	0.98778
261	60	0.253742
261	64	0.335263
261	48	0.225491
261	145	0.654253
261	30	0.16323
261	9	0.0777494
261	30	0.145679
261	58	0.385955
261	82	0.320941
261	123	0.577271
261	8	0.503637
261	255	0.977149
261	134	0.842049
261	14	0.0591175
261	31	0.198711
261	104	0.656252
261	9	0.056544
261	12	0.100805
261	50	0.256819
261	21	0.374487
261	119	0.81709
261	12	0.442586
261	58	0.294738
261	7	0.116523
261	137	0.637318
261	221	0.922338
261	80	0.873397
261	100	0.491669
261	51	0.211123
261	2	0.221018
261	123	0.500034
261	53	0.530273
261	64	0.355066
261	8	0.426383
261	38	0.897058
261	6	0.0354628
261	176	0.87421
261	50	0.327899
261	71	0.746668
261	1	0.606043
261	41	0.784143
261	105	0.675073
261	53	0.838278
261	86	0.346371
261	57	0.843324
261	14	0.9462
261	7	0.889544
261	91	0.432592
261	9	0.182607
261	65	0.357959
261	11	0.283508
261	61	0.248209
261	89	0.773864
261	85	0.549491
261	4	0.0162908
261	95	0.568602
261	147	0.581963
261	162	0.64028
261	51	0.245913
261	101	0.726297
261	101	0.756726
261	64	0.417938
261	54	0.29871
261	132	0.641042
261	22	0.214536
261	70	0.899998
261	89	0.66364
261	2	0.024344
261	42	0.942296
261	127	0.940896
261	121	0.736886
261	8	0.315858
261	77	0.830625
261	9	0.0764139
261	43	0.180661
261	17	0.0673191
261	27	0.148801
261	99	0.609798
261	26	0.105651
261	158	0.714107
261	13	0.0981686
261	145	0.698276
261	24	0.519606
261	11	0.146054
261	44	0.197778
261	26	0.480978
261	147	0.908984
261	21	0.454781
261	28	0.910318
261	48	0.695473
261	13	0.453422
261	63	0.337169
261	6	0.0680661
261	3	0.249177
261	42	0.735218
261	76	0.807417
261	21	0.243655
261	26	0.115009
261	106	0.421487
261	68	0.958302
261	140	0.541235
261	110	0.709727
261	12	0.053585
261	58	0.858898
261	78	0.526214
261	79	0.386135
261	6	0.83411
261	35	0.70228
261	38	0.907132
261	54	0.25839
261	25	0.174866
261	166	0.896606
261	66	0.55383
261	8	0.30156
261	114	0.440679
261	16	0.108482
261	75	0.819431
261	2	0.111601
261	8	0.740193
261	6	0.717003
261	101	0.389707
261	91	0.891176
261	25	0.522842
261	239	0.970758
261	5	0.136103
261	1	0.0134624
261	20	0.622887
261	68	0.439779
261	226	0.929106
261	1	0.252075
261	22	0.539813
261	68	0.317804
261	5	0.0370648
261	75	0.630732
261	2	0.0141014
261	30	0.303617
261	8	0.75153
261	76	0.849402
261	28	0.277
261	170	0.788146
261	2	0.0201179
261	0	0.0233736
261	102	0.619785
261	111	0.616232
261	75	0.822689
261	49	0.463118
261	26	0.343301
261	47	0.376747
261	40	0.284905
261	7	0.0302731
261	94	0.922196
261	31	0.164585
261	147	0.592838
261	130	0.755553
261	150	0.778695
261	65	0.436003
261	84	0.448625
261	2	0.0236176
261	20	0.4742
261	20	0.215308
261	2	0.0745804
261	43	0.859588
261	31	0.684631
261	14	0.228842
261	54	0.234113
261	9	0.0733032
261	0	0.0144845
261	48	0.339347
261	67	0.329644
261	142	0.612277
261	20	0.701901
261	89	0.358368
261	101	0.762345
261	140	0.668871
261	81	0.372166
261	216	0.980764
261	173	0.680342
261	151	0.747797
261	18	0.416229
261	21	0.439455
261	15	0.931285
261	76	0.339718
261	41	0.204242
261	7	0.110593
261	2	0.100452
261	110	0.507911
261	91	0.652517
261	20	0.142511
261	62	0.288388
261	81	0.553512
261	68	0.794672
261	43	0.247576
261	212	0.957492
261	155	0.68321
261	51	0.394296
261	22	0.910532
261	3	0.0240338
261	4	0.270682
261	11	0.0846821
261	182	0.701239
261	13	0.102983
261	44	0.449024
261	21	0.675832
261	73	0.540155
261	209	0.836648
261	60	0.230554
261	81	0.626363
261	10	0.224422
261	38	0.618082
261	13	0.0681162
261	60	0.326234
261	19	0.610019
261	207	0.875401
261	0	0.273399
261	112	0.487331
261	6	0.106229
261	163	0.839718
261	185	0.744985
261	13	0.824256
261	61	0.731338
261	4	0.0319579
261	99	0.384725
261	45	0.811838
261	32	0.312077
261	54	0.765566
261	8	0.523803
261	108	0.785182
261	5	0.0213747
261	71	0.989509
261	88	0.710376
261	32	0.223203
261	36	0.209203
261	237	0.948431
261	81	0.613268
261	23	0.412102
261	187	0.93065
261	3	0.144627
261	0	0.0293291
261	141	0.925695
261	11	0.169366
261	8	0.0322427
261	62	0.317221
261	17	0.965641
261	143	0.796054
261	94	0.52763
261	142	0.922957
261	157	0.610173
261	80	0.347723
261	162	0.625282
261	61	0.300025
261	111	0.98744
261	68	0.649481
261	88	0.704578
261	187	0.857841
261	2	0.537649
261	23	0.199384
261	135	0.613434
261	15	0.0778209
261	34	0.185635
261	12	0.972742
261	9	0.312342
261	86	0.456989
261	135	0.715067
261	5	0.0373027
261	93	0.482578
261	62	0.296
261	2	0.194222
261	20	0.623102
261	20	0.842262
261	12	0.87751
261	0	0.0353113
261	42	0.453983
261	169	0.828155
261	177	0.791259
261	26	0.29176
261	118	0.983734
261	2	0.0983457
261	38	0.227534
261	26	0.335713
261	38	0.169912
261	31	0.737604
261	92	0.511042
261	67	0.335693
261	43	0.855882
261	212	0.974025
261	104	0.404695
261	6	0.171029
261	171	0.821543
261	189	0.870191
261	9	0.950565
261	8	0.100925
261	19	0.192892
261	19	0.2485
261	122	0.619181
261	62	0.385573
261	38	0.714247
261	60	0.315134
261	34	0.772554
261	44	0.919564
261	2	0.163207
261	50	0.680829
261	16	0.800227
261	66	0.301192
261	8	0.155249
261	5	0.0453007
261	7	0.524191
261	24	0.123905
261	28	0.582467
261	24	0.128246
261	8	0.0411138
261	10	0.803411
261	59	0.46431
261	21	0.263453
261	12	0.277273
261	9	0.167556
261	6	0.588721
261	69	0.609907
261	77	0.754152
261	88	0.685019
261	7	0.160094
261	24	0.262737
261	203	0.918454
261	29	0.250704
261	141	0.73932
261	80	0.507123
261	5	0.0632953
261	7	0.0708779
261	4	0.330219
261	55	0.275683
261	52	0.898977
261	8	0.0442752
261	4	0.384535
261	0	0.150678
261	97	0.505521
261	54	0.633697
261	94	0.622647
261	82	0.377787
261	208	0.877627
261	27	0.609733
261	72	0.552151
261	4	0.0522466
261	70	0.660882
261	3	0.260582
261	157	0.933553
261	120	0.768004
261	93	0.387285
261	5	0.162114
261	6	0.0448506
261	84	0.940434
261	110	0.965918
261	17	0.230374
261	85	0.425712
261	108	0.748351
261	13	0.491475
261	59	0.536246
261	60	0.506841
261	6	0.143963
261	86	0.582549
261	131	0.669166
261	41	0.900625
261	12	0.0792845
261	9	0.0710259
261	76	0.293505
261	54	0.448418
261	8	0.900687
261	105	0.422536
261	12	0.0944173
261	62	0.36604
261	112	0.589862
261	29	0.654766
261	64	0.269926
261	170	0.682248
261	34	0.625247
261	23	0.571297
261	89	0.6302
261	2	0.497932
261	36	0.1961
261	8	0.924416
261	48	0.60136
261	19	0.224119
261	27	0.246157
261	114	0.988262
261	53	0.34674
261	28	0.124551
261	46	0.3005
261	106	0.548664
261	158	0.63652
261	59	0.807489
261	57	0.932755
261	49	0.693826
261	2	0.777769
261	22	0.387667
261	69	0.873925
261	43	0.626022
261	67	0.680228
261	9	0.288224
261	96	0.410753
261	13	0.20651
261	16	0.0779516
261	155	0.696351
261	6	0.0957427
261	14	0.0754793
261	123	0.501774
261	7	0.070731
261	26	0.463325
261	158	0.757495
261	13	0.239011
261	9	0.836423
261	12	0.829713
261	29	0.652853
261	76	0.854988
261	57	0.606345
261	143	0.890441
261	29	0.436842
261	28	0.360868
261	142	0.937651
261	5	0.370231
261	20	0.110654
261	102	0.433382
261	91	0.611048
261	65	0.669498
261	185	0.918745
261	47	0.734212
261	6	0.149902
261	21	0.111347
261	171	0.940869
261	59	0.571005
261	5	0.653929
261	50	0.52258
261	13	0.087309
261	81	0.567536
261	183	0.836194
261	54	0.275974
261	6	0.20372
261	74	0.673152
261	11	0.233959
261	155	0.621886
261	49	0.442538
261	15	0.0659227
261	20	0.0799893
261	189	0.959693
261	69	0.688706
261	4	0.0506701
261	104	0.409683
261	87	0.684378
261	50	0.279604
261	113	0.587099
261	3	0.385432
261	103	0.803776
261	77	0.616993
261	27	0.872745
261	120	0.935642
261	8	0.0664974
261	8	0.635871
261	102	0.898161
261	28	0.410114
261	44	0.700584
261	24	0.751393
261	105	0.962929
261	202	0.891459
261	67	0.702172
261	39	0.740226
261	45	0.427186
261	62	0.468747
261	71	0.544452
261	47	0.384554
261	64	0.652012
261	2	0.955471
261	64	0.343557
261	78	0.476196
261	1	0.830035
261	183	0.710281
261	60	0.356667
261	70	0.474985
261	37	0.573912
261	15	0.0856357
261	24	0.834229
261	82	0.986342
261	69	0.532768
261	42	0.33766
261	10	0.613417
261	148	0.89793
261	23	0.0998551
261	1	0.0870725
261	112	0.541763
261	186	0.856813
261	134	0.626201
261	57	0.652985
261	64	0.354317
261	176	0.80383
261	12	0.83308
261	148	0.586246
261	15	0.0928246
261	70	0.404512
261	39	0.455149
261	145	0.851404
261	0	0.334742
261	44	0.263687
261	80	0.400843
261	19	0.353873
261	97	0.608914
261	29	0.389763
261	58	0.877242
261	117	0.555282
261	221	0.96543
261	131	0.554059
261	64	0.861796
261	192	0.847887
261	31	0.12988
261	39	0.567094
261	7	0.110664
261	0	0.0218148
261	120	0.624955
261	119	0.677681
261	128	0.853555
261	36	0.360101
261	31	0.122143
261	22	0.602441
261	129	0.654094
261	58	0.776044
261	74	0.430386
261	5	0.84873
261	88	0.444138
261	154	0.68957
261	137	0.597009
261	124	0.978662
261	32	0.306633
261	41	0.439203
261	172	0.883773
261	13	0.132191
261	125	0.866691
261	25	0.106178
261	132	0.894439
261	58	0.279482
261	49	0.591671
261	33	0.747752
261	13	0.050828
261	40	0.241376
261	196	0.816418
261	90	0.612312
261	68	0.415939
261	58	0.771032
261	160	0.859235
261	13	0.0976349
261	5	0.061426
261	8	0.122668
261	86	0.967244
261	9	0.111431
261	2	0.0349378
261	12	0.149947
261	45	0.255384
261	24	0.955003
261	165	0.744331
261	8	0.0886978
261	120	0.462259
261	95	0.807529
261	20	0.592553
261	24	0.132566
261	142	0.564512
261	11	0.16135
261	158	0.657856
261	53	0.64967
261	46	0.629138
261	71	0.39632
261	130	0.883877
261	51	0.43136
261	69	0.266776
261	6	0.829088
261	166	0.87601
261	29	0.595306
261	129	0.870802
261	1	0.754625
261	32	0.19487
261	244	0.950151
261	36	0.328243
261	3	0.0186456
261	12	0.0665538
261	208	0.886392
261	5	0.286066
261	24	0.0970295
261	31	0.471881
261	0	0.263803
261	126	0.507538
261	175	0.901297
261	21	0.0806045
261	190	0.890401
261	185	0.800354
261	125	0.710748
261	11	0.805836
261	115	0.534148
261	189	0.943859
261	18	0.368373
261	81	0.397582
261	36	0.856108
261	33	0.986314
261	74	0.434917
261	14	0.200442
261	98	0.396053
261	51	0.414404
261	34	0.445408
261	155	0.952353
261	19	0.118712
261	10	0.688119
261	18	0.55392
261	9	0.197872
261	39	0.936892
261	110	0.634687
261	87	0.633937
261	189	0.922033
261	8	0.132049
261	33	0.677959
261	23	0.789186
261	120	0.682748
261	1	0.0153643
261	6	0.0474939
261	0	0.30426
261	14	0.446344
261	31	0.538364
261	3	0.0629664
261	93	0.568422
261	27	0.740352
261	98	0.863088
261	67	0.606097
261	15	0.150793
261	22	0.531753
261	21	0.12212
261	6	0.981894
261	22	0.192975
261	128	0.62584
261	0	0.0119453
261	15	0.285428
261	81	0.800953
261	9	0.119429
261	100	0.895396
261	8	0.285477
261	33	0.403347
261	51	0.796175
261	45	0.172801
261	61	0.406288
261	47	0.805338
261	202	0.816183
261	169	0.650981
261	19	0.175728
261	64	0.562857
261	63	0.367724
261	147	0.881522
261	16	0.0698653
261	9	0.513104
261	53	0.89351
261	111	0.950468
261	117	0.780496
261	41	0.943397
261	80	0.31766
261	142	0.778415
261	17	0.103739
261	111	0.685241
261	76	0.394832
261	21	0.0845609
261	112	0.676256
261	153	0.964404
261	6	0.0343987
261	37	0.144191
261	122	0.681007
261	184	0.71721
261	118	0.461404
261	37	0.286048
261	4	0.773327
261	2	0.110746
261	183	0.915484
261	227	0.933414
261	22	0.548799
261	46	0.434091
261	84	0.430871
261	20	0.818699
261	25	0.835976
261	0	0.151235
261	27	0.743226
261	111	0.876364
261	20	0.132465
261	198	0.979567
261	40	0.338783
261	6	0.801845
261	27	0.145523
261	123	0.540169
261	63	0.447752
261	41	0.351407
261	17	0.377226
261	35	0.817254
261	0	0.285185
261	23	0.926524
261	63	0.551757
261	0	0.0336896
261	44	0.36536
261	67	0.358292
261	61	0.6866
261	94	0.494704
261	157	0.85275
261	11	0.0837555
261	106	0.430493
261	64	0.510728
261	107	0.681693
261	173	0.777316
261	101	0.691767
261	197	0.80528
261	78	0.589022
261	56	0.283045
261	154	0.937558
261	12	0.256101
261	64	0.384336
261	9	0.234726
261	13	0.0547131
261	53	0.278559
261	32	0.470337
261	12	0.181578
261	158	0.698504
261	13	0.3182
261	36	0.149602
261	182	0.959588
261	105	0.861568
261	103	0.512724
261	150	0.683524
261	26	0.287241
261	31	0.313661
261	96	0.946766
261	47	0.376662
261	61	0.439997
261	71	0.501918
261	139	0.922476
261	17	0.612427
261	11	0.0428868
261	22	0.680021
261	16	0.451918
261	62	0.587297
261	59	0.612261
261	10	0.204431
261	20	0.245837
261	3	0.199156
261	4	0.14177
261	53	0.374389
261	86	0.460288
261	39	0.870703
261	105	0.755382
261	154	0.605774
261	34	0.194728
261	25	0.364934
261	166	0.860956
261	11	0.381268
261	39	0.610694
261	6	0.408963
261	48	0.631021
261	112	0.970958
261	33	0.831121
261	30	0.880921
261	182	0.845435
261	8	0.627533
261	12	0.885733
261	65	0.458962
261	47	0.80745
261	47	0.349191
261	26	0.977832
261	66	0.376831
261	78	0.381297
261	93	0.537994
261	57	0.368523
261	137	0.816326
261	89	0.499371
261	105	0.626958
261	18	0.10914
261	41	0.36801
261	20	0.491293
261	157	0.678856
261	5	0.0469718
261	21	0.146718
261	60	0.635002
261	3	0.600104
261	15	0.101037
261	9	0.438791
261	61	0.310713
261	96	0.831243
261	91	0.966285
261	34	0.566227
261	109	0.631361
261	42	0.979823
261	163	0.923086
261	103	0.498557
261	48	0.309356
261	183	0.72595
261	58	0.260555
261	6	0.0720776
261	73	0.351883
261	226	0.880485
261	166	0.652819
261	7	0.57861
261	9	0.36342
261	3	0.363222
261	39	0.685027
261	18	0.453671
261	13	0.274106
261	102	0.530131
261	33	0.242211
261	131	0.959191
261	154	0.979226
261	93	0.527044
261	17	0.298329
261	209	0.907583
261	57	0.27977
261	45	0.27686
261	8	0.0513195
261	4	0.266663
261	9	0.609902
261	160	0.931488
261	12	0.92447
261	99	0.978181
261	74	0.837811
261	68	0.793346
261	98	0.737225
261	242	0.957599
261	83	0.875275
261	39	0.781999
261	58	0.252222
261	89	0.69138
261	4	0.272065
261	67	0.57652
261	117	0.653157
261	16	0.0809981
261	46	0.227081
261	48	0.932066
261	23	0.121762
261	73	0.694289
261	26	0.345848
261	119	0.541161
261	179	0.720128
261	56	0.734472
261	178	0.966968
261	17	0.755999
261	133	0.544727
261	60	0.411584
261	14	0.156398
261	26	0.7149
261	44	0.553383
261	39	0.318996
261	42	0.231251
261	6	0.286167
261	7	0.0430815
261	34	0.216246
261	223	0.974128
261	35	0.420712
261	46	0.197957
261	21	0.205438
261	67	0.762403
261	37	0.149958
261	179	0.76578
261	4	0.524431
261	54	0.500658
261	68	0.400661
261	37	0.17783
261	55	0.239652
261	98	0.828401
261	5	0.232514
261	76	0.800212
261	21	0.321267
261	56	0.440413
261	94	0.571207
261	42	0.302695
261	103	0.935813
261	111	0.492001
261	52	0.443825
261	2	0.0342025
261	141	0.767199
261	33	0.176732
261	12	0.945712
261	6	0.066497
261	69	0.314163
261	6	0.0731986
261	5	0.67045
261	0	0.952658
261	7	0.481132
261	179	0.929072
261	16	0.194901
261	44	0.675291
261	29	0.431953
261	146	0.667056
261	88	0.803915
261	4	0.0581574
261	17	0.31818
261	0	0.179196
261	30	0.131491
261	131	0.6498
261	24	0.528447
261	36	0.149731
261	93	0.846095
261	72	0.648022
261	3	0.435918
261	197	0.95371
261	20	0.575007
261	13	0.0556012
261	193	0.944399
261	73	0.51168
261	10	0.10149
261	38	0.508256
261	178	0.880252
261	27	0.573897
261	13	0.447678
261	23	0.104517
261	77	0.852393
261	51	0.515456
261	41	0.671032
261	1	0.128692
261	16	0.272652
261	23	0.487667
261	55	0.340403
261	198	0.791868
261	34	0.242872
261	61	0.276312
261	85	0.83461
261	71	0.301641
261	66	0.306745
261	102	0.494728
261	25	0.908029
261	8	0.200082
261	92	0.373527
261	92	0.358715
261	60	0.380309
261	5	0.0424158
261	191	0.872318
261	125	0.750377
261	19	0.467799
261	112	0.514061
261	50	0.93033
261	7	0.067576
261	141	0.556355
261	34	0.383421
261	171	0.822395
261	140	0.594572
261	33	0.572108
261	117	0.478713
261	43	0.331662
261	3	0.155474
261	4	0.377429
261	19	0.176605
261	52	0.244291
261	61	0.796539
261	113	0.605436
261	151	0.775686
261	1	0.133
261	46	0.606408
261	7	0.034604
261	56	0.590941
261	38	0.351403
261	98	0.768049
261	2	0.225421
261	0	0.0802283
261	13	0.625126
261	88	0.447383
261	64	0.312142
261	57	0.434136
261	5	0.467091
261	94	0.657687
261	1	0.953226
261	6	0.105402
261	2	0.0546987
261	14	0.0828135
261	99	0.51591
261	7	0.05857
261	10	0.216174
261	41	0.521355
261	15	0.0595125
261	62	0.594933
261	68	0.277034
261	31	0.154741
261	53	0.5927
261	17	0.832962
261	8	0.484626
261	186	0.906559
261	88	0.476898
261	5	0.0851661
261	15	0.273222
261	117	0.526093
261	190	0.762984
261	70	0.527652
261	112	0.608944
261	7	0.178247
261	38	0.539288
261	23	0.174869
261	10	0.499257
261	13	0.0814023
261	26	0.122635
261	84	0.409247
261	44	0.487395
261	38	0.372276
261	230	0.965233
261	108	0.829437
261	94	0.442545
261	18	0.303654
261	22	0.181155
261	111	0.494684
261	71	0.814603
261	171	0.694552
261	33	0.46852
261	146	0.8444
261	6	0.148566
261	15	0.181954
261	177	0.931518
261	22	0.192979
261	40	0.475376
261	65	0.647941
261	2	0.184733
261	206	0.840594
261	59	0.284566
261	2	0.0212517
261	6	0.681523
261	0	0.767835
261	8	0.0432133
261	57	0.28312
261	1	0.214992
261	49	0.928639
261	2	0.147444
261	195	0.839441
261	3	0.497062
261	44	0.462671
261	76	0.939133
261	3	0.0142832
261	18	0.888103
261	58	0.653448
261	117	0.810324
261	228	0.977115
261	15	0.0992792
261	22	0.130975
261	26	0.373875
261	3	0.0904934
261	22	0.131388
261	147	0.580002
261	12	0.20912
261	3	0.194497
261	62	0.275991
261	81	0.714376
261	226	0.963814
261	10	0.134307
261	106	0.73865
261	27	0.896048
261	66	0.844465
261	79	0.674042
261	88	0.352471
261	19	0.388928
261	21	0.304858
261	37	0.764147
261	233	0.906121
261	196	0.90201
261	71	0.304596
261	52	0.879458
261	15	0.95271
261	2	0.645144
261	112	0.793228
261	69	0.341526
261	68	0.877135
261	37	0.413838
261	15	0.114266
261	16	0.237103
261	103	0.591128
261	71	0.747142
261	1	0.0194886
261	4	0.0293912
261	2	0.0107287
261	23	0.34504
261	7	0.188257
261	44	0.319878
261	16	0.152592
261	79	0.803175
261	31	0.344289
261	91	0.877992
261	126	0.727724
261	1	0.0288691
261	160	0.864965
261	87	0.54149
261	137	0.85266
261	4	0.262827
261	74	0.646262
261	87	0.713409
261	0	0.846478
261	27	0.350772
261	57	0.226657
261	9	0.938742
261	4	0.795779
261	112	0.799199
261	9	0.0703531
261	165	0.690585
261	54	0.477773
261	57	0.548168
261	29	0.175122
261	76	0.589235
261	217	0.89505
261	99	0.435545
261	119	0.879966
261	113	0.636837
261	102	0.424758
261	5	0.169662
261	93	0.422335
261	2	0.497567
261	16	0.2547
261	142	0.768449
261	46	0.506015
261	149	0.68993
261	3	0.570737
261	14	0.185377
261	1	0.0530556
261	165	0.840612
261	5	0.413893
261	39	0.647935
