3000
239	185	0.999792
446	372	0.999715
58	38	0.999715
338	289	0.999708
494	480	0.999853
306	206	0.999957
211	192	0.999907
118	99	0.999939
224	183	0.999824
373	362	0.999751
209	145	0.999848
456	359	0.999823
97	62	0.999864
498	370	0.999768
182	132	0.999928
486	485	0.999906
453	419	0.999873
308	257	0.999773
70	67	0.99986
248	243	0.999716
393	295	0.999837
149	118	0.999768
389	313	0.9998
142	91	0.999927
60	41	0.999997
288	218	0.999998
240	162	0.999902
355	327	0.999888
128	110	0.999888
493	371	0.999763
85	67	0.99982
496	455	0.999947
231	152	0.999763
415	332	0.999797
161	156	0.999928
277	216	0.999897
294	223	0.999925
294	188	0.999852
238	154	0.99983
338	275	0.999909
423	332	0.999916
70	65	0.999814
384	254	0.999932
219	141	0.99976
359	246	0.999874
258	253	0.999969
126	113	0.999854
413	330	0.999943
357	299	0.999944
202	139	0.99988
281	224	0.999879
414	306	0.99984
238	167	0.999822
233	187	0.99987
442	298	0.999766
420	295	0.999802
322	299	0.999844
74	67	0.999867
188	157	0.999768
208	161	0.999855
71	48	0.999958
129	128	0.999938
135	107	0.999763
343	279	0.999951
126	87	0.999806
131	106	0.9997
78	72	0.999942
262	245	0.99972
229	217	0.999944
379	248	0.99992
367	293	0.99996
364	362	0.999711
92	90	0.999899
365	276	0.999875
405	314	0.999732
437	397	0.999969
292	288	0.999823
154	115	0.999769
491	437	0.999815
271	178	0.999874
453	449	0.999938
174	172	0.999717
110	90	0.99982
339	279	0.999748
97	64	0.999942
53	38	0.999948
467	450	0.999776
319	271	0.999835
500	431	0.999936
283	227	0.999874
419	350	0.999954
256	253	0.999802
143	111	0.999819
213	155	0.999998
155	136	0.999878
283	245	0.999913
355	344	0.999916
465	347	0.999874
338	302	0.999748
276	194	0.999966
321	311	0.999759
407	284	0.999799
483	472	0.999955
294	233	0.999827
385	268	0.999875
158	103	0.999951
475	434	0.999793
225	180	0.999823
371	352	0.999786
359	262	0.99971
73	50	0.999807
199	174	0.999823
128	116	0.999819
236	234	0.999751
470	390	0.999866
482	462	0.999981
154	98	0.9997
251	188	0.999947
78	64	0.999729
367	342	0.999989
355	330	0.999702
330	222	0.999874
210	180	0.999848
57	41	0.999794
463	364	0.999717
283	241	0.999863
467	384	0.999884
58	46	0.999744
477	407	0.999708
67	47	0.999858
269	262	0.999942
370	235	0.999879
69	48	0.999839
201	156	0.999931
164	106	0.999725
455	449	0.99991
201	150	0.999962
89	70	0.999812
410	351	0.999792
172	168	0.999797
113	83	0.999864
248	236	0.999909
268	252	0.999908
486	446	0.999943
371	350	0.999934
158	125	0.999699
447	371	0.999848
276	205	0.999938
423	292	0.999871
181	170	0.999827
434	419	0.999773
144	142	0.99985
136	91	0.999753
436	354	0.999804
145	138	0.999969
319	228	0.999738
227	191	0.9999
197	141	0.999837
416	413	0.999917
275	179	0.999925
147	138	0.999761
474	357	0.999986
63	56	0.999871
438	330	0.999714
147	96	0.999727
403	280	0.999895
94	90	0.999948
75	63	0.999926
490	456	0.999853
224	185	0.999907
167	141	0.99983
446	314	0.999802
50	48	0.999835
367	275	0.999752
308	257	0.999731
79	56	0.999925
90	81	0.999881
253	213	0.999752
259	256	0.999702
325	307	0.999991
100	93	0.999953
400	255	0.999811
71	55	0.999989
233	167	0.999837
252	235	0.999698
133	86	0.999857
247	200	0.999813
491	446	0.999753
472	470	0.999802
59	47	0.99973
459	343	0.999869
447	321	0.9998
271	235	0.99985
416	277	0.999714
483	371	0.999904
378	304	0.999977
256	185	0.999906
390	316	0.999902
392	277	0.999999
452	298	0.999888
408	261	0.999848
145	102	0.999768
472	404	0.999991
404	375	0.999919
223	207	0.999837
337	334	0.999839
169	151	0.999998
500	472	0.999718
280	194	0.999984
420	339	0.999911
479	380	0.999824
226	201	0.999984
446	381	0.999874
59	46	0.999796
255	179	0.999759
353	278	0.999768
255	171	0.999737
473	401	0.999702
477	437	0.999938
429	413	0.999997
326	305	0.999824
170	127	0.999734
334	257	0.999915
105	76	0.99998
244	210	0.999997
137	127	0.9999
290	219	0.999715
495	457	0.999806
115	79	0.999772
475	473	0.999947
426	309	0.999915
347	326	0.999706
473	472	0.999749
221	178	0.999771
143	138	0.999789
101	96	0.999986
423	356	0.999864
321	208	0.999753
128	125	0.999937
160	119	0.999952
310	276	0.999713
367	252	0.999711
320	256	0.999706
178	115	0.999926
128	104	0.999783
183	119	0.999777
166	109	0.999934
258	194	0.999953
375	296	0.99975
357	257	0.999853
400	391	0.999731
124	101	0.999921
473	310	0.999966
491	348	0.999897
257	212	0.999778
487	466	0.999882
51	36	0.999732
197	137	0.999838
112	75	0.999994
159	136	0.999998
136	114	0.999759
408	323	0.999777
85	70	0.999699
293	244	0.999728
135	130	0.999939
400	374	0.999827
476	399	0.999879
259	228	0.999702
98	75	0.999972
162	125	0.999957
251	210	0.999946
350	339	0.999859
350	333	0.999985
190	136	0.999981
383	300	0.999928
295	210	0.999945
250	223	0.999698
260	239	0.999786
421	304	0.999798
390	303	0.999772
197	153	0.999956
137	98	0.999858
327	288	0.999806
483	431	0.999744
65	47	0.999998
448	285	0.999893
211	168	0.999759
52	42	0.999757
303	241	0.999813
443	336	0.99985
412	403	0.999809
150	133	0.999768
394	343	0.999787
341	255	0.999805
249	170	0.999762
102	80	0.999708
159	116	0.99989
293	199	0.999932
136	88	0.999906
74	60	0.999708
103	86	0.999892
308	214	0.999857
208	139	0.999824
274	210	0.999831
352	237	0.999772
462	399	0.999771
474	357	0.99999
289	224	0.999806
475	469	0.99995
249	159	0.999982
134	91	0.999843
296	272	0.99977
474	393	0.999934
156	113	0.999873
428	301	0.999807
414	276	0.99994
466	328	0.999852
161	112	0.999996
180	134	0.999922
294	273	0.99986
477	385	0.999877
459	407	0.999856
277	191	0.999954
232	183	0.999737
117	90	0.99989
69	47	0.999766
376	322	0.999846
167	115	0.999955
352	283	0.999843
50	46	0.999767
409	275	0.99983
265	212	0.999961
363	247	0.999839
296	267	0.999956
483	479	0.99983
299	248	0.999856
474	301	0.999756
265	204	0.999797
399	291	0.999736
78	70	0.99988
451	328	0.999742
157	134	0.99982
441	354	0.999724
238	220	0.99985
153	101	0.999932
128	106	0.999805
62	42	0.999968
87	58	0.9997
410	393	0.999821
225	156	0.999962
433	380	0.999853
335	313	0.999928
77	54	0.999868
185	123	0.999729
465	339	0.999781
157	101	0.999981
147	143	0.99993
192	165	0.999701
297	205	0.999734
82	55	0.999755
357	268	0.999984
424	405	0.999835
62	52	0.999853
108	78	0.999964
415	270	0.999993
65	60	0.99983
422	372	0.999895
235	232	0.999705
376	322	0.999809
394	336	0.999719
55	49	0.999902
439	360	0.999836
245	178	0.999824
360	355	0.99987
436	432	0.999723
288	209	0.999902
307	245	0.999993
225	154	0.99991
244	230	0.999875
298	282	0.999926
266	211	0.999717
477	464	0.999962
311	210	0.999935
164	124	0.999701
332	290	0.999874
288	262	0.999826
129	89	0.999808
451	383	0.999751
435	289	0.999951
370	312	0.999874
248	186	0.99995
372	369	0.999803
368	294	0.99982
418	315	0.999932
217	143	0.999895
136	128	0.999816
330	235	0.999716
459	379	0.999799
225	219	0.999758
407	284	0.999715
167	129	0.999898
254	163	0.999783
473	406	0.999924
375	334	0.999805
197	180	0.999709
196	157	0.999721
321	268	0.999699
277	177	0.999953
94	88	0.999725
59	41	0.999898
305	282	0.999787
145	97	0.999864
459	340	0.9997
185	172	0.999771
396	267	0.999776
125	95	0.99976
442	408	0.999806
485	406	0.999709
317	269	0.99999
133	85	0.999935
61	58	0.999749
355	312	0.999823
188	136	0.999982
442	401	0.999928
101	98	0.99996
357	338	0.999915
450	347	0.999833
201	169	0.999705
201	132	0.99999
441	303	0.999978
228	183	0.999921
64	41	0.999992
79	72	0.999838
91	89	0.999839
500	499	0.999844
282	244	0.999798
323	305	0.999707
450	298	0.999789
57	52	0.999821
338	326	0.999944
314	214	0.999749
238	206	0.99978
338	328	0.999899
491	439	0.999866
368	275	0.999858
155	111	0.999944
140	115	0.999838
280	259	0.999892
470	324	0.999991
443	287	0.999862
140	107	0.999868
417	319	0.999722
347	270	0.999849
273	219	0.999832
174	163	0.999833
231	201	0.999742
96	62	0.999783
395	275	0.999908
101	99	0.999995
345	261	0.999809
340	274	0.999838
266	222	0.999777
169	118	0.999894
64	58	0.999857
304	250	0.99993
399	389	0.999803
127	92	0.999986
264	181	0.999815
203	194	0.999751
251	199	0.999793
395	384	0.999993
86	60	0.99981
267	258	0.999969
326	260	0.999761
453	428	0.999826
324	235	0.999893
371	357	0.999883
329	243	0.99981
156	154	0.999872
383	285	0.999713
419	335	0.999809
72	51	0.999915
256	212	0.999711
208	200	0.999749
339	259	0.999988
206	132	0.999805
303	211	0.999818
329	224	0.999819
371	244	0.999894
377	363	0.999729
109	93	0.9999
221	171	0.999846
106	74	0.99985
202	193	0.99989
264	204	0.999854
107	99	0.999808
361	262	0.999831
375	371	0.999698
96	69	0.999876
452	340	0.999866
240	234	0.999733
350	304	0.999949
451	333	0.999781
276	209	0.999772
157	137	0.999762
442	347	0.999883
170	141	0.999983
483	442	0.99978
184	151	0.999755
208	183	0.999873
296	264	0.999862
387	274	0.999772
388	339	0.999982
223	200	0.999849
289	255	0.999838
452	444	0.999999
190	132	0.99976
353	268	0.999949
437	425	0.999893
114	91	0.999814
380	353	0.999975
382	379	0.999729
321	206	0.99999
452	316	0.999906
146	135	0.999778
211	144	0.999882
188	182	0.999808
360	267	0.999737
234	206	0.999947
79	54	0.999835
59	46	0.999774
78	60	0.999798
288	209	0.999938
136	93	0.999817
85	56	0.999855
258	226	0.999997
219	171	0.99988
324	300	0.999947
307	244	0.99975
329	298	0.999996
130	127	0.999851
330	218	0.999861
258	231	0.999834
487	481	0.999744
382	371	0.999749
161	129	0.999767
319	300	0.999954
328	214	0.99983
400	371	0.999805
73	61	0.999773
200	166	0.999994
119	116	0.999867
157	130	0.99971
405	337	0.999957
261	247	0.999883
432	304	0.999702
199	137	0.999995
272	186	0.99992
240	211	0.999759
173	165	0.999963
412	401	0.999729
128	108	0.999821
403	267	0.999719
391	384	0.999931
493	353	0.999854
226	153	0.999736
497	418	0.999773
279	249	0.999721
95	76	0.999803
303	296	0.999698
454	289	0.999958
115	102	0.999754
293	284	0.999887
121	113	0.999972
401	336	0.999917
268	218	0.99978
163	160	0.999753
325	292	0.999814
67	44	0.999742
419	272	0.999749
394	312	0.999704
62	40	0.999703
239	184	0.999964
301	263	0.999827
293	272	0.999924
485	316	0.999717
195	178	0.99985
428	399	0.999954
64	45	0.999789
273	266	0.999809
399	385	0.999929
405	359	0.999851
265	222	0.999923
389	294	0.999827
149	147	0.999906
258	236	0.999751
393	333	0.999737
256	245	0.99971
336	219	0.99986
420	337	0.999796
232	174	0.999982
57	50	0.999891
385	284	0.999762
64	57	0.999995
112	79	0.999867
307	283	0.999827
384	244	0.999842
412	286	0.999975
443	345	0.999949
469	358	0.999814
182	137	0.999923
492	403	0.999909
441	398	0.999886
89	85	0.999946
71	59	0.999884
373	326	0.999864
171	152	0.999777
264	181	0.999818
387	294	0.999757
290	263	0.999714
98	84	0.999791
279	224	0.999801
207	155	0.999809
199	182	0.999966
83	68	0.999723
67	51	0.999911
327	294	0.999716
466	413	0.999911
445	375	0.999815
140	101	0.999772
359	320	0.999955
488	380	0.999716
167	145	0.999849
394	359	0.999888
245	168	0.99994
228	149	0.999795
217	208	0.999724
466	304	0.999895
284	254	0.999912
251	231	0.999768
302	263	0.999996
263	182	0.999758
202	194	0.999975
402	256	0.999719
292	258	0.999878
310	210	0.999944
490	450	0.999984
128	105	0.999843
468	466	0.999729
120	98	0.999799
114	98	0.999937
192	122	0.999712
302	213	0.999698
232	212	0.999925
402	397	0.999832
410	289	0.999894
277	222	0.999757
391	287	0.999814
53	38	0.999815
451	389	0.999821
94	84	0.999822
206	191	0.999943
94	87	0.999708
363	285	0.999837
317	272	0.999847
331	283	0.999868
367	345	0.999989
182	177	0.999865
172	111	0.999817
100	90	0.999961
74	72	0.999895
118	107	0.999912
366	302	0.999839
300	194	0.999809
335	302	0.999914
223	188	0.999946
203	161	0.999828
248	167	0.999806
72	60	0.999837
174	116	0.999711
478	437	0.999817
248	216	0.99974
408	365	0.9999
212	166	0.999829
399	281	0.999803
419	334	0.999898
104	67	0.999703
407	351	0.999906
157	136	0.99997
483	426	0.999844
346	302	0.999813
104	73	0.999719
208	164	0.999959
441	356	0.999769
370	357	0.999831
383	370	0.999851
103	89	0.999851
444	298	0.99976
295	262	0.9999
98	74	0.999785
135	106	0.999844
495	440	0.999822
429	315	0.999828
66	55	0.999925
237	220	0.999907
128	124	0.999947
387	381	0.999725
123	106	0.999801
186	119	0.999792
391	304	0.999887
334	299	0.999837
262	171	0.999818
117	99	0.999888
393	265	0.999893
156	136	0.99999
344	308	0.999918
312	272	0.99985
422	283	0.999742
304	256	0.99988
317	206	0.99996
463	310	0.999706
190	141	0.999951
262	204	0.99984
468	421	0.999865
151	146	0.999827
104	101	0.999884
377	343	0.999733
68	59	0.999919
469	400	0.999886
331	243	0.999855
73	69	0.99974
284	229	0.999914
75	64	0.999735
111	98	0.999732
164	118	0.999735
304	271	0.999828
346	333	0.999857
317	284	0.999793
479	449	0.999868
467	374	0.999868
204	195	0.999733
208	193	0.999791
299	222	0.999933
216	194	0.99982
466	319	0.999969
407	260	0.999975
181	131	0.999792
322	307	0.999875
328	215	0.999795
254	201	0.999925
190	155	0.999749
100	73	0.999907
55	42	0.999898
154	130	0.999908
276	215	0.999867
427	390	0.999805
400	392	0.999853
392	266	0.999924
407	259	0.999894
327	233	0.999872
209	164	0.999722
155	153	0.999892
483	439	0.999779
188	121	0.999781
456	301	0.99999
288	254	0.999836
195	163	0.99987
414	334	0.999835
334	223	0.999818
128	104	0.999776
202	158	0.99999
241	173	0.999853
53	39	0.999924
254	230	0.999725
299	215	0.999971
437	299	0.999972
320	264	0.99998
456	351	0.999717
156	138	0.999775
170	167	0.999928
322	298	0.999726
326	217	0.999875
457	319	0.999993
207	200	0.999732
161	109	0.999903
82	56	0.999918
218	158	0.999804
273	204	0.999988
145	143	0.999966
345	309	0.999698
207	178	0.99995
84	74	0.999746
118	107	0.999742
369	330	0.999831
108	101	0.999815
54	39	0.999918
93	63	0.999987
413	291	0.999964
195	176	0.999916
234	230	0.999819
143	140	0.999912
415	340	0.999956
434	301	0.999858
500	478	0.99996
453	450	0.999893
54	45	0.99996
308	254	0.999797
486	388	0.999721
192	178	0.999893
326	294	0.999839
149	97	0.999768
243	217	0.999742
53	44	0.999869
65	44	0.999972
83	77	0.999759
350	277	0.999983
345	290	0.999866
468	313	0.999986
451	444	0.999765
107	92	0.999872
472	419	0.999914
98	89	0.999921
106	78	0.999731
204	165	0.999856
482	455	0.999808
196	141	0.99981
392	341	0.99999
165	154	0.999802
283	227	0.999767
350	343	0.999796
153	136	0.999735
367	341	0.999877
51	50	0.999906
496	354	0.999763
183	158	0.999716
436	348	0.999888
492	380	0.999855
166	118	0.999825
297	286	0.999747
463	457	0.999899
322	249	0.999717
208	164	0.99993
231	196	0.999951
203	158	0.999744
231	199	0.999731
166	161	0.999802
243	230	0.999806
339	233	0.999992
391	269	0.999727
416	393	0.999785
165	115	0.9998
439	381	0.999724
454	348	0.999745
334	243	0.999786
345	310	0.999962
202	146	0.999934
384	332	0.999858
116	82	0.999938
445	438	0.999903
295	234	0.99996
66	59	0.999999
291	250	0.999711
397	320	0.999919
190	151	0.999983
469	329	0.999738
467	370	0.999916
443	382	0.999885
431	422	0.999846
279	275	0.999762
351	332	0.999959
206	182	0.999769
296	258	0.999899
475	314	0.999862
359	337	0.99988
115	81	0.999724
289	286	0.999807
420	405	0.999985
378	343	0.999872
354	229	0.999928
95	62	0.999988
428	274	0.999865
476	368	0.999799
370	320	0.999791
438	356	0.999715
414	292	0.999707
125	109	0.999807
420	363	0.999851
159	126	0.999885
232	166	0.999972
85	65	0.999942
290	245	0.999984
365	315	0.999705
141	110	0.999888
396	277	0.999924
176	171	0.999702
148	118	0.99992
403	280	0.999842
336	321	0.99995
481	457	0.999994
449	320	0.999813
387	281	0.999732
253	181	0.999829
405	301	0.999851
461	345	0.999777
356	263	0.999744
323	321	0.999857
162	132	0.999826
394	338	0.999887
390	331	0.999741
377	309	0.999845
319	245	0.999928
150	102	0.999836
167	147	0.999825
388	296	0.999717
251	182	0.99994
156	151	0.999853
458	292	0.9998
348	323	0.999701
324	249	0.999796
55	40	0.999978
110	85	0.999923
488	459	0.999944
111	78	0.999705
363	237	0.999961
205	171	0.999983
85	69	0.999964
118	98	0.999831
448	295	0.999817
64	43	0.999817
51	44	0.999929
91	72	0.999821
196	155	0.999885
459	306	0.999824
102	65	0.999811
251	244	0.999976
372	340	0.999845
396	381	0.999907
444	385	0.999819
431	408	0.999839
323	219	0.999825
421	419	0.999975
316	209	0.999913
271	193	0.99988
267	206	0.999781
176	153	0.999872
136	108	0.999846
150	108	0.999774
363	316	0.999764
314	249	1
495	329	0.999749
467	461	0.999923
391	362	0.99986
334	319	0.999844
131	91	0.999699
279	230	0.999782
422	294	0.999714
215	178	0.999944
68	66	0.999757
395	278	0.999809
161	138	0.999967
321	308	0.999895
368	277	0.999912
284	209	0.999972
476	343	0.999758
157	154	0.999801
136	123	0.999857
334	256	0.999971
215	149	0.999776
451	401	0.999866
406	286	0.999944
432	289	0.999939
61	46	0.999756
165	156	0.999761
114	104	0.999752
430	297	0.999734
265	253	0.999957
201	174	0.9998
104	66	0.999912
361	230	0.999953
278	195	0.999998
412	335	0.999913
489	412	0.999724
365	306	0.999725
98	63	0.999874
312	247	0.999956
423	399	0.999752
309	237	0.999842
173	110	0.999883
181	136	0.999745
468	389	0.999906
60	50	0.999893
380	302	0.999866
64	63	0.999895
349	233	0.999765
209	168	0.999901
322	205	0.999804
400	265	0.999743
491	391	0.99974
169	116	0.99985
500	349	0.999912
368	331	0.999918
279	217	0.99981
58	47	0.999791
405	311	0.999856
336	308	0.999741
161	153	0.999887
305	266	0.999947
87	66	0.999842
417	409	0.99993
118	114	0.999913
439	298	1
286	222	0.999889
144	131	0.999993
358	256	0.999986
140	134	0.999801
125	121	0.999897
254	213	0.99997
262	206	0.999858
128	123	0.99993
121	93	0.999873
269	261	0.999885
202	137	0.999733
341	315	0.999781
424	305	0.99989
347	283	0.999899
294	226	0.999805
248	170	0.999961
174	127	0.999744
205	167	0.999785
303	248	0.999704
144	116	0.999742
135	130	0.999993
477	344	0.999883
72	68	0.999893
164	147	0.999711
396	258	0.999773
489	417	0.999712
247	188	0.999887
250	235	0.999886
211	190	0.999698
314	255	0.999987
130	85	0.999798
86	83	0.999845
422	326	0.99983
466	420	0.999703
323	273	0.999726
344	254	0.999838
419	269	0.999835
135	112	0.999893
137	130	0.999725
438	372	0.999909
78	65	0.999903
91	90	0.999994
132	119	0.999801
369	243	0.999732
72	67	0.999927
430	312	0.999768
112	89	0.999778
392	309	0.999998
334	320	0.99997
257	213	0.99974
449	383	0.999906
403	284	0.999859
408	337	0.999828
164	156	0.999804
200	179	0.999877
131	119	0.999935
434	383	0.999744
256	164	0.999745
301	281	0.99982
217	139	0.999811
495	322	0.999998
225	184	0.999791
271	186	0.999918
280	229	0.999727
358	275	0.999991
282	214	0.999799
266	231	0.999935
457	381	0.999712
423	348	0.999888
239	202	0.999877
231	190	0.99993
94	71	0.999856
439	422	0.999808
119	95	0.999863
430	322	0.999813
351	307	0.999902
394	363	0.999879
52	35	0.999848
258	225	0.999823
293	200	0.999718
294	264	0.999791
65	52	0.999709
195	190	0.999884
453	360	0.999745
410	391	0.999784
388	344	0.999719
366	238	0.999743
250	184	0.999944
440	288	0.999787
433	278	0.999808
101	88	0.999864
184	168	0.999911
135	113	0.999862
484	408	0.999936
373	369	0.999922
195	188	0.999863
240	226	0.999819
473	332	0.999871
240	173	0.999904
90	68	0.999952
479	356	0.999791
245	237	0.999733
390	332	0.999939
79	63	0.999712
149	102	0.99979
67	46	0.999752
431	320	0.999848
60	51	0.999832
286	274	0.99971
190	159	0.999933
439	294	0.999814
158	157	0.999967
408	291	0.99988
151	130	0.999988
228	195	0.999758
442	299	0.999921
309	216	0.99993
427	393	0.999791
228	220	0.999837
235	178	0.999767
483	475	0.99981
327	252	0.99986
110	80	0.999953
323	318	0.999704
470	325	0.999909
174	111	0.999791
270	215	0.999897
371	243	0.99974
218	159	0.99979
237	204	0.999841
286	277	0.999718
161	121	0.999994
157	108	0.999789
251	238	0.999881
388	320	0.999785
455	302	0.999739
374	364	0.999922
283	248	0.999971
452	419	0.999841
68	51	0.999816
430	288	0.999867
398	365	0.999908
212	206	0.999752
189	161	0.999746
85	69	0.999782
200	149	0.999752
87	80	0.999864
458	354	0.99989
347	337	0.999746
227	164	0.999954
315	201	0.999891
494	332	0.999916
375	373	0.999764
87	81	0.999986
253	226	0.99997
351	297	0.999901
230	172	0.999851
348	266	0.999698
476	433	0.999848
73	52	0.999989
372	304	0.999874
77	63	0.999965
261	187	0.999956
91	78	0.999787
138	109	0.999805
178	115	0.999941
343	241	0.999928
181	167	0.999786
358	323	0.999816
168	163	0.999975
149	116	0.999722
115	98	0.999853
137	124	0.999887
238	164	0.999987
259	206	0.999813
63	48	0.9999
97	69	0.999741
438	365	0.999781
300	235	0.999728
82	62	0.999715
462	348	0.999799
208	153	0.999873
266	174	0.999886
356	327	0.999964
336	239	0.999924
237	168	0.999797
452	385	0.999946
414	342	0.999811
278	187	0.999736
373	302	0.999831
138	89	0.999994
91	87	0.999983
97	80	0.999988
262	212	0.999878
374	256	0.99974
201	196	0.999932
240	232	0.999816
460	438	0.999779
345	274	0.999876
188	129	0.999862
366	354	0.999893
146	131	0.999903
120	80	0.999985
421	306	0.999707
447	360	0.999804
129	119	0.999703
83	80	0.99971
272	199	0.999859
258	256	0.999899
203	179	0.999896
248	198	0.999864
428	371	0.999716
275	265	0.99989
245	186	0.999759
417	282	0.999781
63	57	0.999824
210	207	0.999931
112	75	0.999836
486	466	0.9998
421	348	0.999976
485	384	0.99994
50	43	0.999774
231	175	0.999826
258	251	0.999957
79	51	0.999866
340	315	0.999752
92	65	0.999895
281	230	0.99976
71	53	0.999743
112	78	0.999928
155	120	0.99973
312	266	0.999887
302	264	0.999999
361	286	0.999751
92	87	0.999915
247	169	0.999822
96	84	0.999793
212	188	0.999933
284	193	0.999904
278	274	0.999876
165	160	0.999836
486	422	0.999844
203	134	0.999776
62	52	0.999945
425	419	0.999936
475	388	0.999979
362	290	0.999896
325	262	0.99991
135	101	0.999738
288	202	0.999895
383	328	0.999976
304	205	0.999822
75	68	0.999833
173	167	0.999861
383	288	0.99989
78	74	0.999702
315	313	0.999953
339	290	0.999758
357	342	0.999843
145	140	0.999834
407	312	0.999705
142	94	0.999959
405	272	0.999882
403	327	0.999832
333	228	0.99986
174	169	0.999753
321	270	0.999951
272	247	0.999855
466	320	0.999811
288	283	0.999851
497	440	0.999845
295	262	0.999956
397	387	0.999746
318	245	0.999968
471	335	0.99977
61	40	0.999712
287	215	0.999723
267	207	0.999818
383	259	0.999858
59	48	0.999807
415	370	0.999713
415	394	0.999744
411	271	0.999885
474	392	0.999841
493	455	0.999835
342	303	0.999794
361	243	0.999867
123	102	0.999809
273	218	0.999774
84	72	0.999887
447	329	0.999858
153	122	0.999906
196	171	0.999788
154	128	0.999825
180	170	0.999813
466	431	0.999766
182	122	0.999698
323	233	0.999909
414	355	0.999797
355	328	0.999712
275	204	0.999789
348	292	0.999966
322	273	0.999775
326	242	0.99981
253	195	0.999865
492	423	0.999825
428	367	0.99972
350	309	0.999853
81	64	0.999806
201	195	0.99973
101	77	0.999765
392	285	0.999928
81	73	0.999712
306	301	0.999904
498	335	0.999916
377	366	0.999866
357	271	0.999793
124	83	0.999823
279	196	0.999857
62	46	0.999932
367	246	0.999703
77	64	0.999748
452	390	0.999832
106	103	0.999782
159	148	0.999803
299	191	0.999711
119	111	0.99994
60	40	0.999796
229	179	0.999804
131	101	0.999891
422	300	0.999709
107	85	0.999958
86	64	0.999982
264	253	0.999837
443	298	0.999779
265	235	0.999716
347	286	0.99991
197	143	0.999866
213	145	0.999947
198	130	0.99992
347	262	0.999742
453	369	0.999827
55	35	0.999909
370	353	0.9998
286	256	0.999922
67	47	0.999964
258	176	0.999915
148	109	0.999989
147	95	0.999722
286	240	0.999788
252	244	0.99972
373	351	0.999896
300	255	0.999775
152	109	0.999892
343	331	0.999735
146	137	0.99995
350	223	0.999817
342	265	0.999888
264	214	0.999826
308	268	0.999802
375	314	0.999741
342	285	0.999962
203	170	0.999831
241	191	0.999988
386	344	0.999776
425	363	0.999708
179	153	0.999765
88	57	0.999824
153	140	0.999878
468	355	0.99973
246	209	0.99991
85	70	0.999718
59	41	0.999929
416	376	0.999732
399	266	0.999906
252	242	0.999855
64	56	0.999926
213	204	0.999822
159	124	0.999927
203	154	0.999705
453	393	0.999794
171	114	0.999949
168	150	0.999791
365	285	0.999987
466	434	0.999956
280	274	0.999817
499	482	0.99975
274	209	0.99979
154	147	0.999919
242	160	0.999977
109	103	0.999858
450	297	0.999933
252	238	0.999973
483	375	0.999852
487	467	0.999913
270	186	0.999884
484	458	0.999876
308	272	0.999718
319	287	0.999836
221	147	0.999722
226	173	0.99983
79	57	0.999762
167	145	0.999993
107	106	0.999883
454	374	0.999975
477	471	0.999765
486	318	0.999891
343	248	0.99992
338	308	0.999884
464	364	0.999819
357	250	0.999762
311	216	0.999816
304	285	0.9997
490	441	0.999701
378	315	0.999781
476	464	0.999707
50	43	0.999787
393	356	0.999725
371	277	0.999922
312	300	0.999916
185	137	0.999904
254	194	0.999838
138	126	0.999809
475	371	0.999727
266	204	0.999713
364	302	0.99974
85	56	0.999876
215	194	0.999783
401	327	0.999922
189	168	0.999857
113	74	0.999964
127	121	0.999802
61	55	0.999928
355	332	0.999765
417	276	0.999853
430	343	0.999992
226	146	0.999795
445	307	0.999987
422	305	0.999883
227	170	0.999981
308	261	0.999939
106	95	0.999968
98	97	0.999984
62	53	0.999953
432	429	0.999982
154	139	0.999758
201	163	0.999954
455	388	0.999955
496	410	0.99998
201	129	0.999914
170	129	0.999763
257	208	0.999931
168	115	0.999905
193	135	0.999813
406	338	0.999774
121	92	0.999986
354	236	0.999968
181	169	0.999739
77	62	0.999945
262	190	0.999841
178	149	0.999876
391	326	0.999964
263	188	0.999739
117	91	0.999747
247	163	0.999954
109	107	0.999799
374	300	0.999871
117	95	0.999759
186	151	0.999826
134	112	0.999833
226	199	0.999981
114	83	0.999814
424	303	0.999746
75	58	0.999852
388	311	0.999995
360	310	0.999937
442	353	0.999966
368	307	0.999758
207	177	0.999914
490	434	0.999899
162	118	0.999839
144	139	0.999732
476	397	0.999766
479	415	0.999885
144	134	0.999739
136	126	0.999804
352	282	0.99973
142	131	0.999757
401	321	0.999979
490	380	0.999814
358	279	0.999867
236	156	0.999789
258	218	0.999923
169	108	0.999897
383	370	0.999788
221	176	0.999916
179	172	0.999934
264	244	0.999779
194	147	0.999783
215	172	0.999714
75	66	0.999862
132	112	0.999848
424	271	0.999739
471	328	0.999762
186	123	0.999933
92	68	0.99974
400	287	0.999962
335	266	0.999861
406	357	0.999915
336	283	0.999771
96	61	0.999951
322	210	0.999834
176	133	0.999794
221	167	0.99985
324	236	0.999804
331	284	0.999729
264	216	0.999707
239	237	0.999728
84	62	0.999885
287	185	0.99992
246	213	0.999736
360	282	0.999951
157	124	1
61	48	0.999922
251	240	0.999715
453	368	0.999746
291	248	0.999952
274	243	0.999846
85	66	0.999901
248	231	0.999705
239	154	0.999826
115	98	0.999809
402	381	0.999725
260	191	0.99972
384	347	0.999841
262	186	0.99975
222	172	0.999914
65	64	0.999941
262	176	0.999819
225	171	0.999821
177	169	0.999989
380	283	0.99998
344	288	0.999983
113	110	0.999797
404	378	0.999903
497	461	0.999807
99	70	0.999764
434	296	0.99989
476	347	0.999927
108	105	0.999998
306	197	0.999873
78	65	0.999942
204	149	0.999754
219	143	0.999848
247	221	0.999749
211	207	0.999821
175	117	0.999798
441	411	0.999706
241	237	0.999938
370	265	0.999744
86	62	0.99997
340	322	0.999936
50	35	0.999745
79	69	0.999798
248	240	0.999782
244	164	0.999932
436	297	0.999717
98	82	0.999938
233	161	0.999937
402	277	0.999903
128	99	0.999826
260	238	0.999954
297	219	0.999838
412	397	0.999828
171	169	0.999976
126	80	0.99991
338	286	0.9998
91	65	0.999856
478	353	0.999997
194	173	0.999925
445	372	0.99997
77	66	0.999953
157	124	0.999821
155	129	0.999816
277	180	0.999886
230	183	0.999924
68	55	0.999934
464	328	0.999906
220	161	0.999865
148	98	0.999894
452	450	0.999796
159	112	0.999721
146	99	0.999896
159	124	0.999851
293	188	0.999752
141	110	0.999748
467	401	0.99973
440	378	0.999798
77	68	0.999916
123	102	0.999793
440	297	0.999913
387	292	0.999738
469	326	0.999805
280	202	0.999801
400	299	0.999974
103	98	0.999846
498	386	0.999828
425	338	0.999903
132	101	0.999773
77	72	0.999858
388	333	0.999796
222	167	0.999738
464	314	0.999847
164	149	0.999897
162	117	0.999746
288	222	0.999827
165	150	0.999948
52	42	0.999899
297	194	0.999791
255	179	0.99984
417	406	0.999954
424	358	0.999954
113	101	0.999919
361	337	0.999874
205	158	0.999822
127	101	0.999995
262	195	0.999829
65	64	0.999771
395	270	0.99999
227	220	0.999735
224	170	0.999952
460	424	0.999958
119	104	0.999996
380	328	0.999941
312	207	0.999903
225	214	0.999839
271	263	0.99984
394	289	0.999757
170	139	0.999888
108	78	0.999818
309	251	0.999842
167	157	0.999766
318	224	0.999748
256	219	0.999794
452	389	0.999778
395	265	0.999726
344	303	0.999941
345	235	0.99999
146	105	0.99992
357	310	0.999823
462	408	0.999945
376	318	0.999963
401	281	0.999975
282	281	0.99982
324	215	0.999996
89	85	0.999786
55	46	0.999723
352	303	0.999781
467	395	0.999981
147	133	0.999979
399	326	0.999709
298	236	0.999941
454	305	0.999956
110	74	0.999969
333	298	0.999768
249	194	0.999902
66	50	0.999728
324	241	0.999989
117	99	0.999934
483	421	0.999961
91	62	0.999789
109	99	0.99983
325	288	0.99972
497	470	0.999887
176	135	0.999749
199	190	0.999799
210	205	0.999964
84	80	0.999972
433	297	0.999885
361	283	0.99978
491	417	0.999976
72	50	0.999945
461	364	0.999917
483	332	0.999744
140	93	0.999905
208	195	0.99986
373	327	0.99975
65	62	0.999815
426	396	0.999717
456	349	0.999787
94	90	0.999924
276	214	0.999839
474	350	0.999745
183	156	0.999779
366	296	0.999863
495	474	0.999839
459	341	0.999935
191	151	0.999992
317	316	0.999767
301	300	0.999937
411	383	0.999852
218	162	0.999859
341	295	0.999721
493	413	0.999826
407	303	0.999887
178	147	0.999996
462	327	0.999906
166	120	0.999748
254	201	0.999758
356	304	0.999728
268	172	0.999721
97	77	0.999897
97	80	0.999812
88	86	0.999817
133	86	0.999912
234	211	0.999853
333	283	0.999914
324	248	0.999883
255	201	0.99977
331	325	0.99989
67	64	0.999765
384	300	0.999872
89	62	0.999873
123	100	0.999784
369	280	0.999918
79	59	0.999702
448	359	0.999738
296	285	0.999769
205	164	0.999999
304	240	0.999797
370	305	0.999877
421	298	0.999892
214	151	0.999829
382	344	0.999982
186	165	0.99999
420	334	0.999865
412	351	0.999767
402	344	0.999755
76	68	0.999867
462	324	0.999906
448	298	0.999745
135	115	0.999897
58	37	0.999842
230	190	0.999745
331	276	0.999753
400	362	0.999835
456	368	0.999963
60	59	0.999901
323	261	0.999858
293	284	0.99974
152	146	0.999797
130	114	0.999838
67	55	0.999928
51	43	0.999777
231	156	0.999749
407	282	0.999912
198	190	0.99991
172	157	0.999948
480	429	0.999755
394	306	0.999905
338	250	0.999728
66	59	0.999982
141	133	0.99973
345	233	0.999837
310	251	0.99988
315	225	0.999971
194	124	0.999816
267	177	0.999885
218	193	0.999718
168	150	0.999955
134	105	0.99981
129	111	0.999979
227	182	0.999709
148	145	0.999778
210	161	0.999961
334	298	0.999941
477	471	0.999781
185	167	0.999963
87	68	0.999745
219	190	0.999792
391	261	0.999829
85	84	0.999855
308	200	0.999824
93	87	0.99998
500	491	0.999985
329	256	0.999781
184	134	0.99976
257	223	0.999902
110	103	0.999798
107	90	0.999985
419	412	0.999976
430	311	0.999761
336	309	0.999938
301	285	0.999823
154	116	0.999777
153	121	0.999895
457	364	0.999896
202	200	0.999843
232	221	0.99984
472	461	0.999919
172	154	0.999915
338	325	0.999737
182	135	0.999805
72	48	0.999734
466	350	0.999721
408	308	0.999819
209	169	0.999893
372	256	0.999951
64	53	0.999708
493	384	0.999908
236	178	0.999809
433	307	0.999879
350	344	0.999795
91	67	0.999867
221	150	0.999883
296	282	0.999841
260	205	0.999702
143	116	0.999986
449	421	0.999862
299	195	0.999797
311	204	0.999859
207	150	0.999982
436	323	0.999934
88	84	0.999872
311	303	0.999747
118	82	0.999705
146	121	0.999761
185	132	0.999794
331	216	0.99997
375	320	0.99978
170	149	0.999957
499	325	0.999864
171	138	0.999772
168	150	0.999723
434	289	0.999926
457	332	0.999941
302	296	0.999866
401	398	0.999839
334	298	0.999864
162	152	0.999844
301	291	0.999995
125	105	0.999851
208	202	0.999885
216	145	0.999698
427	334	0.999841
139	107	0.999769
388	328	0.999837
258	224	0.999997
330	238	0.999985
491	469	0.999809
390	363	0.999849
279	237	0.999861
99	63	0.999943
173	169	0.999954
82	70	0.999912
291	233	0.999699
422	387	0.999731
323	224	0.999847
498	415	0.999728
338	219	0.999946
307	226	0.999956
461	405	0.999866
65	49	0.99998
304	195	0.99974
142	122	0.999859
274	228	0.99989
455	367	0.999826
311	278	0.999788
493	371	0.999735
310	237	0.999775
148	146	0.999989
77	58	0.999932
195	147	0.999744
450	290	0.99992
134	100	0.999743
338	330	0.99997
452	326	0.999861
320	240	0.999819
177	117	0.999819
416	400	0.999728
117	78	0.999944
137	89	0.999907
137	128	0.999942
136	120	0.999804
314	222	0.999759
161	157	0.999821
61	59	0.99998
112	85	0.999809
452	354	0.999731
143	93	0.999931
445	345	0.999768
489	424	0.999844
259	246	0.99973
484	435	0.999931
386	293	0.999871
287	247	0.999708
140	136	0.999804
55	46	0.999882
395	344	0.999898
223	217	0.99978
491	342	0.999807
235	173	0.999861
181	166	0.999744
204	197	0.999979
168	143	0.999837
341	266	0.99992
100	78	0.99993
445	293	0.999894
344	307	0.999853
139	101	0.999817
459	406	0.999756
69	49	0.999914
179	137	0.999794
133	117	0.999781
246	188	0.99972
490	418	0.999894
214	155	0.999853
331	322	0.99982
287	212	0.999762
94	63	0.999849
279	255	0.999833
401	300	0.999917
398	327	0.999996
263	170	0.999818
369	249	0.999746
72	54	0.999886
432	404	0.999943
260	197	0.999871
54	39	0.999951
112	79	0.999931
192	185	0.999855
429	298	0.999849
238	205	0.999718
263	214	0.999881
393	296	0.999757
472	418	0.999982
226	199	0.99987
340	302	0.999927
58	51	0.99987
297	212	0.999714
79	70	0.999738
410	394	0.999711
416	268	0.999764
88	63	0.999977
317	248	0.999976
353	300	0.999858
408	371	0.99997
362	261	0.999747
476	465	0.999924
337	271	0.999953
130	97	0.9999
383	334	0.99984
142	101	0.999791
320	206	0.99977
171	130	0.999817
251	246	0.999895
82	59	0.999866
423	282	0.999795
258	221	0.999699
349	245	0.999767
198	135	0.999814
135	115	0.999874
496	345	0.99973
181	147	0.999809
152	137	0.999965
113	83	0.999809
447	441	0.999791
228	147	0.999831
177	137	0.999998
279	250	0.999825
239	198	0.999973
332	254	0.999762
321	244	0.999909
307	285	0.999966
155	128	0.999936
55	47	0.999994
478	386	0.999945
387	323	0.99973
234	203	0.999775
89	68	0.999805
293	230	0.999723
316	283	0.999902
359	299	0.999886
332	217	0.999937
385	246	0.999969
438	426	0.999988
163	156	0.999771
100	66	0.999841
181	121	0.999915
248	163	0.999734
72	55	0.999805
384	336	0.999771
384	316	0.999979
491	441	0.999765
446	319	0.999855
186	171	0.999823
272	188	0.999973
454	328	0.999973
405	300	0.999871
342	229	0.999709
377	246	0.999783
323	252	0.999968
349	285	0.99972
112	73	0.999791
52	39	0.99976
315	215	0.99994
145	129	0.999797
116	81	0.999932
233	167	0.999761
274	247	0.999917
460	355	0.999891
413	321	0.999739
356	287	0.999796
71	53	0.999747
242	237	0.999975
359	286	0.999886
430	329	0.999984
141	132	0.9998
156	120	0.999969
320	251	0.999794
462	403	0.999718
394	284	0.999755
108	99	0.999801
193	175	0.99994
243	207	0.999962
60	40	0.99972
376	255	0.999849
209	173	0.99996
398	360	0.999971
122	114	0.999801
414	353	0.999895
88	70	0.999788
340	336	0.999736
415	356	0.999779
177	169	0.999772
82	60	0.999805
137	116	0.999878
466	405	0.999975
139	114	0.999971
95	64	0.999863
365	257	0.999795
227	160	0.999769
350	292	0.9998
270	217	0.999885
483	360	0.99985
321	221	0.99987
373	328	0.999701
72	50	0.999881
387	249	0.999711
160	147	0.999942
68	50	0.999957
425	316	0.999872
499	497	0.999729
114	95	0.999756
128	119	0.999788
116	112	0.999985
359	270	0.999992
179	160	0.999916
345	332	0.999945
105	88	0.99997
286	235	0.9998
110	97	0.99984
73	69	0.999789
74	51	0.999872
239	197	0.999704
79	63	0.999862
411	348	0.999971
288	214	0.999719
492	478	0.999724
176	126	0.999733
311	209	0.999808
335	279	0.999832
81	67	0.999938
254	221	0.999795
178	176	0.999773
66	53	0.999977
492	354	0.999806
484	330	0.999819
121	96	0.99977
57	52	0.999893
256	235	0.999747
239	164	0.999924
412	388	0.999994
329	312	0.999746
384	266	0.999828
418	307	0.999764
490	364	0.999996
417	377	0.999848
256	235	0.999827
54	38	0.999715
72	53	0.999944
131	97	0.999933
296	188	0.999851
66	47	0.999794
408	304	0.999985
384	367	0.999818
466	358	0.999787
147	108	0.999768
357	257	0.999898
231	167	0.999873
186	169	0.999701
238	205	0.999951
265	228	0.999702
101	93	0.999708
422	311	0.999811
106	105	0.999813
437	417	0.999856
219	187	0.999901
488	408	0.999737
288	253	0.999928
239	193	0.999739
483	404	0.999785
299	242	0.999931
360	300	0.999998
438	309	0.999875
328	244	0.999976
82	59	0.999745
226	147	0.999942
188	120	0.999707
51	50	0.999914
228	166	0.99982
90	74	0.999841
254	179	0.999786
437	408	0.999991
319	228	0.999809
67	62	0.999872
376	371	0.999961
359	263	0.999863
280	179	0.999891
261	216	0.999705
318	282	0.999854
380	317	0.99987
60	43	0.999876
344	252	0.999977
235	233	0.999943
345	253	0.999783
137	116	0.999977
97	95	0.999915
440	335	0.99995
201	171	0.999933
182	168	0.999793
490	315	0.999996
373	261	0.999894
110	103	0.999837
93	87	0.99993
371	319	0.999856
234	199	0.999718
172	138	0.999957
426	382	0.999989
332	262	0.999919
365	350	0.999976
61	53	0.999801
351	329	0.999807
167	162	0.999768
305	257	0.999871
491	425	0.999736
304	228	0.99993
251	214	0.999896
343	263	0.999952
337	261	0.999722
147	107	0.99975
488	324	0.999818
370	261	0.99994
492	364	0.999826
337	277	0.999861
208	170	0.999919
186	127	0.999949
226	147	0.999765
157	144	0.999997
260	246	0.999999
131	120	0.999908
348	283	0.999781
455	304	0.99974
433	344	0.999763
342	318	0.999931
121	119	0.999951
287	263	0.99986
257	179	0.999801
251	217	0.999827
478	430	0.999758
187	164	0.999977
90	74	0.999895
463	384	0.999746
223	173	0.999985
390	296	0.999742
249	213	0.999722
182	127	0.99989
215	148	0.99991
263	181	0.999744
147	109	0.999861
401	369	0.999911
420	343	0.999892
194	168	0.999823
192	163	0.999746
146	100	0.999942
169	128	0.999948
206	182	0.999918
366	254	0.999761
87	75	0.999847
181	163	0.999846
229	151	0.999814
457	411	0.9998
142	117	0.999748
327	209	0.999735
244	235	0.999989
345	293	0.99998
358	270	0.999845
141	116	0.999875
418	319	0.99984
467	325	0.999919
207	145	0.999729
348	307	0.999931
449	444	0.999893
224	191	0.999995
480	316	0.999965
338	314	0.99991
341	320	0.999755
94	71	0.999938
214	173	0.999728
410	349	0.999913
342	335	0.999901
202	131	0.999986
129	115	0.999976
61	45	0.999809
201	128	0.999764
403	373	0.999863
163	137	0.999784
205	155	0.999878
402	394	0.999873
371	304	0.999904
205	182	0.999868
293	269	0.999731
272	252	0.999841
247	196	0.999739
298	209	0.999862
83	74	0.99991
69	48	0.999915
271	207	0.999985
131	92	0.99991
144	121	0.99995
347	261	0.999776
194	175	1
498	378	0.999701
445	369	0.999848
472	365	0.999843
129	95	0.999969
406	304	0.999816
384	341	0.999885
265	192	0.999998
243	225	0.999721
360	237	0.999813
252	188	0.999939
243	200	0.999927
303	239	0.999735
204	171	0.999743
326	262	0.99988
62	47	0.999863
274	229	0.999955
462	444	0.999975
408	338	0.999984
271	241	0.999846
362	351	0.999868
235	224	0.9998
361	317	0.999884
392	364	0.99978
383	296	0.999844
110	101	0.999707
359	330	0.999871
240	188	0.999875
70	62	0.999762
223	203	0.999751
423	394	0.999922
154	123	0.99974
239	233	0.999794
357	233	0.999903
191	185	0.999899
82	81	0.999985
193	177	0.999867
227	187	0.999969
344	308	0.999728
144	141	0.999931
374	291	0.999853
196	188	0.999704
345	293	0.999829
465	463	0.999978
356	250	0.999967
171	127	0.999884
435	282	0.999862
453	397	0.999716
105	86	0.999727
303	195	0.999784
289	285	0.999764
476	378	0.999746
460	398	0.99972
124	86	0.999984
63	49	0.999844
328	251	0.999821
90	78	0.999727
69	59	0.999902
68	49	0.999728
319	260	0.999975
474	322	0.999727
479	320	0.999839
180	153	0.999895
174	112	0.999952
459	331	0.99972
193	182	0.999781
155	117	0.999831
150	130	0.999949
178	174	0.999896
54	42	0.999889
463	422	0.999753
211	209	0.999996
318	297	0.999887
202	195	0.999804
86	83	0.999769
273	256	0.999996
301	198	0.999937
311	213	0.999771
499	473	0.999957
61	40	0.999978
63	45	0.99999
469	384	0.999844
106	104	0.999871
394	254	0.999803
421	387	0.999871
133	93	0.999998
400	375	0.999879
226	167	0.999821
108	99	0.999762
159	105	0.99998
494	397	0.999719
161	153	0.999849
206	192	0.999808
290	227	0.999834
236	178	0.999843
335	279	0.999924
157	132	0.999778
81	76	0.999949
291	210	0.999917
167	115	0.999705
418	378	0.999967
299	190	0.99981
330	237	0.999731
430	282	0.999844
442	385	0.999839
357	247	0.999755
288	218	0.999802
169	157	0.999877
139	136	0.999745
165	154	0.999865
79	59	0.999974
206	182	0.999932
201	189	0.999964
333	269	0.999848
98	68	0.999727
380	300	0.999992
423	286	0.999858
68	49	0.99974
467	386	1
131	103	0.999758
422	288	0.999938
153	139	0.999871
406	380	0.999864
70	45	0.999984
423	376	0.999705
384	300	0.999803
319	226	0.999959
244	194	0.999841
480	338	0.999801
343	331	0.999997
318	302	0.999892
175	120	0.999839
146	117	0.999826
50	39	0.999874
325	211	0.999784
60	42	0.999912
380	321	0.999916
111	79	0.999893
207	204	0.999762
74	61	0.999701
67	58	0.99974
65	44	0.999782
379	264	0.999974
154	139	0.999748
456	450	0.999994
340	274	0.999738
88	77	0.999857
198	195	0.999862
222	219	0.999734
293	289	0.999769
379	260	0.999978
64	58	0.999708
395	273	0.999769
261	251	0.999867
219	184	0.999844
258	237	0.999753
346	335	0.999908
466	439	0.999731
495	439	0.999754
450	440	0.999963
402	367	0.999879
297	215	0.999731
264	248	0.999817
98	89	0.999725
474	441	0.999851
498	339	0.999966
204	194	0.999981
216	205	0.99997
385	253	0.999712
99	76	0.999892
397	314	0.999888
58	51	0.999875
135	101	0.999943
74	62	0.999979
364	288	0.999966
375	348	0.999889
477	347	0.999995
334	289	0.999772
499	346	0.999957
250	243	0.99987
64	49	0.9997
197	174	0.999859
196	160	0.999819
257	246	0.999942
443	398	0.999807
194	129	0.99991
337	334	0.999814
322	265	0.999941
216	175	0.999755
285	198	0.999968
161	153	0.999713
92	61	0.999749
395	273	0.999867
417	384	0.999751
220	155	0.999989
94	71	0.999753
246	162	0.999824
316	235	0.999938
136	109	0.999967
194	168	0.999762
299	297	0.999804
413	285	0.999806
156	106	0.999767
277	251	0.99988
84	57	0.999853
368	283	0.999815
298	253	0.999896
320	308	0.999713
434	341	0.999899
334	295	0.999931
308	258	0.999881
375	293	0.999871
74	62	0.999855
283	187	0.999733
293	250	0.999759
364	357	0.999741
483	453	0.999885
494	410	0.999869
242	216	0.999712
474	320	0.999995
54	35	0.999953
479	413	0.999906
241	188	0.99981
406	302	0.999916
173	115	0.999867
329	262	0.999904
496	426	0.999758
499	335	0.999784
323	282	0.999777
86	82	0.999961
156	154	0.99978
178	118	0.999819
422	288	0.999825
405	347	0.999973
60	52	0.99981
291	195	0.999856
182	180	0.999703
50	34	0.999877
310	248	0.999934
460	382	0.999861
187	144	0.999774
266	229	0.999762
99	86	0.999895
372	270	0.999817
382	285	0.999698
465	440	0.999995
448	349	0.999847
380	279	0.999775
69	61	0.999938
371	369	0.999778
249	182	0.999752
499	444	0.999699
127	120	0.999892
487	388	0.999903
437	305	0.999918
220	193	0.999786
53	49	0.999803
176	115	0.999815
406	280	0.999736
453	429	0.999753
95	93	0.999836
277	245	0.999823
420	281	0.999757
454	367	0.999835
183	166	0.999928
320	262	0.999716
78	64	0.999847
432	415	0.999936
311	284	0.999858
155	152	0.999804
178	142	0.999746
381	275	0.999871
188	122	0.99977
105	104	0.999993
199	188	0.999811
327	318	0.999901
300	191	0.999786
459	345	0.999812
248	218	0.999905
387	375	0.999816
360	260	0.999886
438	301	0.999915
307	216	0.999858
428	317	0.999858
137	106	0.999768
331	260	0.99979
116	96	0.999728
217	156	0.999787
380	281	0.999891
251	248	0.999807
500	498	0.999917
380	252	0.999755
117	89	0.999729
433	385	0.99976
114	104	0.999909
213	147	0.999988
268	218	0.999802
306	278	0.999753
333	283	0.999886
94	88	0.999767
282	204	0.999849
325	252	0.999983
316	226	0.999777
67	63	0.999801
111	81	0.999848
234	221	0.99971
434	391	0.999816
255	228	0.999795
436	328	0.999731
457	434	0.999769
421	405	0.999716
227	188	0.999926
312	284	0.999909
486	410	0.999832
236	214	0.999755
470	460	0.999794
311	256	0.999777
165	150	0.999701
451	436	0.999994
386	289	0.999863
486	391	0.999762
334	219	0.999709
181	159	0.999814
351	342	0.999868
464	382	0.999723
352	317	0.999999
143	105	0.999941
409	342	0.999915
110	101	0.999708
84	61	0.999984
187	148	0.999965
234	217	0.999853
453	407	0.999934
53	47	0.999734
120	105	0.999815
368	274	0.99995
150	137	0.999858
56	45	0.999982
75	62	0.99972
205	148	0.999804
414	391	0.999766
248	201	0.999717
332	258	0.999732
152	108	0.999705
194	153	0.999701
228	206	0.999791
412	348	0.999829
265	211	0.999949
118	107	0.999739
467	422	0.999955
283	204	0.999707
268	172	0.999785
167	136	0.999926
372	354	0.999949
308	225	0.999844
263	187	0.999732
215	160	0.999899
264	242	0.999987
347	345	0.999931
61	56	0.999892
313	236	0.999883
180	152	0.999784
485	325	0.999915
129	126	0.999982
146	102	0.999922
312	246	0.999817
72	67	0.999783
278	203	0.999701
425	358	0.999707
446	442	0.999727
174	148	0.999835
228	198	0.999906
160	140	0.999708
199	133	0.999785
251	187	0.999954
306	198	0.999796
338	308	0.999764
115	100	0.999712
92	73	0.999713
224	212	0.99987
484	317	0.999728
337	260	0.999803
295	220	0.9998
376	369	0.999863
220	165	0.99996
267	216	0.999933
214	140	0.999845
85	71	0.999905
124	101	0.999959
481	432	0.999789
256	188	0.999758
368	264	0.999785
368	269	0.999873
441	291	0.999802
335	331	0.999801
360	337	0.999853
420	340	0.999782
395	337	0.999881
334	225	0.999948
315	248	0.999865
194	175	0.999999
333	274	0.999809
60	39	0.9998
468	394	0.999819
240	191	0.999933
266	174	0.999862
399	266	0.999932
430	334	0.999706
280	184	0.999875
272	209	0.999891
107	75	0.999711
358	297	0.999949
309	301	0.99973
268	261	0.999874
290	184	0.999989
100	95	0.999988
143	139	0.999973
104	89	0.999808
449	382	0.999929
320	269	0.999883
200	185	0.999866
406	333	0.999716
198	158	0.999878
94	61	0.999962
150	104	0.999835
190	182	0.999895
488	388	0.999749
263	174	0.999743
468	338	0.999859
333	326	0.999822
433	342	0.99975
86	56	0.999838
485	362	0.99984
464	303	0.999704
412	380	0.999804
368	239	0.999741
290	225	0.999714
414	277	0.99995
342	286	0.999949
208	199	0.999831
456	299	0.999701
382	251	0.999737
196	155	0.99985
270	266	0.999941
366	248	0.999756
294	225	0.999999
454	329	0.999834
410	400	0.999849
386	272	0.999817
265	264	0.999905
463	336	0.999781
457	364	0.99995
456	351	0.999831
332	282	0.999861
170	121	0.99979
448	370	0.999771
170	119	0.999815
471	395	0.99997
284	244	0.999929
128	86	0.999878
98	77	0.999962
435	338	0.999768
233	161	0.999871
79	54	0.9997
64	58	0.999945
432	316	0.999983
375	261	0.999881
269	241	0.999878
440	421	0.999825
114	93	0.999721
171	113	0.999944
458	360	0.999793
234	233	0.999798
457	358	0.999967
158	143	0.999753
71	67	0.999963
346	227	0.999745
212	195	0.999831
135	89	0.999755
109	101	0.999815
500	444	0.999728
485	439	0.999952
276	214	0.999926
121	99	0.999948
297	201	0.999948
430	422	0.999765
77	58	0.999991
463	327	0.999957
142	117	0.999922
478	452	0.999954
241	155	0.999803
418	272	0.999929
358	303	0.999744
179	150	0.999765
297	288	0.999919
471	467	0.999806
453	308	0.999708
313	200	0.999928
429	389	0.999767
366	323	0.999891
78	68	0.999915
124	116	0.999901
208	172	0.999777
220	182	0.999954
59	43	0.99973
245	214	0.999715
371	271	0.999898
262	174	0.99977
207	169	0.999915
323	211	0.999978
154	152	0.999858
230	162	0.999792
431	335	0.999882
170	159	0.99997
288	269	0.999823
74	73	0.999898
300	292	0.999872
85	69	0.999865
482	346	0.999841
61	53	0.99996
400	317	0.999983
445	373	0.999944
222	195	0.99986
404	297	0.999904
192	125	0.999719
197	162	0.999843
407	349	0.999859
386	372	0.999808
136	121	0.999956
349	346	0.999784
487	396	0.999938
387	372	0.999973
71	57	0.999813
179	131	0.999734
158	148	0.999884
176	116	0.999886
463	331	0.99978
481	397	0.999992
196	179	0.999833
257	168	0.999922
260	190	0.999742
341	321	0.999839
65	48	0.999745
79	65	0.999939
489	442	0.999904
275	211	0.999825
180	126	0.999986
463	399	0.999862
489	311	0.999982
68	52	0.999964
275	189	0.999864
392	317	0.999872
325	306	0.999817
311	271	0.999834
304	281	0.999772
496	408	0.999971
98	72	0.99989
62	47	0.999988
166	132	0.999844
415	273	0.999772
267	229	0.999804
140	94	0.999949
168	159	0.999803
450	343	0.999996
65	64	0.999758
499	484	0.999793
104	84	0.999772
91	81	0.999761
378	285	0.999908
258	184	0.99973
311	199	0.99989
398	370	0.999793
462	421	0.999834
482	373	0.999956
453	321	0.999837
412	329	0.999841
395	307	0.99979
363	282	0.999968
257	214	0.999869
233	169	0.999768
451	290	0.999891
206	175	0.999812
339	302	0.99976
452	292	0.999811
448	342	0.999783
89	61	0.999861
90	85	0.999846
189	123	0.999852
267	258	0.999932
257	247	0.999952
244	215	0.999726
259	242	0.999765
138	100	0.999956
400	317	0.999964
153	141	0.999953
76	52	0.999856
415	279	0.999893
488	324	0.999774
432	325	0.99994
68	61	0.999906
469	321	0.999837
473	312	0.999889
94	73	0.999857
236	204	0.999786
201	185	0.999751
297	224	0.99992
62	40	0.999769
84	59	0.999765
487	395	0.999946
62	42	0.999907
405	401	0.999853
400	326	0.999717
250	230	0.999891
64	46	0.999818
321	241	0.99972
54	36	0.99978
119	108	0.999823
416	278	0.999719
260	222	0.999819
121	120	0.999928
163	161	0.999812
103	83	0.999743
179	127	0.9997
396	288	0.999947
171	142	0.999923
222	209	0.999915
147	122	0.999913
487	343	0.999783
55	41	0.999841
416	400	0.999714
133	108	0.99996
387	362	0.999855
202	160	0.999793
270	256	0.999745
269	229	0.999964
451	325	0.999854
453	352	0.999711
470	362	0.999837
91	86	0.999713
157	108	0.999723
325	226	0.999918
432	288	0.999887
225	168	0.999905
80	77	0.99988
185	180	0.999775
190	151	0.999814
366	254	0.999901
240	176	0.999773
263	232	0.999723
333	266	0.999715
491	488	0.999932
412	381	0.99996
475	430	0.999925
142	101	0.999799
377	255	0.999723
300	209	0.999838
498	319	0.9999
390	262	0.999836
373	312	0.999979
169	133	0.999791
487	348	0.999826
396	295	0.999755
365	328	0.999999
371	291	0.999877
74	71	0.999708
239	209	0.999805
260	258	0.999915
331	281	0.999977
161	153	0.999937
464	332	0.999983
212	138	0.999994
301	211	0.999796
431	415	0.99995
373	262	0.999795
455	361	0.999989
379	314	0.99995
373	352	0.99991
325	289	0.999812
76	60	0.999902
103	69	0.999969
443	390	0.999795
314	206	0.999858
75	59	0.999896
411	290	0.999988
241	173	0.999914
476	462	0.999801
241	211	0.999794
321	278	0.999714
496	389	0.99988
315	292	0.999923
236	190	0.999843
141	97	0.999791
326	258	0.999787
461	419	0.999863
156	106	0.999941
227	221	0.999963
277	250	0.999873
178	164	0.999714
317	289	0.99974
90	73	0.999811
436	295	0.999762
178	148	0.999892
72	54	0.999807
90	86	0.999874
417	413	0.999766
449	314	0.999938
244	207	0.999982
326	293	0.999884
313	257	0.999944
438	298	0.999869
66	63	0.999852
83	53	0.999933
477	457	0.999985
412	264	0.999963
258	244	0.999901
307	295	0.999982
402	390	0.999765
58	51	0.999831
379	281	0.999773
472	436	0.999854
206	177	0.99989
189	148	0.999789
154	130	0.999836
55	42	0.999717
420	273	0.999744
485	332	0.999787
340	307	0.999718
343	283	0.999982
273	237	0.999743
449	398	0.999775
156	107	0.999832
182	116	0.999744
353	296	0.999945
464	356	0.999785
69	47	0.999942
207	139	0.999702
442	340	0.999896
391	360	0.999846
187	184	0.999992
455	357	0.999904
329	228	0.999877
309	262	0.999798
71	63	0.999711
202	180	0.999821
392	307	0.999708
486	315	0.999894
119	87	0.999742
129	91	0.999903
