3500
271	197	0.999927
341	200	0.999884
329	287	0.999831
99	83	0.999868
317	289	0.99995
226	224	0.9997
105	74	0.999917
145	120	0.999919
465	387	0.999854
300	177	0.999912
404	312	0.999803
381	367	0.999985
150	96	0.999971
150	148	0.999925
108	67	0.999731
452	409	0.999849
83	60	0.999834
56	38	0.999958
159	152	0.999825
370	363	0.999922
362	358	0.999887
304	274	0.999872
323	241	0.999779
324	209	0.999787
51	44	0.999743
80	71	0.999961
290	211	0.999846
415	331	0.999752
194	160	0.999764
407	249	0.999812
258	254	0.999968
402	347	0.999901
301	187	0.999869
490	480	0.999849
407	308	0.999976
494	406	0.999951
142	122	0.99971
359	334	0.999889
185	178	0.999972
470	412	0.999973
388	254	0.999988
193	161	0.999731
243	231	0.99979
388	365	0.999729
411	255	0.999787
231	182	0.999802
75	74	0.999905
324	298	0.999995
199	186	0.999697
350	248	0.999783
437	278	0.999996
156	149	0.999995
83	80	0.999995
247	203	0.999742
366	308	0.999845
323	251	0.999829
170	167	0.999951
114	100	0.999761
141	114	0.99977
263	259	0.999855
278	180	0.999998
63	49	0.999906
276	234	0.999853
266	218	0.999742
137	127	0.999794
338	279	0.999845
62	38	0.999845
400	243	0.999961
342	285	0.999711
194	179	0.999736
72	56	0.999852
418	248	0.9998
454	418	0.999704
498	373	0.999771
168	147	0.999779
137	131	0.99981
452	439	0.999926
329	236	0.999866
386	328	0.999831
144	101	0.999838
200	162	0.999737
68	43	0.999972
189	118	0.999846
326	280	0.999999
349	316	0.999837
423	417	0.999906
196	170	0.999721
257	210	0.999817
394	351	0.99976
239	186	0.999784
267	233	0.999723
166	163	0.999717
120	81	0.999836
309	243	0.999743
236	152	0.999998
89	55	0.999816
274	267	0.999895
245	202	0.999726
282	212	0.999701
256	241	0.999806
68	57	0.999752
238	200	0.999864
147	130	0.999956
81	61	0.99988
219	201	0.999723
307	222	0.999762
417	386	0.999926
177	153	0.999736
322	275	0.999824
360	332	0.999726
357	292	0.999848
314	254	0.999911
139	100	0.999965
118	90	0.999745
292	172	0.999776
107	105	0.999873
299	228	0.999762
443	291	0.999825
223	209	0.999788
313	235	0.999892
141	133	0.999976
244	192	0.999807
150	97	0.999992
172	134	0.999784
468	325	0.99984
195	140	0.999989
372	239	0.999747
371	342	0.999948
449	431	0.999772
198	145	0.999742
240	211	0.999884
124	77	0.999722
223	186	0.999896
344	274	0.999938
284	192	0.999991
54	33	0.999802
453	352	0.999918
142	127	0.99995
191	140	0.999823
185	138	0.999727
88	56	0.999849
282	169	0.999879
65	61	0.999809
444	287	0.999972
274	267	0.99981
412	407	0.999795
458	282	0.999811
64	38	0.999736
274	178	0.99989
487	435	0.999752
437	403	0.99973
339	198	0.999921
412	258	0.999915
361	326	0.999725
153	96	0.999855
455	388	0.999966
469	397	0.999738
307	222	0.999872
164	154	0.999999
325	299	0.99998
212	136	0.999994
478	406	0.99984
298	297	0.999889
344	328	0.999813
299	229	0.999793
362	231	0.999938
360	337	0.999775
71	61	0.999817
326	208	0.999723
308	238	0.999775
227	202	0.999743
67	53	0.99999
53	40	0.999734
337	302	0.999949
115	68	0.999931
85	77	0.999766
361	234	0.999919
365	240	0.999972
266	201	0.999761
136	126	0.999763
359	225	0.999773
327	202	0.999827
283	242	0.999811
185	164	0.999737
467	376	0.999856
74	68	0.999901
337	223	0.999933
129	109	0.999905
381	344	0.999877
277	267	0.99975
122	102	0.999731
148	101	0.999981
142	91	0.999869
430	305	0.999993
292	250	0.99997
195	185	0.999741
417	252	0.999935
346	253	0.999874
83	58	0.999861
135	122	0.999712
165	103	0.99979
84	82	0.999814
420	368	0.999967
173	119	0.999975
339	304	0.999791
271	201	0.999903
133	97	0.999994
144	134	0.999937
103	80	0.999982
204	165	0.999914
76	57	0.999884
85	67	0.999906
274	266	0.999953
430	308	0.999948
271	234	0.999784
302	231	0.999958
421	314	0.99971
413	345	0.999736
349	280	0.999731
56	46	0.99986
246	152	0.999775
469	314	0.999842
206	127	0.999734
154	120	0.999982
321	211	0.999913
268	267	0.999813
141	112	0.999793
68	61	0.999804
256	203	0.999698
196	185	0.999905
153	120	0.999757
328	266	0.999893
332	331	0.999962
149	123	0.999805
73	57	0.999865
413	335	0.999828
396	360	0.999754
436	328	0.999712
401	355	0.999824
250	234	0.999963
112	67	0.999952
459	353	0.999884
457	392	0.999835
445	326	0.999707
234	175	0.999803
445	385	0.999851
472	396	0.999778
224	159	0.999832
177	123	0.999977
174	166	0.999814
87	69	0.999832
333	243	0.999927
57	34	0.999793
476	460	0.999965
174	118	0.999892
492	381	0.999811
351	251	0.999964
106	75	0.99988
240	158	0.999698
409	338	0.999706
155	151	0.999958
266	213	0.999849
100	86	0.999714
498	447	0.9998
465	388	0.999983
75	72	0.999957
426	368	0.999874
365	259	0.999845
486	316	0.999942
346	236	0.999712
288	198	0.99997
170	168	0.999717
176	123	0.999984
362	289	0.999961
252	202	0.999751
230	192	0.999892
365	216	0.999913
124	110	0.999863
197	129	0.999876
179	166	0.999754
463	387	0.999822
457	355	0.999831
58	37	0.999737
87	64	0.999921
311	304	0.999875
182	161	0.999778
77	47	0.9998
178	150	0.999889
194	131	0.999877
180	163	0.999838
471	365	0.999973
132	119	0.999854
98	72	0.999739
137	133	0.999881
114	113	0.999716
376	322	0.999884
480	342	0.999974
115	80	0.999912
205	128	0.999858
308	218	0.999765
123	104	0.999971
115	68	0.999796
297	275	0.999871
175	158	0.999895
52	46	0.999731
347	213	0.999701
275	267	0.999757
186	124	0.999893
207	150	0.999919
117	93	0.999726
492	482	0.999798
164	157	0.999763
304	290	0.999698
65	40	0.999711
204	148	0.999734
495	408	0.999724
411	243	0.999848
176	107	0.999784
459	315	0.999839
455	376	0.999783
267	191	0.999857
439	309	0.999952
174	133	0.999767
139	116	0.999963
95	72	0.999742
314	251	0.999877
217	144	0.999992
248	238	0.999967
388	228	0.999999
116	75	0.999789
456	319	0.999814
267	213	0.999969
208	158	0.999923
346	327	0.999991
95	81	0.999781
183	154	0.999725
52	41	0.999892
270	250	0.999727
206	139	0.999949
279	186	0.999801
62	60	0.999978
154	111	0.999797
317	238	0.999844
163	120	0.999749
403	386	0.999844
292	267	0.999779
338	328	0.999754
117	76	0.99985
372	243	0.999967
283	237	0.9999
255	196	0.99993
115	100	0.999703
362	359	0.999805
107	63	0.999715
302	293	0.999907
280	274	0.999705
424	263	0.999973
482	417	0.999886
50	49	0.999888
343	209	0.999915
180	117	0.999808
225	144	0.999756
468	419	0.999965
58	57	0.999995
57	43	0.999987
346	271	0.999961
241	226	0.999991
136	86	0.99974
381	265	0.999911
308	212	0.999976
304	244	0.999812
408	356	0.99981
122	95	0.999706
429	424	0.999891
326	318	0.999996
415	318	0.999864
341	207	0.999881
326	315	0.999711
56	46	0.999713
455	429	0.999905
398	346	0.999886
196	145	0.999995
387	327	0.99975
363	286	0.999808
438	309	0.999741
495	425	0.999991
184	144	0.999889
480	454	0.999963
199	126	0.999981
354	293	0.999886
338	207	0.999959
463	367	0.999888
392	258	0.999906
122	85	0.999922
265	175	0.99983
401	381	0.99999
299	221	0.999953
417	301	0.999921
101	83	0.99993
231	164	0.999821
366	344	0.999986
427	338	0.999912
218	158	0.999807
436	430	0.999922
186	119	0.999889
262	210	0.999736
441	269	0.999721
450	410	0.999931
180	176	0.999724
328	322	0.999723
55	48	0.999854
178	107	0.999779
325	200	0.999763
146	128	0.999926
403	372	0.999725
153	147	0.999784
83	68	0.999753
157	128	0.999935
435	299	0.999921
307	286	0.999849
426	341	0.999889
401	399	0.999852
158	138	0.999922
318	218	0.999778
96	93	0.999706
352	346	0.999792
191	164	0.999952
409	381	0.999946
333	254	0.999764
441	384	0.999864
296	178	0.999843
195	186	0.999707
122	110	0.999762
109	75	0.999892
435	362	0.999756
286	264	0.999984
158	149	0.999982
304	205	0.999764
77	45	0.999959
58	37	0.999893
214	192	0.999886
342	324	0.999904
132	107	0.999897
82	72	0.999762
308	271	0.99981
107	74	0.999765
497	371	0.999996
187	148	0.999704
440	379	0.999766
260	153	0.999721
435	255	0.999891
479	318	0.999824
375	301	0.999896
381	341	0.999997
441	372	0.99997
124	118	0.999914
354	344	0.999828
369	226	0.999839
150	105	0.99981
233	163	0.999809
118	103	0.999868
442	351	0.999809
445	375	0.999906
94	61	0.999716
420	256	0.999999
109	72	0.999964
307	286	0.999962
367	351	0.999818
424	299	0.999991
212	175	0.999827
322	194	0.999866
184	146	0.999897
268	215	0.999877
220	130	0.999707
222	162	0.999713
443	337	0.999763
237	166	0.999803
298	251	0.99991
464	284	0.99976
256	189	0.999959
346	271	0.999885
187	119	0.99996
353	322	0.999941
184	176	0.999865
367	336	0.999791
378	274	0.999825
436	386	0.999741
50	48	0.999873
210	139	0.999844
240	181	0.999724
238	210	0.999898
408	275	0.999893
248	208	0.999954
468	449	0.999985
488	456	0.999737
312	302	0.999811
369	362	0.999801
52	31	0.999862
417	355	0.999912
238	162	0.999875
148	112	0.999712
363	352	0.999838
355	277	0.999909
366	278	0.999883
181	150	0.999818
397	337	0.999971
89	72	0.999773
112	100	0.999722
240	145	0.99983
368	341	0.999777
327	219	0.999699
143	85	0.99985
449	387	0.999707
258	199	0.999869
123	74	0.99979
461	287	0.999724
472	343	0.999726
247	187	0.999766
403	333	0.999974
440	356	0.99983
140	83	0.999772
78	69	0.999975
353	222	0.999918
94	62	0.999868
175	173	0.999934
370	328	0.999779
422	349	0.999743
457	282	0.99985
343	319	0.999993
450	325	0.99978
88	52	0.999814
472	400	0.999926
257	183	0.999972
60	59	0.999877
230	229	0.999978
332	247	0.999761
363	262	0.999974
55	54	0.999757
391	241	0.999764
409	272	0.999762
423	296	0.999751
147	109	0.999747
296	253	0.999726
460	289	0.999779
155	139	0.999945
214	212	0.999835
316	305	0.999908
485	476	0.999909
470	287	0.999865
449	333	0.999707
382	317	0.999749
487	439	0.99993
235	229	0.999783
159	100	0.999905
85	82	0.999839
202	172	0.999711
490	486	1
69	50	0.999957
227	201	0.999716
287	269	0.999804
63	55	0.999826
111	79	0.999968
215	157	0.999858
287	244	0.999935
189	112	0.999711
184	113	0.999885
279	170	0.999753
137	99	0.999727
306	227	0.999782
241	239	0.999792
400	296	0.99979
283	190	0.999793
115	74	0.999717
473	393	0.999761
283	191	0.999833
449	292	0.999766
76	50	0.999891
63	47	0.999971
367	299	0.999856
435	391	0.999791
259	195	0.999701
189	137	0.999752
61	53	0.999793
171	144	0.999895
202	121	0.999697
473	299	0.99976
269	244	0.999851
154	128	0.99977
440	421	0.999888
411	286	0.999808
162	141	0.999982
111	102	0.999745
211	126	0.999701
371	288	0.999835
260	170	0.999979
455	416	0.999864
219	174	0.99997
392	263	0.999737
75	53	0.999838
55	44	0.999801
170	123	0.999722
110	106	0.999727
168	144	0.999848
401	390	0.999931
199	194	0.999999
499	420	0.999716
251	175	0.999818
294	205	0.999726
214	178	0.999765
473	349	0.999752
296	214	0.999765
348	309	0.999767
397	238	0.999948
388	361	0.999797
197	188	0.99981
248	148	0.999821
464	274	0.999762
102	77	0.999703
66	44	0.999872
445	324	0.999796
111	100	0.999977
121	79	0.999931
181	148	0.999825
205	191	0.999953
323	248	0.999867
258	191	0.999726
215	139	0.99984
255	213	0.999774
152	113	0.999808
176	108	0.999839
148	137	0.999795
103	93	0.999866
471	457	0.999948
454	449	0.999775
298	213	0.999698
203	129	0.999841
151	114	0.999801
168	164	0.999706
269	161	0.999841
167	151	0.999908
246	191	0.999829
459	396	0.999716
205	131	0.999707
244	187	0.999928
492	447	0.999878
485	405	0.999965
400	241	0.99971
260	167	0.999724
381	315	0.999808
401	368	0.999859
357	223	0.999962
252	165	0.999709
331	279	0.99995
93	78	0.999958
458	304	0.999842
299	234	0.999707
91	72	0.999796
378	361	0.99999
52	47	0.999988
385	346	0.999824
131	98	0.999912
451	287	0.999867
169	126	0.999772
85	83	0.999827
472	468	0.999784
451	342	0.99981
94	71	0.999904
390	282	0.999861
69	51	0.999754
461	422	0.999892
377	253	0.999996
207	139	0.999748
456	448	0.99977
115	84	0.999745
355	308	0.999874
440	406	0.999884
473	416	0.999748
269	216	0.999775
476	442	0.999963
91	80	0.999843
236	169	0.999999
491	454	0.999927
343	251	0.999731
155	112	0.999997
58	37	0.999771
479	307	0.999923
448	392	0.99981
259	193	0.999866
271	168	0.999948
459	348	0.999938
107	88	0.999797
70	49	0.999859
104	74	0.999889
480	296	0.999755
252	168	0.999958
437	390	0.999716
309	191	0.999721
107	79	0.999813
93	86	0.999858
251	160	0.999862
129	109	0.999864
196	147	0.999965
202	198	0.999986
126	107	0.999718
68	57	0.99998
325	261	0.99982
293	195	0.999951
314	306	0.999843
201	130	0.999761
378	254	0.999945
486	353	0.999799
317	219	0.999704
76	45	0.999722
469	312	0.999718
277	180	0.999883
354	290	0.999828
164	160	0.999863
131	97	0.999976
346	236	0.999739
278	267	0.999989
94	71	0.999747
61	44	0.999964
233	200	0.999976
89	66	0.999743
106	73	0.999766
232	204	0.999902
384	228	0.999958
381	321	0.999911
90	79	0.999934
97	89	0.999977
390	327	0.999832
138	112	0.999797
464	371	0.999855
265	262	0.999746
368	303	0.999774
277	255	0.999828
357	305	0.999935
275	174	0.999727
430	374	0.999748
467	286	0.999932
471	467	0.999838
365	251	0.999919
441	391	0.999733
440	404	0.99979
314	207	0.999765
285	246	0.999901
72	65	0.999864
375	325	0.999829
142	96	0.999967
230	182	0.999845
481	451	0.999982
306	193	0.999866
345	274	0.999993
64	54	0.999951
422	359	0.99993
229	221	0.999817
314	279	0.999927
141	136	0.999714
432	315	0.999765
241	215	0.999833
95	84	0.999961
424	384	0.99987
360	232	0.99988
301	298	0.999913
103	75	0.999872
311	286	0.99979
288	204	0.99999
182	150	0.999904
253	207	0.99995
117	95	0.999841
128	76	0.999881
368	272	0.999732
53	31	0.999919
261	154	0.999889
368	263	0.99972
423	305	0.999708
399	352	0.999941
178	137	0.999817
464	461	0.999737
409	337	0.99999
452	352	0.999768
470	422	0.999947
92	68	0.999813
218	194	0.999995
159	146	0.999937
127	95	0.999714
137	117	0.999698
121	84	0.999732
409	401	0.999888
385	372	0.999887
239	165	0.999708
112	99	0.999905
131	122	0.999844
316	233	0.999877
432	355	0.999972
340	219	0.999875
94	67	0.999824
202	165	0.999993
115	101	0.999779
310	268	0.99978
312	186	0.999746
428	304	0.999817
221	157	0.999714
134	128	0.999939
264	158	0.999944
174	117	0.999718
452	267	0.999758
276	169	0.99993
136	86	0.999857
194	114	0.99979
209	193	0.999767
51	36	0.999803
124	103	0.999939
254	194	0.999864
313	227	0.999914
127	118	0.999873
217	212	0.999725
245	235	0.999755
312	271	0.999998
97	93	0.999958
135	99	0.999882
277	253	0.9997
485	370	0.999729
373	335	0.999839
96	90	0.999988
67	48	0.999973
126	96	0.999729
227	226	0.999952
474	318	0.999954
292	203	0.99981
373	315	0.999766
223	141	0.99997
419	405	0.999918
389	245	0.999724
275	189	0.999955
210	156	0.999862
71	49	0.999961
55	39	0.999788
451	375	0.99981
265	224	0.999835
402	237	0.999986
74	68	0.999762
249	234	0.999822
384	316	0.999808
164	134	0.999779
302	249	0.9999
360	339	0.999751
400	302	0.999754
202	144	0.999729
108	103	0.999962
100	64	0.999771
196	173	0.999704
494	380	0.999841
298	200	0.999973
383	235	0.999777
387	383	0.999732
65	43	0.999698
461	345	0.999697
465	303	0.999979
303	260	0.999762
142	114	0.999936
478	383	0.999882
87	84	0.999738
173	139	0.999848
296	218	0.999842
321	297	0.999896
415	389	0.999955
151	91	0.999929
467	375	0.999941
57	49	0.999803
296	282	0.999719
212	208	0.999781
228	199	0.99981
288	236	0.999767
264	168	0.999853
446	418	0.999893
372	248	0.999911
224	153	0.999813
293	184	0.999907
189	115	0.999773
288	212	0.999712
435	291	0.999817
327	298	0.999888
144	135	0.999847
109	71	0.999885
233	150	0.999932
467	431	0.999859
490	291	0.999782
369	260	0.99996
187	126	0.999849
281	231	0.999825
130	122	0.999953
129	121	0.999835
91	54	0.999981
65	59	0.999937
312	211	0.999716
73	47	0.999987
189	141	0.999972
172	148	0.999895
114	85	0.999712
418	266	0.999701
200	154	0.999814
125	82	0.999873
245	238	0.999737
387	356	0.999818
493	345	0.999755
330	201	0.999832
144	105	0.999821
183	116	0.999978
119	108	0.999765
372	227	0.999907
85	56	0.999829
468	416	0.999872
165	109	0.99999
237	149	0.999764
271	206	0.999788
287	215	0.999849
373	297	0.999844
299	278	0.999801
137	121	0.999966
365	336	0.999857
216	167	0.999937
110	97	0.999771
96	71	0.999889
144	143	0.999743
142	92	0.999861
219	169	0.999714
210	128	0.99978
345	284	0.999885
84	71	0.999767
92	65	0.999951
94	57	0.999929
145	139	0.999814
404	327	0.999954
323	292	0.999822
361	244	0.999795
112	67	0.999864
309	201	0.999856
498	481	0.999906
156	152	0.999911
398	355	0.999882
493	333	0.999971
278	197	0.999834
182	151	0.999869
312	194	0.99984
461	338	0.999832
215	200	0.999909
135	114	0.999817
455	389	0.999978
136	89	0.999938
148	110	0.999862
286	195	0.999817
413	394	0.999909
261	201	0.999871
366	312	0.999729
80	68	0.999735
315	208	0.999764
136	124	0.999874
498	383	0.999791
57	43	0.999719
76	66	0.999876
176	160	0.999785
232	139	0.999801
328	207	0.999923
407	292	0.999812
93	65	0.999917
190	163	0.999863
366	273	0.999836
201	119	0.999929
157	149	0.999763
401	332	0.999792
372	278	0.999942
341	334	0.999968
98	58	0.999873
253	219	0.999823
76	66	0.999946
70	60	0.999882
332	223	0.999806
331	256	0.999698
407	338	0.99991
140	104	0.999891
54	36	0.999737
203	197	0.999814
78	70	0.999881
340	314	0.999798
423	385	0.999945
372	219	0.99981
486	405	0.99991
249	149	0.999706
315	289	0.999996
467	325	0.999824
153	109	0.999721
240	190	0.999909
443	294	0.999748
392	258	0.999783
125	83	0.999825
183	128	0.999732
148	124	0.999969
83	55	0.999993
391	234	0.999991
496	436	0.999947
166	103	0.999845
392	240	0.99995
274	262	0.999993
74	56	0.999738
457	338	0.999908
470	331	0.999827
222	176	0.999997
249	146	0.99986
126	97	0.999879
259	203	0.999766
400	296	0.999904
179	142	0.999991
413	381	0.999821
262	203	0.999838
93	83	0.999964
113	77	0.999958
179	112	0.999851
434	418	0.999779
323	302	0.999995
90	78	0.99983
98	80	0.999877
380	367	0.999923
234	225	0.999937
475	320	0.999873
177	115	0.999905
374	369	0.999818
432	298	0.999875
183	163	0.999811
184	174	0.999908
441	361	0.999833
144	132	0.999977
262	228	0.999909
461	374	0.999884
429	297	0.999968
322	209	0.999819
226	191	0.999721
424	307	0.999785
294	217	0.999874
491	317	0.999915
460	316	0.999817
372	312	0.999851
299	249	0.999789
368	309	0.999913
293	267	0.999971
288	282	0.999878
201	171	0.999852
169	119	0.999883
116	81	0.99997
153	115	0.999779
243	174	0.999817
444	403	0.999951
471	289	0.999737
155	127	0.999982
73	57	0.999792
319	286	0.999968
446	372	0.999834
125	97	0.999953
452	317	0.999936
201	137	0.99986
170	123	0.999881
114	75	0.999973
301	198	0.999946
232	160	0.999724
233	173	0.999853
450	359	0.999896
51	46	0.999773
106	68	0.999858
298	258	0.999954
209	143	0.999702
419	305	0.999925
295	201	0.999907
89	81	0.999959
86	60	0.999863
257	203	0.999717
60	53	0.99985
334	324	0.999761
200	176	0.99971
357	301	0.99983
416	269	0.999866
474	313	0.999861
315	242	0.999911
316	218	0.999778
119	110	0.999751
391	235	0.999722
70	64	0.999705
295	289	0.999792
294	289	0.999826
452	395	0.999852
390	254	0.999738
484	345	0.999724
405	387	0.999997
359	281	0.999871
133	100	0.999784
105	62	0.999906
291	195	0.999809
377	251	0.999833
426	394	0.999805
391	235	0.999894
359	341	0.99986
499	349	0.999988
63	42	0.999734
266	192	0.999897
211	176	0.999759
303	247	0.999817
89	64	0.999969
68	58	0.999767
324	290	0.999873
293	251	0.999773
245	158	0.999989
246	187	0.999697
267	183	0.999778
415	328	0.999851
52	32	0.999728
129	121	0.999788
455	305	0.999927
361	227	0.999791
187	124	0.999895
394	328	0.999961
121	82	0.999968
166	98	0.999752
443	348	0.999764
184	140	0.999751
353	299	0.99989
237	232	0.999944
341	298	0.999847
489	369	0.999744
275	175	0.999981
376	274	0.999884
419	411	0.999955
318	315	0.999974
386	237	0.999717
108	65	0.999948
295	217	0.999877
370	313	0.999927
416	302	0.999918
348	327	0.999761
416	331	0.999731
191	182	0.999896
301	277	0.999713
92	77	0.999986
380	331	0.999754
197	183	0.999851
350	278	0.999772
262	206	0.999984
404	284	0.999879
219	209	0.999735
268	175	0.999813
266	199	0.999921
159	150	0.999727
206	134	0.999803
132	116	0.9999
149	126	0.999927
75	64	0.999916
302	235	0.999852
455	292	0.999995
378	256	0.999799
246	166	0.999854
331	315	0.999872
55	33	0.99986
155	131	0.999854
297	221	0.999759
458	327	0.999843
263	200	0.999935
301	240	0.999879
203	161	0.999986
498	380	0.999751
143	131	0.99998
435	422	0.999894
370	244	0.999921
92	85	0.99972
105	77	0.999795
249	151	0.999769
496	446	0.999873
329	249	0.999706
93	63	0.999993
263	199	0.999774
291	170	0.999941
65	54	0.99987
147	103	0.999863
393	317	0.999827
67	63	0.999873
221	184	0.999811
86	59	0.999989
423	261	0.999968
93	89	0.999993
177	166	0.999888
90	80	0.99982
419	343	0.999704
210	138	0.999765
310	254	0.999906
435	303	0.999709
330	223	0.999702
450	416	0.999844
182	139	0.999922
201	140	0.999772
348	248	0.999849
193	116	0.999856
489	409	0.999877
419	267	0.999748
370	284	0.999756
193	158	0.99981
99	67	0.99987
472	387	0.999803
381	233	0.999743
497	358	0.999741
207	132	0.999799
252	237	0.999868
315	246	0.999988
225	181	0.999914
121	79	0.999925
365	335	0.999724
154	131	0.999858
112	84	0.999901
73	54	0.999756
465	418	0.999839
304	280	0.999776
414	384	0.999883
445	302	0.999873
53	44	0.999758
476	333	0.999996
500	445	0.99988
171	111	0.999817
387	293	0.999994
326	235	0.999895
424	391	0.999926
352	210	0.999775
415	270	0.999809
240	188	0.999793
429	342	0.999937
242	171	0.999971
76	55	0.999764
127	95	0.999862
109	95	0.999837
213	176	0.999947
169	155	0.999855
445	405	0.999986
307	193	0.999863
203	200	0.999984
449	325	0.999749
195	172	0.999952
354	226	0.999913
412	409	0.999755
118	101	0.999818
189	133	0.999702
168	112	0.99992
212	190	0.999977
327	310	0.999827
472	373	0.999866
56	53	0.999903
203	167	0.999793
476	348	0.999845
388	273	0.999895
490	322	0.999883
468	356	0.999871
287	210	0.999867
466	383	0.999964
228	136	0.999926
435	392	0.999832
496	488	0.999892
138	108	0.999774
167	113	0.99976
389	325	0.999874
194	145	0.999868
419	391	0.999717
358	238	0.999773
244	201	0.999912
388	232	0.999986
321	314	0.999856
167	138	0.999766
393	272	0.999872
134	130	0.999884
451	309	0.999989
396	360	0.999909
146	113	0.999883
494	397	0.999796
208	158	0.999958
53	34	0.999813
321	259	0.999743
96	72	0.999712
191	135	0.999943
281	255	0.99985
382	335	0.999804
197	181	0.999889
188	118	0.999754
71	60	0.999916
98	91	0.999735
253	167	0.999746
281	255	0.999912
423	407	0.999728
395	312	0.999992
95	56	0.999975
224	190	0.999814
311	223	0.999805
499	349	0.999805
315	264	0.999821
83	65	0.999774
466	389	0.999832
196	122	0.999717
425	415	0.999827
315	264	0.999832
366	259	0.999728
162	146	0.99973
366	258	0.999986
499	345	0.999852
383	270	0.999984
499	391	0.999766
473	450	0.999791
204	155	0.999959
444	300	0.999952
383	325	0.999978
67	50	0.999939
74	60	0.999871
117	87	0.999737
409	279	0.999987
325	204	0.99981
62	61	0.999834
321	312	0.999848
389	267	0.999722
71	70	0.999726
230	212	0.999778
379	360	0.999785
350	210	0.999981
200	155	0.999811
119	109	0.99986
467	412	0.999935
207	146	0.999731
377	235	0.999969
54	36	0.999706
450	267	0.999724
381	350	0.999907
177	163	0.999875
284	258	0.999982
63	39	0.999727
230	158	0.999999
480	291	0.999889
340	338	0.999713
439	423	0.999876
348	223	0.999985
156	142	0.999866
352	306	0.999921
415	272	0.999957
246	244	0.999975
405	287	0.999795
322	294	0.999735
122	117	0.999796
62	45	0.999819
414	247	0.999877
308	277	0.999807
154	139	0.99999
309	243	0.999887
455	391	0.999738
445	265	0.999788
454	319	0.999841
85	74	0.999779
429	365	0.99986
400	377	0.999736
398	319	0.999754
292	264	0.999987
354	289	0.999865
368	265	0.999785
482	329	0.999845
149	102	0.999751
173	103	0.999754
181	151	0.999928
367	314	0.999763
329	218	0.999877
317	304	0.999889
87	82	0.999773
344	285	0.999851
275	178	0.999745
324	281	0.999888
344	288	0.999706
410	387	0.999997
149	112	0.99991
358	219	0.999897
269	235	0.999943
221	142	0.999888
327	207	0.999916
117	108	0.999777
445	406	0.999861
231	222	0.999764
292	276	0.999897
353	332	0.999992
367	298	0.999772
107	76	0.999952
371	237	0.999869
232	217	0.999998
219	133	0.999815
116	111	0.999777
437	395	0.999955
113	103	0.999964
58	37	0.999969
499	447	0.99974
353	351	0.99981
97	57	0.999758
458	347	0.999717
350	312	0.999718
182	181	0.999966
183	111	0.999794
128	110	0.999851
138	97	0.99993
213	164	0.999976
227	173	0.999706
96	69	0.999831
320	295	0.999748
88	82	0.999894
241	211	0.999852
256	219	0.999868
406	243	0.999932
383	351	0.99986
202	138	0.999921
460	348	0.999894
115	82	0.999901
443	363	0.999698
174	162	0.99971
443	270	0.999907
123	100	0.999768
106	84	0.999763
88	79	0.999709
221	187	0.999801
391	339	0.999956
280	168	0.999816
68	52	0.999763
84	64	0.99977
260	248	0.999734
147	121	0.999705
340	229	0.999871
158	143	0.999823
372	278	0.999798
297	195	0.99996
299	245	0.999842
421	283	0.999947
442	391	0.999848
469	324	0.999833
397	236	0.999825
59	40	0.99977
351	293	0.999995
400	265	0.999864
500	344	0.99971
425	304	0.999895
155	115	0.999795
439	288	0.999859
445	410	0.999807
237	227	0.999897
111	71	0.999954
178	176	0.999746
335	225	0.999726
135	93	0.999798
166	150	0.999777
359	314	0.999877
394	310	0.999719
381	318	0.999878
321	196	0.999906
350	220	0.999864
415	381	0.999948
94	78	0.999884
237	165	0.999928
182	129	0.99974
58	55	0.999747
476	364	0.99993
468	401	0.999723
308	277	0.999842
61	45	0.999946
278	265	0.999844
157	148	0.999887
291	186	0.999808
479	477	0.999926
331	254	0.99991
292	249	0.999989
238	231	0.999962
85	63	0.999745
427	381	0.999844
107	67	0.999972
203	137	0.999748
61	51	0.999925
411	410	0.999969
429	328	0.999992
397	316	0.999985
381	224	0.999755
497	409	0.999858
355	255	0.999926
442	284	0.999798
478	349	0.999897
181	126	0.999719
379	295	0.999956
386	317	0.999698
141	122	0.999737
463	283	0.999847
149	144	0.999869
231	149	0.999803
464	307	0.999816
466	418	0.999961
204	175	0.999808
382	362	0.999838
414	379	0.999753
410	263	0.999872
450	266	0.999917
170	132	0.999734
151	116	0.999868
410	398	0.999856
175	126	0.999887
143	105	0.999951
160	128	0.99998
282	184	0.999856
90	81	0.999997
193	113	0.999741
97	73	0.999808
445	395	0.99984
380	255	0.999724
159	110	0.999996
378	375	0.999788
198	194	0.999944
107	75	0.999911
188	179	0.999915
300	284	0.999792
400	275	0.99998
174	172	0.999809
257	215	0.999718
467	332	0.999776
62	49	0.999983
318	210	0.999898
75	54	0.999905
486	339	0.999748
454	416	0.999948
52	34	0.99993
450	312	0.999778
152	95	0.999851
349	274	0.99991
381	330	0.999905
314	250	0.999951
145	116	0.999712
410	401	0.999737
225	207	0.9999
287	282	0.999975
237	201	0.999752
381	341	0.999773
340	256	0.999759
234	196	0.999867
155	137	0.999812
75	45	0.999806
104	64	0.999854
483	442	0.999771
322	277	0.999741
195	132	0.999915
226	221	0.999811
396	313	0.999777
379	227	0.999989
500	378	0.99974
193	152	0.999744
191	134	0.999869
452	390	0.999776
71	60	0.999733
120	87	0.999978
195	176	0.999862
236	207	0.999965
349	310	0.999819
170	117	0.999902
216	153	0.999921
200	146	0.999888
63	52	0.999901
124	116	0.999987
201	181	0.999759
221	190	0.999855
420	339	0.999921
331	281	0.999975
375	309	0.999727
227	168	0.999875
485	423	0.999743
475	334	0.999873
410	389	0.999992
195	146	0.99976
266	235	0.999757
334	227	0.999955
177	165	0.999733
261	198	0.999774
147	94	0.999815
401	395	0.999835
436	303	0.999762
235	216	0.999786
73	43	0.999802
118	75	0.999996
169	143	0.999827
416	265	0.999896
139	87	0.999991
223	148	0.999838
293	263	0.999806
242	150	0.999907
295	292	0.999994
446	391	0.99992
200	179	0.999984
262	190	0.999869
62	41	0.999739
451	381	0.999761
282	255	0.999858
184	173	0.999977
51	31	0.999785
256	233	0.99994
473	366	0.999843
432	289	0.99985
356	247	0.999991
159	142	0.999993
273	255	0.99978
254	215	0.999959
132	110	0.999883
142	88	0.999769
157	115	0.999756
346	305	0.999828
66	41	0.999963
237	172	0.999898
149	97	0.999958
189	159	0.999872
65	43	0.999727
160	98	0.999751
323	287	0.999818
457	286	0.999978
422	314	0.999738
96	84	0.999857
207	148	0.999711
385	376	0.999831
457	389	0.999809
229	179	0.999757
201	182	0.999813
159	111	0.999938
327	288	0.999715
145	126	0.999882
66	64	0.999769
97	84	0.99987
372	348	0.999994
467	388	0.99975
118	77	0.999767
59	50	0.999763
311	225	0.999939
487	341	0.999896
250	171	0.999991
364	264	0.999842
419	407	0.999907
363	304	0.999734
434	352	0.999969
120	75	0.999909
105	70	0.999948
307	222	0.999908
286	230	0.999793
88	78	0.999925
99	71	0.999912
361	309	0.99972
140	117	0.999791
469	410	0.999962
249	199	0.999883
378	374	0.999811
389	327	0.999902
212	190	0.999723
185	124	0.999741
208	178	0.999731
366	284	0.999964
449	344	0.999782
498	451	0.99984
318	254	0.999968
289	170	0.999785
427	277	0.999768
233	202	0.999804
178	108	0.999781
111	76	0.999984
359	326	0.999932
481	299	0.999899
424	417	0.999915
200	187	0.99978
205	170	0.999722
306	246	0.999704
156	105	0.999858
305	279	0.999762
457	429	0.999853
421	319	0.999788
438	325	0.999787
60	42	0.99983
383	346	0.999745
443	312	0.999771
62	39	0.999732
164	124	0.999862
173	142	0.999854
217	167	0.999842
375	222	0.999827
206	159	0.999929
489	318	0.999864
231	219	0.999919
235	207	0.99983
235	232	0.999972
481	325	0.999794
365	317	0.999925
381	262	0.999761
487	476	0.999995
435	297	0.999778
309	216	0.99987
190	170	0.999955
418	359	0.999702
94	62	0.999942
62	38	0.999828
422	376	0.999794
230	207	0.999953
375	288	0.999892
50	48	0.999895
82	72	0.999814
99	98	0.999713
163	104	0.999968
216	131	0.999791
234	200	0.999939
298	183	0.99998
98	91	0.999956
258	166	0.999754
240	213	0.999978
474	463	0.999757
453	403	0.999856
445	303	0.999715
129	120	0.999933
451	377	0.99987
77	74	0.999845
84	81	0.999716
395	283	0.999993
479	296	0.999844
254	185	0.999973
109	76	0.999821
274	269	0.999751
250	207	0.999891
358	273	0.999734
458	451	0.999838
182	140	0.999952
426	287	0.999896
199	189	0.999815
399	396	0.999923
148	115	0.999872
485	329	0.999949
283	167	0.999805
221	218	0.999974
400	269	0.999734
431	303	0.999765
227	181	0.999894
224	210	0.999943
434	418	0.999801
446	288	0.999981
116	86	0.999941
161	160	0.99981
327	230	0.999717
422	356	0.999826
122	117	0.999931
283	174	0.999828
50	40	0.999996
277	276	0.999948
250	147	0.999851
481	400	0.999718
80	55	0.999762
178	155	0.999741
266	252	0.999739
135	113	0.999758
171	156	0.999864
174	163	0.999709
287	233	0.999818
75	58	0.999817
387	233	0.999923
346	208	0.99973
307	217	0.999755
82	73	0.9997
389	294	0.999733
221	135	0.999763
354	212	0.999801
487	315	0.999741
270	185	0.999874
393	282	0.999825
165	159	0.999866
120	91	0.999899
408	309	0.999848
418	379	0.999852
127	89	0.999747
385	317	0.999847
363	330	0.999699
408	279	0.999748
142	119	0.999712
328	280	0.999913
224	166	0.999944
273	202	0.999925
135	82	0.999866
278	253	0.999917
369	272	0.999838
440	391	0.999975
449	306	0.999938
56	46	0.999902
336	243	0.999836
430	378	0.999969
248	182	0.999782
67	45	0.999922
65	60	0.99982
143	126	0.999782
74	73	0.999921
249	158	0.999825
223	185	0.999861
330	315	0.999715
398	234	0.999943
393	350	0.999886
132	112	0.999824
116	94	0.999901
319	271	0.999919
352	343	0.999733
492	332	0.999855
135	106	0.999916
211	165	0.999733
166	159	0.999933
238	172	0.999899
332	324	0.999978
313	218	0.999998
141	130	0.999782
254	243	0.999941
136	86	0.999734
296	183	0.999924
80	56	0.999751
339	253	0.999901
316	191	0.999836
221	142	0.999767
345	253	0.999948
177	152	0.999764
131	96	0.999945
282	256	0.999774
364	360	0.999713
376	359	0.999751
144	90	0.999755
215	190	0.999755
340	245	0.999834
425	317	0.999939
122	116	0.999942
70	59	0.999835
68	53	0.99979
318	294	0.999899
337	285	0.99989
389	281	0.999786
277	197	0.999874
497	297	0.999889
394	387	0.999806
289	178	0.999842
415	299	0.999747
147	135	0.999761
201	197	0.999797
233	187	0.9997
292	208	0.999961
231	206	0.999993
460	364	0.999977
283	259	0.999716
358	262	0.999845
307	185	0.999709
285	248	0.999698
448	347	0.999974
391	336	0.999964
286	263	0.999726
257	202	0.999725
188	117	0.99998
114	74	0.999954
481	392	0.999873
53	43	0.999786
228	161	0.999913
431	286	0.999864
288	179	0.999833
144	141	0.999785
202	155	0.999931
102	76	0.999842
350	294	0.999728
126	118	0.999998
390	348	0.999726
193	177	0.999863
423	279	0.999832
409	376	0.999799
227	179	0.999966
119	116	0.999739
106	97	0.999867
307	259	0.999995
323	202	0.999873
316	294	0.999751
217	167	0.999885
415	294	0.999813
141	108	0.999722
150	131	0.999702
165	110	0.99984
362	255	0.999989
354	351	0.999718
268	179	0.999979
327	278	0.999893
253	163	0.999756
204	162	0.999953
424	348	0.999894
429	304	0.999892
421	303	0.999781
216	130	0.999872
89	83	0.999944
377	271	0.99971
369	368	0.999867
70	45	0.999777
415	270	0.999786
306	251	0.999926
81	70	0.999748
434	261	0.999951
177	148	0.999821
57	52	0.999727
131	80	0.999772
105	92	0.999905
405	315	0.999736
177	141	0.999823
470	411	0.999847
150	144	0.999819
419	367	0.999993
133	125	0.999751
255	200	0.999785
292	270	0.999947
55	37	0.99999
236	175	0.999816
266	204	0.99982
305	244	0.999928
177	134	0.99971
494	457	0.999886
120	91	0.999733
219	214	0.999784
267	190	0.999946
168	159	0.999952
494	411	0.999855
305	250	0.999898
439	352	0.999711
425	338	0.999943
371	299	0.99998
308	243	0.999845
201	122	0.999713
70	54	0.999816
300	245	0.999811
451	277	0.999748
358	276	0.999935
54	38	0.999942
419	315	0.999982
215	188	0.999888
201	159	0.999839
416	291	0.999857
386	356	0.999779
361	258	0.999821
246	177	0.999779
305	202	0.999798
57	38	0.999881
339	280	0.999754
207	136	0.999866
261	162	0.999811
404	382	0.999887
368	298	0.999937
146	145	0.999943
68	52	0.999865
306	263	0.999779
464	301	0.999874
83	76	0.999928
313	310	0.999722
142	116	0.999697
209	206	0.999706
194	145	0.999795
68	55	0.999856
146	108	0.999775
367	218	0.999768
124	83	0.999714
84	64	0.999792
412	247	0.999902
56	39	0.999975
456	449	0.999782
383	336	0.999834
316	306	0.999751
204	186	0.99982
172	168	0.999774
136	105	0.999748
72	69	0.999933
75	62	0.999874
208	185	0.999923
136	129	0.999796
449	394	0.999909
110	85	0.999786
346	237	0.999835
416	343	0.999885
168	159	0.999943
189	144	0.9998
112	98	0.999955
135	95	0.999917
64	52	0.999888
493	437	0.999711
417	288	0.999704
60	50	0.99985
338	224	0.999743
420	336	0.999774
287	190	0.999837
213	129	0.99996
343	230	0.999773
473	458	0.999805
362	317	0.999965
422	282	0.999985
388	272	0.999862
193	135	0.999879
402	339	0.999968
459	368	0.999967
76	65	0.999991
89	84	0.999757
258	225	0.999777
253	205	0.999901
60	45	0.99995
241	228	0.99972
295	192	0.999982
296	263	0.999737
221	197	0.999938
443	409	0.999979
71	48	0.999767
275	218	0.99971
135	122	0.999864
84	72	0.999842
255	218	0.999783
297	250	0.999925
462	329	0.999701
437	375	0.99986
134	124	0.999975
133	87	0.999717
106	89	0.999705
355	280	0.999707
348	322	0.999832
149	118	0.999833
380	241	0.999858
492	339	0.999819
97	93	0.999925
292	281	0.999943
333	215	0.99975
257	162	0.999837
232	229	0.999765
128	104	0.999913
212	164	0.9998
453	406	0.999784
220	172	0.999925
427	330	0.999792
417	366	0.999931
448	429	0.999871
427	424	0.999941
306	253	0.999817
190	172	0.999705
495	303	0.999861
82	64	0.999841
392	278	0.999712
336	292	0.999972
83	76	0.999726
101	92	0.999854
206	180	0.999934
372	317	0.999826
424	309	0.999925
145	117	0.999945
297	293	0.999995
105	77	0.999731
161	149	0.999825
162	116	0.999961
459	452	0.999835
463	405	0.999714
154	127	0.999761
168	137	0.999754
372	319	0.99971
135	94	0.999886
435	257	0.999826
66	62	0.999901
346	230	0.999973
465	312	0.999774
64	50	0.999814
277	186	0.999778
277	205	0.999874
359	310	0.999892
257	209	0.999761
122	120	0.999733
342	243	0.999861
256	202	0.999851
195	120	0.999781
54	44	0.999829
117	82	0.999922
351	287	0.999894
496	340	0.999792
252	176	0.999881
138	115	0.999922
469	433	0.999722
132	89	0.999745
426	333	0.999896
412	317	0.999747
88	57	0.999971
159	100	0.999877
139	113	0.999732
470	323	0.999897
100	94	0.999853
113	110	0.999717
359	338	0.999735
448	324	0.999795
171	128	0.999756
168	102	0.999732
90	68	0.999787
132	95	0.999909
487	364	0.999776
125	91	0.99998
334	213	0.99974
322	282	0.999784
246	153	0.999912
305	223	0.999796
260	237	0.999705
417	378	0.999782
410	386	0.999715
314	240	0.999836
206	138	0.999727
487	341	0.999961
189	132	0.999914
349	269	0.999969
223	151	0.999958
70	56	0.999896
379	373	0.999815
124	97	0.999981
101	78	0.999713
201	148	0.999859
87	71	0.999967
154	90	0.999973
333	234	0.999976
467	449	0.999919
464	352	0.99981
115	76	0.999861
61	37	0.999933
90	73	0.999782
166	101	0.999971
405	240	0.999714
276	167	0.999982
392	325	0.999961
357	274	0.99989
316	235	0.999877
185	142	0.999871
427	259	0.999944
91	54	0.999729
186	146	0.999783
120	75	0.999885
290	194	0.999955
484	397	0.999901
271	228	0.999939
164	161	0.999834
159	110	0.999991
334	226	0.999923
313	254	0.999849
201	134	0.999714
226	202	0.999882
356	300	0.999748
93	58	0.999718
128	106	0.999873
477	436	0.999946
462	407	0.999729
327	205	0.999798
498	487	0.999832
244	147	0.999849
485	289	0.99982
225	209	0.999791
155	122	0.999812
386	364	0.999996
259	197	0.999959
392	323	0.999899
423	381	0.999883
399	235	0.999744
481	457	0.999938
498	407	0.999717
254	241	0.999986
229	223	0.999792
78	50	0.999941
361	300	0.999902
293	290	0.999909
55	43	0.999794
286	280	0.999817
332	273	0.999922
414	305	0.999802
498	439	0.99986
120	117	0.999979
381	351	0.999854
324	254	0.999811
298	246	0.999862
325	219	0.999871
72	63	0.999793
130	83	0.999826
99	90	0.999902
191	159	0.999971
402	313	0.999974
460	347	0.999979
450	277	0.999716
444	307	0.999808
191	147	0.999713
186	177	0.999863
315	285	0.999771
430	274	0.999709
82	50	0.999976
55	34	0.999881
463	340	0.999786
451	354	0.999743
288	206	0.999781
320	235	0.999871
211	205	0.999825
264	220	0.999852
486	406	0.999716
436	408	0.999921
270	192	0.999813
348	300	0.9998
417	298	0.99997
428	395	0.999998
420	412	0.999849
229	146	0.999908
335	264	0.999884
329	285	0.999932
161	108	0.999855
141	133	0.999887
424	310	0.999865
383	322	0.999831
478	435	0.999802
290	285	0.99992
403	376	0.999837
465	309	0.999737
211	203	0.999878
101	70	0.999736
122	89	0.999931
83	58	0.999784
321	240	0.999842
398	381	0.999814
132	123	0.999794
496	409	0.999918
272	180	0.999985
273	197	0.999931
411	254	0.999742
191	168	0.999834
456	318	0.999706
296	246	0.999823
186	111	0.999898
305	286	0.999929
58	44	0.999817
354	230	0.999706
241	161	0.999752
189	162	0.999764
331	302	0.999714
349	251	0.999868
299	268	0.999753
405	326	0.999723
416	403	0.99973
455	324	0.999997
493	362	0.999813
390	280	0.999893
481	359	0.999805
203	172	0.999779
324	214	0.999981
151	125	0.99993
451	339	0.999972
500	411	0.999704
369	314	0.999746
87	58	0.999766
195	125	0.999892
474	445	0.999953
142	101	0.999755
53	42	0.999765
465	372	0.999961
357	223	0.999899
450	439	0.999896
461	288	0.999921
71	70	0.999883
128	98	0.999739
282	237	0.99972
186	125	0.999818
253	157	0.999747
67	57	0.999992
426	377	0.999809
252	244	0.99987
208	175	0.999789
413	273	0.999977
257	175	0.999808
200	132	0.999954
446	386	0.999797
372	270	0.999961
287	196	0.999773
483	443	0.999879
300	277	0.999952
397	348	0.999744
268	229	0.999912
107	66	0.999778
371	227	0.99974
391	308	0.999726
352	313	0.9999
271	194	0.999741
126	113	0.999734
238	221	0.999978
302	257	0.999712
167	149	0.999712
469	361	0.999878
475	452	0.999849
234	223	0.999733
78	59	0.999836
294	259	0.999699
270	219	0.999756
458	387	0.999738
351	292	0.999701
246	230	0.999924
124	101	0.999823
139	102	0.999966
261	232	0.999831
108	75	0.999969
133	132	0.999932
52	51	0.999716
463	458	0.999743
474	458	0.999929
322	279	0.999749
301	278	0.999789
55	34	0.999771
238	199	0.999956
164	150	0.999909
107	85	0.999772
159	138	0.999795
471	376	0.999982
78	58	0.999727
98	94	0.999873
436	403	0.999986
178	151	0.999778
319	303	0.999985
128	112	0.999824
276	214	0.999925
186	112	0.999706
488	479	0.999868
471	381	0.999896
232	140	0.999937
85	55	0.999961
53	48	0.999864
245	170	0.999965
275	185	0.999774
174	171	0.999987
188	171	0.999785
337	241	0.999983
478	323	0.999925
286	239	0.999823
176	129	0.999808
227	207	0.999906
372	334	0.999737
116	104	0.999754
315	220	0.999877
385	228	0.999926
144	102	0.999861
397	364	0.999759
122	114	0.99974
78	51	0.999855
139	90	0.999812
244	238	0.999834
167	135	0.999884
207	125	0.999908
434	307	0.999887
388	281	0.99983
418	376	0.99975
359	239	0.999714
258	237	0.999862
376	245	0.999765
131	87	0.999994
246	243	0.999785
279	232	0.999806
298	287	0.99994
401	365	0.999837
358	351	0.999847
228	176	0.999799
474	444	0.999924
326	216	0.999808
183	109	0.999949
339	201	0.999857
479	386	0.999853
290	201	0.999875
61	37	0.999887
226	210	0.999949
318	215	0.999836
323	311	0.999936
444	418	0.999961
447	369	0.999724
339	337	0.999903
54	45	0.999998
481	425	0.9998
156	151	0.999819
393	369	0.999965
97	90	0.999752
285	181	0.999885
316	190	0.999853
81	70	0.999794
368	357	0.9998
77	53	0.999734
166	122	0.999731
140	133	0.999969
132	107	0.999855
412	372	0.999964
324	234	0.999718
316	186	0.99972
90	68	0.999972
264	259	0.999897
471	470	0.999857
146	114	0.999758
374	242	0.999993
98	90	0.999804
432	288	0.999779
446	377	0.999757
182	147	0.999857
308	241	0.999835
224	139	0.99989
494	416	0.999783
402	261	0.999718
135	89	0.999959
87	54	0.999705
116	107	0.999761
197	173	0.999977
397	361	0.999744
301	278	0.999972
356	309	0.999855
193	117	0.99993
240	154	0.99974
280	206	0.999697
401	389	0.999836
412	381	0.999795
467	465	0.999944
89	63	0.999827
105	85	0.999905
94	55	0.999705
98	89	0.999901
56	49	0.99977
254	208	0.999919
60	37	0.999819
197	123	0.999814
320	291	0.999861
267	257	0.999838
463	460	0.999834
463	305	0.999731
404	321	0.999737
450	298	0.999963
209	143	0.999836
106	82	0.999991
85	54	0.99973
337	241	0.999883
163	105	0.99984
319	293	0.99988
449	411	0.999879
418	358	0.999926
53	48	0.999961
236	235	0.999799
378	349	0.999714
205	188	0.999994
127	96	0.999709
299	266	0.999741
128	99	0.999756
237	186	0.999793
440	412	0.99988
489	313	0.999933
129	78	0.999929
52	45	0.999873
468	432	0.999704
483	289	0.999812
189	178	0.999823
264	253	0.999814
386	253	0.999759
98	58	0.999797
297	278	0.999871
57	44	0.999737
476	329	0.999937
262	163	0.999853
355	317	0.99974
294	201	0.999895
209	145	0.999704
50	47	0.999959
141	114	0.999774
370	297	0.99996
174	106	0.999736
196	179	0.999786
306	304	0.999798
457	414	0.999932
194	161	0.999948
485	399	0.999899
183	126	0.999833
383	331	0.999911
232	231	0.999976
70	65	0.999844
166	105	0.99976
376	245	0.999793
158	144	0.999719
131	120	0.999972
335	273	0.999923
239	213	0.999829
351	320	0.999778
354	314	0.999777
117	104	0.999991
481	479	0.999911
481	390	0.999703
336	274	0.999789
165	164	0.999958
257	242	0.999955
435	393	0.999974
445	442	0.999717
446	299	0.999801
324	284	0.999917
416	299	0.999893
309	208	0.999811
227	197	0.999936
383	361	0.99973
186	152	0.999906
256	151	0.999767
215	207	0.999902
457	401	0.999758
184	151	0.999819
357	320	0.999747
341	282	0.999791
295	201	0.999753
369	335	0.999804
379	312	0.999769
204	174	0.999908
153	114	0.999937
194	117	0.999722
224	148	0.999807
428	363	0.999858
384	303	0.999738
447	264	0.999926
113	66	0.999813
91	59	0.999859
96	88	0.999767
169	127	0.999946
462	382	0.999906
59	47	0.999787
252	150	0.999842
79	75	0.999755
196	175	0.999788
294	238	0.999864
436	307	0.99978
325	260	0.999744
446	340	0.999992
130	83	0.999912
143	126	0.99991
186	138	0.999991
225	193	0.999957
85	52	0.999752
427	337	0.99971
244	191	0.999754
256	199	0.999866
413	257	0.999983
308	287	0.999798
204	122	0.999874
464	422	0.999842
479	443	0.999771
302	180	0.999707
141	122	0.999987
410	385	0.999795
117	109	0.999893
135	95	0.999988
459	348	0.999883
151	149	0.999978
143	112	0.999987
177	142	0.999767
445	403	0.999943
300	208	0.999784
417	251	0.999895
327	208	0.999889
311	294	0.999815
467	280	0.999927
170	162	0.99981
268	211	0.999706
361	260	0.999806
260	236	0.999721
283	206	0.999801
83	63	0.999871
383	379	0.999736
199	134	0.999728
93	75	0.999985
468	316	0.999741
158	99	0.999976
466	449	0.999831
418	253	0.999849
306	256	0.999704
388	338	0.999726
359	210	0.999707
396	285	0.999738
395	385	0.999985
431	310	0.999734
215	168	0.999968
249	216	0.999916
351	246	0.999862
451	434	0.999932
496	495	0.999778
314	265	0.999732
146	94	0.999921
143	98	0.999936
234	168	0.999811
119	111	0.999725
366	303	0.999817
464	431	0.99998
279	248	0.999929
329	272	0.999948
354	221	0.99986
452	365	0.999753
459	419	0.999735
487	368	0.9998
222	214	0.99972
368	364	0.999825
56	38	0.999718
455	295	0.999802
291	259	0.999997
71	66	0.999874
84	80	0.999975
284	242	0.999726
176	124	0.999923
210	207	0.999725
106	65	0.999738
322	283	0.999761
465	432	0.999911
231	187	0.999848
204	126	0.99995
325	271	0.999826
327	295	0.999848
393	372	0.999771
375	291	0.999847
438	374	0.999749
112	74	0.999944
358	238	0.999856
439	410	0.999861
459	288	0.99999
186	180	0.999712
190	153	0.999723
417	291	0.999833
365	311	0.99981
371	285	0.999875
428	292	0.999902
74	52	0.999719
202	127	0.999784
133	129	1
140	89	0.999844
427	314	0.999701
234	184	0.999992
148	92	0.999859
278	255	0.999866
385	278	0.999992
220	177	0.999799
329	276	0.99991
463	400	0.999869
78	62	0.999906
405	379	0.999918
249	239	0.999814
149	128	0.9999
319	265	0.999825
433	361	0.999951
208	125	0.999853
491	486	0.999926
437	259	0.999971
240	147	0.999801
397	315	0.99976
237	172	0.999976
198	145	0.999832
103	70	0.999767
235	175	0.999929
478	464	0.999765
493	431	0.999948
402	331	0.999965
86	53	0.99987
58	46	0.999811
213	186	0.999804
295	202	0.999943
162	130	0.999812
318	188	0.999903
88	59	0.999932
117	93	0.999912
444	386	0.999799
254	184	0.999811
65	51	0.999855
124	81	0.999817
418	317	0.999835
488	392	0.999697
91	75	0.999978
187	144	0.999956
112	100	0.999705
232	175	0.999815
457	366	0.999954
195	133	0.999824
277	199	0.999721
372	343	0.999754
245	153	0.999964
492	409	0.999939
307	302	0.999907
287	171	0.999918
263	158	0.999997
316	282	0.999839
237	168	0.999939
420	369	0.999828
150	107	0.999861
359	325	0.999866
86	58	0.999888
336	214	0.999807
295	283	0.999731
494	374	0.999984
466	338	0.999995
493	406	0.999825
321	247	0.999701
222	173	0.999819
420	315	0.999943
484	466	0.999788
454	401	0.99995
172	113	0.999989
236	146	0.999825
218	191	0.99991
422	264	0.999806
76	68	0.999972
286	168	0.999895
245	228	0.999929
88	65	0.9999
222	179	0.999931
52	39	0.999753
163	161	0.999938
484	412	0.999771
90	81	0.999763
245	200	0.999762
439	261	0.999896
336	212	0.999785
79	76	0.999698
380	282	0.999851
201	162	0.999932
186	110	0.999895
297	176	0.99979
311	286	0.999881
305	194	0.999805
443	259	0.999824
70	60	0.999869
156	154	0.999917
462	406	0.999705
163	128	0.999859
299	190	0.99987
195	191	0.999952
459	430	0.999697
207	186	0.999881
84	81	0.999822
485	430	0.999964
365	283	0.999874
413	272	0.999785
318	198	0.999951
380	282	0.999843
419	374	0.999747
87	75	0.999698
300	253	0.999898
327	239	0.999907
269	168	0.999991
500	486	0.999924
101	63	0.999969
497	303	0.999982
230	202	0.999801
118	71	0.99983
89	56	0.999788
211	193	0.999945
340	296	0.999744
85	80	0.999948
142	135	0.999793
313	229	0.999988
214	195	0.999843
99	64	0.999984
497	301	0.999706
273	189	0.999945
345	329	0.999936
144	117	0.999787
490	479	0.999898
332	239	0.999711
86	60	0.999779
446	280	0.99991
451	341	0.999754
417	361	0.999808
311	269	0.999899
93	73	0.999904
285	257	0.999796
284	209	0.999753
214	202	0.999834
353	293	0.999951
459	317	0.99975
327	286	0.999998
307	261	0.999902
486	368	0.99998
416	408	0.999892
196	115	0.999948
312	205	0.999879
148	134	0.999752
121	92	0.999906
169	163	0.999701
127	105	0.999972
432	371	0.999808
85	60	0.999786
121	110	0.99984
430	326	0.999954
480	310	0.999941
277	232	0.999904
498	322	0.999918
106	92	0.999854
156	103	0.99992
454	446	0.999933
351	282	0.999711
286	201	0.999702
441	331	0.999955
151	122	0.999979
122	84	0.9997
117	74	0.999764
142	100	0.999915
384	292	0.999876
494	450	0.999751
475	293	0.999719
490	364	0.99983
313	223	0.999742
221	142	0.999714
368	321	0.999943
394	250	0.999941
500	445	0.99988
390	373	0.999747
361	244	0.999744
130	120	0.999981
405	320	0.999713
222	159	0.999988
252	183	0.999844
358	345	0.99972
299	264	0.999801
454	404	0.999771
309	227	0.999773
62	52	0.999873
111	95	0.999961
422	346	0.999936
319	275	0.999939
305	279	0.9998
368	315	0.999741
387	318	0.999843
57	35	0.999841
428	292	0.999821
99	61	0.999891
340	264	0.999804
186	171	0.999941
190	131	0.999806
135	129	0.999701
83	60	0.999762
376	272	0.999705
248	149	0.999913
238	145	0.999983
104	80	0.999721
337	210	0.99985
239	222	0.999754
351	219	0.999998
423	352	0.999967
70	53	0.999853
391	321	0.999829
483	327	0.99973
377	300	0.999829
180	158	0.999722
196	186	0.999733
270	164	0.999858
396	371	0.999944
192	137	0.999848
156	92	0.999705
459	454	0.999811
327	304	0.999955
84	62	0.999757
320	301	0.999829
83	73	0.999909
224	165	0.999867
421	275	0.999794
453	292	0.9997
309	257	0.999788
364	233	0.999794
388	319	0.999875
329	292	0.999927
288	223	0.99992
192	148	0.999783
114	72	0.999777
382	343	0.999936
237	224	0.999828
256	206	0.999914
271	220	0.999821
364	226	0.999832
427	336	0.999979
478	335	0.999871
302	187	0.999716
231	218	0.999957
179	172	0.999824
309	305	0.99986
55	43	0.999848
497	369	0.999963
67	47	0.999806
383	352	0.999987
82	53	0.999909
155	126	0.999844
343	226	0.999883
182	118	0.999714
212	143	0.999808
385	382	0.999747
427	406	0.999931
110	81	0.999836
486	391	0.999815
326	244	0.999907
193	176	0.999818
143	120	0.999773
210	198	0.999898
122	88	0.999811
424	423	0.999974
159	151	0.999915
112	93	0.999917
467	365	0.999973
337	250	0.999725
468	319	0.999751
115	93	0.999818
210	191	0.999742
401	328	0.99992
191	175	0.999891
433	431	0.99978
234	139	0.999881
487	435	0.999875
375	317	0.999969
457	383	0.999813
145	109	0.99973
298	179	0.999947
302	225	0.999866
92	59	0.999887
185	174	0.999823
342	218	0.999826
423	371	0.999808
100	84	0.999839
66	42	0.999846
473	421	0.999944
104	94	0.99977
277	224	0.999711
457	450	0.999796
227	165	0.999877
204	136	0.999848
117	86	0.999831
499	330	0.999831
176	144	0.999919
290	247	0.999896
123	106	0.999753
460	360	0.999999
479	339	0.999801
233	229	0.999872
230	173	0.999888
81	58	0.999773
100	95	0.999712
447	377	0.999743
370	251	0.999822
307	280	0.999781
99	86	0.999899
474	344	0.999775
202	159	0.999724
500	414	0.999876
121	84	0.999962
387	247	0.999727
277	252	0.999777
327	220	0.999881
229	135	0.999774
251	181	0.999775
317	312	0.999863
426	337	0.999815
332	308	0.999881
159	93	0.999868
58	57	0.999727
123	83	0.999699
293	238	0.999725
288	255	0.999715
453	376	0.999749
427	357	0.999922
256	208	0.999919
77	61	0.99975
466	424	0.999737
203	158	0.999738
126	115	0.999924
270	197	0.999761
420	284	0.999921
251	183	0.999764
154	135	0.999897
241	177	0.999852
293	205	0.999875
133	93	0.999805
271	225	0.999729
116	106	0.999892
424	337	0.999871
405	317	0.999992
200	149	0.9998
163	133	0.999938
350	257	0.999717
60	39	0.999731
118	85	0.999987
222	170	0.999843
142	125	0.999964
170	147	0.999963
470	346	0.999774
447	361	0.999797
180	141	0.999801
247	157	0.999873
144	96	0.99972
327	243	0.999776
299	186	0.999741
198	116	0.999731
234	151	0.999852
110	83	0.999819
420	311	0.999776
83	49	0.999955
309	271	0.999788
88	72	0.999724
290	255	0.999874
249	159	0.999727
285	242	0.999852
269	210	0.99988
363	213	0.999908
113	83	0.999867
193	140	0.999758
369	312	0.999972
248	177	0.999782
132	125	0.999725
244	180	0.999931
342	227	0.999983
425	253	0.9999
332	317	0.999852
312	204	0.999919
478	420	0.999771
495	384	0.999768
106	103	0.99989
87	82	0.999848
97	89	0.999906
450	321	0.999863
460	283	0.999965
467	417	0.999906
269	188	0.99997
372	237	0.999982
124	117	0.999853
164	127	0.99995
263	247	0.999995
279	249	0.999993
136	108	0.999758
92	79	0.999778
335	334	0.999716
480	413	0.999796
110	105	0.999986
169	131	0.999718
180	108	0.999769
421	331	0.999845
194	128	0.999991
474	447	0.999793
225	181	0.999816
198	149	0.999901
249	238	0.999861
181	112	0.99975
226	147	0.999899
298	205	0.999737
112	109	0.999903
231	141	0.999773
440	345	0.999948
192	173	0.999699
333	267	0.999801
482	436	0.999997
111	73	0.999704
232	217	0.999746
52	39	0.999972
118	91	0.999816
127	125	0.999734
293	265	0.999856
496	413	0.999747
218	189	0.999844
73	51	0.999937
111	106	0.999963
454	426	0.999944
315	267	0.99973
400	252	0.999882
386	385	0.999712
394	299	0.99977
270	250	0.999824
462	415	0.999895
383	277	0.999743
451	410	0.999774
216	157	0.999969
158	98	0.99975
404	394	0.999839
449	355	0.999711
165	164	0.999757
234	219	0.999775
109	88	0.999762
147	132	0.999754
300	271	0.999756
253	158	0.999951
319	192	0.999822
473	394	0.999931
216	163	0.999718
206	148	0.999879
68	66	0.999809
179	152	0.999883
395	306	0.99973
396	316	0.99989
428	309	0.999899
307	238	0.999966
240	196	0.999831
187	165	0.999803
461	367	0.999757
190	187	0.999755
475	369	0.999997
171	128	0.999731
197	123	0.999993
291	258	0.999985
371	281	0.999965
175	134	0.999922
127	123	0.999728
319	306	0.999708
474	373	0.999918
255	232	0.999727
201	163	0.999935
212	161	0.999757
336	301	0.999699
182	150	0.999974
249	155	0.999867
385	347	0.99984
152	104	0.99972
296	178	0.999742
92	72	0.99976
238	181	0.999922
160	126	0.999737
486	309	0.999902
383	347	0.999943
102	62	0.999748
96	74	0.999773
439	379	0.99996
129	87	0.999884
338	267	0.999833
308	266	0.999831
116	68	0.999891
112	98	0.999734
447	355	0.999774
259	220	0.999976
200	194	0.999815
404	381	0.999797
277	261	0.999854
492	468	0.999917
434	350	0.999912
467	373	0.999841
245	168	0.999991
460	297	0.999697
97	78	0.999781
256	212	0.99984
242	213	0.999921
313	192	0.999939
318	303	0.999895
254	175	0.999714
248	221	0.999936
360	349	0.999821
69	48	0.999723
139	85	0.999977
437	414	0.999818
278	232	0.999734
165	158	0.999856
170	111	0.99984
160	122	0.999706
95	61	0.999701
134	95	0.999739
341	264	0.999765
152	100	0.999772
107	82	0.999858
400	256	0.999919
280	199	0.999964
82	73	0.99999
355	246	0.999958
491	367	0.999996
442	400	0.999748
275	188	0.999845
82	67	0.999719
287	177	0.999793
134	133	0.999794
390	290	0.999914
243	156	0.999747
349	225	0.999751
131	127	0.999773
126	120	0.999987
84	63	0.999799
492	388	0.999963
173	161	0.99979
477	362	0.999972
219	166	0.99993
304	182	0.999828
239	180	0.999925
393	391	0.999874
254	173	0.999817
254	178	0.999831
156	121	0.999827
209	175	0.999834
213	134	0.999953
118	85	0.999946
238	161	0.999789
102	60	0.999708
204	192	0.99984
232	174	0.999771
465	310	0.999699
407	361	0.999898
272	250	0.999699
314	187	0.999788
105	64	0.999938
198	120	0.999732
475	299	0.999861
495	417	0.999923
302	276	0.999725
259	175	0.999825
187	141	0.999706
208	158	0.999714
290	275	0.999897
152	119	0.999721
249	146	0.999937
339	290	0.999897
340	199	0.999809
436	315	0.999955
177	111	0.999746
237	180	0.999985
124	78	0.999774
455	354	0.9998
377	309	0.999841
92	81	0.999764
292	264	0.999741
466	289	0.999791
500	302	0.999807
114	71	0.999887
354	238	0.999905
499	328	0.999812
256	179	0.999809
298	190	0.999988
186	162	0.999875
459	272	0.999707
290	245	0.99982
184	139	0.999738
227	189	0.999702
367	276	0.999907
277	182	0.999937
363	357	0.999896
405	355	0.999701
419	367	0.99983
225	219	0.999893
194	187	0.999761
450	388	0.999997
136	99	0.999772
465	350	0.999714
485	437	0.999909
209	167	0.999892
65	52	0.999764
291	271	0.999903
250	221	0.999822
189	114	0.999805
402	359	0.999897
117	115	0.99978
240	149	0.999922
189	163	0.999843
162	96	0.999921
353	317	0.999984
128	107	0.999795
496	414	0.999904
181	155	0.999864
388	234	0.999988
314	283	0.99998
405	263	0.999823
442	293	0.999705
184	167	0.999864
280	192	0.999831
247	151	0.999962
394	274	0.999929
186	115	0.999743
435	322	0.999967
87	61	0.999768
100	69	0.999951
275	185	0.999995
375	306	0.999861
208	153	0.99996
232	201	0.999711
308	223	0.99994
149	141	0.999872
227	200	0.999751
85	61	0.999882
426	406	0.999787
307	303	0.999775
95	91	0.999706
404	385	0.999849
309	205	0.999795
315	233	0.999768
277	250	0.999827
458	345	0.99978
205	138	0.999916
56	41	0.999702
140	90	0.999801
74	57	0.999883
71	70	0.999954
367	348	0.999983
221	187	0.999816
344	231	0.999731
270	177	0.999732
341	256	0.999747
120	100	0.999707
115	71	0.999975
187	176	0.999792
447	427	0.999705
211	150	0.99996
122	84	0.999939
194	119	0.99993
90	60	0.999799
97	70	0.999761
239	175	0.999787
354	328	0.999813
58	50	0.999978
479	291	0.99989
492	379	0.999831
425	407	0.99991
486	335	0.999993
347	263	0.999776
289	281	0.999857
152	135	0.99988
155	146	0.999951
131	114	0.999952
185	118	0.999925
121	92	0.999964
330	307	0.99996
395	243	0.999901
261	178	0.999911
74	63	0.999781
473	342	0.999773
405	341	0.999812
124	106	0.99972
494	291	0.999952
303	242	0.999741
74	70	0.999915
439	438	0.999712
140	99	0.999728
273	212	0.999776
431	299	0.999837
228	145	0.999935
171	133	0.999882
460	403	0.999827
222	202	0.999972
377	359	0.999812
272	270	0.999761
392	363	0.999896
441	399	0.999861
425	382	0.999703
230	138	0.999773
389	356	0.999764
409	268	0.999967
453	423	0.999898
467	320	0.999734
369	258	0.999998
404	238	0.999797
211	169	0.999716
322	242	0.999762
163	135	0.999718
221	145	0.999721
451	408	0.999809
58	46	0.99984
355	238	0.999925
381	373	0.999844
129	123	0.999915
314	186	0.999928
448	393	0.999895
130	84	0.999958
55	45	0.999985
94	66	0.999986
355	326	0.999981
220	216	0.999728
279	242	0.999883
404	336	0.999797
258	233	0.999807
160	96	0.999997
191	164	0.999807
415	354	0.999818
393	372	0.999755
260	182	0.999888
423	290	0.999932
383	289	0.999864
311	212	0.999751
143	88	0.999851
114	108	0.999762
236	168	0.9997
71	70	0.999994
363	231	0.999997
300	281	0.999957
330	234	0.999873
174	110	0.999852
257	152	0.999935
420	362	0.999738
485	297	0.999699
395	371	0.999934
315	297	0.999763
444	301	0.999737
286	187	0.99983
104	68	0.99979
103	62	0.999725
396	349	0.999819
457	443	0.999707
198	179	0.999775
471	468	0.999798
497	450	0.999821
158	144	0.999985
326	323	0.999811
293	191	0.999773
214	153	0.999861
116	104	0.999704
487	388	0.999792
98	78	0.999741
270	203	0.999767
392	296	0.999988
302	216	0.999892
314	262	0.999791
236	230	0.999919
139	82	0.999739
139	133	0.999825
237	218	0.999904
214	150	0.999888
250	216	0.999938
60	50	0.999705
413	272	0.999833
386	253	0.999999
83	62	0.999767
384	321	0.999886
103	65	0.999795
489	446	0.999824
425	268	0.999933
119	110	0.999972
295	206	0.999876
136	116	0.999954
295	246	0.999711
126	110	0.999715
392	361	0.999938
331	288	0.999701
241	183	0.999835
142	135	0.999772
383	304	0.99983
301	248	0.99975
353	249	0.999897
400	349	0.999791
424	267	0.999811
331	264	0.999902
292	187	0.999791
224	176	0.99977
225	168	0.999894
235	166	0.999714
449	276	0.999726
107	102	0.999864
394	274	0.99975
467	396	0.999871
173	146	0.999897
110	101	0.999845
356	250	0.999847
252	217	0.999974
391	300	0.999917
405	286	0.999944
260	224	0.999819
467	433	0.999758
466	420	0.99983
174	157	0.999907
467	408	0.999837
139	97	0.999802
123	74	0.999977
97	70	0.999904
195	154	0.999765
460	304	0.999862
129	82	0.999898
242	219	0.999761
85	57	0.999811
390	269	0.999719
245	218	0.999868
456	364	0.999838
309	206	0.999955
126	81	0.999971
259	162	0.999963
499	352	0.999793
374	362	0.999877
325	308	0.999901
308	206	0.999917
475	288	0.999984
481	396	0.99976
260	209	0.999844
477	463	0.999821
207	148	0.999874
261	192	0.999841
295	238	0.99982
463	343	0.999764
182	139	0.999771
285	184	0.999841
437	368	0.999924
403	245	0.999955
96	90	0.999779
498	299	0.999747
401	339	0.999727
150	118	0.999901
197	156	0.999996
486	286	0.999775
257	244	0.999859
153	138	0.999767
203	119	0.999776
267	201	0.999982
242	189	0.999803
71	70	0.999973
213	187	0.999889
324	297	0.999949
407	311	0.999744
168	137	0.999963
64	49	0.999927
57	51	0.99976
147	129	0.99992
244	154	0.999698
375	337	0.999964
481	395	0.999931
453	423	0.999997
164	108	0.999992
163	116	0.999818
467	454	0.999769
338	306	0.999821
423	398	0.999864
178	128	0.999879
326	227	0.999876
192	188	0.999865
215	144	0.999767
97	80	0.999956
164	103	0.99981
457	379	0.999946
