4500
161	134	0.99987
336	296	0.999938
287	264	0.999925
461	343	0.999872
338	279	0.999823
122	95	0.999948
235	200	0.999992
238	186	0.99999
441	411	0.999837
111	104	0.999906
111	79	0.999866
137	93	0.999969
53	46	0.99995
395	273	0.99986
500	372	0.999869
140	96	0.999929
82	80	0.999827
299	226	0.999892
215	158	0.99996
228	196	0.999858
232	228	0.99996
367	270	0.999986
330	280	0.999928
483	386	0.999873
409	400	0.999953
383	332	0.999831
135	123	0.99997
206	158	0.999859
77	66	0.99992
370	367	0.999872
89	66	0.999868
141	140	0.999935
254	203	0.999994
328	228	0.999992
99	80	0.999857
258	185	0.999963
450	330	0.999954
136	92	0.999895
177	134	0.999878
403	363	0.99992
467	457	0.999838
120	98	0.999826
440	432	0.999976
346	294	0.999917
438	330	0.999854
305	223	0.999915
500	402	0.99989
320	230	0.999981
494	391	0.999873
240	220	0.999976
275	198	0.999902
145	139	0.999822
332	326	0.99982
52	51	0.999936
381	296	0.9999
469	433	0.999929
348	247	0.999854
230	154	0.999851
171	169	0.999992
59	41	0.999964
327	309	0.999845
126	87	0.999933
461	419	0.999852
340	236	0.999933
232	194	0.999956
104	86	0.9999
369	338	0.999997
425	303	0.999895
330	256	0.999855
301	299	0.999877
422	285	0.999891
426	410	0.99988
348	340	0.999889
422	327	0.999959
311	296	0.999894
490	472	0.999988
325	300	0.999886
106	105	0.999881
174	144	0.999984
349	286	0.999951
271	212	0.9999
55	52	0.999926
113	111	0.999972
424	369	0.9999
225	169	0.99999
407	375	0.999904
486	379	0.999896
370	368	0.999983
441	327	0.999867
417	303	0.999881
253	170	0.999832
128	112	0.999837
102	91	0.999836
305	250	0.999832
441	329	0.999849
381	278	0.999977
252	193	0.999993
231	220	0.999973
256	200	0.999843
173	168	0.999926
231	226	0.999988
312	273	0.99988
258	220	0.999949
389	384	0.999953
332	287	0.999936
375	330	0.999827
480	409	0.999928
218	168	0.99983
174	158	0.999986
161	141	0.999867
335	327	0.999945
247	240	0.999831
347	249	0.999948
296	264	0.999997
424	293	0.999992
189	128	0.999958
265	190	0.999917
288	262	0.999918
403	393	0.999998
329	295	0.99982
298	281	0.999853
150	128	0.999992
62	43	0.99991
386	283	0.999872
91	67	0.999839
420	367	0.99996
471	469	0.999999
75	67	0.999918
287	259	0.99983
240	190	0.999988
394	293	0.999947
169	158	0.999839
164	162	0.999822
429	340	0.999858
257	184	0.999868
139	124	0.999949
337	294	0.999994
136	93	0.999927
78	67	0.999952
497	416	0.999984
380	277	0.999882
58	49	0.999909
399	297	0.999845
222	171	0.999876
382	314	0.999899
211	196	0.999849
438	423	0.99999
396	353	0.999998
195	183	0.999935
303	232	0.999974
156	138	0.999929
378	255	0.999845
427	422	0.999889
425	420	0.9999
52	37	0.999834
124	114	0.999955
413	373	0.999903
286	196	0.999988
129	127	0.999966
66	49	0.999856
150	105	0.999993
286	228	0.999859
287	245	0.999994
338	291	0.999901
439	312	0.9999
163	148	0.999825
132	94	0.999824
198	164	0.999893
364	285	0.999956
65	58	0.99986
91	90	0.999867
479	478	0.999927
65	63	0.999925
456	304	0.999978
102	100	0.999861
275	223	0.999922
280	254	0.999843
219	179	0.999864
414	285	0.999925
163	140	0.999828
70	69	0.999959
201	149	0.999974
111	79	0.999885
112	102	0.999884
393	369	0.99983
397	387	0.999974
296	273	0.999842
223	219	0.999999
261	245	0.999996
441	362	0.999872
128	120	0.9999
50	41	0.999833
95	93	0.999913
106	75	0.99987
333	247	0.999903
228	156	0.999891
117	94	0.999911
96	71	0.999836
398	382	0.999824
449	439	0.999827
157	150	0.999826
338	296	0.999947
433	387	0.999949
412	401	0.999977
210	189	0.99989
363	242	0.999943
273	198	0.999961
480	395	0.999847
145	130	0.999855
478	432	0.999982
195	131	0.999964
103	88	0.999855
303	301	0.999954
412	339	0.999904
360	314	0.999875
137	136	0.999863
138	128	0.999953
229	214	0.999896
97	93	0.999984
240	200	0.999995
224	178	0.99991
262	252	0.999976
402	310	0.999912
247	236	0.99996
443	373	0.999992
481	382	0.999916
425	410	0.999934
99	94	0.99996
73	67	0.999845
186	165	0.999955
352	301	0.999863
437	350	0.999917
250	186	0.999845
185	184	0.999865
322	266	0.999926
139	95	0.99988
406	304	0.99987
448	388	0.999834
136	112	0.999906
275	244	0.999993
209	187	0.999897
485	431	0.999842
80	77	0.999989
90	68	0.999877
261	179	0.999916
477	359	0.999982
485	387	0.999852
219	200	0.999885
317	229	0.999976
454	335	0.999864
254	209	0.999882
450	366	0.999916
187	128	0.999927
471	375	0.999891
273	229	0.999895
95	68	0.99994
169	132	0.999851
95	87	0.999883
212	156	0.999844
290	217	0.999898
446	329	0.999893
183	178	0.999936
401	388	0.999991
109	79	0.999987
131	88	0.999876
192	137	0.999929
94	90	0.99991
432	416	0.999893
152	123	0.999835
64	58	0.999968
341	275	0.999897
310	208	0.999969
242	173	0.999987
367	321	0.999865
214	170	0.999895
126	121	0.999982
197	170	0.999869
347	312	0.999963
228	173	0.999873
498	343	0.999844
382	273	0.999933
135	125	0.999958
132	91	0.999905
371	286	0.999932
164	126	0.999925
201	198	0.999913
275	198	0.999868
397	317	0.999836
266	184	0.999978
65	51	0.99992
94	68	0.999912
233	175	0.999941
60	42	0.999831
479	448	0.999975
136	129	0.999949
111	109	0.999874
240	185	0.999872
370	292	0.99987
432	393	0.999973
413	343	0.999965
481	405	0.999856
146	121	0.99982
363	317	0.999848
352	331	0.999979
64	47	0.99985
475	346	0.999897
172	149	0.999841
161	139	0.999992
421	374	0.999995
247	205	0.999835
498	344	0.999828
329	270	0.999879
54	36	0.999849
204	201	0.999905
173	137	0.999965
175	161	0.999857
443	308	0.999889
327	297	0.99991
380	368	0.999898
55	40	0.999823
402	329	0.999845
94	74	0.999825
452	377	0.999893
93	70	0.999929
180	154	0.999961
499	457	0.999929
56	50	0.999896
256	244	0.999936
333	319	0.999992
470	379	0.9999
247	226	0.999928
243	172	0.999828
409	288	0.999843
78	58	0.999967
459	413	0.999917
262	238	0.999893
134	112	0.999895
87	64	0.999822
262	221	0.999975
225	154	0.999826
271	262	0.999917
416	287	0.999907
251	169	0.999928
407	393	0.999901
481	377	0.999831
207	152	0.999876
228	227	0.999841
194	131	0.999918
257	243	0.99993
438	434	0.999906
120	100	0.999928
340	247	0.99993
75	67	0.999906
472	468	0.999862
484	372	0.999901
296	200	0.999913
287	253	0.999904
327	246	0.999915
480	389	0.999882
198	197	0.999894
95	84	0.999963
64	46	0.999953
413	399	0.99992
263	222	0.999901
305	266	0.99993
59	50	0.999984
54	44	0.999886
347	291	0.999943
439	316	0.999896
331	293	0.999822
486	380	0.999983
160	143	0.999943
88	73	0.999922
471	407	0.999866
342	291	0.999997
459	325	0.999928
229	162	0.999849
372	342	0.999969
258	257	0.999878
142	107	0.999884
202	141	0.999897
402	273	0.999903
382	276	0.999918
336	282	0.999911
295	293	0.99989
127	108	0.999996
129	96	0.999965
457	442	0.999992
257	248	0.99994
105	101	0.999939
186	131	0.999957
291	215	0.999962
60	59	0.999848
425	310	0.999842
299	219	0.999856
297	204	0.999924
60	43	0.999845
409	402	0.999858
434	298	0.999926
120	100	0.999942
90	83	0.999847
346	341	0.999964
297	282	0.999876
63	60	0.999988
237	224	0.999855
72	62	0.999983
107	84	0.999949
435	420	0.999836
457	320	0.999983
219	205	0.999881
231	199	0.999824
446	314	0.999876
119	82	0.999829
261	213	0.999919
383	331	0.999993
200	151	0.999959
344	290	0.999849
389	328	0.999883
387	283	0.999935
395	357	0.999909
370	312	0.999877
120	106	0.999824
186	150	0.999895
150	101	0.999879
238	176	0.999909
420	411	0.999829
90	88	0.999917
326	256	0.999838
456	441	0.999996
406	296	0.999885
97	67	0.999981
438	386	0.999863
220	183	0.999865
232	190	0.999892
262	198	0.999985
444	334	0.99985
182	169	0.999854
372	298	0.999909
223	202	0.999943
191	166	0.999838
171	118	0.999852
354	243	0.999968
63	51	0.999853
325	253	0.999923
340	232	0.999834
327	243	0.999986
474	460	0.999929
198	143	0.999831
339	248	0.999821
194	183	0.999824
116	115	0.999902
499	352	0.99992
321	238	0.999959
140	139	0.999825
308	214	0.999898
193	162	0.999993
205	179	0.999847
391	374	0.999821
429	401	0.999878
288	222	0.999841
466	339	0.999902
257	237	0.999972
373	270	0.999835
275	239	0.999842
94	73	0.999875
139	119	0.999996
115	97	0.999974
267	183	0.999943
240	198	0.999877
64	44	0.999969
267	220	0.999927
241	184	0.999984
145	114	0.999857
89	68	0.999985
210	143	0.999832
87	78	0.999888
286	274	0.999907
330	284	0.999898
179	127	0.99991
271	227	0.999911
226	217	0.99989
201	151	0.999967
440	416	0.999843
338	261	0.99989
226	183	0.999973
388	335	0.999917
86	71	0.999958
357	254	0.999865
367	299	0.999851
99	86	0.999838
358	240	0.999874
223	154	0.999942
286	241	0.999866
380	299	0.999892
436	322	0.999941
78	77	0.999833
267	254	0.999998
428	316	0.99995
250	171	0.999999
64	55	0.999916
315	214	0.999886
358	264	0.999824
102	74	0.999843
217	172	0.999958
436	294	0.999937
138	121	0.999852
342	240	0.999929
220	176	0.999991
249	179	0.999821
473	460	0.999975
326	322	0.999943
140	114	0.999953
498	410	0.999969
443	428	0.99991
91	83	0.999891
379	287	0.999977
361	305	0.99982
230	161	0.999922
193	158	0.999957
237	184	0.999879
325	264	0.999904
227	172	0.999951
435	413	0.999995
263	186	0.999947
456	318	0.999876
85	65	0.999962
488	443	0.999899
173	149	0.999969
85	82	0.999938
246	243	0.999992
428	286	0.999875
70	48	0.99995
149	148	0.999904
489	345	0.999954
100	75	0.999967
111	105	0.999861
340	293	0.999834
203	138	0.999867
374	338	0.999934
373	297	0.999956
339	334	0.999916
138	123	0.999965
468	326	0.999911
306	286	0.999856
108	101	0.999981
285	197	0.999844
204	164	0.999845
154	113	0.99998
482	413	0.999965
148	116	0.999842
384	354	0.999849
74	52	0.999981
164	123	0.99984
488	334	0.999827
393	355	0.999872
302	265	0.999967
208	198	0.999987
416	310	0.999985
171	133	0.999954
138	130	0.999849
391	340	0.999855
417	312	0.999862
302	217	0.999987
116	114	0.99984
149	129	0.999984
175	134	0.999829
340	290	0.999903
335	330	0.999988
376	284	0.999849
376	256	0.999895
199	178	0.999963
468	371	0.999927
139	128	0.999944
446	357	0.999883
192	150	0.999883
92	75	0.999993
476	468	0.999886
222	203	0.999947
92	75	0.999946
195	193	0.999885
66	49	0.999962
206	152	0.999895
328	220	0.999829
324	295	0.999868
70	50	0.999957
190	167	0.999922
488	331	0.999871
166	120	0.999912
352	302	0.999885
457	332	0.999902
113	112	0.999907
291	229	0.999986
149	137	0.999949
266	200	0.999939
188	159	0.999915
151	135	0.999844
178	168	0.99994
84	70	0.999909
158	155	0.999974
61	60	0.999851
435	416	0.999949
119	81	0.999865
491	334	0.999905
372	336	0.999865
380	375	0.999929
111	108	0.999832
117	95	0.999844
113	99	0.999947
154	122	0.999842
485	428	0.999949
109	101	0.999873
392	297	0.999847
433	364	0.999926
209	183	0.999889
361	274	0.999969
212	191	0.999999
395	272	0.999876
490	356	0.999858
203	191	0.999874
344	323	0.999959
420	317	0.999929
291	221	0.999902
207	151	0.999906
440	300	0.999844
85	66	0.999996
201	195	0.999851
157	114	0.999828
60	41	0.999983
443	428	0.999931
377	343	0.999981
138	114	0.999826
159	133	0.999994
97	71	0.999963
210	167	0.999844
307	301	0.999908
257	204	0.999873
362	292	0.999893
96	81	0.999949
97	80	0.999878
387	380	0.999983
229	176	0.99995
287	217	0.999996
411	320	0.999876
466	432	0.999988
376	337	0.999944
353	292	0.999926
498	340	0.999948
471	425	0.999969
137	101	0.999854
173	134	0.999898
330	299	0.999845
155	148	0.999827
468	448	0.999967
473	472	0.999958
474	392	0.999909
364	319	0.999844
131	111	0.99989
192	151	0.999977
462	410	0.999869
173	142	0.999926
437	334	0.999995
302	212	0.999933
483	401	0.999881
76	59	0.99999
207	158	0.999925
96	70	0.999898
492	365	0.99988
423	329	0.999943
54	46	0.999864
153	144	0.99982
50	39	0.999823
368	261	0.999837
111	75	0.999887
478	450	0.999901
125	107	0.999978
487	396	0.999952
410	280	0.999921
383	345	0.999856
428	289	0.999986
487	412	0.999995
494	361	0.999949
131	97	0.999931
249	229	0.999842
441	378	0.999923
372	267	0.999912
126	87	0.99996
238	220	0.999844
230	157	0.999926
398	383	0.999848
118	110	0.999903
393	378	0.999956
412	316	0.999994
304	252	0.999996
289	285	0.999937
493	340	0.999982
449	327	0.999827
365	283	0.999838
316	271	0.999933
110	77	0.999822
344	291	0.999966
69	60	0.999858
131	123	0.999927
446	327	0.999833
347	292	0.999995
184	153	0.999961
244	238	0.99993
68	62	0.999993
180	128	0.999836
83	82	0.999918
138	103	0.999932
382	319	0.999945
218	191	0.999893
330	297	0.999875
202	199	0.999862
122	114	0.999963
103	92	0.999856
139	121	0.999876
377	280	0.999845
438	337	0.999954
397	300	0.999839
347	260	0.999824
399	287	0.999939
164	133	0.999875
116	113	0.999961
310	247	0.999867
144	129	0.999936
397	375	0.999972
458	338	0.999926
255	226	0.999957
222	170	0.999825
383	360	0.999835
418	282	0.999904
408	370	0.999934
238	206	0.99984
467	411	0.999984
470	330	0.999984
407	350	0.999843
331	235	0.999982
295	211	0.999999
284	208	0.999925
470	439	0.999942
409	346	0.999989
349	264	0.999842
484	470	0.999921
404	403	0.999904
138	121	0.99999
153	147	0.999947
455	406	0.9999
289	200	0.999844
194	143	0.999938
56	39	0.99999
170	133	0.999858
453	438	0.999913
418	328	0.999847
282	228	0.999848
376	328	0.99982
225	213	0.999979
425	293	0.999953
233	163	0.999823
256	179	0.9999
362	277	0.999891
274	262	0.999893
470	432	0.999857
364	333	0.999948
274	226	0.999967
174	128	0.999822
224	218	0.999876
107	97	0.999995
352	303	0.999835
91	81	0.999931
417	375	0.999852
213	201	0.999839
441	375	0.999855
71	62	0.999871
287	234	0.999829
328	280	0.999912
174	165	0.999842
290	250	0.999999
128	89	0.999918
346	267	0.999978
63	43	0.999947
148	103	0.999943
283	216	0.999944
187	140	0.999905
457	400	0.99992
190	157	0.999996
118	103	0.999909
292	221	0.99994
89	66	0.999893
366	277	0.999895
379	362	0.999963
192	168	0.999954
350	236	0.999906
428	315	0.999829
228	188	0.999882
309	237	0.999832
351	286	0.999833
173	170	0.999839
92	84	0.999865
95	83	0.999915
362	303	0.999967
181	146	0.99992
206	205	0.999846
489	485	0.999989
352	342	0.999951
304	243	0.999995
139	108	0.99995
62	59	0.999978
165	123	0.999907
88	83	0.99988
427	323	0.999995
63	47	0.999929
237	197	0.999878
313	311	0.999863
60	54	0.999834
301	274	0.999971
414	370	0.999883
146	101	0.999868
223	196	0.999935
469	387	0.999821
216	203	0.999983
366	260	0.999854
294	259	0.99983
143	134	0.999994
410	363	0.999927
311	244	0.999985
314	292	0.999924
398	295	0.999842
426	287	0.999952
230	203	0.999937
183	128	0.999872
427	396	0.999959
117	99	0.999928
199	168	0.999892
256	193	0.999839
401	349	0.999904
368	266	0.999917
169	166	0.999873
450	385	0.999936
54	51	0.999892
112	110	0.999979
342	277	0.999938
380	317	0.999944
192	168	0.999984
172	122	0.999871
161	146	0.99985
177	172	0.999821
195	143	0.999929
223	151	0.999889
277	221	0.999897
160	142	0.999895
154	125	0.999898
454	381	0.999892
355	266	0.999995
165	129	0.999963
254	216	0.999881
168	155	0.999894
182	176	0.999872
67	47	0.999886
177	127	0.999903
496	431	0.999936
358	259	0.99983
258	173	0.999905
425	354	0.999877
241	212	0.99993
394	357	0.999849
439	428	0.999882
105	91	0.999873
51	44	0.999976
107	95	0.999932
500	416	0.999822
496	476	0.999907
187	143	0.999906
212	180	0.999909
360	270	0.999846
349	269	0.99995
125	112	0.999926
425	385	0.999847
438	293	0.999927
100	93	0.999839
304	230	0.999991
149	119	0.999867
416	377	0.999944
261	182	0.99987
430	351	0.999909
98	84	0.999993
456	421	0.999889
297	263	0.99996
123	111	0.999966
316	295	0.999888
232	215	0.99991
340	274	0.999913
369	266	0.999911
90	66	0.999908
133	109	0.999869
80	64	0.999953
319	271	0.999873
428	299	0.999911
497	429	0.999963
389	303	0.999853
328	277	0.999822
155	145	0.999877
361	263	0.999894
98	79	0.999886
177	124	0.999882
124	101	0.999931
89	66	0.999908
488	483	0.999929
86	76	0.999958
436	298	0.999821
80	70	0.999868
167	148	0.999964
214	194	0.999863
452	321	0.999976
254	174	0.999858
290	221	0.999922
449	398	0.999874
279	253	0.99989
84	59	0.999833
80	58	0.999913
439	321	0.999885
103	76	0.999839
301	290	0.999866
367	299	0.999993
309	285	0.999909
376	341	0.999958
299	264	0.999863
355	325	0.999963
214	188	0.999921
302	256	0.999986
498	385	0.999944
276	215	0.999958
98	77	0.99985
321	258	0.999821
135	103	0.999855
130	112	0.999939
277	233	0.999976
402	309	0.999847
358	314	0.999979
398	360	0.999922
323	305	0.999928
215	164	0.999852
346	324	0.999952
311	256	0.999886
496	395	0.999913
355	244	0.999849
388	312	0.999883
449	394	0.999906
499	373	0.999876
285	249	0.999935
181	165	0.999988
252	220	0.99994
64	59	0.999869
396	303	0.999976
148	114	0.999941
449	378	0.9999
210	173	0.999842
109	99	0.999912
219	163	0.999898
81	78	0.999962
225	168	0.999877
108	81	0.999902
156	132	0.99991
98	83	0.999905
211	199	0.99988
134	129	0.999829
181	152	0.999865
336	238	0.999876
435	368	0.999987
161	111	0.999861
226	162	0.999996
261	242	0.999977
153	114	0.999845
250	179	0.99984
258	193	0.999889
304	212	0.999853
459	306	0.999926
126	85	0.99997
241	204	0.999961
375	367	0.999929
465	401	0.999895
117	98	0.999983
255	224	0.999937
354	284	0.99996
146	126	0.999836
302	254	0.999872
435	333	0.99996
461	413	0.999881
161	135	0.999892
241	190	0.999882
463	396	0.99999
259	240	0.999961
305	296	0.999951
198	188	0.999846
138	95	0.999875
77	53	0.999872
433	426	0.999982
183	131	0.999986
359	288	0.999917
451	406	0.99987
343	298	0.999828
326	224	0.999992
57	50	0.999918
105	77	0.999879
226	216	0.99991
152	129	0.999914
127	124	0.999897
87	64	0.999989
264	240	0.999902
451	446	0.999906
464	441	0.999995
288	273	0.999927
261	236	0.999934
385	332	0.99991
188	132	0.99994
127	97	0.999892
150	135	0.99992
136	134	0.999839
195	192	0.999903
121	112	0.99994
67	58	0.999876
297	286	0.999845
201	151	0.999925
190	163	0.999825
473	471	0.999984
148	111	0.999936
432	302	0.999936
86	77	0.999922
332	245	0.999877
197	151	0.99988
250	218	0.999865
137	129	0.999917
323	228	0.999906
151	119	0.999978
312	253	0.999966
266	234	0.999871
294	252	0.999949
190	146	0.999981
438	331	0.999876
443	387	0.999881
328	319	0.999871
306	305	0.999827
422	348	0.999867
498	456	0.999876
247	184	0.999978
285	255	0.999873
212	194	0.999893
348	280	0.999974
281	235	0.999988
233	205	0.999918
296	197	0.999994
59	54	0.999822
317	293	0.99985
144	142	0.999856
147	104	0.999855
352	313	0.999961
384	303	0.999998
51	50	0.999831
177	172	0.999927
101	85	0.999857
323	292	0.999826
381	274	0.99996
398	391	0.99991
200	153	0.999959
138	129	0.999897
240	171	0.999995
478	416	0.999933
398	367	0.999822
121	104	0.999986
317	249	0.999876
322	239	0.999822
328	288	0.999963
442	371	0.999874
95	74	0.999988
51	47	0.999994
108	101	0.999984
385	371	0.999887
352	325	0.999904
471	326	0.999848
170	169	0.99983
192	150	0.99989
383	310	0.99994
215	202	0.999892
134	132	0.999915
441	412	0.999892
173	136	0.999838
252	196	0.999985
446	440	0.99994
63	52	0.999998
65	54	0.999852
116	91	0.999918
327	264	0.999838
321	250	0.999836
321	248	0.999957
330	247	0.999945
244	197	0.999882
171	166	0.999879
466	397	0.999841
428	304	0.999858
328	245	0.999914
296	281	0.999991
344	311	0.99984
247	171	0.999937
200	188	0.999991
59	47	0.99989
382	268	0.999914
483	476	0.999885
364	361	0.999933
407	338	0.999929
152	151	0.999984
348	256	0.999986
290	248	0.999845
59	46	0.999927
174	154	0.99986
287	207	0.99984
100	70	0.999885
437	300	0.999848
268	254	0.999921
452	356	0.999996
119	90	0.999869
117	98	0.999861
463	420	0.99987
398	305	0.999894
60	58	0.999975
110	108	0.999997
379	375	0.999978
457	370	0.999864
430	353	0.999907
473	445	0.9999
265	229	0.999847
277	212	0.99984
460	320	0.999936
458	440	0.999845
326	249	0.999921
94	70	0.999962
327	273	0.999876
364	328	0.999848
240	218	0.999954
418	291	0.999924
211	162	0.999822
262	213	0.999853
157	132	0.999956
167	118	0.9999
411	374	0.999947
341	337	0.999903
392	367	0.999858
344	276	0.999864
71	56	0.999912
65	47	0.999996
72	56	0.999906
167	159	0.999938
67	63	0.999853
191	141	0.999996
340	328	0.999845
389	328	0.999843
75	72	0.999904
397	384	0.999834
431	317	0.999943
70	66	0.999842
253	199	0.99983
130	118	0.999912
418	286	0.999892
179	169	0.999954
294	255	0.999888
110	96	0.999863
483	453	0.999854
386	332	0.999974
201	188	0.999902
202	148	0.999849
104	77	0.999911
440	438	0.999891
176	160	0.999827
130	111	0.999921
90	86	0.999875
86	84	0.999919
365	299	0.999836
191	182	0.999996
496	489	0.999963
260	246	0.999926
82	57	0.99993
307	302	0.999833
286	239	0.99995
432	416	0.999979
128	90	0.999995
101	92	0.999976
412	279	0.999853
478	373	0.999837
368	259	0.999916
313	260	0.999939
155	138	0.999969
362	247	0.99994
330	322	0.999876
463	437	0.999963
331	314	0.999863
219	159	0.999837
442	415	0.999911
348	251	0.999847
180	149	0.999942
52	46	0.999914
361	360	0.999999
188	162	0.999836
274	203	0.999821
173	149	0.999932
133	119	0.999857
316	284	0.999829
400	323	0.999873
112	76	0.999928
250	210	0.999919
382	378	0.99987
368	336	0.999933
313	280	0.999889
430	353	0.999839
79	62	0.999836
140	120	0.999849
274	192	0.999867
182	179	0.999951
467	312	0.999941
474	455	0.999896
171	141	0.99994
428	324	0.999903
475	329	0.999881
331	321	0.999853
367	341	0.999885
126	115	0.999872
188	162	0.999898
269	209	0.999852
404	335	0.999897
374	349	0.999911
453	416	0.999911
223	179	0.999931
403	346	0.999823
412	381	0.99989
353	324	0.99984
453	304	0.999849
382	306	0.999901
398	311	0.99985
75	57	0.999861
359	304	0.999886
376	349	0.999998
87	62	0.999935
313	274	0.99983
444	317	0.999985
254	240	0.999831
492	480	0.999926
275	211	0.999927
332	285	0.999846
140	116	0.999952
190	176	0.999942
186	185	0.999829
232	198	0.999885
317	243	0.999947
479	406	0.999934
439	425	0.999902
192	178	0.999887
371	274	0.999936
472	353	0.999932
245	206	0.999947
365	338	0.999934
331	310	0.999958
320	271	0.999965
150	102	0.999908
144	125	0.999905
266	258	0.999983
496	360	0.999921
266	221	0.999934
446	364	0.999844
305	215	0.999889
406	353	0.999854
107	78	0.99997
251	209	0.999985
63	53	0.999985
314	267	0.99992
473	373	0.99997
340	331	0.999927
66	62	0.999843
395	292	0.999854
214	190	0.999923
190	145	0.999881
403	390	0.999977
472	335	0.999872
171	142	0.999896
403	350	0.999876
74	70	0.999829
460	379	0.999899
365	307	0.999903
312	260	0.999973
459	312	0.99982
431	357	0.999952
213	195	0.999975
119	105	0.999909
474	436	0.999903
81	68	0.999822
444	302	0.999958
178	125	0.99992
236	221	0.999939
121	86	0.999872
144	97	0.999898
344	249	0.999887
50	44	0.999944
358	334	0.99993
181	171	0.999845
279	205	0.999978
110	81	0.999825
278	270	0.999927
406	403	0.999911
434	362	0.999904
380	363	0.999884
483	419	0.999884
140	95	0.999919
312	292	0.999872
419	380	0.999894
319	218	0.999981
351	320	0.999853
269	233	0.999862
454	436	0.999917
488	483	0.999856
237	176	0.999962
219	183	0.999899
144	108	0.999952
163	126	0.99983
193	179	0.999926
320	261	0.999923
355	240	0.99999
353	324	0.99996
101	88	0.999969
110	108	0.999846
379	312	0.99986
183	146	0.999989
182	141	0.999853
271	230	0.999888
109	95	0.999934
389	315	0.999911
344	283	0.999903
78	62	0.999901
119	85	0.999886
474	439	0.999853
199	134	0.999828
414	364	0.999826
171	118	0.999929
414	342	0.999851
286	257	0.999895
211	147	0.999944
145	123	0.999966
132	123	0.999873
179	162	0.999888
286	252	0.999917
428	391	0.999969
253	193	0.999968
290	246	0.999915
230	170	0.999882
474	423	0.999913
184	146	0.999883
115	91	0.999962
387	293	0.99994
269	208	0.999935
82	55	0.999892
89	88	0.999928
284	194	0.999892
60	40	0.999823
472	398	0.999822
406	358	0.999949
187	136	0.999966
168	166	0.99983
148	137	0.999917
311	301	0.999858
467	329	0.999984
318	219	0.999929
409	353	0.999865
373	299	0.999896
174	137	0.999872
214	172	0.999947
258	186	0.999902
489	485	0.999828
356	292	0.99999
329	233	0.999965
178	158	0.999878
238	208	0.999945
76	72	0.999988
358	306	0.999866
66	60	0.999913
89	70	0.99993
389	305	0.999974
256	229	0.999841
338	308	0.999862
455	325	0.999834
52	45	0.999938
403	388	0.999824
109	82	0.999866
149	124	0.999969
245	171	0.99991
77	75	0.99991
430	303	0.999915
418	330	0.999899
91	89	0.999869
485	431	0.99984
152	148	0.999942
437	383	0.999935
103	69	0.999924
326	287	0.99991
346	304	0.999918
287	224	0.999985
396	303	0.999871
239	207	0.999945
272	193	0.999888
122	118	0.999889
112	84	0.999967
377	362	0.999882
151	116	0.999993
74	70	0.999897
252	248	0.999973
125	111	0.999974
407	304	0.999839
453	426	0.999962
404	275	0.999822
350	247	0.99998
390	272	0.999998
221	169	0.999886
54	45	0.999938
249	200	0.999897
372	349	0.999906
448	306	0.999931
312	222	0.999959
406	341	0.999923
315	221	0.999969
497	478	0.999839
129	89	0.999991
111	104	0.999867
402	361	0.999901
368	254	0.999916
58	50	0.999919
380	353	0.999876
363	284	0.999923
416	295	0.999927
186	176	0.999908
431	368	0.999955
324	254	0.999858
272	238	0.999977
229	196	0.999939
251	187	0.99989
188	169	0.999842
257	206	0.999999
276	250	0.999862
108	76	0.999881
82	65	0.99992
73	56	0.999838
317	293	0.999921
121	117	0.999942
236	210	0.999883
60	44	0.99984
57	46	0.999939
445	310	0.999823
87	61	0.999876
427	299	0.999988
71	58	0.999929
205	145	0.999959
448	319	0.999866
291	282	0.999963
314	265	0.99988
204	150	0.999886
455	397	0.999957
75	53	0.99991
198	180	0.999965
363	266	0.999961
410	354	0.999964
342	270	0.999938
387	334	0.999831
233	180	0.999958
207	183	0.999832
279	232	0.999999
87	58	0.999991
111	77	0.99986
105	73	0.99998
446	410	0.999901
351	317	0.99987
400	281	0.999914
447	372	0.999883
133	103	0.999936
132	109	0.99996
89	66	0.999981
431	418	0.999969
333	262	0.999934
408	375	0.99992
204	141	0.999975
146	134	0.99996
318	284	0.99995
382	336	0.999945
271	202	0.999913
200	152	0.99985
281	205	0.999935
283	212	0.999838
320	270	0.99992
277	186	0.999853
130	110	0.999906
210	185	0.999884
305	276	0.999936
322	238	0.999922
173	167	0.999914
281	188	0.999845
105	93	0.999823
310	281	0.999988
130	116	0.999914
208	179	0.999937
324	300	0.99986
140	115	0.99987
123	103	0.999882
346	313	0.999905
441	312	0.999951
264	214	0.999821
215	167	0.999825
415	336	0.999981
405	326	0.999853
56	55	0.999941
323	264	0.999945
163	146	0.999856
243	213	0.999924
114	90	0.999892
93	91	1
421	414	0.999919
126	114	0.999901
95	87	0.999907
236	207	0.999838
313	272	0.999915
55	41	0.999824
168	166	0.999923
57	53	0.999956
436	361	0.999852
435	416	0.999898
353	255	0.999909
173	133	0.999911
167	164	0.99987
168	148	0.999912
428	315	0.999969
455	445	0.999987
173	132	0.999844
367	266	0.999834
239	189	0.999878
453	364	0.999827
209	170	0.999969
270	202	0.999948
334	253	0.999894
216	200	0.999961
212	158	0.999966
220	202	0.999899
205	201	0.999907
241	215	0.999926
444	400	0.999868
283	243	0.99988
374	293	0.999863
261	204	0.999843
315	239	0.999843
479	391	0.999863
267	253	0.999883
224	162	0.999953
464	352	0.999996
374	322	0.999873
496	469	0.999843
344	279	0.999841
264	259	0.999838
384	337	0.999974
198	189	0.999917
74	73	0.999965
318	230	0.999976
270	180	0.999847
317	236	0.999977
437	378	0.999956
148	138	0.999861
273	247	0.999958
87	82	0.999978
407	303	0.999828
99	87	0.999823
343	295	0.99983
51	43	0.999864
264	191	0.999884
191	146	0.999947
181	180	0.999953
467	313	0.999923
234	194	0.999942
295	204	0.999963
220	218	0.999992
281	216	0.999919
117	86	0.99989
403	304	0.999863
171	170	0.999824
358	243	0.999833
440	344	0.999833
142	103	0.99996
332	288	0.999985
136	122	0.999951
223	219	0.999988
456	391	0.999979
165	116	0.99991
218	159	0.99998
139	111	0.999958
364	335	0.999908
338	273	0.999881
227	185	0.999861
384	322	0.99986
226	161	0.999987
180	161	0.999948
369	345	0.999958
457	424	0.999879
402	317	0.99999
493	473	0.999998
418	354	0.999885
403	313	0.999966
305	293	0.999926
359	345	0.999973
208	195	0.999901
355	278	0.999977
268	252	0.99995
112	101	0.999856
395	282	0.999827
264	230	0.999854
437	374	0.999851
437	412	0.999997
115	81	0.999961
225	167	0.999937
188	139	0.999903
312	240	0.999922
403	401	0.999896
323	219	0.999986
449	345	0.999906
253	218	0.999917
201	173	0.999885
133	111	0.999927
178	172	0.999877
260	236	0.999836
161	108	0.999924
354	294	0.99995
473	446	0.999823
218	170	0.999924
292	217	0.999867
270	244	0.999999
248	246	0.999862
473	355	0.999893
239	206	0.999996
161	145	0.999828
402	314	0.999928
399	323	0.999877
474	465	0.999965
177	150	0.999961
429	420	0.999833
133	92	0.999835
163	124	0.999959
317	212	0.999954
139	97	0.999884
476	362	0.999963
146	134	0.999827
400	312	0.999976
500	371	0.999958
182	166	0.999947
378	370	0.999838
395	292	0.999955
134	128	0.999944
184	147	0.999954
153	118	0.999942
73	66	0.999859
330	302	0.999875
176	139	0.99997
184	179	0.999945
325	230	0.999904
494	477	0.999861
253	203	0.999897
409	391	0.999889
64	54	0.999865
263	248	0.999859
278	202	0.999858
372	255	0.999872
373	352	0.999981
122	82	0.999989
175	140	0.999983
406	400	0.999922
186	140	0.999941
279	193	0.999912
416	370	0.999969
271	241	0.999926
314	301	0.999946
322	302	0.999926
255	177	0.999962
155	129	0.999963
482	369	0.999851
141	127	0.999948
281	271	0.999919
197	141	0.999829
308	296	0.99997
82	74	0.999896
75	52	0.999953
121	105	0.999866
395	312	0.999918
407	307	0.999923
464	412	0.999922
388	322	0.999902
282	276	0.99992
93	91	0.99988
216	170	0.999843
141	104	0.999883
76	66	0.999971
306	249	0.999897
227	169	0.999904
87	69	0.999988
80	62	0.999919
472	452	0.999862
98	95	0.999898
173	134	0.999881
97	72	0.999917
58	43	0.99982
366	282	0.999944
130	104	0.999878
412	372	0.999979
418	346	0.999976
263	216	0.999898
247	196	0.999837
236	205	0.999984
258	206	0.999876
136	130	0.999971
110	97	0.999889
130	87	0.999871
261	251	0.999937
131	98	0.999978
91	64	0.999961
328	219	0.999928
421	347	0.999823
63	48	0.999973
326	219	0.99994
209	140	0.999836
206	141	0.999914
175	134	0.999946
53	41	0.999847
243	237	0.999958
455	386	0.999849
470	439	0.999886
469	437	0.999956
379	284	0.999839
366	264	0.99994
216	193	0.999875
309	207	0.999934
260	203	0.999913
443	346	0.999986
108	81	0.999941
227	199	0.999851
378	344	0.999859
374	260	0.999959
260	219	0.999943
111	84	0.999932
499	441	0.999879
471	361	0.999947
121	93	0.99989
97	93	0.999951
259	220	0.999866
85	72	0.999859
405	303	0.999945
267	237	0.999863
424	349	0.999845
441	362	0.999969
86	62	0.999837
166	130	0.999882
314	262	0.999887
180	120	0.999939
87	66	0.999822
454	418	0.999986
232	223	0.999979
346	314	0.999921
415	367	0.99987
356	243	0.999892
336	231	0.999997
461	429	0.999907
179	154	0.99997
437	349	0.99988
204	184	0.999917
490	389	0.999956
141	115	0.999899
365	269	0.999821
410	398	0.999897
404	293	0.999996
226	209	0.999829
417	377	0.999833
170	114	0.999885
54	47	0.999889
312	209	0.999906
495	345	0.999902
379	291	0.999934
157	125	0.999838
237	160	0.999849
426	402	0.999868
409	293	0.999931
211	195	0.999939
410	360	0.999987
483	444	0.999965
152	150	0.999888
71	62	0.999842
255	238	0.999913
273	227	0.999876
203	143	0.999986
366	331	0.999954
372	248	0.999986
110	81	0.999826
428	328	0.999881
493	439	0.999925
190	140	0.999913
192	151	0.99984
222	190	0.999955
129	108	0.99983
465	366	0.999838
153	107	0.999831
108	85	0.999904
351	331	0.99994
313	307	0.999893
228	199	0.999917
132	99	0.999832
251	230	0.999826
115	110	0.999972
341	288	0.999841
61	55	0.999979
281	260	0.999963
106	79	0.999919
154	143	0.999891
427	288	0.999954
105	80	0.999976
380	291	0.99986
232	219	0.99997
306	207	0.999962
444	394	0.999922
219	215	0.999963
366	345	0.999995
333	241	0.999956
278	267	0.99984
433	413	0.999902
378	268	0.999899
283	240	0.999861
394	276	0.999935
219	200	0.999849
182	132	0.999946
321	251	0.999889
485	327	0.999843
102	75	0.999948
111	87	0.99989
101	82	0.999932
486	400	0.999949
371	330	0.999866
230	174	0.999872
228	186	0.999892
411	410	0.999838
175	141	0.99987
443	320	0.999836
217	201	0.999917
404	307	0.999984
219	174	0.999908
232	218	0.999906
307	248	0.999932
287	259	0.999826
229	166	0.999986
180	166	0.999993
254	234	0.99999
198	183	0.99993
461	310	0.999864
192	130	0.999915
76	60	0.999908
489	440	0.9999
100	70	0.999895
325	260	0.999994
367	269	0.99992
430	353	0.999849
204	144	0.999926
237	174	0.999938
186	174	0.999909
405	370	0.999852
134	95	0.999994
315	221	0.999894
338	312	0.999915
67	62	0.999967
127	89	0.999829
385	287	0.999906
147	125	0.999824
146	109	0.999871
439	327	0.999923
79	69	0.999923
257	181	0.999891
418	374	0.999882
164	146	0.999921
124	104	0.999844
325	242	0.999919
470	464	0.999959
310	226	0.999891
372	255	0.999897
404	271	0.999968
214	158	0.999906
396	390	0.999977
140	96	0.999978
434	433	0.999866
228	179	0.999862
223	196	0.999865
291	215	0.999877
472	396	0.999863
423	329	0.999965
65	52	0.999872
349	339	0.999975
371	345	0.999995
118	91	0.999843
475	390	0.999849
438	405	0.99987
433	429	0.999846
414	320	0.99991
148	137	0.999967
180	130	0.999909
154	131	0.999874
247	225	0.999942
76	70	0.999864
312	212	0.999863
65	62	0.999952
320	231	0.999824
470	457	0.999985
301	214	0.999977
393	362	0.999882
70	63	0.999868
237	231	0.999995
294	241	0.999962
381	353	0.999874
490	402	0.999998
234	169	0.999944
413	385	0.999914
356	352	0.999946
384	372	0.999934
346	279	0.999983
286	205	0.999902
436	374	0.999883
256	238	0.999958
452	306	0.999998
260	233	0.999822
178	171	0.999939
428	364	0.999872
311	256	0.999942
229	164	0.999919
328	312	0.999878
282	190	0.999894
365	343	0.999927
422	319	0.999928
373	357	0.999944
189	148	0.999909
399	317	0.999903
484	326	0.999974
332	331	0.999992
385	290	0.99989
469	369	0.999858
273	235	0.999933
348	326	0.999938
352	281	0.999839
312	287	0.999876
357	245	0.999927
113	92	0.99996
54	47	0.999953
119	98	0.99987
102	101	0.999931
96	79	0.999975
212	189	0.999823
431	321	0.999901
109	94	0.999967
218	162	0.99997
174	128	0.999921
189	177	0.999938
332	310	0.999829
327	248	0.999962
173	129	0.999852
145	119	0.999991
475	463	0.999875
192	130	0.999973
351	334	0.999869
199	141	0.999991
356	325	0.999907
228	185	0.999958
194	187	0.999825
346	237	0.999826
167	153	0.999962
278	264	0.999937
201	159	0.999858
108	87	0.999876
178	146	0.999957
70	68	0.999927
254	198	0.999827
261	179	0.999867
200	158	0.99998
140	131	0.999867
64	46	0.999867
140	110	0.999919
440	362	0.999862
294	226	0.999883
191	173	0.999986
407	350	0.999946
240	181	0.999834
228	174	0.999853
147	138	0.999968
462	361	0.999842
249	213	0.999871
118	114	0.999999
424	362	0.999831
213	211	0.999872
130	120	0.999858
387	279	0.999835
230	199	0.999982
247	235	0.999902
473	466	0.999852
420	382	0.999951
409	317	0.99994
344	335	0.999965
161	145	0.999843
265	198	0.999936
265	261	0.999831
112	76	0.999974
136	113	0.999938
332	299	0.999888
346	276	0.999957
441	406	0.999953
83	72	0.999865
180	159	0.999901
138	97	0.999964
385	381	0.999888
322	242	0.999848
115	103	0.999878
117	82	0.999897
318	218	0.999942
437	294	0.999852
179	145	0.999898
258	231	0.999907
297	254	0.999973
287	199	0.999858
230	216	0.999939
300	246	0.999983
84	82	0.999911
313	298	0.999896
466	420	0.999831
345	252	0.999844
386	303	0.999936
62	49	0.999923
143	134	0.99996
255	250	0.999971
345	332	0.999855
303	218	0.999927
212	178	0.99983
395	391	0.99988
380	260	0.999893
260	244	0.999981
339	262	0.999871
81	65	0.999983
269	264	0.999885
200	169	0.999906
425	386	0.999825
263	232	0.999932
484	360	0.999946
85	75	0.999917
375	360	0.999902
171	123	0.999833
68	60	0.999839
301	251	0.999863
438	412	0.999904
412	323	0.999992
416	413	0.99983
384	291	0.999864
257	172	0.999962
113	91	0.999953
156	114	0.99987
375	336	0.999984
99	86	0.999837
437	425	0.999897
53	51	0.999857
320	292	0.999911
103	77	0.999836
67	65	0.999994
239	201	0.99989
327	246	0.99993
142	97	0.999885
100	87	0.999884
206	175	0.999927
274	188	0.999977
470	460	0.999936
66	53	0.999941
247	192	0.999937
66	50	0.999997
320	290	0.999852
397	367	0.999926
382	349	0.999921
482	453	0.999985
385	364	0.999946
377	254	0.999878
214	189	0.9999
484	483	0.999843
496	487	0.999958
256	194	0.999988
402	367	0.999988
500	416	0.999881
200	159	0.999859
135	117	0.999988
485	333	0.999915
358	317	0.999854
216	187	0.999946
492	419	0.999889
420	372	0.999963
397	350	0.999875
276	272	0.999971
145	115	0.999989
365	291	0.999942
417	301	0.99982
130	112	0.999881
253	238	0.999834
278	255	0.999868
207	155	0.99983
68	54	0.999944
311	301	0.999968
456	403	0.999841
120	110	0.999877
203	187	0.999845
68	53	0.999863
148	120	0.999882
120	115	0.999871
301	246	0.999933
386	275	0.999949
359	309	0.999967
236	212	0.999841
179	128	0.999938
498	422	0.999926
422	359	0.999965
488	369	0.99987
158	156	0.999943
329	304	0.99999
100	78	0.99998
134	118	0.999923
203	173	0.99987
366	276	0.999826
427	386	0.999873
370	313	0.999865
291	239	0.999988
117	101	0.999959
280	212	0.99991
378	329	0.999904
385	290	0.999913
473	440	0.999899
366	272	0.999897
143	135	0.999962
323	252	0.99997
177	153	0.999979
424	342	0.999963
51	37	0.999868
407	370	0.999866
346	238	0.999911
207	174	0.999899
311	288	0.999998
481	474	0.99984
207	190	0.999922
454	412	0.999869
426	299	0.999953
119	111	0.999852
190	173	0.999917
118	98	0.999962
299	225	0.999824
81	73	0.999933
216	156	0.999858
312	252	0.999853
475	419	0.999988
191	151	0.999847
255	209	0.999948
388	343	0.999976
252	188	0.999994
137	122	0.999832
413	348	0.999944
107	77	0.999995
331	267	0.999966
169	136	0.999978
413	399	0.999855
179	125	0.999993
485	333	0.999922
191	141	0.999853
239	234	0.999967
218	184	0.999933
357	318	0.999825
452	431	0.999978
294	271	0.99993
496	416	0.999911
84	80	0.999891
378	355	0.999941
478	454	0.999975
399	276	0.999891
439	414	0.999888
156	124	0.999954
227	199	0.999839
102	95	0.99984
257	226	0.999868
497	414	0.99989
177	155	0.999874
243	199	0.999929
288	194	0.999884
280	263	0.99994
170	153	0.999878
104	90	0.999838
212	166	0.99986
297	272	0.999878
451	389	0.999863
420	351	0.99983
377	252	0.999939
103	94	0.999875
134	113	0.999881
213	172	0.999919
334	318	0.999839
291	251	0.999826
478	343	0.999876
188	132	0.999823
153	139	0.999834
298	295	0.999957
125	120	0.999921
155	132	0.999886
476	455	0.999936
184	152	0.999959
476	475	0.999883
77	72	0.999858
192	179	0.999913
323	302	0.999926
351	256	0.999906
291	288	0.999977
104	79	0.999873
192	167	0.99984
244	174	0.999888
198	132	0.999829
276	243	0.99988
124	94	0.999858
236	218	0.999904
187	159	0.999835
280	189	0.999937
493	364	0.999824
279	276	0.999908
94	70	0.999907
328	286	0.999921
478	339	0.999919
392	289	0.999877
132	107	0.999994
162	127	0.999868
223	219	0.999936
349	326	0.999992
88	64	0.999875
53	39	0.999938
398	322	0.999951
206	176	0.999888
262	182	0.999848
259	210	0.999979
266	190	0.999978
410	308	0.99983
366	354	0.999861
448	360	0.999999
398	286	0.999966
144	142	0.999938
379	348	0.999945
195	141	0.999924
282	255	0.999911
374	303	0.99988
447	336	0.999944
335	223	0.999931
278	243	0.999858
281	201	0.999826
473	382	0.999833
296	238	0.999833
346	323	0.999981
203	151	0.999884
258	199	0.999944
451	310	0.999887
327	232	0.999874
73	71	0.999949
113	76	0.999885
329	248	0.999833
417	309	0.999914
211	156	0.999874
202	137	0.999882
287	246	0.999923
79	75	0.999858
462	434	0.999888
214	172	0.99986
238	201	0.99992
468	394	0.999934
233	185	0.999982
340	317	0.999992
132	93	0.999959
442	400	0.999849
454	367	0.999909
112	84	0.999984
206	193	0.999968
431	386	0.999844
221	177	0.999928
199	172	0.999988
331	249	0.99985
283	216	0.99987
221	208	0.999993
201	166	0.999903
139	138	0.999907
427	369	0.999995
484	453	0.999927
490	353	0.999834
373	353	0.999848
93	90	0.999856
316	276	0.999924
269	189	0.999967
351	299	0.999828
218	162	0.999992
147	98	0.999825
273	201	0.999877
64	44	0.999966
370	248	0.999965
215	177	0.999872
115	90	0.99986
499	466	0.99986
307	286	0.999827
226	206	0.999986
443	310	0.999906
262	204	0.999963
110	104	0.999925
139	130	0.999853
71	60	0.999892
287	247	0.999868
391	301	0.999938
103	82	0.999834
352	313	0.999964
125	85	0.999907
321	218	0.999997
85	75	0.999975
103	87	0.999988
286	238	0.999951
104	92	0.999885
215	177	0.999994
59	56	0.999896
211	206	0.999902
120	92	0.999861
363	272	0.999837
349	308	0.99983
290	199	0.999945
197	181	0.999842
335	234	0.99995
438	376	0.999834
332	306	0.999943
349	281	0.999941
229	166	0.999952
218	200	0.999956
233	175	0.999947
171	118	0.999828
293	202	0.999845
319	300	0.999934
369	268	0.999843
413	357	0.999919
424	379	0.999963
301	213	0.999956
209	168	0.999901
421	331	0.999888
318	252	0.999853
155	129	0.999899
177	136	0.999851
124	104	0.999857
85	66	0.999904
96	86	0.999981
426	331	0.999925
499	472	0.999822
390	294	0.999942
360	271	0.999926
405	332	0.99995
236	180	0.99995
442	410	0.999922
182	155	0.999942
164	121	0.999866
192	178	0.999895
166	164	0.99994
66	58	0.999967
270	203	0.999876
218	168	0.99986
452	368	0.999833
229	181	0.999909
355	250	0.999973
491	482	0.999863
460	401	0.999933
290	242	0.999928
290	261	0.999918
375	263	0.999845
136	119	0.999941
199	140	0.999968
262	176	0.99994
278	203	0.999903
89	61	0.999915
173	121	0.999933
448	437	0.999985
432	365	0.999917
193	191	0.999835
425	399	0.999977
494	348	0.99999
398	345	0.999886
365	298	0.999873
187	125	0.999857
343	270	0.999972
126	92	0.999979
79	72	0.999925
452	325	0.999956
355	354	0.999898
225	224	0.99993
297	264	0.99984
283	274	0.999911
476	417	0.999978
285	221	0.999851
367	303	0.999832
262	191	0.9999
381	293	0.999937
297	233	0.99989
303	291	0.999969
420	350	0.999963
415	323	0.999952
179	174	0.999833
300	218	0.999828
272	261	0.99985
386	312	0.999824
354	334	0.999952
333	279	0.999923
338	304	0.999953
468	333	0.99996
123	106	0.99997
491	423	0.999865
111	91	0.99991
318	232	0.999917
400	283	0.999928
433	397	0.999846
151	122	0.999925
254	239	0.999826
413	358	0.999987
362	331	0.999975
148	132	0.999833
72	59	0.99996
248	231	0.999861
108	100	0.999836
292	199	0.999838
472	361	0.999935
274	250	0.999883
410	338	0.999846
269	247	0.99983
144	124	0.999977
394	267	0.999954
297	229	0.999907
114	97	0.999911
471	353	0.999868
212	174	0.99998
146	144	0.999847
395	357	0.999877
360	292	0.999969
89	82	0.999926
141	96	0.999929
143	123	0.999972
483	355	0.999903
310	267	0.999875
341	285	0.999952
177	127	0.999955
222	161	0.999837
311	232	0.999854
386	327	0.999874
61	41	0.999898
60	48	0.999876
341	281	0.999917
348	303	0.999935
403	378	0.999945
240	182	0.999873
371	258	0.999987
92	73	0.999931
412	276	0.999992
400	324	0.999841
104	97	0.999988
192	158	0.999903
326	279	0.999945
299	298	0.999935
284	231	0.999926
483	402	0.99993
457	436	0.999948
485	404	0.999995
330	292	0.999955
352	323	0.999991
351	322	0.999846
208	148	0.999953
172	123	0.99983
439	351	0.999856
431	427	0.999952
254	213	0.999905
189	145	0.999956
189	171	0.99992
152	134	0.999915
343	231	0.999987
185	124	0.999922
493	389	0.999823
157	154	0.999905
499	478	0.999874
133	127	0.999994
133	116	0.999989
261	239	0.999931
217	166	0.999978
101	74	0.999874
210	184	0.999956
362	344	0.999963
233	216	0.999868
162	123	0.99988
377	308	0.999937
326	288	0.999904
205	166	0.999965
135	109	0.999861
361	356	0.999869
236	173	0.999845
112	84	0.999913
173	119	0.999955
489	464	0.999955
180	164	0.9999
242	178	0.999962
442	420	0.999901
307	303	0.999838
421	285	0.999907
72	70	0.999933
69	56	0.999897
158	116	0.999847
127	88	0.999836
282	278	0.999927
125	84	0.999829
306	227	0.999834
145	98	0.999974
164	144	0.99998
162	160	0.999987
372	303	0.999854
250	208	0.99991
308	262	0.999871
479	356	0.999948
362	304	0.999947
292	259	0.99995
198	148	0.999827
52	45	0.999875
480	428	0.999938
264	221	0.99989
281	204	0.999988
269	221	0.999986
189	150	0.999996
303	291	0.999877
193	144	0.999864
165	128	0.999953
308	299	0.999894
88	83	0.999894
215	185	0.999991
458	403	0.999871
448	408	0.999926
305	205	0.999849
68	58	0.999836
336	250	0.999912
460	334	0.999845
484	353	0.999928
225	219	0.999947
339	253	0.999844
231	223	0.999997
300	242	0.999865
101	85	0.99983
404	385	0.999991
406	379	0.999876
216	209	0.999958
472	367	0.999919
390	307	0.999865
456	438	0.999824
240	187	0.999901
391	276	0.999928
141	119	0.999967
477	452	0.999916
129	127	0.999857
326	279	0.999845
56	55	0.99984
378	259	0.9999
391	314	0.999984
332	312	0.999985
328	283	0.999867
443	370	0.999947
436	380	0.999884
190	143	0.999885
114	85	0.999838
372	308	0.999856
202	176	0.999982
313	302	0.999883
123	104	0.999965
240	183	0.999981
152	149	0.999975
327	311	0.999938
473	436	0.999971
484	467	0.999906
160	121	0.999941
67	64	0.999991
281	230	0.999976
50	42	0.999976
294	276	0.999973
237	233	0.999869
246	235	0.999838
137	120	0.999947
489	381	0.999825
186	152	0.999974
328	242	0.999846
137	124	0.999839
443	342	0.999969
276	224	0.999919
214	152	0.999911
245	167	0.999946
139	106	0.999912
341	282	0.999917
210	148	0.999943
129	119	0.999843
245	208	0.999978
146	110	0.999934
164	119	0.999944
495	448	0.99984
473	456	0.999825
425	414	0.999868
379	275	0.999956
266	217	0.999939
161	110	0.999985
354	311	0.999858
268	263	0.999907
99	74	0.999994
480	376	0.999987
347	247	0.99999
201	172	0.999892
218	186	0.999934
54	49	0.999994
241	191	0.999907
59	52	0.999899
340	229	0.99994
305	205	0.999848
64	49	0.999938
186	136	0.999843
244	216	0.99986
469	349	0.999955
242	207	0.999943
72	56	0.999838
324	236	0.999898
255	212	0.999884
374	274	0.999994
239	221	0.999913
203	150	0.999999
468	389	0.999871
401	340	0.999868
237	171	0.99994
457	377	0.999976
352	322	0.99989
407	289	0.999993
238	222	0.99994
403	343	0.999933
405	313	0.999856
476	340	0.999863
211	200	0.999902
399	308	0.999906
227	186	0.999879
280	187	0.99991
176	118	0.99993
240	206	0.99993
458	427	0.999864
265	238	0.99998
494	409	0.999969
334	286	0.999926
51	34	0.999842
368	309	0.999933
210	145	0.999928
381	273	0.999919
191	137	0.99998
424	359	0.999959
397	281	0.999969
184	170	0.999952
385	317	0.999858
362	335	0.999897
197	132	0.999887
86	60	0.999875
260	224	0.999869
82	55	0.999828
57	40	0.999926
169	116	0.99999
193	147	0.999884
178	143	0.999877
488	384	0.999928
387	383	0.999901
272	245	0.9999
358	335	0.999849
100	94	0.999885
378	331	0.999928
357	338	0.999924
453	421	0.999964
396	268	0.999996
312	211	0.999928
264	222	0.999829
460	372	0.999903
132	91	0.999955
201	195	0.999851
69	57	0.999998
255	208	0.999936
364	279	0.999995
382	285	0.999886
425	392	0.999879
407	373	0.999991
76	57	0.999919
362	298	0.999966
194	191	0.999944
96	82	0.999991
467	456	0.999874
369	307	0.999998
195	193	0.999892
288	196	0.999883
405	358	0.999886
203	158	0.99986
286	238	0.999914
318	279	0.999854
309	214	0.999893
412	399	0.999956
400	343	0.999992
298	209	0.999991
398	307	0.999953
281	200	0.999947
114	112	0.999869
239	192	0.999945
268	192	0.999913
471	334	0.999822
155	124	0.99999
121	87	0.999928
193	172	0.999926
142	108	0.999942
451	322	0.999843
307	244	0.999976
453	415	1
94	63	0.999886
479	461	0.999892
424	421	0.999931
89	68	0.999991
115	102	0.999867
269	247	0.999933
432	289	0.999885
61	60	0.999948
63	49	0.999958
239	174	0.999838
129	122	0.999886
211	205	0.999839
414	312	0.999862
94	70	0.999994
266	245	0.999885
54	52	0.999845
483	405	0.999976
390	333	0.999899
50	35	0.999908
52	44	0.999857
156	118	0.999854
290	259	0.999886
462	353	0.999934
299	257	0.999878
383	356	0.999887
272	245	0.99997
72	50	0.99982
263	182	0.999856
199	145	0.999884
361	300	0.999832
269	259	0.999879
439	423	0.999863
407	292	0.999971
286	254	0.999913
96	65	0.999831
93	75	0.999892
253	241	0.999858
98	80	0.999953
477	344	0.99988
69	52	0.999895
176	172	0.999987
149	135	0.999953
149	141	0.999867
165	116	0.999865
331	226	0.999874
193	180	0.999927
90	80	0.999863
499	486	0.999904
112	95	0.999865
164	131	0.999942
186	147	0.999987
352	253	0.999826
295	237	0.999875
452	349	0.999961
412	311	0.999975
445	364	0.999922
171	160	0.999872
471	453	0.999822
299	209	0.999832
224	205	0.999967
180	167	0.999897
460	380	0.999856
482	411	0.999945
324	221	0.999822
373	264	0.999919
485	359	0.99986
448	401	0.999927
361	324	0.999952
299	298	0.999892
390	302	0.999841
53	44	0.99993
132	94	0.999841
159	153	0.999824
484	359	0.999893
54	39	0.999883
165	151	0.999898
447	339	0.999971
429	345	0.999941
122	100	0.999961
290	274	0.99995
309	221	0.999978
369	256	0.999833
94	87	0.999883
389	348	0.999854
477	422	0.999867
198	155	0.999878
363	288	0.999992
169	167	0.999916
492	405	0.999957
327	222	0.999944
189	130	0.999861
472	324	0.999999
400	338	0.999961
455	400	0.99992
382	313	0.999974
205	180	0.999887
92	63	0.999866
445	342	0.999975
90	67	0.999884
175	123	0.999821
98	72	0.999917
205	189	0.999999
499	360	0.999949
323	278	0.999842
416	370	0.999996
284	276	0.99986
250	200	0.999949
275	237	0.999907
199	196	0.999911
261	227	0.999877
270	233	0.999852
389	334	0.999975
205	169	0.999981
161	111	0.999978
418	361	0.99986
440	293	0.999896
367	300	0.999955
334	239	0.999878
363	312	0.999995
460	428	0.999974
52	40	0.999948
485	338	0.999869
261	176	0.999888
173	158	0.999989
418	370	0.999974
475	322	0.999935
78	55	0.999967
385	334	0.999823
237	235	0.999915
338	258	0.999947
370	275	0.999826
201	193	0.99999
197	149	0.999868
93	63	0.999943
338	285	0.999994
393	387	0.999999
343	301	0.999906
261	194	0.999828
353	304	0.999926
383	276	0.999918
433	414	0.999993
174	123	0.999995
175	166	0.999941
205	148	0.99982
497	436	0.99994
373	296	0.999961
166	112	0.999844
281	192	0.999841
463	445	0.999912
490	335	0.999827
475	406	0.999894
439	401	0.999902
207	157	0.999825
371	309	0.999921
247	224	0.999946
122	84	0.999821
335	284	0.999852
160	110	0.999932
331	308	0.999929
286	206	0.999829
56	55	0.999835
499	441	0.999892
50	36	0.999952
155	116	0.999879
323	284	0.999986
55	38	0.999853
206	201	0.999928
434	406	0.999895
148	135	0.999923
249	167	0.999862
77	61	0.999845
184	156	0.999897
101	68	0.999884
165	159	0.99998
65	57	0.999851
408	401	0.999927
332	248	0.99986
241	199	0.999843
409	367	0.99994
163	147	0.999893
303	246	0.999827
99	80	0.999995
468	460	0.99991
118	80	0.999976
56	41	0.999965
330	289	0.999878
172	157	0.999866
352	294	0.999991
316	313	0.999863
264	198	0.999946
368	273	0.999854
82	79	0.999876
133	113	0.999926
332	266	0.999947
391	355	0.99993
173	165	0.999978
333	287	0.999826
170	123	0.999842
375	321	0.999877
224	165	0.999904
76	68	0.999987
301	217	0.999836
395	327	0.999901
463	458	0.999857
168	113	0.999828
255	223	0.999958
153	138	0.999832
243	197	0.999884
302	237	0.999929
245	196	0.999977
398	360	0.999879
224	168	0.999955
121	96	0.999888
162	155	0.999904
310	276	0.999855
78	64	0.999982
155	147	0.999895
193	176	0.99996
475	318	0.99999
309	303	1
291	262	0.999944
284	237	0.999913
254	182	0.999991
385	337	0.999865
480	463	0.999932
323	254	0.99994
451	327	0.999826
299	203	0.999942
332	227	0.999888
444	310	0.999919
203	186	0.999974
223	185	0.999954
155	119	0.99989
194	168	0.999851
448	344	0.999996
124	102	0.999907
350	320	0.99994
289	268	0.999851
272	221	0.999891
195	134	0.999891
437	404	0.99983
184	182	0.999927
333	233	0.999965
175	120	0.999858
62	55	0.999993
81	64	0.999863
51	39	0.999827
176	157	0.999828
354	291	0.99987
166	134	0.999867
60	56	0.999943
277	218	0.999965
192	182	0.999853
465	361	0.999997
359	332	0.999941
459	458	0.999994
303	207	0.999858
494	436	0.999865
54	48	0.999998
224	206	0.999995
230	228	0.999914
234	222	0.999988
135	92	0.999908
498	414	0.999862
377	349	0.99989
467	354	0.99989
182	126	0.999964
422	301	0.999963
452	450	0.999952
293	240	0.999944
264	247	0.99984
62	46	0.999889
130	113	0.999848
53	39	0.999882
165	153	0.999947
310	300	0.999835
239	163	0.99986
66	55	0.999996
430	321	0.999995
323	267	0.999995
253	252	0.999835
352	242	0.999942
496	356	0.999928
160	144	0.999866
488	461	0.999857
239	214	0.999887
93	88	0.999969
500	366	0.999822
260	196	0.999977
162	121	0.999982
51	47	0.99982
147	136	0.999936
126	119	0.99999
149	131	0.999985
209	146	0.999994
446	335	0.999969
369	273	0.999935
185	184	0.999836
332	226	0.999935
150	131	0.999877
204	140	0.999983
408	312	0.999937
332	307	0.999997
262	221	0.999872
148	141	0.99996
118	90	0.999976
440	389	0.999918
430	312	0.999842
467	432	0.999892
431	307	0.999972
286	231	0.999875
222	200	0.999838
393	308	0.999851
494	379	0.99987
197	159	0.999932
470	342	0.999965
348	237	0.999999
342	304	0.999908
155	108	0.999844
457	394	0.999962
299	292	0.99984
259	211	0.999938
246	244	0.999955
126	84	0.999921
423	349	0.999919
95	90	0.999918
60	57	0.999887
127	105	0.999834
374	256	0.999963
110	93	0.999982
331	308	0.999838
395	305	0.999906
179	129	0.999887
161	156	0.999995
279	269	0.999935
457	352	0.999922
300	231	0.999942
144	120	0.99986
405	329	0.999965
76	75	0.999828
325	223	0.99991
216	162	0.999946
155	150	0.999869
162	130	0.99997
268	267	0.999901
482	409	0.999953
194	150	0.999988
212	169	0.999902
420	411	0.99997
142	96	0.999852
305	274	0.999975
64	53	0.99988
306	292	0.999905
306	268	0.999838
399	273	0.999847
59	43	0.999827
146	145	0.999865
439	376	0.999967
182	173	0.999865
80	70	0.99989
204	201	0.999883
163	109	0.999826
211	179	0.99996
482	341	0.999827
317	249	0.999997
248	233	0.999874
439	316	0.999936
455	399	0.999838
75	69	0.999895
64	62	0.999834
386	338	0.999997
453	371	0.999827
135	107	0.99985
92	78	0.999977
55	53	0.999975
431	410	0.999953
337	295	0.999906
223	189	0.99993
365	266	0.999829
372	328	0.99991
320	252	0.999821
433	348	0.999908
59	41	0.999962
236	204	0.999828
110	96	0.999906
361	333	0.999851
82	67	0.999912
181	157	0.999947
425	306	0.99995
298	264	0.99992
66	57	0.999918
405	350	0.999899
150	148	0.999917
466	399	0.999891
55	39	0.999843
209	150	0.999998
280	262	0.99996
449	324	0.999867
233	194	0.999899
112	89	0.99997
77	60	0.999926
275	266	0.999931
409	364	0.999836
202	163	0.999825
304	215	0.999904
361	296	0.999842
109	79	0.999932
411	284	0.999984
263	184	0.999925
71	49	0.999991
73	68	0.999962
325	300	0.999958
334	262	0.999932
391	340	0.99992
101	96	0.999822
264	225	0.999899
233	158	0.999986
136	106	0.999965
198	191	0.999889
231	198	0.999983
82	65	0.999987
347	238	0.999844
51	46	0.999896
408	369	0.999901
229	208	0.99997
441	303	0.999833
184	162	0.999861
154	135	0.999829
69	54	0.999856
287	228	0.999956
426	424	0.999953
136	123	0.999843
470	383	0.999839
404	355	0.999914
69	65	0.999951
482	402	0.999974
75	65	0.999941
446	432	0.999991
127	100	0.999956
189	145	0.999981
183	181	0.999843
480	432	0.999937
215	198	0.99999
169	125	0.999824
281	260	0.999827
419	298	0.999883
228	205	0.999821
364	281	0.9999
206	140	0.999853
349	294	0.999857
134	114	0.999946
218	150	0.999876
247	208	0.999938
270	260	0.999824
355	317	0.999968
332	331	0.999921
207	139	0.999906
370	354	0.999837
328	309	0.999964
112	88	0.999843
245	164	0.999955
492	415	0.999955
272	228	0.999938
247	189	0.999893
292	198	0.999995
301	259	0.999991
294	247	0.999949
366	340	0.99989
471	315	0.999913
328	233	0.999852
136	101	0.999828
313	303	0.999948
489	440	0.999936
426	284	0.999968
337	226	0.999828
136	94	0.999875
211	188	0.999864
140	119	0.999912
152	138	0.999907
322	217	0.999834
475	440	0.999876
132	102	0.999893
335	271	0.999984
302	210	0.999855
114	88	0.999839
77	55	0.999848
162	153	0.999823
158	148	0.999828
403	347	0.999965
351	269	0.999859
130	108	0.999856
176	118	0.999844
456	388	0.999925
181	161	0.999974
182	160	0.999945
414	292	0.999985
395	330	0.99997
320	223	0.999821
94	78	0.999906
238	236	0.999829
352	238	0.999846
193	160	0.999942
306	257	0.99989
284	279	0.999893
214	205	0.999975
329	219	0.999826
189	178	0.999907
316	282	0.999978
372	349	0.999984
329	324	0.999885
127	118	0.999987
204	155	0.999842
224	217	0.999892
202	150	0.999821
238	164	0.999979
199	181	0.999892
127	111	0.999855
312	233	0.999879
84	81	0.999955
435	316	0.999976
135	102	0.999914
92	86	0.999866
465	435	0.999961
207	138	0.999848
427	310	0.999869
244	190	0.999951
81	79	0.99987
236	189	0.999871
333	309	0.999978
437	325	0.999948
343	266	0.999843
63	59	0.999992
241	181	0.999893
351	338	0.999998
247	201	0.999874
85	59	0.999914
192	166	0.999851
58	44	0.999958
417	300	0.999985
91	80	0.9999
260	230	0.999829
78	63	0.999852
410	320	0.999917
451	319	0.999831
82	57	0.999877
98	83	0.999856
298	220	0.999905
416	403	0.99984
181	160	0.999864
344	323	0.999846
224	151	0.999919
280	192	0.999878
344	327	0.99998
276	189	0.999999
94	90	0.999881
174	172	0.999857
301	220	0.999962
259	204	0.999847
440	346	0.999882
323	218	0.999843
471	340	0.999888
199	138	0.999916
357	316	0.999901
244	189	0.999864
140	99	0.999861
482	321	0.999904
396	272	0.999985
296	205	0.999993
57	43	0.999856
428	340	0.999993
435	413	0.999896
96	84	0.999876
182	176	0.999886
152	132	0.999868
211	204	0.99986
109	85	0.99987
197	167	0.999929
275	271	0.999877
86	76	0.999881
326	322	0.999857
178	143	0.99985
168	166	0.999961
381	270	0.999938
446	445	0.999965
471	411	0.999855
322	308	0.999952
465	433	0.999937
497	350	0.999913
425	365	0.999858
395	383	0.999968
412	301	0.999868
80	68	0.999836
249	168	0.999976
308	269	0.999915
321	253	0.999933
372	300	0.999959
124	121	0.999854
239	210	0.999829
69	56	0.999952
209	166	0.999996
487	342	0.999894
453	435	0.999872
379	287	0.99991
376	262	0.999861
467	345	0.999823
358	253	0.999917
344	336	0.99984
91	66	0.999939
215	145	0.999955
321	281	0.999996
324	306	0.999884
450	376	0.999851
226	153	0.999919
193	189	0.999848
132	121	0.999923
154	127	0.999931
265	250	0.999904
434	338	0.999906
198	185	0.999876
496	352	0.999948
394	366	0.999961
375	253	0.999951
291	203	0.999861
218	149	0.999979
144	98	0.99994
478	320	0.999885
400	317	0.999949
442	392	0.999994
89	81	0.999957
232	222	0.999837
151	121	0.9999
485	415	0.999961
113	78	0.999894
464	453	0.999898
213	181	0.999907
166	139	0.99992
108	90	0.999854
240	171	0.999864
413	327	0.999939
289	193	0.999887
140	118	0.999945
265	236	0.999979
94	70	0.99987
407	318	0.999992
98	77	0.999933
322	221	0.999953
467	452	0.999999
368	305	0.999831
497	347	0.999955
267	220	0.999902
245	213	0.999952
61	57	0.999944
261	217	0.999827
455	347	0.999912
415	318	0.999986
164	123	0.999864
319	224	0.999959
195	194	0.999906
121	111	0.999937
255	191	0.99982
318	248	0.999856
178	170	0.999913
439	340	0.999951
420	328	0.99984
268	220	0.999926
358	354	0.999957
223	169	0.999849
447	357	0.999856
493	344	0.999835
126	84	0.999897
107	75	0.999896
65	44	0.999977
338	258	0.999896
253	225	0.999887
467	373	0.999862
155	154	0.999893
101	99	0.999973
380	318	0.999833
345	270	0.999937
104	78	0.99994
246	210	0.99994
150	112	0.999895
69	53	0.999864
152	149	0.999953
471	378	0.99984
119	85	0.99999
384	316	0.999907
435	334	0.999859
88	86	0.999842
311	239	0.999996
51	45	0.999954
176	164	0.99994
373	265	0.999944
379	323	0.999858
174	143	0.999895
380	379	0.999852
404	341	0.999827
471	314	0.999958
62	45	0.999897
451	447	0.999914
369	251	0.999922
185	150	0.999992
210	207	0.999887
298	235	0.999945
58	45	0.999897
230	199	0.999832
333	302	0.999915
336	225	0.999864
259	215	0.999847
89	85	0.999877
108	72	0.999985
70	62	0.999865
193	173	0.999895
88	72	0.999886
304	205	0.999871
117	95	0.999825
64	59	0.9999
167	144	0.999893
86	58	0.999968
113	95	0.9999
199	170	0.999859
141	113	0.999935
218	196	0.999977
415	332	0.999876
390	292	0.999944
440	426	0.999884
354	308	0.999895
399	384	0.999923
223	185	0.999954
348	264	0.999934
79	76	0.999892
382	261	0.99991
89	87	0.999884
312	288	0.999894
111	104	0.999985
209	208	0.999857
438	377	0.999914
465	347	0.999943
221	220	0.999968
178	152	0.999937
343	318	0.999856
91	71	0.999923
438	299	0.999834
453	331	0.999832
405	377	0.999993
227	190	0.99999
256	182	0.999948
191	144	0.999838
196	180	0.999836
480	401	0.999879
385	264	0.999963
232	184	0.999904
204	172	0.999951
339	261	0.999874
187	184	0.999896
281	253	0.999935
349	326	0.999955
57	53	0.999829
458	353	0.999825
340	247	0.9999
131	99	0.999977
277	245	0.999947
265	264	0.999862
85	62	0.999822
161	136	0.999937
86	84	0.999954
201	174	0.999965
196	131	0.999839
372	367	0.999968
314	282	0.999903
255	191	0.999859
213	154	0.999852
157	152	0.999893
458	405	0.999832
81	71	0.999836
203	185	0.999857
97	69	0.99994
325	268	0.999895
348	239	0.99985
356	334	0.999955
258	238	0.999923
210	203	0.999838
315	288	0.999859
421	352	0.999827
131	108	0.999932
70	54	0.999828
107	84	0.999977
104	73	0.999923
483	398	0.999862
51	47	0.999847
195	183	0.999831
344	260	0.99996
115	97	0.999828
473	341	0.999831
105	81	0.999919
275	273	0.999929
83	82	0.999936
279	225	0.999872
159	158	0.999922
412	367	0.999929
370	330	0.999872
267	187	0.999951
104	90	0.999836
385	339	0.999854
211	183	0.999877
314	312	0.99994
140	121	0.999852
122	89	0.999985
83	58	0.999966
232	190	0.999925
470	382	0.999888
478	351	0.999903
448	357	0.999987
220	210	0.999867
242	197	0.999872
464	446	0.999834
227	197	0.999937
72	63	0.999879
233	191	0.999867
65	52	0.999922
367	297	0.999978
386	340	0.999857
274	195	0.999878
373	293	0.999909
50	34	0.999886
379	349	0.999833
376	357	0.99993
55	44	0.999879
61	59	0.99994
385	306	0.999826
217	151	0.999825
276	272	0.99987
104	89	0.999972
439	360	0.99997
141	99	0.999916
54	49	0.999897
76	74	0.999937
327	269	0.999826
308	265	0.999956
137	118	0.999958
357	294	0.999918
365	359	0.999994
459	456	0.999909
378	254	0.999835
66	65	0.999909
480	450	0.9999
288	194	0.99994
420	401	0.999876
468	361	0.999969
238	210	0.999939
64	58	0.99984
455	401	0.99994
269	250	0.999931
464	435	0.999832
308	264	0.999913
289	248	0.999921
481	425	0.999997
246	196	0.999947
297	269	0.999855
441	302	0.999992
337	260	0.999984
241	195	0.999953
67	59	0.999895
358	280	0.999822
272	212	0.999829
144	134	0.999878
170	147	0.999895
110	97	0.999884
358	303	0.99992
262	260	0.999909
149	134	0.999936
186	172	0.999832
343	230	0.999958
310	282	0.999876
176	142	0.999872
496	413	0.999976
412	299	0.99994
105	94	0.999871
428	293	0.999984
245	211	0.999855
74	51	0.999901
109	82	0.999981
95	64	0.999829
126	86	0.999833
393	292	0.999897
194	156	0.999989
421	411	0.999894
215	196	0.999824
123	109	0.999924
455	303	0.999825
71	63	0.999916
99	95	0.999909
191	158	0.999843
186	140	0.999989
119	106	0.999848
300	292	0.999985
92	90	0.99986
470	336	0.999932
466	329	0.999902
176	127	0.999855
131	99	0.999866
219	214	0.999937
97	74	0.999825
210	143	0.999998
444	437	0.999902
55	38	0.999953
276	193	0.999906
432	406	0.999834
56	45	0.999887
274	231	0.999974
283	276	0.999879
250	175	0.999996
377	361	0.999849
213	175	0.999826
473	407	0.999954
76	52	0.999993
401	382	0.999992
102	79	0.999956
113	81	0.999877
288	216	0.99987
356	353	0.999926
102	80	0.999971
103	79	0.999931
368	262	0.999931
70	47	0.999988
163	119	0.999918
427	329	0.99998
140	113	0.999908
154	147	0.999912
179	164	0.999965
398	295	0.999956
400	375	0.999849
422	323	0.999847
468	389	0.999869
171	151	0.999828
250	167	0.99982
182	177	0.99996
217	189	0.99998
434	318	0.999981
103	79	0.999821
401	347	0.999906
407	382	0.999868
256	190	0.999871
309	229	0.999992
407	274	0.99993
456	385	0.999987
500	340	0.999905
476	374	0.999958
367	356	0.999983
493	439	0.999952
452	348	0.999998
283	208	0.999914
249	187	0.999989
77	52	0.999981
138	112	0.999912
105	90	0.999831
257	181	0.99986
253	247	0.999973
125	120	0.999927
245	236	0.999826
315	231	0.999994
216	209	0.99998
169	166	0.999936
435	365	0.999952
197	136	0.999872
457	401	0.999955
124	119	0.999938
89	84	0.999874
239	205	0.999861
113	83	0.999834
102	95	0.999875
475	392	0.999983
65	51	0.999869
155	152	0.999914
58	42	0.999889
70	50	0.999997
61	49	0.999971
175	129	0.999926
290	262	0.999858
71	68	0.999965
447	310	0.999989
381	274	0.999968
379	328	0.999844
480	473	0.999957
364	355	0.999942
103	95	0.999852
394	355	0.999912
486	368	0.999974
130	96	0.99996
315	307	0.999977
466	414	0.999902
66	59	0.999867
319	258	0.999947
429	352	0.999944
241	237	0.999949
355	297	0.999938
351	260	0.999935
130	116	0.999982
364	328	0.999974
287	232	0.999874
381	316	0.999866
241	165	0.999978
425	376	0.999851
241	196	0.999838
457	369	0.999871
364	341	0.999947
311	304	0.99992
141	139	0.999883
371	284	0.999967
226	188	0.999934
369	345	0.999857
386	257	0.999829
139	126	0.999855
160	146	0.999826
453	437	0.999822
384	350	0.999871
166	155	0.999885
156	134	0.99997
265	251	0.999842
378	338	0.999875
201	190	0.999912
374	274	0.999922
227	200	0.99993
496	480	0.999979
405	332	0.999885
158	136	0.999967
123	120	0.999949
313	296	0.999922
497	345	0.999829
376	338	0.999943
263	244	0.999833
173	128	0.999827
72	62	0.999844
411	327	0.999866
82	75	0.999898
482	327	0.999972
402	386	0.999846
65	55	0.999896
241	173	0.999902
352	312	0.999869
113	95	0.999886
121	101	0.999825
117	115	0.99986
100	91	0.999824
380	350	0.999899
70	58	0.9999
332	317	0.999871
258	197	0.999831
92	79	0.999992
464	404	0.999829
184	175	0.999839
277	216	0.999845
168	147	0.999958
163	145	0.99984
492	363	0.999949
204	167	0.999839
102	81	0.999865
52	41	0.999841
386	381	0.999926
224	150	0.999927
352	236	0.999947
473	382	0.999884
122	117	0.999913
226	193	0.999979
71	60	0.999978
212	199	0.999827
372	354	0.999846
283	274	0.999839
149	139	0.99991
175	138	0.999848
165	159	0.999954
356	303	0.999828
449	337	0.999826
474	316	0.99999
289	214	0.999837
267	180	0.999827
439	428	0.999987
71	58	0.999972
449	409	0.999828
478	445	0.999899
459	351	0.999967
74	58	0.999825
210	195	0.999866
188	146	0.999906
146	99	0.999982
133	121	0.999853
227	185	0.999891
450	356	0.999888
173	141	0.99991
149	124	0.99997
323	315	0.999931
127	119	0.999878
131	123	0.999935
449	441	0.999895
392	265	0.999902
442	301	0.999849
87	70	0.999863
412	343	0.99984
236	202	0.999995
336	291	0.999849
192	163	0.999979
136	98	0.99994
215	198	0.999898
177	134	0.999862
213	163	0.999947
81	64	0.999881
440	370	0.999951
118	80	0.999902
346	263	0.999952
96	85	0.999896
92	75	0.999866
254	192	0.999908
323	221	0.999892
228	225	0.999871
77	75	0.999865
110	106	0.999825
374	371	0.999872
385	258	0.99983
364	264	0.999977
139	104	0.999827
260	175	0.999882
119	108	0.999951
93	63	0.999962
124	122	0.999959
276	190	0.999953
75	54	0.999898
130	111	0.999899
360	250	0.999833
94	87	0.999935
482	338	0.999866
494	413	0.999936
486	330	0.999897
464	431	0.999884
403	388	0.99985
251	185	0.999884
450	435	0.999993
193	146	0.999993
155	153	0.999873
447	310	0.999995
475	327	0.999865
276	195	0.999826
474	361	0.99995
435	297	0.999876
104	81	0.999999
242	219	0.999979
220	191	0.999971
298	219	0.999898
455	419	0.99988
246	203	0.999907
192	136	0.999845
240	165	0.999911
351	237	0.999829
183	136	0.999945
83	76	0.999911
490	452	0.999989
215	211	0.999976
184	166	0.999943
433	357	0.999939
158	121	0.999988
429	293	0.999986
280	208	0.999891
111	87	0.999962
224	197	0.999918
187	161	0.999915
217	159	0.999878
196	164	0.99991
213	197	0.999884
236	204	0.999998
357	311	0.999895
486	420	0.999925
469	333	0.999836
306	220	0.999938
113	86	0.999847
136	112	0.999953
438	348	0.999952
184	159	0.999948
294	245	0.999962
63	49	0.99997
390	357	0.999863
342	255	0.999998
474	397	0.999866
442	355	0.999984
453	346	0.999945
322	307	0.999913
225	185	0.999996
388	317	0.999844
275	224	0.999868
347	332	0.999959
367	276	0.999824
311	221	0.999893
356	280	0.999976
350	314	0.99993
150	124	0.999983
371	269	0.999982
298	285	0.999896
413	384	0.999883
58	54	0.999984
238	212	0.999901
390	336	0.999873
260	259	0.99995
416	320	0.999963
284	210	0.999989
303	253	0.999905
137	110	0.999919
280	228	0.999977
183	138	0.999988
348	330	0.999845
77	63	0.999996
82	68	0.999907
163	147	0.99997
490	349	0.999872
233	225	0.999905
87	65	0.999928
67	50	0.999833
399	291	0.999902
259	181	0.99995
290	264	0.999881
94	93	0.999954
394	279	0.999865
499	390	0.999966
353	324	0.999867
362	306	0.999898
163	143	0.999877
50	48	0.999838
305	300	0.999841
370	255	0.999958
476	371	0.999996
440	321	0.999892
408	293	0.999829
189	169	0.999967
189	126	0.999899
80	60	0.999869
319	268	0.99992
350	348	0.999838
217	203	0.999957
461	414	0.999949
219	163	0.999997
174	118	0.99994
166	155	0.999988
467	416	0.999826
318	302	0.999918
236	169	0.99991
52	48	0.999831
454	393	0.999942
424	343	0.999908
195	134	0.999899
251	238	0.999846
156	128	0.999886
178	151	0.99994
250	187	0.999913
454	311	0.99989
390	272	0.999895
438	300	0.99997
109	94	0.999999
170	115	0.999996
288	200	0.999881
256	184	0.999855
195	152	0.999862
155	110	0.999979
340	241	0.999863
366	297	0.999867
193	186	0.999877
467	372	0.999831
114	91	0.999919
110	96	0.999981
323	278	0.999977
361	316	0.999997
277	227	0.999896
481	379	0.999964
234	222	0.99998
119	91	0.999931
111	103	0.999833
419	406	0.999952
476	373	0.999874
132	131	0.999932
159	134	0.999829
421	345	0.999851
359	328	0.999899
84	77	0.999999
212	200	0.99983
284	213	0.999954
444	415	0.999864
302	284	0.999913
471	344	0.999881
375	346	0.999965
81	71	0.999908
280	268	0.999902
331	223	0.999996
99	94	0.999884
138	94	0.999881
130	124	0.999852
274	202	0.999849
459	378	0.999991
488	461	0.999913
291	241	0.999929
347	232	0.99996
284	257	0.999916
235	163	0.9999
253	176	0.999957
180	142	0.999823
63	56	0.999894
319	283	0.999829
391	310	0.999852
196	160	0.999961
468	402	0.999962
130	123	0.999888
390	308	0.999823
315	296	0.99999
445	299	0.999919
421	397	0.999862
379	306	0.999976
248	189	0.999955
372	345	0.999907
448	314	0.999908
113	107	0.999929
185	157	0.999823
161	142	0.999891
59	55	0.999979
332	241	0.999952
196	133	0.999966
409	281	0.999991
290	238	0.999901
421	409	0.999901
230	179	0.999829
117	111	0.999881
300	260	0.999859
69	47	0.999963
426	358	0.999852
78	63	0.999989
86	83	0.999951
198	168	0.999888
393	355	0.999977
92	66	0.999858
108	77	0.999999
473	328	0.999986
207	206	0.999994
362	333	0.999878
262	223	0.999911
134	99	0.999889
277	251	0.999962
457	437	0.999943
103	91	0.999857
208	203	0.999892
69	58	0.999905
64	59	0.99994
380	328	0.999987
160	130	0.99996
258	217	0.999922
283	195	0.999865
478	330	0.999994
318	268	0.999898
179	131	0.999931
162	125	0.999838
140	105	0.999918
312	268	0.999997
337	334	0.99998
227	194	0.999999
319	270	0.999911
347	329	0.999859
70	63	0.999923
176	164	0.999909
474	317	0.999898
58	47	0.999927
348	268	0.999937
413	356	0.999932
59	52	0.999888
238	170	0.999938
56	49	0.999833
377	252	0.999915
326	259	0.999949
308	272	0.999886
365	345	0.99996
407	275	0.999888
259	224	0.999958
188	183	0.999968
400	277	0.999927
392	286	0.999873
226	156	0.999992
398	364	0.99995
500	369	0.999947
420	322	0.999925
169	120	0.999852
132	97	0.999825
180	158	0.999945
269	229	0.99992
238	177	0.999959
243	164	0.99999
343	289	0.999824
54	51	0.999903
285	192	0.999902
241	225	0.999907
487	401	0.999953
237	184	0.999872
158	138	0.9999
366	331	0.999986
278	274	0.99986
184	179	0.999995
465	409	0.999966
81	58	0.999922
276	227	0.999861
290	283	0.999911
471	396	0.999868
107	89	0.999847
224	185	0.999863
299	200	0.999952
241	236	0.999916
370	346	0.999912
477	446	0.999995
114	94	0.999835
57	56	0.999967
60	57	0.999929
441	421	0.999934
169	141	0.999966
451	426	0.999918
412	392	0.999882
95	92	0.999988
321	316	0.999977
138	92	0.99998
263	192	0.999999
342	341	0.999883
476	473	0.999879
349	255	0.999913
197	145	0.999851
311	302	0.999994
388	265	0.99991
491	373	0.999842
69	66	0.999823
412	384	0.999847
226	198	0.999973
396	334	0.999885
161	160	0.999932
326	269	0.999894
349	327	0.999921
107	90	0.999964
431	430	0.999922
251	175	0.999906
136	94	0.999883
114	104	0.999856
410	347	0.999856
94	70	0.999855
307	292	0.99989
418	393	0.999838
249	224	0.999874
465	382	0.999911
161	158	0.999924
246	210	0.999953
236	173	0.999828
61	44	0.999956
104	88	0.999827
456	382	0.999906
148	142	0.999948
64	62	0.999884
454	409	0.999826
164	125	0.999887
131	130	0.999997
230	167	0.999889
347	279	0.999979
53	45	0.999979
430	380	0.999852
319	244	0.999923
81	66	0.999917
448	343	0.999936
476	373	0.999955
178	153	0.9999
266	242	0.99991
363	325	0.999946
85	77	0.999898
77	62	0.999857
357	264	0.999906
119	118	0.999872
328	259	0.999904
396	266	0.999982
363	321	0.999996
94	83	0.999872
106	74	0.99995
383	272	0.999994
422	306	0.999885
368	288	0.999994
341	242	0.999869
52	43	0.999897
186	155	0.999948
437	359	0.999963
410	318	0.999988
495	348	0.999991
177	129	0.99995
160	159	0.999902
340	295	0.99995
339	231	0.999824
91	71	0.999931
84	72	0.999921
141	111	0.999994
471	429	0.999863
443	355	0.999852
428	365	0.999992
399	284	0.999948
385	377	0.999883
284	238	0.999976
438	339	0.999852
65	56	0.999983
288	233	0.999929
486	445	0.999992
213	183	0.999888
325	224	0.999822
332	253	0.99985
251	178	0.999845
146	129	0.999968
306	234	0.999859
370	285	0.999969
87	72	0.999964
141	111	0.999907
117	86	0.999936
208	141	0.999942
69	50	0.99997
364	329	0.999906
111	92	0.999951
243	217	0.999849
206	143	0.99991
129	122	0.999993
74	56	0.99992
453	440	0.999936
159	141	0.999958
432	346	0.999981
411	291	0.999966
204	152	0.999988
141	127	0.999899
292	202	0.999854
480	339	0.999905
245	211	0.999858
433	337	0.999907
107	94	0.999975
291	228	0.999878
103	102	0.999925
74	51	0.999867
112	87	0.999903
459	386	0.999926
211	151	0.99986
356	287	0.99988
123	119	0.999949
338	254	0.999938
186	126	0.999925
364	338	0.999936
473	345	0.999858
229	153	0.99996
231	182	0.999938
214	157	0.999897
255	208	0.999985
435	392	0.99998
404	384	0.999875
171	157	0.999939
70	54	0.999943
372	337	0.999961
104	74	0.999897
147	146	0.999997
272	259	0.999833
356	247	0.999845
172	143	0.999883
412	331	0.999884
304	261	0.999962
53	43	0.999839
282	224	0.999988
476	384	0.99984
328	281	0.999853
175	142	0.999878
172	165	0.999949
150	103	0.999882
370	338	0.999939
168	124	0.999937
122	111	0.999845
198	192	0.999964
228	224	0.999829
283	255	0.999894
55	41	0.999999
393	350	0.999891
286	237	0.999866
421	398	0.999823
275	255	0.999953
493	387	0.999833
81	75	0.999912
321	264	0.999894
310	247	0.999946
214	175	0.99991
276	265	0.999973
450	348	0.999856
339	246	0.999894
179	150	0.999931
301	210	0.999895
372	264	0.999859
215	198	0.999911
217	172	0.999994
500	488	0.999987
462	459	0.999825
204	147	0.999873
126	109	0.999871
235	215	0.999967
283	260	0.999908
115	104	0.999985
112	93	0.999822
357	311	0.999856
189	151	0.999937
255	219	0.999995
411	321	0.999957
101	86	0.999929
481	323	0.999921
111	98	0.999876
346	318	0.999952
403	337	0.999857
154	133	0.999909
264	212	0.99992
201	149	0.999835
246	172	0.999922
487	358	0.999894
382	373	0.999924
59	41	0.999835
248	199	0.999908
266	195	0.999936
107	104	0.99993
358	307	0.999875
69	66	0.99991
354	281	0.999981
321	318	0.99998
440	322	0.999897
173	166	0.999863
213	152	0.999942
186	136	0.999828
387	309	0.999949
82	75	0.999871
79	62	0.999898
246	177	0.999937
217	194	0.999966
303	210	0.99994
259	173	0.999824
262	258	0.999918
417	394	0.999933
108	83	0.999981
423	334	0.999906
185	179	0.999848
183	156	0.999847
101	92	0.999863
266	237	0.999936
322	259	0.999942
346	256	0.99991
271	240	0.999963
240	220	0.999927
463	372	0.99988
251	193	0.999934
189	168	0.999926
404	330	0.999861
119	101	0.999935
389	338	0.999938
182	136	0.99999
486	356	0.999974
251	188	0.999969
346	315	0.999956
174	165	0.999983
54	46	0.999995
188	177	0.999929
345	317	0.999949
442	384	0.999828
391	346	0.99988
470	396	0.999977
413	371	0.999926
232	222	0.999874
486	433	0.999874
247	172	0.999831
318	217	0.999889
348	243	0.999861
435	363	0.999867
209	190	0.999913
138	125	0.999972
324	227	0.999999
99	70	0.999856
78	59	0.999821
401	300	0.999975
498	355	0.999957
61	57	0.999938
306	240	0.999886
78	53	0.999856
175	173	0.999975
205	188	0.999944
108	93	0.999936
61	51	0.999849
235	234	0.999836
261	225	0.999894
278	207	0.999878
306	261	0.999906
271	254	0.999962
76	54	0.999962
120	106	0.999862
207	140	0.999866
62	53	0.999864
283	252	0.999903
263	250	0.999835
448	368	0.999917
139	112	0.999925
91	68	0.999878
88	81	0.999834
133	126	0.999956
440	325	0.999889
468	434	0.999831
75	60	0.999899
435	396	0.999905
252	195	0.999958
326	230	0.999997
483	340	0.999841
236	218	0.999932
240	197	0.999949
479	387	0.999916
166	151	0.99986
312	261	0.99988
127	91	0.999883
408	356	0.999853
488	333	0.999854
206	166	0.999857
379	342	0.999886
329	322	0.999929
413	289	0.999929
344	310	0.999902
409	377	0.999855
429	407	0.999994
137	114	0.999948
476	356	0.99988
423	386	0.999953
70	66	0.999977
382	318	0.999999
160	122	0.999832
494	374	0.999938
463	434	0.999857
101	79	0.999942
474	403	0.999911
102	76	0.999967
415	307	0.999918
266	230	0.999933
93	71	0.999913
343	303	0.999912
61	56	0.999891
360	286	0.999875
96	69	0.999879
183	134	0.999941
208	183	0.999852
486	448	0.999835
135	106	0.999948
321	280	0.999956
292	285	0.999988
121	99	0.99991
156	124	0.999849
285	271	0.999848
196	159	0.99995
272	220	0.999999
369	255	0.999861
474	344	0.999866
419	287	0.99999
497	370	0.999902
129	122	0.999896
437	426	0.999975
388	292	0.999901
445	388	0.999975
237	199	0.99997
316	212	0.999854
457	366	0.999945
319	294	0.999886
136	128	0.999933
336	263	0.999885
320	271	0.999911
73	51	0.999941
449	408	0.999831
250	167	0.999879
260	223	0.999821
276	227	0.999873
234	196	0.999863
120	80	0.999866
82	58	0.999851
63	46	0.999883
459	416	0.999978
83	76	0.999863
56	52	0.999999
181	139	0.999979
315	219	0.99991
270	251	0.999844
426	286	0.999924
329	299	0.999939
130	100	0.999917
315	288	0.999824
235	174	0.999988
