5500
234	231	0.999995
215	168	0.999959
148	127	0.999976
262	215	0.99992
338	275	0.999973
114	105	0.999925
340	258	0.99996
287	240	0.999986
200	192	0.999965
166	159	0.999936
210	180	0.999936
493	411	0.999996
351	300	0.999901
356	345	0.999898
98	88	0.999933
375	288	0.999929
398	392	0.999988
263	208	0.999942
211	199	0.999909
261	223	0.999955
230	201	0.999902
268	223	0.999917
268	267	0.999927
309	258	0.999974
387	378	0.999952
211	186	0.999987
98	80	0.999919
96	92	0.999965
211	158	0.999982
217	167	0.999897
127	111	0.999996
130	101	0.99993
372	303	0.999893
261	218	0.999964
375	303	0.99996
62	54	0.999986
223	193	0.999964
389	315	0.99992
479	434	0.999996
461	418	0.999996
324	291	0.99992
132	101	0.999933
466	390	0.999989
339	337	0.999911
419	351	0.999933
218	196	0.999954
271	250	0.999968
116	97	0.999917
314	307	0.999901
382	358	0.999959
466	443	0.999919
327	252	0.999938
218	188	0.999907
129	117	0.999996
187	155	0.999974
63	58	0.999992
143	120	0.999953
400	377	0.999962
308	252	0.999927
244	208	0.99994
58	53	0.999943
227	180	0.999946
149	144	0.999993
479	425	0.999994
364	350	0.999912
322	288	0.999997
344	336	0.999956
168	161	0.999895
381	369	0.999974
174	156	0.999997
352	263	0.999943
114	96	0.999902
231	216	0.99996
439	389	0.999998
317	303	0.999941
384	334	0.999994
231	188	0.999946
356	327	0.999935
343	295	0.999892
438	389	0.999997
202	167	0.999963
175	154	0.999972
426	336	0.999975
384	293	0.999984
115	99	0.999915
81	73	0.9999
258	239	0.999974
194	189	0.999946
175	170	0.999927
74	62	0.999915
208	155	0.9999
500	400	0.999935
322	250	0.999975
196	180	0.999923
415	339	0.999966
182	161	0.999939
385	362	0.99997
227	211	0.999922
141	110	0.999918
201	190	0.999981
267	204	0.999925
173	139	0.999975
373	289	0.999955
474	371	0.999943
139	129	0.999932
431	330	0.999967
318	256	0.999982
422	320	0.999899
494	463	0.999995
222	196	0.999931
56	55	0.999997
291	221	0.999935
194	171	0.999918
411	326	0.999947
342	321	0.999962
98	86	0.999918
266	204	0.999908
249	193	0.999897
221	186	0.9999
218	180	0.999994
275	207	0.999979
211	188	0.999931
335	327	0.999903
446	332	0.999958
149	148	0.999982
233	197	0.999973
467	457	0.999951
119	117	0.999923
273	242	0.999902
165	123	0.999983
228	212	0.999946
161	152	0.999896
319	265	0.999988
414	308	0.999977
52	41	0.999893
318	306	0.999919
118	88	0.999982
131	110	0.999895
58	56	0.999986
195	151	0.999965
102	92	0.999917
136	130	0.999892
109	93	0.999929
104	87	0.999907
187	175	0.999902
486	375	0.999999
159	157	0.999968
323	320	0.999948
499	476	0.99996
300	285	0.999932
304	255	0.999979
139	113	0.999999
93	90	0.999957
220	182	0.999916
222	198	0.999936
143	107	0.999968
418	377	0.999964
50	47	0.999931
381	345	0.999986
191	186	0.999979
464	444	0.999931
90	74	0.999935
281	280	0.999985
358	276	0.99994
467	438	0.999996
244	242	0.999999
295	224	0.999915
350	302	0.999944
282	222	0.999909
333	257	0.999978
147	126	0.999959
114	89	0.99999
171	131	0.999965
209	165	0.999966
450	438	0.999905
79	59	0.999965
288	256	0.999903
445	417	0.999965
302	264	0.999907
130	126	0.99994
93	80	0.999945
303	284	0.999958
195	152	0.999894
385	309	0.999943
60	58	0.999916
276	260	0.999931
410	397	0.999959
260	197	0.999904
309	274	0.999897
410	330	0.999934
348	300	0.999951
82	65	0.999982
169	157	0.999991
198	176	0.999905
63	58	0.99993
494	459	0.999903
96	80	0.9999
173	169	0.99997
376	285	0.999982
452	437	0.999941
257	252	0.999962
147	135	0.999906
86	83	0.999993
406	376	0.999926
208	180	0.999983
296	290	0.999924
69	58	0.999916
394	345	0.999915
431	391	0.999988
57	44	0.999905
315	314	0.999947
226	208	0.999898
72	55	0.999938
122	119	0.99996
184	150	0.99999
313	303	0.999952
444	394	0.999937
146	120	0.999947
233	190	0.999931
485	389	0.999926
331	257	0.999978
385	302	0.999897
412	310	0.999926
468	378	0.999932
383	334	0.999933
146	130	0.999998
349	329	0.99993
114	108	0.999947
83	82	0.999943
471	405	0.999955
126	99	0.999946
412	406	0.999932
70	63	0.999917
483	361	0.999974
74	65	0.999893
486	406	0.999958
198	161	0.999949
455	421	0.999945
100	84	0.999942
78	59	0.999899
357	308	0.999989
289	234	0.999953
434	355	0.999897
283	271	0.999956
389	381	0.999911
487	387	0.999894
109	90	0.999901
58	51	0.999949
179	146	0.999989
451	358	0.999963
62	55	0.999952
465	410	0.999954
180	139	0.999963
74	62	0.999955
399	375	0.999903
300	292	0.999925
222	215	0.999921
174	138	0.999906
150	147	0.999955
291	270	0.999969
92	82	0.999898
490	376	0.999992
355	308	0.999905
449	434	0.999989
307	255	0.999989
413	360	0.999895
444	413	0.999971
322	309	0.999947
223	222	0.999999
102	79	0.999952
323	244	0.99995
191	170	0.999935
379	340	0.999969
70	53	0.999987
407	339	0.999958
408	336	0.999967
313	257	0.999996
394	315	0.999924
85	78	0.999976
326	307	0.999968
103	98	0.999929
188	158	0.999961
276	224	0.999983
185	146	0.999899
89	74	0.999976
443	354	0.999946
430	417	0.999972
366	293	0.999953
486	384	0.999983
53	49	0.999919
167	149	0.999944
271	205	0.9999
168	159	0.999972
253	208	0.99994
123	119	0.999968
454	348	0.999895
432	335	0.999892
115	94	0.999976
425	325	0.999961
169	159	0.999998
58	52	0.999892
185	152	0.999954
84	63	0.999983
242	240	0.999986
148	131	0.999953
194	180	0.999944
206	169	0.999989
222	209	0.999985
456	414	0.999974
292	289	0.999942
298	233	0.999939
388	370	0.999931
61	47	0.999987
193	156	0.999944
301	239	0.999975
184	172	0.999954
347	300	0.999967
294	248	0.99992
260	195	0.999984
226	204	0.999965
417	413	0.999892
113	105	0.99994
446	384	0.999959
244	230	0.999933
142	113	0.999949
137	136	0.999971
335	249	0.999968
182	155	0.999901
485	373	0.999986
104	94	0.999958
233	203	0.999975
279	221	0.999946
257	221	0.99997
222	194	0.999999
207	201	0.999921
128	105	0.999949
314	235	0.999985
493	412	0.999894
175	166	0.999914
427	348	0.99993
381	371	0.999925
156	120	0.999975
399	300	0.999925
228	192	0.999902
417	338	0.999902
288	257	0.999903
258	242	0.999996
142	131	0.999973
285	254	0.999892
245	244	0.99994
105	91	0.999975
112	97	0.999989
352	323	0.999909
386	322	0.999985
202	164	0.999938
397	381	0.999995
306	274	0.999932
365	290	0.999981
223	179	0.999914
184	173	0.999913
441	344	0.999933
465	400	0.999898
495	491	0.999957
174	149	0.999976
171	140	0.999909
386	372	0.999918
295	223	0.999936
211	176	0.999957
71	70	0.999909
235	214	0.999997
222	199	0.999943
87	66	0.999974
427	410	0.999997
158	138	0.999949
334	332	0.999974
405	390	0.999959
307	283	0.999954
104	103	1
103	84	0.999908
413	400	0.999995
399	374	0.99996
250	202	0.999942
355	323	0.999944
219	209	0.999985
343	330	0.999944
337	277	0.999923
203	172	0.999967
164	141	0.999966
213	198	0.999896
75	64	0.999987
479	410	0.999989
435	412	0.99991
386	361	0.999928
189	187	0.999994
300	287	0.999906
175	173	0.999996
114	85	0.999957
340	304	0.999991
445	343	0.99999
100	90	0.999937
247	242	0.999975
271	247	0.999921
435	422	0.999984
63	61	0.999947
388	293	0.999985
338	271	0.999963
272	268	0.999967
191	155	0.999916
151	118	0.999918
407	365	0.999998
79	67	0.999984
100	76	0.99996
159	145	0.999947
136	132	0.999967
265	252	0.99998
305	264	0.99995
75	63	0.999995
400	301	0.999942
181	157	0.999949
193	172	0.999894
367	310	0.999951
154	135	0.999954
251	227	0.999903
283	263	0.999943
400	327	0.999914
222	171	0.999942
209	167	0.999937
440	420	0.999954
340	280	0.999934
220	170	0.999985
80	63	0.999977
199	150	0.999925
271	249	0.999942
418	395	0.999895
295	227	0.999994
360	291	0.999965
87	80	0.999932
121	104	0.999966
404	341	0.999964
470	419	0.999997
463	364	0.99995
365	303	0.999977
189	153	0.999963
265	218	0.999892
471	436	0.999999
493	403	0.999896
324	242	0.999898
205	176	0.999967
245	209	0.999931
482	470	0.999912
255	245	0.999914
90	85	0.999936
174	149	0.999899
167	141	0.999972
224	222	0.999918
499	444	0.999984
239	189	0.99997
181	178	0.999895
395	374	0.999967
125	112	0.999984
405	380	0.999944
261	244	0.999941
86	82	0.999908
53	49	0.999923
329	322	0.999993
107	99	0.999924
420	330	0.999912
192	183	0.999921
291	276	0.999947
356	270	0.99996
296	251	0.999946
181	136	0.999963
303	269	0.999894
99	96	0.999922
306	272	0.999965
450	355	0.999967
393	303	0.99991
317	239	0.999931
185	179	0.999895
253	248	0.999913
239	232	0.999942
455	372	0.999973
492	395	0.999901
123	109	0.999939
419	324	0.99999
415	323	0.99991
466	371	0.9999
66	58	0.999975
326	323	0.999987
257	206	0.999916
300	228	0.999895
300	228	0.999979
199	154	0.999992
158	145	0.999902
322	247	0.999911
337	308	0.999964
321	308	0.999948
263	214	0.999952
292	291	0.999983
462	378	0.999924
117	93	0.999902
351	332	0.999919
428	401	0.999988
236	213	0.999939
257	228	0.999944
438	332	0.999918
475	457	0.999917
90	81	0.999911
349	261	0.99997
77	64	0.999951
269	210	0.999942
173	155	0.999968
122	121	0.999952
136	120	0.999938
306	295	0.999998
283	263	0.999982
294	237	0.999947
455	363	0.999898
325	265	0.999976
500	411	0.999923
403	360	0.999974
349	262	0.999989
361	327	0.999929
494	404	0.999938
403	337	0.999894
277	206	0.999965
303	290	0.999912
285	263	0.999934
418	338	0.999923
327	250	0.999917
149	128	0.999973
164	124	0.999961
205	189	0.999937
375	315	0.999941
285	279	0.999935
136	122	0.999893
283	242	0.999953
462	424	0.999898
209	207	0.999913
203	188	0.999936
430	396	0.999975
331	246	0.999895
364	312	0.999945
222	178	0.999894
411	331	0.999969
477	439	0.999948
358	302	0.999969
133	100	0.999945
230	184	0.999942
50	47	0.999996
133	118	0.999972
489	468	0.99998
256	195	0.999909
316	297	0.9999
73	67	0.999916
52	46	0.999898
406	348	0.999895
64	54	0.999911
262	210	0.999925
233	184	1
216	191	0.999915
380	344	0.999946
226	176	0.999955
341	313	0.999902
199	162	0.999926
239	201	0.999993
344	279	0.999985
119	104	0.999917
356	282	0.999926
479	389	0.999998
226	198	0.999917
268	210	0.999946
402	306	0.999926
327	281	0.9999
52	40	0.999952
167	166	0.999997
343	271	0.999938
179	140	0.999977
429	394	0.999994
372	344	0.999983
282	220	0.999897
126	97	0.999966
214	186	0.999965
160	129	0.999924
477	453	0.999944
298	271	0.999995
271	225	0.999936
53	46	0.999988
156	138	0.999997
430	413	0.999995
201	188	0.99997
280	237	0.999945
387	313	0.999904
417	386	0.999989
261	235	0.9999
68	66	0.999988
314	289	0.999952
215	200	0.999966
273	218	0.999986
286	241	0.999911
129	110	0.999996
243	231	0.999926
424	415	0.999993
58	45	0.999928
81	80	0.999936
448	388	0.999893
63	52	0.999974
348	340	0.999992
434	421	1
163	122	0.999897
225	170	0.999953
199	158	0.999987
480	364	0.999944
254	204	0.999915
280	232	0.999975
255	243	0.999955
414	390	0.999945
391	351	0.999949
476	401	0.999971
404	376	0.999987
500	467	0.999966
215	201	0.999999
320	283	0.999909
278	257	0.99998
350	332	0.999933
184	156	0.999976
113	99	0.99995
422	360	0.999926
133	131	0.999997
95	86	0.999966
170	151	0.999921
217	183	0.999899
117	116	0.999958
444	426	0.999969
370	356	0.999916
250	246	0.99997
288	236	0.999897
395	331	0.999952
318	252	0.999991
208	178	0.999954
433	421	0.99993
435	427	0.999952
279	256	0.999968
349	271	0.999932
325	313	0.999936
100	77	0.999945
112	93	0.999961
440	414	0.999938
429	425	0.999959
424	398	0.999959
134	109	0.999909
241	232	0.999949
408	305	0.999938
390	322	0.99998
409	344	0.999931
290	277	0.999984
192	160	0.999976
99	89	0.999958
164	140	0.999903
342	254	0.999894
393	391	0.999909
420	371	0.999901
83	73	0.999925
76	73	0.999981
120	107	0.999944
409	387	0.999911
456	442	0.999949
54	48	0.999961
346	273	0.999956
284	224	0.999948
499	384	0.999901
390	305	0.999979
152	150	0.999961
329	249	0.999951
239	232	0.999931
412	330	0.999892
132	119	0.999893
216	192	0.999915
120	93	0.999972
361	333	0.999953
351	263	0.999999
247	184	0.999982
314	249	0.999977
452	437	0.999997
474	423	0.999971
138	115	0.999931
360	287	0.999943
373	342	0.999983
348	329	0.999956
91	79	0.999932
50	41	0.999926
73	61	0.999928
500	393	0.999927
284	227	0.999927
167	135	0.999958
270	256	0.999992
350	347	0.999894
251	189	0.999905
248	196	0.999952
158	152	0.999899
481	419	0.999912
223	188	0.999929
373	356	0.999962
201	154	0.999975
215	165	0.999979
191	186	0.9999
236	205	0.999923
92	83	0.999919
104	85	0.999993
385	349	0.999913
145	143	0.999961
251	188	0.999932
331	294	0.999922
399	338	0.999916
67	64	0.999908
293	252	0.999972
102	97	0.999905
458	389	0.999925
369	341	0.999903
163	149	0.999991
327	250	0.9999
479	455	0.999912
414	355	0.999893
236	208	0.999901
487	393	0.999897
125	109	0.999902
75	63	0.99998
52	42	0.999966
123	101	0.999976
319	240	0.999998
155	146	0.999894
350	326	0.999986
423	412	0.999993
142	110	0.999976
130	107	0.999933
271	209	0.99997
328	250	0.999998
72	60	0.999944
160	124	0.999939
405	370	0.99992
472	457	0.999986
423	372	0.999941
443	403	0.999899
244	206	0.999985
483	400	0.999962
377	299	0.999983
275	257	0.999952
211	177	0.999966
444	440	0.999932
141	114	0.999976
261	227	0.999927
264	242	0.999995
171	143	0.999974
171	169	0.999963
311	294	0.999982
487	388	0.999983
480	476	0.999928
89	81	0.999982
437	424	0.99995
86	75	0.999921
238	209	0.999896
489	449	0.999965
297	295	0.999983
138	126	0.999972
360	326	0.999949
298	274	0.999978
188	169	0.999989
350	344	0.999965
414	335	0.999998
145	134	0.999964
379	365	0.999966
422	336	0.999934
63	49	0.99993
324	245	0.999903
176	154	0.999913
203	183	0.999935
92	75	0.999945
283	212	0.999947
361	349	0.999937
333	277	0.999902
495	407	0.999938
377	283	0.99999
128	103	0.999947
83	78	0.999967
95	78	0.999894
460	369	0.999995
492	377	0.999989
99	95	0.999939
417	387	0.999909
91	84	0.999975
408	370	0.999986
229	172	0.999908
272	271	0.999993
412	326	0.999907
197	171	0.999921
449	346	0.999954
480	373	0.999967
342	285	0.999926
108	97	0.999971
133	119	0.99992
454	448	0.999956
109	87	0.999973
332	306	0.999969
203	197	0.99998
380	283	0.999961
245	226	0.999897
359	315	0.99991
381	371	0.999994
330	257	0.999945
428	366	0.999962
157	149	0.99992
411	308	0.999909
316	303	0.999943
443	440	0.999912
413	383	0.999917
93	73	0.999961
159	136	0.999983
330	281	0.999924
311	265	0.999912
157	143	0.999941
277	211	0.999948
297	257	0.999978
450	349	0.999992
403	388	0.99998
246	234	0.999974
367	297	0.999907
197	171	0.999937
350	328	0.999938
396	390	0.999952
294	285	0.999967
423	370	0.999909
482	367	0.999941
105	80	0.999986
228	171	0.99993
140	124	0.999933
284	255	0.999953
431	423	0.999962
205	189	0.999941
334	257	0.999949
486	466	0.999979
104	100	0.999893
432	405	0.999951
217	211	0.999902
251	225	0.999916
237	201	0.999983
199	163	0.999948
379	370	0.99993
113	87	0.999969
196	182	0.999934
79	69	0.999947
284	217	0.999969
129	103	0.999922
146	133	0.999917
374	323	0.999919
205	187	0.999914
490	478	0.999948
351	327	0.999994
148	120	0.999962
56	46	0.99991
179	176	0.999976
393	363	0.999992
405	378	0.999961
155	150	0.999958
240	179	0.999896
146	141	0.999929
252	191	0.999893
268	246	0.999988
393	348	0.999991
321	239	0.999981
385	373	0.999896
292	240	0.999966
342	285	0.999987
78	61	0.999979
252	246	0.999897
52	45	0.999924
191	168	0.999894
303	275	0.999915
165	142	0.9999
383	321	0.999996
276	253	0.999954
65	54	0.999916
211	193	0.999978
211	204	0.999922
372	311	0.999985
298	227	0.999919
445	388	0.999914
64	57	0.99995
223	172	0.999917
197	192	0.999893
302	273	0.999954
76	60	0.999897
104	80	0.999956
143	138	0.999961
416	346	0.99992
209	178	0.999933
481	418	0.999922
355	317	0.999952
139	124	0.999936
347	270	0.999939
316	302	0.999895
328	296	0.999893
175	154	0.999947
398	320	0.999898
136	101	0.999975
462	436	0.99998
146	139	0.999912
237	179	0.999956
190	188	0.999894
442	343	0.999947
185	148	0.999896
381	365	0.999918
253	196	0.999933
172	145	0.999934
291	232	0.999913
280	219	0.999906
436	326	0.999894
282	277	0.999958
151	146	0.99998
179	155	0.999979
434	343	0.999956
376	348	0.999962
497	484	0.999993
133	119	0.999949
327	321	0.999901
88	83	0.999916
232	223	0.999917
370	345	0.999991
228	220	0.999908
326	244	0.999947
255	232	0.999904
369	277	0.999947
310	294	0.999938
361	336	0.99994
318	239	0.999897
413	399	0.999968
370	366	0.999928
274	261	0.999916
341	258	0.999893
345	280	0.999964
78	72	0.999931
371	327	0.999901
384	290	0.999937
108	105	0.999935
221	201	0.999957
328	314	0.999971
191	168	0.999998
215	186	0.99999
318	308	0.999991
355	330	0.999991
206	167	0.99999
325	311	0.999993
267	201	0.999907
462	358	0.999957
91	81	0.999981
165	128	0.999987
292	256	0.999954
247	192	0.999995
78	64	0.99992
111	105	0.999913
179	157	0.999956
296	226	0.999984
314	311	0.999937
450	358	0.999958
95	72	0.999921
314	303	0.999909
232	219	0.999965
476	391	0.999994
364	323	0.999895
342	290	0.999916
262	254	0.999977
377	375	0.999989
350	272	0.999924
313	268	0.999946
305	277	0.999984
115	100	0.99991
487	445	0.999969
419	379	0.999907
404	349	0.999983
236	213	0.999935
464	349	0.999988
412	342	0.999905
277	238	0.99993
181	139	0.999912
59	45	0.999972
478	474	0.999935
121	106	0.999899
440	334	0.999917
229	184	0.999991
153	120	0.999952
106	88	0.99993
97	90	0.999946
93	75	0.999985
374	290	0.99996
287	270	0.999922
67	61	0.999985
97	89	0.999937
498	429	0.999968
402	401	0.99996
444	434	0.999968
285	246	0.999976
53	40	0.999929
57	54	0.999925
319	238	0.999933
171	134	0.99995
97	88	0.999952
274	223	0.999945
109	97	0.999911
294	285	0.999994
191	158	0.999926
491	486	0.999892
386	303	0.99997
256	199	0.999976
194	172	0.999963
101	90	0.999989
466	360	0.999994
273	271	0.999991
395	342	0.999895
366	308	0.999922
327	310	0.999956
110	86	0.999957
69	62	0.999975
97	92	0.999896
55	52	0.999902
109	93	0.999921
432	326	0.999893
243	235	0.999914
205	178	0.999943
335	312	0.999987
296	272	0.999918
100	75	0.99995
461	363	0.999898
65	64	0.999987
348	303	0.999967
72	67	0.999981
388	361	0.99997
240	231	0.999904
351	287	0.99992
283	278	0.999897
436	400	0.999892
437	343	0.999896
117	97	0.999934
394	325	0.999966
380	351	0.999934
70	57	0.999941
470	374	0.99995
473	354	0.999937
355	290	0.999994
229	188	0.999922
74	56	0.99991
227	218	0.999941
488	485	0.99997
172	168	0.999951
252	241	0.99994
458	413	0.99993
337	273	0.999954
59	57	0.999911
196	162	0.999925
402	356	0.999949
335	265	0.999969
122	115	0.99994
360	302	0.999955
330	280	0.999914
473	455	0.999964
377	328	0.999991
281	278	0.999951
316	272	0.999952
283	252	0.99992
88	74	0.999937
51	44	0.999913
369	284	0.999991
177	151	0.99997
482	437	0.999906
239	181	0.999921
467	388	0.999955
254	210	0.999919
114	94	0.999936
178	164	0.999941
124	108	0.999985
98	92	0.999962
67	54	0.999929
74	68	0.999898
470	452	0.999902
57	43	0.999963
214	163	0.999913
116	105	0.999989
381	309	0.999935
68	65	0.999987
238	183	0.999955
260	215	0.999946
243	234	0.999986
51	50	0.999903
362	270	0.99997
243	183	0.999969
350	275	0.999973
450	366	0.999946
165	145	0.999955
346	286	0.999961
280	276	0.999963
284	253	0.999913
437	349	0.999935
332	299	0.999979
318	283	0.999898
470	450	0.999898
262	211	0.99999
441	420	0.999928
250	222	0.999996
187	171	0.999976
251	191	0.999925
99	80	0.999976
172	171	0.999999
129	106	0.99999
413	347	0.999897
211	197	0.999984
471	397	0.999948
324	278	0.999953
115	97	0.999997
394	308	0.999997
253	220	0.999903
68	55	0.999901
322	241	0.999958
71	62	0.999958
52	46	0.999963
339	267	0.999941
185	147	0.999926
393	377	0.999951
191	169	0.999912
364	271	0.999996
321	300	0.999923
221	203	0.999936
265	252	0.999917
326	260	0.999895
104	83	0.999964
431	415	0.999934
343	290	0.999922
498	421	0.999929
339	270	0.999988
324	321	0.999972
266	214	0.999951
443	427	0.999926
309	305	0.999898
95	80	0.999902
227	177	0.999947
56	54	0.999961
258	227	0.999989
204	154	0.999911
213	209	0.999951
236	193	0.999992
469	441	0.999961
78	59	0.999933
54	52	0.999931
328	270	0.999977
83	77	0.999994
119	116	0.999924
77	71	0.999989
491	428	0.999902
292	228	0.999922
409	342	0.99991
337	336	0.999962
98	88	0.999897
339	280	0.999958
294	276	0.999893
467	441	0.999969
442	381	0.99996
326	269	0.999926
328	274	0.999911
139	133	0.999918
309	306	0.999925
471	461	0.999919
284	237	0.999963
52	44	0.999958
206	172	0.999892
316	287	0.999985
89	72	0.999995
482	375	0.999967
75	56	0.999962
388	377	0.999975
256	228	0.999976
492	411	0.999924
214	168	0.999958
232	220	0.99994
148	126	0.999972
88	77	0.99999
496	449	0.999961
271	209	0.99995
299	282	0.999899
179	165	0.999947
215	205	0.999939
146	112	0.999914
380	306	0.999917
281	273	0.99991
121	100	0.999938
337	327	0.999966
204	152	0.999961
415	396	0.999971
245	226	0.999939
467	384	0.999963
489	478	0.999967
423	320	0.999928
203	192	0.99997
250	195	0.999906
397	378	0.999931
347	263	0.999947
337	276	0.999974
348	338	0.999928
94	79	0.999969
242	211	0.999946
67	65	0.999988
347	309	0.999937
159	135	0.999966
114	89	0.999911
69	56	0.999899
274	222	0.999984
483	415	0.999987
346	308	0.999975
409	370	0.999894
331	314	0.999987
123	120	0.99995
73	65	0.999916
315	250	0.999926
196	173	0.999893
274	253	0.9999
454	445	0.999905
135	101	0.999932
266	236	0.999981
114	96	0.9999
164	153	0.999945
451	422	0.999955
256	240	0.999913
81	78	0.999999
436	404	0.99998
420	320	0.999894
368	285	0.999991
368	313	0.999927
231	213	0.999983
220	212	0.999993
437	416	0.999952
234	193	0.999918
259	231	0.999972
475	364	0.999896
461	385	0.99999
198	193	0.999963
88	70	0.999895
56	53	0.999973
306	278	0.999936
123	106	0.999933
255	251	0.999972
399	359	0.99994
412	378	0.999981
401	370	0.999927
488	457	0.999985
58	49	0.999966
398	323	0.999967
343	295	0.999905
194	162	0.999892
238	196	0.999993
322	264	0.999983
478	447	0.999899
485	402	0.999986
77	75	0.99991
195	182	0.999999
444	393	0.99991
132	127	0.999921
85	72	0.999981
294	238	0.99995
289	221	0.99994
442	344	0.999954
197	174	0.999899
249	201	0.999986
148	118	0.999974
458	420	0.999935
490	442	0.999901
83	74	0.999983
495	403	0.999903
493	443	0.999968
404	310	0.99991
358	301	0.999923
460	379	0.999928
87	65	0.999935
239	233	0.999919
313	283	0.999922
392	296	0.999898
259	197	0.999949
136	123	0.999922
149	146	0.999912
346	337	0.999899
478	355	0.999991
476	449	0.99997
352	265	0.999989
292	256	0.999977
386	306	0.999938
428	339	0.999892
427	378	0.999998
155	121	0.999897
251	240	0.999972
136	132	0.999965
63	53	0.99996
480	428	0.999915
339	291	0.999974
146	145	0.999995
150	145	0.999971
450	413	0.999977
354	338	0.999953
340	255	0.999948
342	302	0.999914
150	113	0.99991
355	278	0.999952
466	425	0.999946
56	51	0.999902
96	79	0.999953
246	229	0.999965
383	375	0.9999
243	185	0.999972
221	172	0.999965
361	345	0.999944
269	248	0.999977
439	436	0.999997
473	462	0.999931
493	413	0.99993
469	349	0.999979
168	156	0.999921
383	337	0.999936
218	184	0.999934
355	321	0.999942
215	187	0.999934
125	105	0.999907
197	192	0.999926
296	231	0.999984
454	423	0.99995
383	329	0.999907
365	292	0.999927
444	404	0.999953
365	310	0.99991
284	278	0.99996
76	68	0.99994
383	321	0.999944
334	329	0.999902
469	455	0.999948
372	359	0.999993
480	469	0.99999
279	260	0.999946
73	65	0.999971
308	249	0.999939
451	338	0.9999
244	197	0.999902
211	200	0.999935
435	339	0.999957
460	343	0.999942
157	118	0.999928
444	376	0.999906
283	230	0.999924
380	284	0.999902
311	264	0.999964
192	152	0.99993
66	50	0.999924
427	401	0.999991
288	259	0.999957
172	157	0.999936
378	377	0.999918
211	171	0.999919
406	303	0.999989
471	366	0.999942
434	346	0.999949
108	83	0.999996
181	169	0.999957
206	196	0.999912
464	391	0.9999
111	92	0.999934
395	394	0.999983
483	378	0.999972
225	190	0.999929
213	163	0.999969
209	161	0.999964
363	280	0.999979
207	186	0.999946
197	164	0.999998
415	354	0.999921
149	140	0.999938
313	267	0.999937
318	286	0.999952
89	85	0.999936
301	286	0.999965
386	355	0.999977
289	236	0.999924
225	216	0.999964
470	366	0.999895
151	114	0.999983
404	301	0.999948
409	343	0.999934
262	239	0.99992
312	272	0.999955
113	93	0.999908
127	119	0.99992
477	459	0.999972
457	396	0.99998
135	108	0.999964
446	378	0.999949
143	137	0.999924
102	100	0.999973
212	159	0.9999
379	375	0.999937
469	400	0.999916
64	50	0.999962
485	428	0.999939
395	324	0.999985
252	198	0.999896
363	331	0.999897
69	55	0.99991
482	377	0.999942
360	335	0.999917
385	375	0.999903
497	409	0.999974
75	63	0.999906
334	283	0.999915
252	251	0.999939
64	58	0.999965
258	208	0.999967
447	347	0.999927
320	300	0.99997
272	215	0.999944
80	63	0.999975
131	130	0.999966
440	362	0.99998
478	439	0.999906
51	49	0.999985
84	68	0.999906
198	148	0.999983
62	53	0.999909
365	323	0.999953
114	92	0.999971
141	124	0.999911
224	217	0.999914
409	362	0.999962
93	74	0.999939
92	87	0.999896
231	196	0.999964
349	266	0.999944
196	163	0.999974
54	45	0.99993
428	362	0.999993
314	235	0.999998
294	259	0.999967
164	146	0.99994
88	83	0.999893
486	405	0.999915
482	368	0.999962
288	225	0.999899
414	371	0.999967
469	464	0.999946
409	391	0.999903
105	99	0.999992
181	152	0.999965
166	139	0.999969
476	358	0.999943
292	247	0.999957
244	233	0.999951
130	97	0.999934
410	329	0.999944
356	299	0.999912
471	383	0.999895
235	183	0.999936
439	364	0.999911
468	386	0.999964
211	181	0.999985
280	230	0.999965
201	188	0.999934
439	400	0.999928
288	217	0.999977
138	121	0.999957
131	116	0.999996
409	391	0.999995
115	95	0.999985
338	310	0.999919
77	64	0.999989
162	156	0.999919
64	62	0.999894
257	238	0.999931
303	273	0.999917
202	172	0.999979
233	190	0.999937
458	346	0.999895
166	137	0.999923
163	159	0.999944
197	189	0.999983
76	64	0.999975
226	202	0.999976
355	306	0.999919
198	159	0.999937
67	58	0.999954
189	181	0.999918
439	376	0.999981
80	62	0.999911
175	168	0.999921
50	38	0.999974
269	227	0.999992
142	125	0.999991
136	135	0.999945
97	79	0.999924
415	378	0.999941
110	98	0.999979
106	99	0.999943
232	227	0.999947
364	309	0.999933
284	228	1
401	342	0.999945
67	52	0.999961
136	116	0.999946
153	142	0.999961
349	302	0.999986
425	390	0.999907
199	150	0.999951
83	77	0.999919
434	403	0.999996
498	440	0.999951
204	159	0.999927
351	299	0.999923
423	409	0.999931
138	120	0.999989
285	283	0.999929
415	400	0.999907
201	158	0.999908
396	363	0.99997
457	374	0.999971
252	222	0.999902
285	241	0.999924
380	360	0.999958
333	248	0.99992
441	346	0.999923
275	253	0.999945
430	390	0.999921
372	293	0.999999
191	169	0.999994
358	346	0.999894
338	317	0.999907
294	230	0.999929
496	395	0.999898
274	260	0.999949
356	337	0.999932
50	43	0.999921
162	157	0.99997
251	215	0.999974
426	363	0.999984
139	130	0.999952
399	306	1
73	66	0.999914
262	260	0.999914
144	128	0.999991
206	172	0.999918
343	269	0.99996
106	83	0.999982
266	205	0.999939
101	86	0.999992
404	321	0.999959
371	348	0.999898
372	340	0.999894
215	177	0.999996
96	89	0.999911
77	62	0.999912
440	418	0.999963
361	291	0.999947
436	366	0.999976
391	367	0.999976
369	368	0.999993
346	282	0.999976
295	254	0.999966
73	66	0.999955
483	469	0.999954
249	237	0.999993
173	172	0.99997
473	413	0.999988
268	266	0.999941
345	276	0.999895
120	115	0.999993
386	330	0.999978
87	72	0.999968
297	283	0.999903
345	269	0.999918
480	383	0.99991
154	140	0.999896
306	245	0.999993
72	55	0.999894
93	90	0.999974
393	336	0.999917
127	126	0.999957
443	399	0.999995
371	309	0.999994
119	91	0.999903
413	380	0.999998
76	67	0.999956
476	439	0.999932
99	78	0.999937
362	330	0.999953
479	455	0.99995
181	170	0.999999
265	226	0.999935
424	358	0.999999
258	219	0.99999
106	92	0.999912
137	121	0.999931
154	141	0.999955
274	238	0.999928
343	284	0.999927
461	425	0.999976
331	307	0.999999
189	158	0.999898
420	323	0.999993
285	268	0.999998
490	377	0.999973
282	271	0.999894
422	404	0.999925
290	218	0.999917
426	339	0.999917
487	483	0.999961
396	387	0.999934
349	276	0.999949
475	468	0.999971
226	173	0.999924
144	123	0.999914
399	349	0.999995
367	327	0.999982
76	60	0.999957
222	202	0.999892
214	168	0.999923
425	384	0.999999
338	330	0.999967
238	210	0.999978
317	315	0.999904
118	94	0.999988
420	381	0.999938
448	336	0.999917
163	136	0.999959
392	297	0.999942
165	127	0.999959
487	464	0.999896
227	197	0.999963
129	97	0.999918
113	105	0.999937
110	108	0.999914
436	353	0.999994
427	356	0.999949
254	203	0.9999
60	54	0.999981
390	371	0.999964
286	238	0.999936
244	233	0.999946
158	119	0.999937
288	224	0.999926
160	158	0.999969
321	317	0.999973
238	218	0.999971
306	268	1
250	225	0.999994
380	309	0.99995
230	228	0.999987
73	68	0.999926
346	329	0.999897
439	373	0.999964
388	324	0.99997
74	60	0.999998
144	114	0.999903
144	135	0.999979
421	388	0.999923
357	329	0.999969
278	207	0.999976
188	152	0.999981
71	59	0.999909
455	366	0.999946
346	334	0.999892
179	147	0.99999
233	230	0.999922
237	212	0.999923
362	283	0.99994
317	311	0.999932
217	201	0.99995
73	55	0.999931
70	56	0.999983
473	460	0.999966
152	138	0.999979
194	189	0.999987
463	366	0.999899
354	329	0.999963
245	200	0.999971
447	403	0.999942
51	43	0.999918
357	329	0.999953
273	221	0.999919
95	81	0.999952
292	262	0.999956
343	301	0.999919
184	173	0.999928
151	141	0.999954
425	386	0.999917
53	44	0.999917
463	358	0.999993
100	83	0.999975
163	130	0.999902
177	139	0.999943
100	88	0.999903
135	120	0.999919
85	80	0.999941
74	73	0.999902
379	292	0.999892
237	219	0.999919
328	296	0.999998
277	230	0.99991
470	370	0.999939
242	240	0.999951
143	115	0.99996
53	45	0.999975
288	253	0.999992
448	396	0.999913
145	131	0.999951
357	271	0.999928
345	259	0.999905
178	133	0.999953
424	422	0.99997
200	180	0.999906
282	226	0.99999
97	74	0.999938
317	304	0.999965
157	130	0.99999
79	70	0.999963
136	115	0.999945
76	75	0.999965
225	223	0.999965
351	286	0.999915
105	100	0.999945
175	139	0.999991
199	189	0.999931
498	406	0.999998
437	408	0.999959
88	84	0.999923
93	78	0.99995
116	89	0.999907
346	304	0.999975
131	119	0.999937
393	312	0.999965
394	387	0.999921
118	100	0.999939
66	63	0.999987
220	210	0.99995
404	333	0.999963
232	226	0.999898
347	308	0.999969
51	44	0.999954
467	397	0.999965
127	116	0.999938
374	299	0.999912
380	337	0.999938
463	430	0.999956
285	264	0.999974
103	80	0.99998
335	297	0.999983
484	448	0.999982
368	319	0.999934
342	299	0.999916
466	366	0.999999
177	135	0.999951
309	231	0.999989
361	312	0.999895
331	330	0.999976
328	262	0.999954
193	191	0.999911
348	302	0.999983
481	398	0.99994
363	317	0.999947
366	282	0.999937
106	89	0.999998
291	226	0.999913
292	248	0.999909
128	119	0.999912
57	55	0.999953
356	304	0.999957
429	370	0.999986
426	356	1
169	145	0.999918
481	470	0.999902
493	468	0.999906
331	304	0.999908
355	266	0.999928
430	369	0.9999
301	227	0.999918
77	64	0.999905
286	273	0.999949
349	310	0.999909
193	154	0.999992
273	244	0.999975
404	311	0.999924
196	185	0.999929
285	257	0.999973
285	278	0.999998
482	379	0.99999
293	271	0.99998
166	138	0.999915
253	250	0.999917
295	225	0.999903
249	198	0.999941
345	295	0.999898
88	66	0.999959
326	260	0.999896
378	376	0.999958
290	283	0.999934
468	352	0.99996
76	69	0.999942
374	365	0.999922
270	230	0.999942
343	294	0.999928
213	169	0.999953
228	212	0.999949
384	330	0.999902
358	355	0.99991
218	194	0.999909
306	233	0.999959
179	163	0.999981
318	247	0.999949
420	407	0.999895
306	259	0.999892
477	355	0.999954
238	184	0.999906
429	380	0.99997
448	358	0.999917
307	293	0.999901
125	121	0.999963
414	336	0.999998
112	94	0.999962
68	55	0.999907
227	217	1
61	59	0.999915
73	66	0.999969
322	287	0.999903
226	183	0.999922
344	336	0.999895
441	364	0.999955
363	328	1
434	387	0.999966
302	232	0.999941
446	408	0.999958
360	340	0.999922
379	360	0.999932
104	99	0.999983
433	404	0.999991
331	258	0.999899
355	289	0.999931
486	441	0.999896
279	262	0.9999
435	414	0.999997
235	222	0.999929
378	321	0.999998
446	426	0.999892
316	252	0.999986
89	75	0.999892
149	137	0.99996
193	170	0.999959
238	183	0.99992
250	220	0.999962
290	283	0.999901
51	38	0.999924
180	175	0.999937
134	125	0.99996
465	445	0.999945
139	115	0.999951
223	208	0.999896
195	170	0.999919
78	69	0.99999
83	68	0.999905
476	443	0.999919
140	111	0.999923
500	457	0.9999
124	111	0.999945
82	62	0.999926
81	78	0.999976
206	169	0.999997
215	162	0.999925
449	446	0.99995
93	83	0.9999
421	323	0.999955
310	265	0.999954
391	296	0.999989
115	108	0.99999
153	120	0.999922
193	172	0.999986
242	222	0.99992
443	416	0.999967
104	102	0.999908
333	280	0.999954
112	96	0.999899
360	325	0.99998
112	87	0.999919
428	380	0.999949
174	149	0.999919
351	332	0.999925
247	242	0.999992
250	197	0.999996
385	300	0.99994
70	65	0.999911
73	65	0.999989
120	103	0.999975
282	228	0.999947
210	191	0.999944
157	135	0.999907
443	434	0.999997
144	129	0.999945
308	280	0.999921
82	79	0.999997
151	136	0.99998
347	304	0.999935
146	134	0.999932
290	233	0.999911
341	273	0.999961
177	175	0.99993
326	248	0.999965
418	337	0.999902
112	103	0.999929
261	245	0.999971
53	44	0.99992
77	74	0.999952
488	377	0.999928
90	88	0.999994
223	198	0.999913
383	312	0.999924
249	246	0.999905
133	119	0.999895
454	414	0.999942
470	460	0.999923
288	235	0.999982
427	367	0.999942
206	182	0.999899
497	456	0.999952
283	228	0.9999
448	359	0.999978
500	434	0.999901
425	398	0.99991
393	300	0.999973
59	52	0.999944
267	227	0.999943
301	261	0.999916
60	51	0.999964
407	358	0.999985
224	181	0.999915
217	195	0.999935
313	287	0.999975
350	263	0.999971
203	179	0.999961
165	132	0.999936
254	250	0.999956
143	119	0.999918
94	77	0.999927
185	155	0.999898
129	114	0.999955
333	275	0.999955
323	263	0.999911
433	328	0.999978
301	283	0.999966
453	375	0.999985
108	93	0.999983
465	413	0.999905
94	75	0.999984
178	145	0.999942
212	167	0.999902
102	82	0.999968
461	440	0.999892
53	41	0.999905
226	189	0.999982
305	285	0.999915
111	106	0.999914
157	125	0.999969
316	292	0.999933
357	306	0.999894
412	314	0.999956
131	113	0.99995
96	85	0.999999
203	161	0.999909
273	238	0.999999
137	105	0.999975
55	53	0.999931
112	91	0.999941
164	125	0.99997
458	418	0.999942
272	207	0.9999
374	295	0.999968
440	406	0.999974
464	429	0.999907
211	181	0.999943
66	58	0.999962
265	257	0.999974
438	382	0.999907
101	90	0.99999
121	97	0.999927
486	364	0.999989
146	109	0.999895
244	206	0.999922
272	254	0.999894
192	175	0.999961
405	394	0.999918
358	305	0.999907
238	224	0.999932
165	135	0.999987
109	108	0.99994
261	198	0.999962
321	313	0.99995
424	338	0.999987
128	108	0.999959
308	270	0.999929
173	166	0.999931
280	208	0.999908
159	150	0.99991
80	67	0.999914
417	366	0.99999
161	147	0.999944
452	372	0.999973
206	185	0.999996
151	126	0.999946
151	113	0.999988
395	383	0.999994
66	65	0.999935
476	430	0.999934
135	109	0.999918
157	152	0.999913
419	394	0.999982
296	282	0.999987
85	75	0.999953
57	56	0.999931
240	229	0.999975
200	178	0.999962
264	218	0.999926
332	302	0.999992
257	233	0.999949
188	154	0.999969
58	51	0.999894
214	181	0.999955
313	252	0.999919
384	346	0.999981
94	77	0.99996
96	92	0.999915
75	61	0.99991
113	98	0.999951
226	177	0.999962
359	280	0.999905
421	382	0.999988
167	130	0.999892
233	192	0.999929
295	235	0.999979
464	372	0.999943
462	456	0.999947
226	191	0.999903
168	154	0.999892
313	304	0.999976
161	151	0.999897
121	114	0.999978
74	59	0.999909
477	363	0.999894
130	106	0.999952
210	168	0.999996
266	238	0.999985
143	142	0.999964
312	296	0.999967
258	228	0.999941
267	229	0.99991
149	134	0.999904
107	101	0.999907
195	169	0.999957
476	380	0.999999
157	122	0.999909
260	257	0.999977
418	371	0.999999
329	318	0.999916
200	198	0.999917
389	369	0.99998
484	459	0.999915
87	69	0.999932
164	125	0.999965
65	50	0.999989
479	416	0.999964
347	287	0.999919
81	68	0.999946
488	477	0.999925
104	92	0.999996
71	53	0.99991
324	256	0.999961
360	289	0.99992
289	215	0.999911
135	134	0.999933
355	304	0.999976
150	143	0.999972
256	198	0.999932
58	46	0.999908
463	351	0.999911
289	231	0.999939
386	372	0.999922
440	417	0.999972
218	191	0.999949
324	319	0.999934
307	303	0.999993
462	398	0.999946
104	90	0.999994
103	88	0.999995
437	417	0.999893
284	214	0.999936
282	235	0.999943
321	281	0.999996
270	259	0.999973
230	187	0.999992
149	116	0.999968
71	53	0.999958
213	187	0.999953
129	118	0.99994
56	46	0.999932
414	359	0.999892
201	180	0.99992
330	271	0.999994
50	48	0.999899
448	404	0.999894
327	322	0.999943
405	395	0.999937
309	249	0.999915
380	337	0.999949
255	231	0.999916
443	357	0.999964
158	148	0.999894
110	92	0.999917
286	221	0.999908
365	359	0.999967
453	344	0.999978
191	177	0.999979
168	164	0.999955
311	232	0.999995
402	348	0.999975
457	355	0.999923
423	405	0.999892
459	352	0.999973
482	475	0.999981
213	185	0.999893
479	446	0.999923
454	432	0.999917
282	268	0.999916
160	156	0.999951
350	330	0.999977
458	344	0.999922
55	50	0.999987
318	258	0.999931
252	200	0.999965
235	205	0.999946
331	290	0.99998
286	222	0.999919
287	237	0.999963
393	355	0.999967
449	359	0.99996
450	359	0.999903
409	396	0.99997
418	391	0.999997
319	263	0.999924
297	273	0.999958
113	106	0.999899
426	335	0.999898
428	416	0.999934
147	143	0.999959
451	424	0.999969
358	276	0.999916
349	267	0.999915
258	234	0.99993
347	263	0.999941
142	139	0.999928
172	131	0.999892
360	331	0.999986
493	457	0.999948
249	212	0.999928
338	297	0.999993
106	92	0.999957
297	279	0.99994
314	252	0.999961
230	189	0.999938
465	421	0.999908
209	174	0.999958
361	294	0.999936
405	341	0.999928
419	413	0.999921
331	304	0.999962
420	394	0.999898
425	405	0.999901
253	205	0.999994
263	239	0.99997
249	230	0.999975
346	281	0.999913
147	144	0.999921
316	242	0.999967
326	248	0.999973
84	78	0.999995
233	227	0.999941
352	286	0.999941
397	395	0.999929
233	212	0.999936
399	316	0.999936
113	100	0.999939
305	245	0.99997
240	214	0.999927
436	387	0.999936
120	106	0.999933
261	212	0.999922
494	468	0.999937
489	403	0.999935
394	320	0.999927
148	144	0.999905
113	94	0.99997
409	329	0.99998
55	46	0.999921
129	116	0.999998
289	227	0.999913
125	124	0.99993
207	182	0.999941
328	257	0.999991
201	175	0.999976
306	278	0.999965
485	368	0.999974
379	351	0.9999
78	59	0.999902
197	183	0.999996
134	113	0.999917
483	417	0.99999
208	205	0.999951
257	193	0.999997
177	158	0.999931
57	48	0.999975
456	407	0.99996
289	256	0.99996
496	381	0.999991
162	149	0.999957
120	116	0.999958
144	131	0.999999
358	315	0.999989
109	96	0.999993
159	133	0.999917
240	208	0.999976
64	49	0.999924
189	163	0.999987
368	333	0.999996
81	61	0.999972
97	79	0.999974
345	320	0.999992
211	208	0.999965
101	79	0.999946
101	91	0.999915
486	428	0.999902
126	109	0.999982
449	397	0.999995
363	337	0.999895
66	56	0.999941
212	206	0.999976
236	198	0.999997
270	251	0.999911
190	145	0.999979
376	311	0.999923
388	355	0.999982
500	495	0.99996
499	416	0.999993
56	42	0.999971
172	157	0.999917
376	328	0.999996
433	429	0.999957
250	248	0.999931
102	81	0.999904
79	63	0.999997
470	381	0.999982
137	136	0.999914
182	175	0.999966
236	211	0.999941
424	399	0.999927
105	84	0.999916
75	66	0.999944
209	204	0.999913
120	102	0.999915
362	289	0.999941
454	345	0.999992
340	317	0.999979
111	85	0.999951
457	419	0.999946
442	441	0.999991
202	196	0.999921
54	53	0.999921
396	363	0.999964
232	222	0.999942
253	245	0.999908
477	437	0.9999
293	238	0.999998
427	372	0.999971
140	120	0.999953
274	233	0.999914
429	404	0.999931
415	312	0.999928
318	242	0.999908
142	108	0.999894
327	287	0.999978
195	184	0.999977
329	295	0.999987
296	294	0.999907
60	47	0.99994
300	276	0.999943
369	324	0.999957
336	309	0.99991
72	59	0.999949
292	218	0.999998
478	439	0.999942
447	435	0.999892
80	78	0.99992
464	398	0.999956
352	304	0.999915
404	368	0.999976
325	314	0.999991
153	127	0.999932
335	291	0.999954
300	290	0.999968
89	86	0.999927
348	301	0.999948
133	132	0.999941
175	156	0.999947
236	177	0.999945
78	74	0.999936
165	153	0.999937
281	235	0.999941
166	138	0.999931
490	451	0.999927
309	307	0.999969
256	210	0.999945
443	384	0.999951
116	101	0.999942
410	385	0.99997
121	97	0.999979
437	336	0.999949
361	346	0.999944
387	372	0.999968
267	243	0.999892
204	155	0.999958
143	111	0.999897
81	64	0.999925
123	96	0.999996
88	74	0.999967
482	472	0.999956
437	379	0.999933
142	109	0.999942
331	261	0.99997
390	380	0.999903
237	216	0.999903
282	268	0.999991
252	216	0.999918
172	130	0.999963
341	302	0.99998
291	285	0.99996
63	61	0.999988
118	100	0.999895
159	150	0.999926
324	292	0.999971
219	209	0.999901
196	152	0.999951
102	94	0.999923
407	399	0.999909
332	250	0.999905
400	303	0.999932
150	143	0.999996
439	419	0.999921
121	98	0.999927
78	71	0.999959
486	476	0.999949
143	137	0.999949
184	158	0.999914
362	325	0.999927
404	342	0.999934
196	164	0.999896
428	341	0.99999
276	213	0.999973
62	57	0.999963
72	62	0.99992
126	103	0.999998
223	173	0.999933
243	241	0.999932
475	470	0.999925
66	55	0.999944
278	217	0.999975
280	208	0.999893
483	434	0.999901
488	392	0.999987
86	82	0.999912
138	134	0.999997
123	99	0.999982
241	201	0.999906
377	350	0.999911
195	182	0.999895
231	179	0.999998
456	376	0.999974
64	54	0.999972
84	78	0.999925
306	300	0.999991
50	40	0.999905
287	247	0.999974
154	141	0.999949
486	361	0.999961
366	333	0.99994
230	174	0.999925
460	418	0.999948
161	136	0.999962
288	222	0.999984
161	135	0.99993
193	156	0.999923
91	77	0.999944
79	59	0.999987
456	413	0.999913
213	162	0.999986
104	88	0.999982
53	40	0.999943
413	358	0.999984
446	374	0.999952
275	251	0.999963
324	277	0.999964
73	61	0.99995
137	108	0.999938
377	294	0.999899
358	336	0.999926
230	203	0.999967
143	117	0.999894
59	46	0.999992
244	195	0.999903
477	393	0.999931
291	264	0.999935
83	78	0.999989
374	311	0.99994
269	246	0.999952
457	432	0.999964
85	76	0.999989
294	220	1
181	156	0.99996
354	297	0.999928
429	334	0.9999
212	172	0.999971
470	391	0.999976
131	123	0.999956
52	47	0.999984
405	306	0.999993
330	291	0.999964
62	47	0.999998
143	135	0.999949
163	152	0.999962
342	293	0.999975
285	247	0.999904
88	81	0.999962
139	129	0.99993
454	451	0.999926
431	339	0.999942
228	182	0.999899
131	129	0.999993
448	365	0.999934
153	133	0.999895
303	244	0.999975
185	150	0.999967
172	137	0.999925
463	446	0.99992
439	361	0.999919
425	389	0.999917
396	391	0.999983
309	304	0.999982
463	399	0.999925
357	273	0.999931
120	97	0.999947
261	196	0.999924
146	125	0.999906
80	74	0.999986
243	197	0.999919
99	76	0.999971
150	119	0.999936
128	104	0.99995
276	233	0.999906
379	308	0.999998
157	127	0.999938
423	388	0.999989
146	123	0.999908
461	365	0.999933
286	219	0.999926
224	202	0.999966
339	283	0.999925
56	44	0.99997
377	281	0.999992
251	204	0.999927
263	231	0.999916
388	290	0.999923
110	92	0.999946
140	113	0.999933
297	286	0.999951
136	122	0.999978
159	129	0.999975
451	398	0.999928
470	404	0.999975
318	242	0.999966
104	103	0.999935
385	363	0.999926
224	215	0.999967
299	258	0.999949
379	301	0.99992
166	152	0.999913
303	276	0.999952
168	125	0.999935
221	172	0.999904
361	325	0.999979
240	182	0.999955
136	115	0.999971
128	104	0.999895
76	59	0.999921
127	104	0.999991
200	185	0.999902
283	248	0.999979
460	440	0.999913
365	276	0.999946
269	247	0.99997
124	110	0.999983
58	54	0.999922
143	112	0.999914
241	200	0.999968
124	114	0.999957
322	270	0.999966
299	242	0.999923
341	273	0.999903
73	63	0.999974
172	143	0.999948
384	302	0.999982
151	148	0.999913
404	343	0.999911
262	244	0.99995
62	56	0.999909
456	430	0.99996
340	265	0.999947
279	258	0.999896
207	158	0.999964
204	201	0.999913
57	54	0.999959
243	237	0.999946
331	274	0.99991
148	125	0.999982
225	183	0.99999
356	325	0.99992
107	94	0.9999
178	157	0.999914
91	88	0.999981
169	144	0.999893
447	365	0.999963
119	89	0.999999
233	205	0.999917
465	353	0.999973
160	144	0.999966
453	390	0.999964
155	136	0.999913
418	321	0.999925
62	55	0.999997
346	260	0.999908
487	405	0.999995
410	337	0.999969
170	159	0.999974
122	117	0.999896
400	333	0.999947
239	212	0.999951
103	79	0.999964
285	214	0.999981
294	286	0.999903
132	114	0.999975
288	219	0.999958
135	115	0.999915
487	430	0.999912
182	148	0.999923
215	211	0.999982
331	313	0.999898
354	329	0.999895
385	287	0.999936
416	415	0.9999
210	159	0.999908
136	114	0.999916
366	336	0.999991
342	278	0.999906
112	86	0.999921
283	250	0.999959
271	257	0.999978
74	67	0.999897
85	81	0.999937
486	419	0.999979
84	70	0.999907
246	190	0.999977
291	259	0.999997
50	45	0.999902
439	385	0.999947
339	303	0.999928
402	335	0.999899
92	90	0.999892
311	305	0.999922
214	161	0.999939
397	360	0.999923
445	376	0.99992
308	276	0.999945
146	138	0.999923
453	419	0.999904
74	73	0.999955
444	395	0.999978
122	99	0.999921
386	382	0.99995
162	137	0.999944
452	420	0.999971
472	354	0.999986
152	146	0.999999
288	219	0.99994
125	95	0.999895
217	201	0.999901
110	90	0.99993
380	329	0.999993
440	378	0.999896
216	183	0.999952
452	450	0.999954
465	394	0.999976
93	84	0.999958
183	177	0.999972
302	274	0.999947
172	151	0.999939
139	123	0.999896
70	55	0.999923
93	70	0.999996
82	80	0.999965
223	213	0.999896
99	77	0.999923
141	119	0.999945
255	240	0.999917
439	417	0.999899
295	277	0.999941
410	325	0.999964
267	250	0.999894
321	297	0.999982
182	144	0.999892
309	301	0.999997
220	180	0.999932
231	208	0.999973
347	267	0.999897
276	205	0.999895
484	403	0.999947
169	126	0.999935
428	365	1
362	269	0.999968
192	180	0.999982
74	61	0.999986
460	402	0.999965
194	155	0.999962
473	465	0.999924
356	341	0.999913
350	342	0.999903
56	45	0.999945
154	124	0.999912
257	208	0.999975
268	207	0.999946
375	318	0.999918
63	62	0.999947
74	73	0.99997
112	110	0.999958
424	330	0.99998
493	395	0.999999
343	342	0.999918
452	434	0.999987
418	320	0.999957
465	430	0.99998
311	251	0.999895
432	348	0.999998
427	327	0.999994
443	366	0.9999
400	302	0.999925
428	419	0.999892
73	65	0.999962
245	204	0.999918
240	185	0.999954
177	143	0.999955
174	139	0.999993
229	187	0.99993
456	447	0.999897
309	268	0.999909
140	108	0.999892
138	107	0.999987
238	229	0.999906
456	362	0.999932
103	89	0.999992
434	372	0.999894
99	87	0.999963
497	402	0.999988
282	221	0.999993
282	265	0.999956
339	291	0.99993
227	184	0.999897
356	284	0.999976
102	87	0.999892
458	433	1
220	218	0.999897
359	315	0.99993
376	357	0.999978
187	186	0.999926
157	121	0.999987
373	321	0.999986
436	389	0.999934
473	419	0.999946
466	349	0.999895
350	326	0.999913
368	285	0.999956
408	380	0.999939
111	105	0.999963
454	389	0.999975
152	126	0.999989
476	367	0.999971
98	95	0.999895
433	399	0.999931
58	45	0.999978
168	167	0.999996
408	405	0.999934
251	203	0.999994
177	148	0.999978
320	319	0.999958
71	64	0.999899
157	155	0.999969
385	342	0.999927
470	403	0.999962
441	367	0.999932
311	289	0.999958
467	454	0.999999
495	368	0.999978
200	158	0.999941
450	433	0.999918
458	388	0.999939
133	131	0.999987
80	73	0.999944
302	266	0.999968
206	180	0.999973
146	120	0.999899
384	316	0.999915
228	196	0.999893
120	119	0.999983
449	338	0.999972
421	325	0.999894
255	235	0.99994
104	96	0.999942
296	258	0.999913
443	367	0.999903
309	244	0.999921
341	303	0.999961
346	343	0.99994
98	83	0.999902
473	428	0.999944
208	160	0.999993
386	357	0.999983
179	141	0.999904
51	46	0.999978
287	255	0.999973
459	350	0.999944
77	62	0.999908
80	66	0.999956
341	314	0.999903
388	315	0.999928
362	351	0.999921
123	102	0.999983
418	373	0.999955
208	200	0.999932
438	341	0.99998
432	419	0.999923
263	240	0.999955
75	66	0.99993
138	107	0.999992
354	338	0.999938
315	264	0.999989
424	371	0.999918
170	154	0.999966
297	278	0.999956
318	293	0.999931
202	155	0.999895
183	139	0.999935
322	282	0.999904
282	262	0.999948
335	317	0.999924
311	243	0.999964
206	198	0.999978
182	151	0.99999
372	325	0.999924
347	323	0.999992
197	185	0.999929
348	338	0.999946
70	60	0.999918
310	246	0.999897
214	190	0.999974
461	415	0.99997
469	438	0.999997
454	437	0.999906
329	323	0.999962
317	260	0.999952
64	60	0.999984
278	242	0.999969
457	393	0.999982
474	424	0.999992
161	151	0.999962
493	391	0.999987
341	282	0.999971
375	295	0.999897
462	388	0.999976
396	307	0.999895
129	98	0.999977
173	134	0.999918
350	269	0.999934
485	425	0.999911
406	313	0.999986
106	95	0.999962
273	247	0.999934
126	101	0.999927
184	180	0.9999
85	76	0.999957
339	305	0.999938
398	363	0.9999
428	420	0.999931
285	250	0.999984
407	316	0.99993
201	154	0.999979
216	182	0.999973
357	315	0.999963
112	84	0.999985
352	293	0.999959
136	126	0.999944
137	133	0.999902
66	54	0.999904
75	73	0.999914
294	244	0.999902
260	246	0.999991
234	203	0.999996
279	241	0.999996
102	90	0.999996
234	203	0.999953
400	357	0.999947
333	292	0.999964
322	285	0.999933
475	416	0.999979
375	330	0.999893
500	381	0.999913
379	335	0.999894
430	362	0.999983
458	454	0.999946
105	89	0.999938
199	169	0.999964
173	142	0.999919
422	370	0.999902
485	381	0.999904
282	276	0.999895
341	265	0.999938
365	333	0.999972
221	201	0.999998
305	230	0.999937
131	120	0.999932
382	298	0.999908
142	129	0.99995
119	98	0.999931
146	112	0.999979
449	340	0.999934
87	85	0.999895
315	290	0.999998
263	234	0.999975
326	302	0.999948
435	429	0.999962
173	129	0.999986
310	282	1
64	61	0.999911
455	440	0.9999
171	145	0.999917
482	451	0.999946
299	223	0.999907
119	92	0.999911
484	452	0.999934
393	335	0.999894
86	74	0.999917
146	143	0.99997
309	266	0.999923
363	349	0.999974
332	253	0.999993
154	153	0.999938
415	373	0.999996
272	221	0.999979
187	163	0.999964
103	77	0.999995
364	362	0.999903
283	257	1
450	388	0.999942
132	103	0.999974
139	132	0.999956
119	111	1
331	263	0.999975
169	159	0.999898
316	271	0.999989
270	265	0.999999
250	246	0.999967
476	408	0.999945
298	295	0.999899
417	398	0.999911
281	241	0.999934
402	400	0.999961
159	137	0.999964
63	53	0.999941
426	407	0.999988
153	152	0.99991
194	172	0.999993
181	146	0.999958
411	372	0.999985
473	358	0.999985
451	406	0.999903
288	214	0.999986
442	339	0.999932
216	202	0.999979
280	211	0.99998
470	416	0.999946
316	299	0.999947
229	179	0.999916
495	470	0.999953
263	223	0.999906
237	225	0.999936
359	318	0.999936
66	54	0.999896
248	226	0.999892
248	230	0.99997
430	399	0.999896
183	150	0.999989
153	152	0.999984
355	320	0.999937
411	405	0.999907
464	456	0.999954
67	51	0.999956
286	254	0.999977
254	191	0.99991
117	98	0.999985
285	266	0.999935
99	91	0.999995
236	221	0.999948
167	133	0.999914
422	388	0.999936
383	333	0.999996
498	440	0.999895
57	51	0.999964
273	222	0.999948
278	212	0.999958
165	143	0.999933
482	452	0.99998
232	179	0.999993
407	347	0.999911
443	427	0.999992
73	60	0.999983
282	242	0.999983
186	172	0.999974
498	413	0.999915
214	195	0.999974
116	104	0.999914
350	318	0.999933
484	411	0.999953
324	267	0.999973
334	325	0.99999
416	395	0.99999
488	421	0.999956
309	270	0.999935
83	68	0.999897
237	205	0.999954
326	260	0.999975
93	92	0.999974
190	188	0.999963
280	209	0.999894
278	254	0.999923
194	167	0.999927
141	124	0.999909
435	401	0.999975
353	308	0.999928
422	376	0.999997
423	361	0.999938
326	274	0.999953
142	120	0.999918
55	53	0.999921
136	112	0.999965
148	131	0.999987
243	185	0.999949
359	322	0.999925
115	92	0.999897
387	386	0.999918
278	225	0.999938
128	101	0.999997
58	56	0.999996
490	400	0.999902
179	151	0.999905
486	388	0.999958
180	150	0.999998
415	371	0.999909
489	416	0.999993
248	235	0.999996
153	136	0.999954
145	144	0.999995
476	368	0.999919
149	123	0.999937
139	124	0.99997
57	47	0.999952
452	362	0.999955
235	208	0.999953
498	469	0.99991
348	319	0.99992
373	372	0.999958
378	315	0.9999
63	57	0.999951
446	392	0.999925
371	343	0.999906
213	199	0.999968
369	305	0.999902
445	443	0.999996
141	128	0.999987
113	105	0.999943
304	252	0.999929
82	81	0.999984
439	387	0.999943
400	338	0.999966
408	309	0.999897
256	204	0.999951
204	168	0.999971
67	66	0.999999
392	391	0.999901
259	193	0.999911
376	322	0.999979
141	124	0.999941
369	345	0.999979
280	222	0.999978
310	248	0.999903
167	147	0.999955
238	207	0.999931
298	240	0.999897
373	296	0.99994
145	142	0.999907
119	101	0.999979
205	199	0.999916
114	112	0.999956
230	220	0.999957
77	66	0.999984
225	201	0.999985
332	304	0.999954
164	142	0.999963
317	243	0.99996
357	297	0.999974
469	357	0.99997
56	52	0.999894
492	446	0.999982
161	135	0.999933
321	274	0.999906
201	171	0.999906
311	260	0.999932
324	314	0.999917
445	384	0.999939
405	310	0.999895
110	105	0.999983
491	447	0.999925
56	54	0.999937
342	280	0.999974
113	85	0.999933
282	251	0.999908
320	306	0.999896
66	58	0.999931
231	219	0.999892
87	67	0.999919
161	132	0.999909
116	95	0.999994
187	140	0.999952
189	152	0.999999
70	56	0.999897
435	347	0.999922
483	385	0.999972
282	223	0.999944
330	319	0.999958
206	185	0.999969
351	268	0.99993
152	130	0.999941
162	137	0.999922
235	194	0.999905
193	176	0.999997
448	380	0.999963
169	164	0.999907
445	340	0.999932
373	327	0.999951
66	55	0.999965
79	59	0.999998
447	376	0.999982
363	317	0.999904
100	97	0.999998
122	121	0.999901
80	78	0.999909
151	125	0.999906
112	109	0.999986
264	200	0.999911
73	70	0.999948
495	489	0.999918
294	247	0.999902
327	268	0.999972
300	264	0.999933
410	337	0.999936
483	449	0.999942
124	98	0.9999
483	468	0.999959
449	424	0.999989
232	206	0.99998
96	73	0.999994
266	244	0.999941
441	422	0.999949
434	355	0.999983
62	47	0.999934
379	303	0.999936
89	81	0.999909
396	308	0.999922
435	385	0.999904
340	296	0.999931
373	371	0.999897
289	285	0.999938
319	303	0.999898
66	63	0.999932
422	340	0.999973
357	355	0.999926
258	194	0.999957
494	441	0.999953
332	274	0.999913
498	413	0.99995
117	114	0.999941
55	47	0.99991
51	40	0.999993
178	134	0.999961
294	290	0.999914
84	71	0.999944
238	190	0.999994
168	128	0.999948
387	373	0.999967
483	359	0.999994
454	400	0.9999
363	335	0.999994
66	61	0.999894
174	144	0.999906
383	325	0.999907
434	374	0.999962
250	217	0.99992
414	393	0.999921
129	112	0.999982
471	380	0.999893
491	472	0.999902
244	198	0.999962
290	289	0.999937
196	178	0.999895
241	226	0.999957
105	79	0.999967
225	210	0.999976
240	196	0.999918
115	96	0.999965
317	274	0.999977
270	230	0.999987
113	91	0.999918
188	180	0.999952
192	162	0.999905
298	232	0.999915
411	316	0.99999
50	39	0.99994
408	311	0.99998
362	293	0.999902
373	285	0.999901
260	230	0.999987
121	104	0.999909
460	361	0.999909
460	440	0.999991
173	157	0.999995
275	227	0.999921
244	243	0.999896
335	283	0.99995
483	469	0.999979
215	173	0.999925
59	53	0.999968
69	64	0.999917
397	393	0.999922
450	409	0.999954
232	188	0.999966
148	129	0.999949
440	360	0.999936
191	167	0.999958
229	185	0.999894
343	325	0.999998
80	74	0.999901
250	202	0.999911
480	359	0.999892
187	159	0.999965
398	351	0.999949
103	90	0.999912
265	241	0.999937
235	181	0.999924
410	405	0.99999
359	322	0.999936
125	123	0.999949
388	384	0.999939
139	108	0.999952
306	243	0.999957
484	424	0.99997
127	104	0.999945
258	214	0.999969
202	154	0.999916
166	136	0.999915
456	340	0.999976
385	359	0.999893
176	152	0.999923
72	58	0.999966
287	232	0.999953
291	230	0.999946
354	318	0.999992
479	406	0.999929
132	130	0.999911
165	140	0.999904
223	220	0.999912
247	240	0.999988
345	291	0.999895
156	145	0.999988
178	149	0.999996
387	312	0.999902
320	261	0.999924
187	152	0.999899
451	430	0.999941
350	289	0.999934
373	332	0.999908
65	56	0.999908
329	287	0.999898
168	125	0.999923
302	247	0.999976
132	128	0.999974
153	138	0.999921
107	80	0.999892
328	283	0.999957
214	191	0.999952
390	362	0.999918
234	207	0.999907
288	268	0.999993
83	67	0.999922
290	226	0.999993
428	348	0.999898
125	97	0.999972
397	305	0.999968
407	360	0.999987
363	334	0.999956
297	245	0.999943
221	169	0.999902
398	346	0.999985
440	328	0.999968
239	205	0.999936
158	144	0.999892
378	326	0.99995
239	178	0.999906
66	62	0.999914
278	277	0.999965
148	121	0.999955
303	296	0.999976
462	440	0.99994
53	42	0.999908
394	330	0.999939
497	485	0.999961
385	322	0.999962
215	178	0.999913
140	134	1
126	111	0.999944
127	117	0.999926
94	82	0.999904
181	163	0.999999
157	132	0.999922
236	209	0.999984
224	197	0.999983
376	368	0.999911
88	72	0.999973
96	82	0.999903
303	283	0.999996
166	141	0.999966
456	400	0.999893
204	175	0.999988
269	242	0.9999
432	392	0.999899
68	64	0.999983
235	206	0.999996
328	307	0.999953
92	70	0.999906
132	119	0.999912
294	239	0.999917
340	304	0.99991
467	379	0.99998
64	61	0.999999
91	77	0.999987
98	87	0.999968
365	272	0.999949
421	361	0.999927
182	140	0.999896
324	306	0.999933
388	306	0.999915
111	86	0.999936
317	244	0.999989
397	373	0.999984
203	185	0.999962
250	197	0.999975
473	452	0.999902
114	102	0.999946
310	283	0.999965
95	86	0.999933
71	69	0.999904
236	193	0.999923
277	264	0.999903
198	164	0.999902
148	116	0.999942
90	80	0.999913
66	64	0.999959
292	248	0.999926
429	336	0.999928
261	220	0.999987
481	391	0.999978
411	396	0.999995
248	210	0.999977
221	197	0.999997
115	102	0.999929
228	195	0.999916
186	165	0.999918
131	109	0.99996
399	308	0.999906
76	63	0.999902
356	298	0.999992
292	247	0.999981
480	462	0.999938
196	186	0.999936
395	355	0.999893
298	277	0.999942
245	220	0.999896
74	60	0.999932
89	76	0.999983
409	358	0.999909
447	433	0.999958
141	131	0.999943
347	314	0.999949
300	264	0.999927
147	139	0.999999
467	350	0.999978
257	203	0.99994
344	256	0.99995
158	154	0.999894
336	333	0.999974
162	139	0.999952
110	92	0.999999
53	52	0.99992
300	275	0.999896
183	162	0.999905
202	155	0.999927
152	120	0.999915
332	286	0.999937
500	448	0.999985
193	181	0.999919
134	115	0.999935
112	97	0.999925
458	441	0.999913
386	353	0.99994
61	57	0.999999
371	360	0.999997
265	248	0.999974
111	87	0.999993
462	346	0.999943
324	249	0.999947
205	189	0.999931
431	397	0.999959
445	374	0.999979
341	302	0.999916
237	185	0.999981
495	437	0.999921
63	61	0.99995
484	421	0.999943
211	165	0.999961
200	184	0.99994
217	169	0.999893
443	428	0.999953
423	364	0.999948
120	95	0.999919
220	194	0.999904
76	60	0.999911
146	114	0.99999
108	93	0.999982
114	96	0.99996
187	172	0.999985
140	113	0.999923
260	202	0.999907
334	318	0.999915
59	46	0.999909
361	349	0.999954
77	71	0.999941
346	331	0.999943
156	122	0.999988
96	93	0.999951
444	382	0.999943
125	118	0.99993
107	104	0.999974
430	344	0.999952
432	413	0.999893
192	180	0.999923
464	463	0.999986
62	56	0.999903
342	270	0.999904
125	124	0.999932
236	219	0.999908
340	258	0.999915
454	398	0.999955
257	235	0.999977
114	101	0.999909
223	197	0.999961
338	264	0.99991
79	69	0.999896
241	220	0.99994
139	105	0.999927
162	132	0.999897
403	380	0.999992
306	231	0.999893
278	241	0.999996
190	143	0.99999
291	241	0.999961
353	263	0.999977
290	225	0.999957
420	350	0.999928
80	79	0.999892
113	108	0.999906
219	206	0.999931
472	442	0.999967
73	72	0.999988
243	227	0.99996
338	273	0.999921
477	448	0.999955
333	316	0.999995
118	88	0.999955
311	247	0.999901
282	225	0.999919
96	79	0.999997
273	214	0.999978
440	430	0.999969
216	188	0.999965
184	182	0.99991
483	479	0.999942
480	433	0.999902
457	367	0.999912
50	38	0.999924
329	303	0.999924
258	256	0.999938
139	138	0.999941
171	133	0.999905
151	133	0.999933
302	256	0.999955
489	447	0.999914
126	113	0.999984
336	294	0.999955
232	179	0.999933
496	412	0.999947
159	155	0.999951
185	170	0.999913
101	76	0.999927
61	50	0.999981
74	66	0.999895
334	319	0.999998
360	341	0.999972
346	317	0.999957
243	206	0.99995
486	363	0.999933
409	383	0.999949
54	46	0.999936
224	193	0.999945
438	392	0.999922
355	314	0.999952
345	289	0.999957
301	261	0.999958
103	99	0.999926
287	259	0.999916
171	169	0.999999
51	48	0.999902
299	285	0.999895
64	48	0.999979
420	400	0.999949
51	41	0.999907
409	316	0.999948
434	394	0.999977
471	355	0.999974
277	247	0.999961
135	101	0.999984
454	444	0.999961
223	218	0.999925
298	267	0.999924
242	239	0.999923
86	77	0.999919
410	382	0.999916
490	423	0.999963
482	359	0.999946
473	363	0.999978
192	174	0.99998
349	273	0.99999
54	45	0.999922
417	379	0.999935
100	80	0.999897
466	363	0.999973
314	256	0.999905
429	319	0.999931
340	271	0.999935
318	273	0.999933
275	251	0.999905
297	245	0.999952
405	350	0.99991
334	278	0.99994
207	183	0.999967
443	366	0.999986
422	349	0.999963
213	209	0.999966
403	398	0.999896
336	274	0.999922
195	173	0.999966
111	95	0.999933
161	156	0.99993
452	447	0.999975
192	189	0.999912
87	70	0.99993
153	127	0.999987
221	188	0.999958
450	378	0.999962
432	394	0.999916
87	70	0.999914
52	41	0.999999
131	103	0.999897
387	289	0.999903
216	177	0.999906
196	172	0.999908
167	138	0.999907
237	202	0.999993
59	53	0.999937
145	133	0.999948
85	69	0.999991
365	316	0.999989
483	457	0.999943
467	352	0.99995
152	151	0.999903
341	277	0.999897
309	305	0.999893
99	75	0.999895
136	110	0.999936
177	152	0.999984
459	409	0.999954
84	83	0.999936
103	88	0.999921
268	263	0.999988
186	155	0.999943
222	215	0.999905
86	71	0.999959
133	122	0.999937
341	266	0.99994
118	104	0.999929
147	132	0.999991
79	65	0.99991
138	137	0.999908
310	242	0.999975
188	161	0.999995
500	415	0.999955
364	318	0.999951
298	283	0.999945
347	259	0.999929
148	124	0.999979
401	350	0.99998
204	162	0.999961
465	351	0.999988
201	173	0.999994
447	389	0.999986
68	65	0.999991
122	121	0.999914
397	344	0.999996
276	235	0.999928
493	401	0.999905
338	254	1
404	309	0.999909
378	343	0.999902
363	281	0.999922
163	131	0.999983
415	408	0.999957
407	360	0.999951
442	344	0.999905
349	309	0.999961
96	73	0.999946
338	291	0.99995
62	50	0.999897
294	232	0.999929
349	314	0.999911
276	230	0.999908
88	85	0.999912
144	138	0.999896
98	75	0.999895
288	284	0.999977
493	449	0.999905
177	142	0.999959
497	388	0.999918
440	350	0.999922
427	363	0.999906
403	331	0.999967
156	134	0.999967
489	480	0.999903
370	308	0.999926
184	173	0.999927
236	231	0.999902
387	341	0.999992
360	339	0.999918
52	50	0.999942
209	202	0.999994
151	118	0.999943
258	220	0.999968
422	418	0.999954
260	247	0.99997
387	302	0.999961
435	408	0.999901
63	55	0.999977
148	132	0.999985
465	435	0.999964
122	100	0.999916
422	353	0.999958
352	329	0.999987
154	139	0.999925
59	46	0.99994
71	56	0.999963
332	303	0.999914
314	296	0.999979
315	243	0.999985
484	405	0.999945
489	435	0.999957
413	380	0.999894
306	277	0.99999
496	425	0.999953
326	253	0.999994
130	106	0.999915
117	105	0.999936
179	160	0.999958
173	139	0.999894
330	308	0.99994
386	381	0.999966
484	386	0.999896
429	367	0.999936
342	334	0.999989
376	358	0.999938
493	482	0.999963
258	257	0.999995
208	164	0.999992
157	140	0.999973
460	353	0.999911
477	471	0.999899
269	236	0.999913
310	307	0.999897
97	76	0.999958
84	66	0.999893
70	69	0.999973
302	272	0.9999
401	340	0.999927
334	308	0.999955
281	273	0.999964
287	218	0.999962
175	171	0.999899
164	122	0.999956
193	189	0.999922
364	340	0.999946
159	142	0.99999
70	66	0.999896
69	56	0.999975
299	258	0.999979
424	340	0.999999
325	296	0.999998
229	173	0.999984
318	317	0.999917
133	106	0.999988
323	303	0.999979
337	281	0.999896
298	270	0.999978
234	178	0.999968
150	133	0.999926
106	79	0.99995
417	388	0.999892
431	368	0.99997
82	66	0.999965
121	118	0.999937
51	49	0.999958
183	148	0.999955
263	205	0.999935
61	47	0.999994
349	290	0.999962
98	91	0.999995
84	69	0.999959
239	190	0.999927
443	401	0.999927
171	167	0.999974
468	441	0.999971
105	79	0.999994
235	220	0.999967
174	140	0.999934
230	202	0.999911
135	132	0.999907
79	66	0.999899
428	384	0.999944
463	460	0.999961
481	397	0.999954
224	203	0.999992
125	113	0.999976
203	177	0.999952
314	287	0.999904
324	307	0.999909
241	232	0.999903
351	274	0.999913
240	238	0.999928
301	274	0.999949
291	245	0.999975
311	282	0.999948
146	109	0.99999
496	463	0.999939
277	249	0.999966
234	193	0.999983
204	187	0.999931
138	108	0.999927
442	394	0.999987
178	158	0.999983
422	403	0.999901
189	142	0.99991
442	349	0.999894
271	245	0.999961
429	350	0.999971
362	301	0.999931
483	419	0.999984
213	194	0.999971
308	273	0.999946
100	83	0.999996
66	53	0.999949
345	283	0.999909
385	364	0.999911
346	309	0.999958
256	196	0.999998
357	293	0.999937
158	149	0.999897
473	465	0.999933
373	338	0.999911
433	369	0.999897
418	379	0.999989
260	244	0.999996
346	300	0.999897
457	342	0.999954
305	256	0.999934
229	226	0.99994
63	58	0.99991
500	390	0.999951
282	275	0.999992
491	484	0.999946
188	162	0.999977
326	284	0.999947
146	129	0.999894
158	118	0.999954
133	112	0.999893
73	68	0.999935
169	146	0.999919
178	156	0.999988
382	332	0.999925
81	75	0.999905
201	150	0.999954
59	50	0.999974
314	249	0.999919
352	297	0.999962
404	334	0.999974
393	302	0.999998
488	445	0.999938
356	347	0.999904
169	141	0.999943
302	293	0.999951
455	347	0.9999
399	303	0.999902
98	88	0.999937
229	182	0.999971
467	412	0.999929
141	114	0.999971
71	67	0.999939
394	339	0.999916
393	304	0.999984
109	83	0.999926
423	367	0.999916
92	76	0.999913
329	306	0.999926
241	227	0.999949
225	211	0.999988
299	295	0.999987
485	475	0.999921
87	68	0.999917
447	384	0.999967
345	325	0.999992
328	251	0.999994
370	296	0.999936
71	53	0.999895
384	353	0.999927
205	163	0.999937
203	177	0.999895
310	296	0.999938
69	65	0.999962
220	165	0.999956
188	159	0.999961
260	195	0.999999
488	416	0.999954
219	194	0.999954
238	209	0.999896
80	71	0.999909
489	442	0.999909
264	218	0.999922
369	352	0.999983
77	73	0.999934
171	166	0.999903
342	263	0.999903
229	182	0.99991
340	321	0.999908
415	337	0.999979
463	395	0.999934
494	475	0.999903
159	145	0.999954
160	141	0.999933
459	359	0.999927
76	71	0.999964
402	343	0.999981
427	388	0.999912
71	53	0.999925
284	237	0.99999
192	168	0.999994
255	211	0.99991
251	209	0.999949
98	80	0.999953
106	81	0.99996
74	65	0.999999
432	321	0.99999
322	252	0.999992
182	154	0.999966
443	399	0.999905
259	253	0.999895
426	343	0.999915
404	375	0.999941
160	124	0.999892
120	112	0.999998
160	147	0.999994
223	216	0.999947
194	178	0.999936
485	402	0.99999
469	438	0.999929
264	218	0.999951
54	41	0.999984
274	222	0.999968
257	221	0.999899
229	215	0.999991
172	137	0.999924
311	274	0.999913
436	339	0.999983
296	228	0.999978
420	322	0.999967
57	54	0.999944
362	345	0.999958
110	104	0.999922
109	85	0.999998
437	365	0.999973
409	381	0.999999
114	92	0.999922
285	212	0.99996
157	151	0.999922
351	300	0.99994
339	255	0.99998
152	142	0.99991
228	187	0.999892
393	331	0.99998
210	196	0.99995
319	278	0.999988
213	174	0.999954
101	82	0.999931
322	314	0.999991
164	126	0.999917
417	313	0.999986
196	187	0.999941
345	271	0.999973
274	217	0.999969
179	176	0.999905
113	89	0.999897
203	200	0.999946
428	391	0.99994
309	302	0.999931
425	419	0.999958
185	157	0.999984
239	231	0.999913
153	130	0.999938
485	445	0.999934
259	233	0.999948
239	232	0.999996
192	167	0.999956
215	208	0.999941
409	355	0.99999
94	77	0.999984
93	74	0.999974
327	302	0.999916
112	86	0.999997
255	247	0.999959
379	376	0.999925
131	103	0.999907
211	183	0.999921
300	239	0.999933
150	135	0.999982
269	209	0.999992
65	59	0.999993
292	258	0.999896
304	253	0.999918
402	377	0.999929
362	308	0.999921
149	124	0.999978
453	432	0.999904
143	113	0.999893
265	258	0.999993
327	325	0.999899
313	264	0.999903
159	138	0.999907
240	239	0.999945
177	153	0.999971
61	57	0.999919
326	317	0.999953
363	357	0.999978
113	90	0.999911
326	304	0.999914
317	259	0.999963
291	274	0.999945
483	448	0.999964
323	287	0.999915
459	351	1
111	83	0.999991
381	338	0.999948
146	143	0.999916
201	186	0.999937
445	420	0.999984
172	135	0.999971
443	370	0.999951
209	157	0.999952
283	259	0.999956
201	192	0.999973
175	132	0.999969
114	105	0.999916
378	376	0.999899
409	355	0.999993
203	165	0.999932
444	424	0.999924
312	232	0.999906
481	379	0.999909
326	243	0.999938
303	249	0.999894
464	416	0.999979
230	221	0.999945
300	262	0.999904
290	257	0.999924
239	236	0.999987
81	74	0.999927
474	367	0.999954
293	265	0.999903
151	131	0.999927
81	72	0.999944
294	220	0.999962
414	379	0.999994
366	340	0.999914
206	154	0.999911
102	96	0.99993
188	172	0.999994
345	325	0.999913
97	75	0.999995
306	240	0.999924
324	312	0.999965
227	211	0.999921
461	384	0.999938
359	329	0.999993
55	51	0.99997
203	179	0.999978
146	140	0.999928
177	164	0.999993
384	369	0.999971
399	385	0.999924
166	125	0.999989
293	242	0.999896
312	234	0.999967
76	74	0.999914
118	93	0.999894
89	80	0.999933
364	329	0.999945
330	274	0.999966
244	221	0.999943
290	270	0.999931
286	278	0.999936
498	442	0.999967
265	231	0.999902
187	140	0.999953
74	71	0.99994
392	349	0.999904
97	75	0.999951
150	127	0.999914
407	345	0.99996
464	451	0.999964
107	102	0.999948
287	278	0.999961
438	350	0.999961
178	166	0.999943
80	72	0.999893
270	201	0.999954
112	88	0.999908
469	366	0.99998
217	164	0.999956
359	355	0.999893
141	109	0.999994
260	196	0.999985
171	161	0.999986
117	92	0.9999
164	147	0.999954
200	181	0.999933
117	104	0.999949
399	384	0.999953
176	156	0.999911
109	85	0.999974
480	471	0.99998
186	154	0.999922
165	155	0.999986
280	250	0.999971
438	423	0.999962
105	91	0.999896
53	42	0.999946
387	379	0.999935
144	112	0.99996
76	60	0.999975
435	343	0.999966
361	274	0.999981
315	239	0.999971
374	352	0.999939
189	182	0.999976
196	149	0.999981
386	331	0.999963
385	369	0.999952
363	362	0.999987
200	181	0.999978
469	387	0.999914
401	308	0.999913
138	128	0.999999
288	215	0.999943
103	77	0.999947
251	210	0.999977
331	330	0.999995
314	287	0.999934
384	350	0.999914
258	250	0.999923
163	155	0.9999
339	308	0.999905
485	381	0.999922
472	424	0.999953
377	294	0.99995
177	135	0.999895
177	144	0.99999
123	105	0.99992
461	405	0.999926
174	140	0.999963
267	233	0.999892
200	196	0.999949
197	185	0.999911
455	340	0.999951
320	316	0.999921
481	407	0.999948
233	186	0.999995
378	330	0.999989
479	475	0.999995
212	200	0.999922
186	141	0.999894
145	129	0.999999
500	420	0.999942
293	274	0.999949
128	121	0.999958
468	421	0.99997
99	98	0.999964
418	314	0.999949
96	78	0.999898
467	355	0.999893
286	244	0.999994
307	292	0.999991
265	252	0.999917
325	273	0.999921
179	150	0.999974
272	265	0.999901
364	308	0.999948
272	248	0.999956
483	395	0.999989
198	163	0.999916
404	350	0.99991
154	117	0.999976
374	329	0.999923
395	384	0.999906
414	379	0.999995
103	92	0.999929
462	424	0.999952
324	295	0.999924
201	167	0.999935
131	124	0.999977
297	232	0.999899
102	97	0.999953
334	280	0.999993
247	192	0.99993
178	148	0.999905
197	176	0.999967
469	462	0.999933
469	413	0.999963
280	255	0.999986
207	174	0.999978
88	72	0.999932
183	138	0.999975
260	223	0.999938
52	48	0.999967
193	151	0.999967
177	172	0.999913
268	225	0.999958
424	320	0.999975
192	167	0.999973
124	94	0.999949
50	44	0.999926
373	321	0.999975
72	54	0.999973
279	254	0.999927
209	183	0.999954
482	413	0.999948
390	314	0.999974
100	96	0.999998
274	262	0.999972
405	305	0.999962
262	228	0.999896
230	224	0.999995
416	329	0.999993
380	379	0.999966
475	370	0.999986
267	223	0.999935
64	63	0.999913
234	189	0.999927
386	355	0.999984
374	301	0.999977
52	39	0.999894
317	274	0.999956
339	253	0.99994
291	268	0.999914
443	390	0.999898
87	69	0.999921
253	237	0.999998
99	89	0.999962
154	141	0.999996
401	397	0.999939
120	93	0.999961
68	56	0.999988
197	156	0.999973
333	281	0.999975
407	361	0.999916
432	329	0.999958
220	193	0.999943
110	97	0.99998
296	257	0.999961
258	221	0.999991
325	244	0.999958
304	250	0.999921
75	70	0.999989
251	207	0.999994
113	109	0.999925
400	382	0.999983
210	209	0.999895
164	132	0.999909
314	306	0.999962
110	82	0.999933
63	50	0.999912
411	400	0.999927
64	61	0.999941
64	63	0.999983
136	112	0.999919
343	322	0.99992
274	269	0.999975
145	128	0.999896
104	93	0.999963
146	144	0.99995
323	314	0.999967
165	161	0.999943
63	60	0.999969
141	135	0.999931
424	416	0.999899
316	253	0.999997
269	246	0.999902
491	403	0.999894
435	339	0.999944
126	109	0.999908
186	148	0.999952
115	100	0.999994
449	408	0.999984
482	408	0.999998
226	224	0.999912
414	381	0.999953
206	172	0.999896
462	352	0.999923
379	367	0.999961
228	207	1
371	319	1
95	74	0.999896
424	326	0.99996
411	313	0.999951
254	198	0.99999
143	138	0.999975
385	353	0.999994
493	477	0.999991
294	247	0.999892
94	70	0.999962
265	202	0.999953
123	97	0.999909
277	241	0.999947
175	172	0.999903
92	70	0.999914
290	282	0.99996
317	265	0.999919
250	189	0.999981
329	320	0.99992
144	125	0.999928
249	207	0.999937
278	256	0.999976
130	112	0.999994
92	70	0.999992
304	233	0.999997
465	363	0.999965
274	214	0.999998
483	441	0.999996
331	322	0.99998
430	343	0.999944
440	410	0.99996
53	45	0.999926
441	383	0.999965
212	177	0.999949
462	459	0.999902
298	263	0.9999
160	131	0.999964
356	309	0.999948
67	58	0.999968
198	161	0.999907
336	288	0.99994
205	199	0.999918
91	89	0.999971
158	141	0.999929
147	122	0.999998
67	50	0.999958
245	215	0.999985
315	285	0.999893
186	173	0.999968
201	165	0.999934
395	320	0.999903
474	445	0.999982
323	303	1
389	298	0.999998
371	344	0.999934
184	160	0.999921
410	339	0.999968
370	336	0.99993
59	55	0.999984
133	108	0.99999
204	180	0.999911
299	264	0.999988
295	222	0.999975
394	379	0.999905
77	74	0.999937
474	392	0.999936
312	284	0.999917
447	422	0.999992
151	131	0.999933
215	201	0.999928
294	242	0.999902
130	119	0.999957
54	47	0.999935
464	415	0.999952
111	106	0.9999
457	346	0.999909
262	225	0.999916
389	337	0.99999
454	362	0.999903
217	174	0.999969
365	288	0.999908
212	161	0.999893
342	283	0.999907
100	99	0.999989
162	160	0.99997
172	158	0.999909
123	100	0.999951
165	142	0.999925
335	328	0.999965
269	209	0.999966
103	79	0.999996
486	388	0.999977
475	465	0.999932
375	314	0.999999
174	149	0.999981
334	268	0.99999
66	56	0.999984
500	420	0.999903
182	158	0.999975
108	92	0.999932
133	104	0.999953
142	133	0.99995
481	441	0.99998
57	53	0.999898
106	103	0.999956
279	248	0.999902
62	58	0.99998
122	92	0.999961
404	322	0.999954
130	107	0.999903
148	125	0.999918
148	111	0.999955
288	253	0.999979
322	280	0.999992
256	226	0.999942
290	275	0.999909
59	44	0.999959
162	130	0.999953
160	137	0.999932
307	306	0.999944
204	186	0.999936
209	185	0.999967
377	339	0.999987
355	281	0.999947
323	240	0.999974
288	258	0.999916
426	347	0.999947
237	219	0.999984
346	276	0.999922
246	221	0.999955
274	265	0.999892
232	190	0.999919
186	170	0.999896
109	99	0.999903
448	421	0.999924
311	261	0.999961
412	332	0.999945
476	459	0.999893
415	310	0.999971
335	285	0.999968
345	315	0.999954
282	230	0.99997
68	67	0.999966
110	103	0.999991
66	63	0.999953
350	342	0.999933
307	254	0.999968
421	366	0.99995
440	433	0.999974
231	210	0.999955
102	101	0.999966
279	225	0.999928
126	103	0.999913
145	119	0.999966
154	128	0.999978
337	292	0.999958
89	72	0.999925
53	50	0.999928
165	128	0.999976
428	341	0.999936
149	127	0.999945
217	208	0.999976
315	276	0.999893
387	329	0.999956
306	281	0.999934
470	383	0.999893
124	104	0.999973
458	358	0.999965
277	240	0.999918
472	450	0.999938
257	229	0.999962
291	278	0.999902
482	416	0.999924
314	308	0.999909
358	306	0.999994
249	222	0.999966
288	247	0.999992
78	66	0.999964
377	285	0.999984
324	301	0.99994
428	384	0.999938
407	399	0.999924
165	133	0.999969
370	339	0.999955
134	119	0.999984
318	299	0.999984
240	220	0.999929
455	361	0.999977
239	202	0.999994
107	98	0.999928
124	115	0.999902
140	130	0.999906
113	97	0.999997
239	218	0.999992
435	416	0.999976
421	330	0.999988
324	318	0.999932
246	236	0.99996
488	381	0.999894
147	117	0.999937
130	100	0.999985
161	149	0.999976
69	61	0.999985
164	159	0.999967
386	297	0.999954
309	293	0.999994
379	309	0.999994
347	333	0.999995
156	135	0.999902
65	61	0.99997
232	224	0.999939
327	265	0.999926
259	223	0.999983
255	220	0.999954
362	343	0.999988
186	177	0.999972
374	288	0.99997
59	47	0.999938
318	248	0.999892
238	208	0.999965
499	460	0.999944
238	229	0.999906
127	111	0.999908
226	194	0.999916
480	464	0.99999
218	171	0.999926
210	189	0.999909
287	247	0.999963
314	246	0.999914
220	171	0.999962
272	262	0.999896
244	231	1
106	83	0.999919
419	312	0.999904
257	203	0.999991
279	227	0.999968
459	369	0.999989
103	93	0.999973
265	244	0.999953
274	232	0.999893
320	260	0.999928
265	261	0.999982
192	147	0.999946
249	215	0.999964
183	161	0.999996
223	220	0.999947
449	342	0.999995
231	223	0.999954
279	208	0.999901
470	457	0.999929
158	134	0.999915
289	266	0.999962
408	326	0.999939
135	107	0.999978
196	166	0.999952
255	249	0.999949
461	411	0.99993
321	256	0.999937
387	312	0.999977
242	221	0.999915
393	386	0.999979
87	81	0.999932
199	186	0.999943
91	81	0.999943
200	153	0.999986
436	339	0.999942
153	145	0.999906
67	58	0.999896
81	74	0.999971
466	379	0.999908
65	52	0.999996
92	81	0.999907
348	319	0.999894
79	69	0.999937
327	269	0.999991
300	284	0.999979
470	361	0.999958
220	185	0.999956
328	256	0.999913
324	322	0.99996
412	350	0.999957
381	316	0.999939
70	68	0.999999
294	239	0.999967
197	171	0.999921
308	271	0.999916
357	333	0.99995
281	256	0.999983
133	118	0.999988
319	259	0.999984
310	299	0.999932
403	379	0.999967
438	411	0.999948
344	276	0.999935
114	97	0.999894
457	378	0.999914
262	212	0.999934
297	293	0.999927
233	189	0.999894
451	388	0.999923
110	97	0.999907
500	431	0.999945
111	86	0.999928
117	104	0.999945
495	432	0.99996
118	96	0.999892
313	251	0.9999
114	113	0.999897
150	113	0.999931
247	189	0.999962
119	97	0.999903
197	164	0.999974
187	167	0.999935
440	366	0.999921
61	47	0.999925
205	197	0.999996
135	107	0.999925
360	281	0.999958
438	371	0.999934
429	390	0.999951
146	112	0.999967
63	61	0.999928
432	321	0.999984
426	356	0.999992
143	107	0.999937
490	369	0.999971
84	67	0.999909
114	107	0.999923
326	291	0.99998
74	67	0.999956
197	174	0.999892
194	185	0.999917
475	378	0.999963
185	177	0.999969
136	102	0.999999
311	280	0.99994
495	448	0.999924
206	189	0.999944
309	253	0.999955
192	149	0.999918
184	173	0.999941
456	356	0.999999
278	275	0.999958
77	70	0.999992
472	364	0.999917
455	405	0.999998
431	401	0.999934
76	68	0.999928
265	254	0.999994
445	382	0.999968
250	209	0.999938
218	173	0.999992
408	381	0.999896
241	227	0.999955
207	155	0.999931
241	209	0.999968
69	53	0.999962
128	105	0.999997
381	370	0.999901
471	378	0.999995
68	60	0.999994
406	355	0.999978
86	70	0.999966
305	282	0.99993
115	104	0.999978
315	291	0.999986
478	467	0.999989
310	298	0.999943
179	169	0.999899
279	221	0.999997
64	51	0.999986
165	146	0.999902
180	136	0.99996
115	114	0.999896
95	92	0.999963
440	437	0.999905
304	276	0.999972
357	282	0.999963
445	380	0.999965
381	330	0.99998
439	430	0.999915
313	289	0.999958
482	471	0.999931
119	99	0.999899
493	425	0.999972
376	322	0.999992
309	276	0.999989
283	226	0.999912
121	99	0.999936
399	325	0.99997
96	76	0.999898
467	465	0.999938
52	41	0.999928
177	169	0.999962
217	196	0.999997
265	245	0.999933
109	82	0.999981
66	63	0.99998
402	312	0.999976
154	136	0.999899
438	348	0.999954
185	184	0.999953
129	96	0.999928
54	42	0.999983
426	372	0.999949
268	242	0.99992
265	198	0.999914
407	394	0.999907
85	76	0.999974
143	122	0.999906
95	83	0.999988
222	169	0.999932
434	387	0.999907
188	187	0.999904
122	109	0.99992
184	172	0.99994
322	289	0.999956
198	161	0.999931
475	473	0.999909
364	303	0.999894
174	167	0.999983
90	76	0.99994
74	59	0.999922
285	270	0.999974
201	167	0.999946
438	430	0.999923
282	232	0.999939
71	56	0.9999
353	267	0.9999
394	355	0.999918
315	270	0.999987
221	187	0.999996
452	355	0.999993
166	137	0.999899
360	311	0.999951
444	395	0.99995
107	101	0.999928
146	145	0.999942
129	118	0.999976
285	269	0.999945
116	91	0.999907
331	284	0.999974
349	275	0.999949
496	380	0.999924
311	287	0.999996
314	305	0.999909
194	167	0.999953
105	98	0.999925
179	155	0.999983
438	406	0.999932
397	322	0.999945
152	130	0.99992
492	379	0.999994
400	323	0.999975
473	383	0.999981
312	238	0.999984
154	146	0.999988
435	426	0.999937
329	265	0.999958
157	133	0.999899
336	311	0.999963
72	56	0.999968
314	301	0.999935
347	309	0.99999
106	104	0.999947
91	76	0.99991
51	44	0.999964
106	88	0.999926
381	296	0.999917
352	283	0.999988
498	423	0.999981
250	236	0.999997
296	255	0.9999
415	381	0.99994
295	271	0.99996
52	43	0.999948
341	274	0.999986
372	364	0.999899
487	459	0.999909
381	325	0.999896
414	376	0.999944
138	136	0.999896
480	357	0.999928
421	338	0.999893
352	277	0.999935
442	425	0.999902
181	158	0.999976
334	271	0.999915
292	275	0.999892
386	352	0.999959
215	172	0.999965
208	182	0.99998
100	82	0.999926
249	208	0.999962
328	272	0.999988
137	107	0.999942
186	176	0.999947
106	102	0.999923
85	83	0.999896
98	82	0.99999
104	90	0.999954
71	68	0.999934
238	190	0.999997
299	257	0.999892
170	146	0.999926
473	439	0.999932
208	188	0.999908
292	263	0.99993
500	426	0.99996
465	447	0.999974
438	415	0.999947
84	71	0.999992
434	396	0.99994
446	348	0.999956
441	331	0.999995
443	340	0.999992
77	72	0.999895
301	299	0.999998
182	158	0.999894
133	104	0.999992
243	226	0.999983
183	149	0.999915
186	180	0.99999
288	214	0.999933
62	58	0.999925
399	397	0.999935
431	338	0.999968
176	165	0.999973
144	129	0.999974
291	247	0.999967
381	300	0.999988
447	350	0.999949
149	141	0.999994
256	235	0.999922
214	191	0.999995
464	442	0.999923
212	177	0.9999
380	379	0.999993
448	394	0.999989
135	118	0.999901
492	420	0.999939
249	191	0.999938
216	208	0.999961
406	339	0.999919
411	370	0.999929
371	312	0.999957
380	326	0.999897
444	373	0.999914
390	358	0.999972
52	48	0.999979
89	85	0.99999
146	130	0.999922
110	83	0.999959
126	122	0.999946
254	195	0.999949
443	434	0.999982
361	301	0.999967
439	423	0.999898
129	96	0.99996
92	83	0.999937
157	142	0.99996
437	375	0.999939
141	107	0.999908
261	241	0.999963
341	301	0.999966
393	342	0.999981
216	195	0.99993
406	305	0.999941
119	90	0.999981
370	321	0.999977
204	156	0.999926
373	351	0.999981
270	268	0.999917
282	275	0.999944
432	333	0.999945
471	377	0.999958
91	84	0.999957
185	166	1
91	85	0.999964
279	260	0.999905
298	290	0.999957
300	273	0.999916
91	90	0.999922
416	330	0.999957
118	108	0.999984
420	360	0.999958
115	98	0.999908
439	387	0.999949
279	247	0.999947
432	392	0.999993
95	78	0.99995
261	211	0.999989
197	194	0.999922
345	270	0.999969
176	165	0.999943
399	353	0.999922
342	341	0.999977
395	299	0.999902
283	233	0.999911
116	89	0.999916
335	285	0.999896
380	299	0.999946
396	350	0.999892
406	364	0.999939
89	78	0.999928
485	376	0.999957
139	111	0.999931
267	237	0.999935
430	335	0.99994
257	203	0.999951
127	121	0.999939
220	189	0.999907
345	284	0.999898
99	97	0.999972
128	125	0.999936
294	232	0.999964
407	326	0.99998
429	417	0.999915
303	284	0.999912
238	214	0.999994
125	109	0.999998
86	67	0.999915
496	422	0.999913
422	382	0.999961
93	85	0.999972
330	307	0.999979
264	258	0.999995
388	357	0.99993
69	65	0.999957
80	63	0.999958
126	111	0.999954
485	404	0.999934
106	79	0.999899
440	435	0.999991
270	237	0.999999
412	364	0.999937
336	277	0.999953
255	230	0.999936
440	434	0.999921
353	306	0.999984
459	396	0.999948
110	97	0.999899
184	142	0.999987
298	294	0.999978
447	417	0.999895
345	334	0.999987
316	265	0.999922
469	449	0.999896
297	296	0.999959
273	209	0.999931
176	166	0.999974
461	410	0.999947
158	142	0.999903
229	180	0.999945
303	230	0.999988
146	132	0.999946
166	165	0.999943
220	168	0.999948
254	204	0.999953
190	165	0.999981
139	118	0.999911
122	91	0.999936
93	83	0.999918
381	288	0.999957
165	125	0.99993
119	108	0.999923
319	271	0.999897
395	345	0.999972
290	275	0.999918
152	138	0.99998
210	168	0.999916
383	326	0.999923
327	283	0.999988
288	218	0.999955
66	65	0.999921
308	234	0.99993
363	293	0.999989
389	331	0.99992
449	372	0.999995
359	316	0.999936
437	421	0.99992
405	382	0.99997
102	93	0.999912
306	278	0.999964
263	227	0.999989
229	213	0.999954
477	459	0.999975
290	252	0.9999
485	367	0.999957
318	309	0.999945
473	406	0.999936
198	187	0.999975
479	369	0.999899
99	80	0.999919
346	343	0.99999
381	367	0.999943
390	350	0.999986
343	327	0.999959
385	345	0.999933
89	88	0.999974
76	71	0.999984
333	325	1
355	273	0.999953
97	85	0.999912
181	156	0.999939
59	49	0.999914
480	361	0.999914
76	72	0.999901
50	43	0.999971
456	391	0.999925
286	268	0.999997
195	150	0.99998
350	295	0.999974
118	100	0.999945
144	137	0.999906
230	187	0.999985
254	204	0.999998
175	131	0.99994
328	247	0.999923
356	269	0.999904
441	398	0.999917
325	315	0.999958
360	303	0.999961
441	436	0.999913
491	469	0.999929
415	352	0.999897
93	71	0.999958
50	44	0.99995
309	286	0.999916
83	78	0.999918
220	164	0.999909
435	389	0.999927
158	132	0.999977
367	344	0.999917
121	102	0.999959
139	126	0.999905
313	288	0.999925
195	162	0.9999
394	341	0.999932
140	120	0.999979
206	203	0.999979
385	351	0.999894
87	78	0.999896
470	377	0.999932
60	56	0.999928
155	131	0.999993
57	48	0.999897
248	218	0.999968
74	72	0.999971
310	268	0.999918
444	441	0.999993
470	407	0.999935
317	287	0.999901
84	67	0.999948
182	173	0.999989
298	266	0.999937
107	83	0.999923
109	90	0.999974
456	390	0.999893
189	169	0.999923
367	340	0.999949
143	123	0.999933
443	353	0.999931
318	294	0.99993
371	349	0.999931
458	431	0.999914
136	108	0.999969
121	111	0.999976
380	326	0.999951
394	329	0.999948
385	352	0.999998
126	104	0.999893
58	47	0.999978
345	296	0.999991
222	165	0.999932
205	154	0.999928
387	369	0.999923
240	223	0.999915
143	127	0.999985
339	264	0.999944
174	156	0.999896
357	353	0.999983
301	229	0.999983
308	252	0.999995
260	253	0.999893
390	367	0.999931
258	195	0.999897
452	342	0.999938
377	314	0.999999
360	312	0.999942
370	343	0.999983
167	125	0.99994
122	100	0.999945
465	357	0.999899
371	299	0.999954
238	198	0.999923
82	68	0.999955
113	86	0.999948
237	230	0.999958
177	141	0.999925
466	395	0.999953
471	430	0.999937
325	255	0.999912
453	352	0.999915
89	79	0.999951
155	128	0.999932
390	370	1
318	237	0.999894
129	128	0.999898
181	140	0.999892
214	210	0.999969
179	141	0.999901
66	62	0.999981
124	123	0.999903
55	49	0.999937
397	338	0.999916
129	96	0.999923
136	103	0.999927
394	388	0.999982
236	196	0.999982
210	158	0.999908
175	143	0.999985
62	49	0.999933
219	218	0.999997
102	83	0.999998
452	388	0.99999
345	327	0.999921
121	93	0.99993
359	301	0.999944
328	256	0.999909
346	287	0.999919
487	394	0.999954
116	92	0.999901
430	347	0.999958
314	313	0.999936
193	166	0.999975
276	210	0.999967
394	359	0.999899
169	135	0.999892
58	51	0.999955
336	254	0.999992
424	337	0.999909
81	79	0.999976
283	252	0.999971
206	185	0.999968
234	191	0.999901
178	140	0.999939
221	194	0.999997
163	126	0.999978
372	360	0.999926
204	177	0.999996
409	357	0.999983
370	356	0.999955
221	185	0.999922
190	165	0.99998
146	143	0.999986
305	249	0.999931
205	195	0.999932
66	63	0.999908
211	193	0.999958
284	212	1
331	252	0.999993
343	255	0.999918
442	423	0.999976
298	281	0.999933
87	71	0.999949
204	168	0.999967
307	287	0.999895
272	235	0.999972
337	288	0.99994
239	180	0.999913
260	196	0.999996
202	170	0.999981
199	192	0.9999
63	55	0.999921
386	344	0.99993
156	144	0.999998
490	374	0.999893
379	377	0.999901
91	88	0.999981
142	128	0.999928
295	256	0.999963
259	258	0.99999
163	140	0.999921
153	142	0.9999
78	73	0.999921
257	210	0.999978
497	409	0.999921
178	156	0.999984
377	335	0.999941
336	298	0.9999
194	175	0.999939
168	158	0.999964
102	93	0.999974
165	130	0.999912
159	153	0.999959
448	417	0.99993
224	172	0.999992
484	400	0.999983
472	365	0.999934
203	163	0.999984
233	188	0.999966
287	221	0.999911
497	462	0.999897
88	77	0.999983
338	270	0.999914
367	361	0.999997
409	390	0.999902
142	136	0.999978
297	275	0.999957
454	355	0.999913
382	363	0.999894
259	245	0.999954
328	245	0.999934
149	139	0.999968
401	378	0.999971
205	177	0.999975
360	342	0.999941
326	285	0.9999
207	175	0.999901
261	232	0.999899
77	64	0.999931
389	303	0.999994
376	339	0.999908
390	387	0.999917
250	236	0.999997
462	459	0.999979
226	168	0.999989
274	225	1
181	179	0.999931
472	471	0.999935
183	176	0.999995
421	319	0.999962
188	180	0.999892
56	49	0.999958
136	133	0.999892
415	399	0.999964
469	369	0.999895
70	65	0.999982
447	419	0.999986
348	283	0.999894
194	162	0.999932
348	340	0.99998
418	337	0.99992
98	83	0.999913
200	153	0.999998
178	168	0.999917
65	63	0.999943
415	340	0.999924
217	185	0.999918
53	41	0.999951
106	84	0.999933
238	218	0.999955
99	98	0.99999
205	162	0.999972
123	121	0.999922
376	341	0.999931
357	284	0.999971
169	166	0.999905
239	196	0.999984
118	93	0.999973
194	177	0.999964
202	179	0.999935
464	398	0.999895
454	353	0.999923
262	208	0.999892
76	75	0.999932
54	41	0.999926
77	64	0.999998
217	200	0.999965
295	224	0.99997
299	260	0.999963
220	210	0.999963
141	132	0.999914
144	143	0.999922
469	450	0.999905
354	301	0.999899
130	98	0.999972
489	442	0.999939
486	417	0.999935
201	176	0.999994
282	268	0.99995
232	202	0.999987
455	343	0.999984
279	254	0.999949
132	125	0.999943
485	425	0.999945
403	341	0.999998
353	348	0.999905
398	345	0.999994
178	168	0.999997
341	337	0.999996
452	361	0.999906
160	155	0.999922
201	153	0.999894
366	308	0.999971
55	45	0.999892
194	155	0.999897
231	181	0.999971
244	238	0.999991
466	379	0.999979
220	179	0.999944
313	292	0.999965
330	266	0.999936
122	92	0.999972
187	143	0.999905
381	311	0.999985
369	285	0.999984
153	123	0.999948
342	314	0.999968
214	182	0.999958
371	352	0.999895
392	341	0.999938
107	98	0.99999
165	162	0.99998
193	175	0.99997
308	231	0.999978
266	244	0.999916
94	70	0.999912
350	320	0.999964
220	173	0.999938
304	236	0.999927
392	381	0.999969
349	321	0.999935
302	225	0.999935
211	182	0.999995
69	56	0.999896
140	122	0.999943
276	205	0.999899
211	186	0.999949
449	436	0.999897
273	205	0.999911
436	414	0.99997
81	79	0.999919
165	156	0.999895
72	54	0.999957
157	155	0.999991
356	289	0.999938
182	178	0.999941
208	181	0.999967
446	445	0.999991
141	111	0.999949
306	229	0.999998
72	57	0.999986
423	347	0.999923
403	387	0.999999
175	167	0.999919
106	90	0.999933
365	342	0.999941
133	126	0.999916
309	268	0.999895
368	298	0.999954
248	234	0.999963
403	338	0.999926
167	137	0.99998
286	240	0.999955
214	201	0.999981
279	223	0.999986
336	250	0.999986
486	459	0.999956
360	349	0.999917
70	52	0.999995
409	315	0.999989
444	368	0.999966
458	360	0.999925
153	142	0.999931
89	78	0.999911
427	318	0.999961
169	130	0.999939
274	267	0.999934
87	77	0.999993
163	159	0.999999
128	102	0.999893
334	272	0.999945
451	435	0.999952
91	68	0.999942
447	426	0.999973
258	213	0.999915
134	100	0.999936
82	76	0.99994
273	228	0.999901
251	246	0.999985
186	178	0.999994
258	243	0.999968
358	348	0.999892
396	378	0.999976
499	382	0.999991
182	137	0.999953
368	298	0.99992
80	60	0.999975
443	429	0.999895
387	350	0.999904
144	142	0.999944
116	99	0.999909
356	267	0.999918
221	207	0.999956
61	49	0.999907
277	268	0.999964
125	114	0.999939
201	172	0.999928
62	56	0.999988
264	241	0.999944
188	163	0.999977
72	71	0.999992
181	180	0.999933
416	343	0.999935
383	357	0.999922
261	232	0.999951
307	289	0.999975
174	148	0.999992
371	346	0.999992
185	151	0.999945
242	186	0.999963
123	113	0.999953
434	427	0.999981
455	378	0.999945
89	67	0.999992
426	398	0.999961
483	427	0.999974
491	404	0.999955
300	267	0.999929
176	162	0.999897
66	53	0.99998
161	127	0.999898
424	387	0.999934
312	240	0.999936
458	356	0.999931
368	311	0.999903
53	48	0.999959
180	160	0.999994
393	351	0.999907
447	396	0.999911
128	108	0.999999
111	99	0.99998
109	105	0.999954
278	255	0.99996
93	87	0.999912
480	445	0.999921
470	411	0.999908
209	203	0.999938
372	332	0.999996
441	364	0.999912
102	79	0.999946
173	171	0.999968
466	411	0.999993
326	263	0.999998
179	151	0.999981
72	58	0.999912
436	375	0.999939
67	59	0.999915
141	115	0.99999
75	56	0.999895
480	452	0.999949
221	197	0.999966
55	51	0.999905
424	356	0.999975
129	109	0.999983
400	380	0.999909
259	230	0.99993
384	298	0.999919
108	88	0.99999
76	73	0.999947
261	260	0.999981
309	241	0.999909
263	241	0.999941
197	149	0.999974
423	385	0.999893
304	260	0.999973
246	204	0.999925
137	122	0.999929
498	409	0.999897
262	258	0.999989
152	124	0.999925
435	359	0.999925
131	117	0.999932
384	344	0.999995
101	87	0.999964
488	380	0.999935
242	216	0.99993
93	86	0.999913
406	376	0.999981
324	301	0.999969
269	202	0.999928
279	236	0.999901
194	154	0.999916
212	178	0.999904
143	122	0.999939
225	194	0.999987
500	380	0.999949
481	451	0.999971
209	184	0.999977
465	402	0.99997
120	105	0.999921
381	330	0.999938
454	434	0.999936
79	63	0.999944
446	382	0.999899
207	184	0.999941
218	164	0.999923
51	49	0.999935
201	150	0.999945
402	331	0.999984
435	364	0.99998
193	167	0.999974
499	482	0.999944
447	343	0.999954
88	73	0.999953
178	153	0.999991
303	266	0.999941
159	157	0.99998
284	268	0.999916
72	59	0.99991
393	352	0.999918
127	116	0.99996
102	96	0.999927
397	316	0.999998
448	345	0.999966
471	467	0.999964
468	402	0.999939
471	400	0.999946
128	113	0.99999
402	369	0.999981
468	463	0.999926
103	88	0.999903
280	249	0.999973
372	346	0.999971
397	369	0.999944
488	385	0.999999
220	199	0.99994
132	127	0.999912
112	88	0.999908
358	347	0.999906
384	365	0.999988
206	153	0.999992
132	127	0.99998
295	288	0.999923
294	278	0.999985
75	72	0.99992
273	239	0.999975
430	357	0.99992
310	291	0.999946
375	331	0.999972
210	196	0.999983
433	363	0.999896
460	449	0.99994
446	379	0.999947
61	57	0.999972
376	323	0.999914
460	398	0.999936
166	165	0.999903
457	411	0.999932
201	165	0.999977
403	336	0.999898
172	163	0.999967
446	444	0.99991
213	188	0.999927
332	331	0.999995
196	150	0.99992
393	314	0.999901
218	213	0.999918
450	367	0.999951
448	409	0.999924
248	194	0.999966
470	406	0.99992
458	441	0.999903
416	310	0.999954
138	110	0.999892
257	253	0.999955
243	204	0.999969
434	328	0.999892
417	394	0.999964
318	298	0.999915
464	377	0.999947
183	176	0.99992
357	326	0.99995
484	413	0.999987
449	414	0.999901
351	303	0.999939
500	415	0.999924
82	62	0.999981
346	295	0.999987
73	61	0.999982
210	182	0.999895
121	116	0.999951
278	258	0.99999
63	48	0.999923
471	410	0.999974
472	354	0.999892
121	92	0.999946
298	264	0.999955
379	334	0.999934
181	173	0.999929
187	171	0.999938
384	287	0.999932
85	66	0.999993
265	203	0.999998
291	233	0.999908
380	292	0.99998
78	65	0.99993
237	235	0.999919
494	426	0.999934
175	169	0.999934
157	147	0.999958
307	283	0.999925
340	270	0.999915
198	174	0.99996
296	234	0.999921
97	86	0.999961
155	130	0.999908
203	170	0.999934
224	196	0.999919
67	59	0.999971
333	299	0.999902
372	302	0.999911
273	235	0.999932
