1500
184	84	0.998843
184	52	0.999242
184	71	0.998401
184	142	0.999499
184	89	0.999262
184	96	0.9986
184	155	0.998636
184	116	0.99963
184	122	0.999344
184	54	0.998676
184	61	0.999562
184	50	0.998056
184	78	0.999087
184	127	0.999904
184	104	0.999515
184	50	0.998866
184	59	0.998872
184	71	0.999694
184	68	0.999556
184	60	0.998759
184	181	0.998531
184	127	0.998654
184	54	0.999831
184	182	0.99894
184	166	0.999192
184	47	0.999318
184	143	0.999479
184	76	0.998604
184	169	0.998785
184	128	0.998439
184	104	0.998366
184	43	0.99803
184	135	0.998503
184	103	0.99896
184	169	0.999751
184	65	0.999099
184	131	0.999497
184	68	0.998493
184	72	0.999719
184	130	0.99963
184	160	0.998048
184	73	0.998102
184	124	0.999274
184	139	0.999198
184	164	0.998429
184	101	0.999578
184	71	0.999759
184	152	0.999825
184	170	0.99831
184	59	0.99961
184	157	0.998439
184	100	0.999449
184	120	0.999542
184	160	0.999759
184	68	0.999984
184	79	0.998316
184	125	0.998908
184	109	0.998209
184	130	0.998399
184	124	0.998272
184	90	0.999375
184	124	0.999179
184	163	0.99925
184	54	0.999316
184	123	0.998131
184	176	0.998507
184	150	0.999274
184	60	0.999121
184	126	0.998741
184	86	0.998517
184	169	0.999387
184	79	0.999063
184	84	0.998139
184	91	0.999465
184	91	0.998882
184	66	0.998727
184	67	0.999019
184	171	0.998564
184	180	0.999618
184	65	0.998449
184	52	0.999342
184	102	0.999887
184	151	0.998312
184	146	0.998153
184	65	0.999449
184	57	0.999538
184	136	0.999763
184	104	0.999407
184	165	0.998366
184	179	0.999069
184	106	0.999346
184	101	0.998868
184	87	0.999994
184	168	0.998862
184	86	0.998229
184	63	0.999161
184	74	0.999511
184	164	0.999302
184	52	0.998688
184	63	0.999437
184	81	0.998719
184	157	0.999067
184	65	0.999527
184	163	0.999328
184	147	0.999678
184	47	0.998187
184	143	0.999783
184	153	0.999008
184	88	0.999531
184	180	0.998445
184	42	0.999413
184	101	0.999033
184	129	0.99829
184	135	0.998805
184	146	0.999817
184	71	0.998286
184	44	0.998795
184	163	0.998654
184	111	0.999793
184	44	0.999544
184	131	0.999717
184	94	0.998477
184	111	0.998938
184	146	0.999897
184	144	0.999823
184	71	0.999461
184	108	0.99957
184	54	0.998588
184	155	0.999167
184	175	0.998179
184	124	0.999105
184	62	0.999829
184	140	0.999867
184	143	0.998556
184	168	0.998197
184	174	0.998902
184	111	0.999751
184	55	0.999395
184	61	0.998533
184	101	0.999835
184	50	0.998982
184	145	0.998616
184	146	0.998171
184	80	0.999867
184	85	0.99802
184	67	0.999793
184	46	0.998944
184	90	0.999568
184	59	0.99959
184	128	0.998914
184	181	0.998713
184	143	0.999835
184	106	0.998163
184	177	0.998129
184	58	0.998606
184	161	0.999252
184	53	0.998062
184	120	0.999389
184	75	0.998558
184	76	0.998749
184	106	0.998038
184	101	0.999964
184	70	0.999527
184	112	0.998853
184	103	0.99857
184	178	0.998998
184	70	0.999405
184	108	0.999282
184	89	0.999843
184	93	0.999819
184	162	0.998719
184	124	0.999956
184	79	0.999016
184	176	0.998862
184	60	0.99935
184	134	0.999274
184	178	0.999733
184	161	0.999727
184	177	0.998896
184	61	0.998342
184	81	0.998407
184	179	0.999489
184	96	0.999453
184	145	0.999564
184	127	0.999865
184	108	0.999021
184	178	0.999039
184	181	0.998908
184	92	0.999316
184	113	0.99831
184	115	0.998787
184	82	0.999642
184	174	0.999847
184	64	0.998348
184	44	0.999867
184	126	0.998141
184	124	0.998668
184	66	0.998904
184	127	0.999843
184	152	0.998328
184	169	0.999157
184	116	0.999906
184	172	0.998076
184	71	0.998175
184	71	0.999401
184	66	0.999795
184	65	0.998916
184	152	0.999863
184	172	0.999546
184	92	0.999958
184	157	0.99857
184	151	0.999443
184	138	0.999544
184	180	0.999274
184	157	0.999658
184	129	0.999706
184	116	0.999932
184	47	0.998747
184	92	0.999787
184	124	0.999532
184	157	0.999288
184	57	0.999445
184	175	0.999833
184	102	0.998926
184	133	0.999984
184	71	0.998213
184	87	0.998401
184	116	0.9996
184	163	0.999342
184	128	0.998537
184	164	0.998417
184	141	0.998338
184	153	0.999644
184	49	0.999244
184	104	0.998364
184	153	0.999129
184	92	0.998614
184	62	0.998727
184	86	0.999067
184	78	0.998233
184	68	0.999616
184	74	0.998998
184	79	0.999801
184	106	0.998703
184	43	0.999361
184	175	0.999914
184	117	0.999314
184	118	0.999751
184	150	0.998129
184	93	0.999847
184	65	0.998084
184	160	0.998862
184	132	0.998582
184	159	0.999399
184	146	0.999149
184	125	0.999238
184	104	0.998266
184	115	0.999773
184	147	0.998026
184	136	0.999127
184	42	0.998153
184	104	0.998163
184	169	0.999519
184	143	0.999825
184	103	0.999737
184	117	0.999306
184	80	0.999371
184	130	0.999972
184	56	0.998872
184	67	0.998837
184	93	0.998614
184	102	0.999123
184	173	0.999429
184	136	0.999045
184	146	0.999222
184	94	0.998894
184	104	0.999608
184	181	0.999381
184	106	0.998745
184	141	0.998159
184	170	0.999238
184	72	0.999497
184	107	0.999125
184	76	0.999312
184	174	0.999123
184	71	0.99868
184	157	0.99807
184	122	0.999614
184	166	0.998572
184	154	0.999741
184	66	0.998121
184	95	0.998483
184	42	0.999103
184	147	0.998384
184	80	0.998495
184	53	0.998926
184	167	0.99954
184	117	0.998483
184	82	0.998155
184	83	0.999606
184	113	0.998996
184	122	0.998179
184	178	0.998153
184	66	0.998821
184	63	0.998759
184	123	0.999067
184	156	0.999791
184	75	0.999529
184	96	0.998847
184	60	0.998912
184	43	0.998026
184	110	0.998747
184	43	0.998475
184	158	0.999769
184	133	0.998978
184	104	0.999439
184	88	0.998624
184	96	0.999258
184	115	0.998765
184	119	0.999495
184	67	0.998678
184	164	0.998465
184	104	0.999248
184	124	0.99892
184	146	0.99897
184	153	0.999849
184	72	0.999986
184	141	0.998306
184	76	0.999246
184	152	0.998743
184	72	0.998884
184	174	0.998413
184	178	0.99858
184	145	0.998439
184	100	0.999761
184	117	0.998032
184	159	0.998698
184	52	0.999041
184	113	0.998382
184	143	0.999371
184	116	0.999511
184	118	0.999206
184	124	0.998137
184	72	0.999825
184	104	0.999399
184	154	0.998219
184	101	0.998636
184	104	0.998457
184	91	0.999536
184	105	0.999224
184	94	0.999674
184	97	0.999153
184	102	0.99929
184	48	0.998948
184	52	0.999505
184	49	0.999296
184	118	0.99804
184	128	0.998765
184	112	0.999
184	141	0.999634
184	172	0.998092
184	92	0.998046
184	61	0.99835
184	103	0.999881
184	178	0.998747
184	124	0.999145
184	64	0.999908
184	127	0.998382
184	146	0.999642
184	147	0.998405
184	179	0.998248
184	89	0.998443
184	94	0.998837
184	136	0.998545
184	115	0.998576
184	177	0.9997
184	171	0.99888
184	107	0.999356
184	87	0.999379
184	87	0.999901
184	150	0.998366
184	126	0.99959
184	169	0.998413
184	158	0.998739
184	147	0.99899
184	170	0.998487
184	146	0.998344
184	131	0.999091
184	102	0.999731
184	124	0.998392
184	60	0.999109
184	93	0.999266
184	176	0.999415
184	183	0.998992
184	179	0.998543
184	42	0.998813
184	143	0.998125
184	44	0.999021
184	66	0.998564
184	73	0.999952
184	130	0.998733
184	124	0.99832
184	121	0.999644
184	181	0.99832
184	180	0.998703
184	151	0.998519
184	104	0.99806
184	87	0.998938
184	180	0.998314
184	128	0.999517
184	85	0.999334
184	95	0.999071
184	91	0.998028
184	109	0.99994
184	44	0.999974
184	147	0.998827
184	146	0.998576
184	127	0.999761
184	101	0.998272
184	83	0.998354
184	136	0.999544
184	174	0.999445
184	51	0.99898
184	162	0.998262
184	79	0.999141
184	181	0.999745
184	59	0.998151
184	115	0.999743
184	127	0.998942
184	44	0.998928
184	89	0.998717
184	79	0.99922
184	169	0.999532
184	63	0.998058
184	125	0.998602
184	167	0.998745
184	96	0.999336
184	51	0.99886
184	69	0.998499
184	72	0.999658
184	123	0.999312
184	112	0.999171
184	99	0.999568
184	147	0.998791
184	127	0.998916
184	111	0.999139
184	183	0.998094
184	77	0.999544
184	133	0.998634
184	182	0.998606
184	134	0.998109
184	54	0.999906
184	94	0.998469
184	62	0.999401
184	142	0.998094
184	104	0.999825
184	95	0.998904
184	134	0.999173
184	71	0.999021
184	72	0.998433
184	127	0.99892
184	137	0.998376
184	177	0.998829
184	164	0.999847
184	136	0.999045
184	164	0.999029
184	149	0.998415
184	56	0.9983
184	117	0.998076
184	181	0.99828
184	163	0.998918
184	82	0.998231
184	78	0.998441
184	81	0.998874
184	93	0.998227
184	169	0.999968
184	71	0.999829
184	82	0.999755
184	69	0.998803
184	136	0.998515
184	110	0.999334
184	95	0.99868
184	81	0.99826
184	81	0.999572
184	171	0.999743
184	92	0.998407
184	47	0.999918
184	105	0.998896
184	137	0.999131
184	162	0.998294
184	57	0.999729
184	87	0.999065
184	42	0.998908
184	90	0.998634
184	182	0.998397
184	68	0.998858
184	101	0.998437
184	145	0.998956
184	44	0.999159
184	68	0.998326
184	81	0.999184
184	93	0.998284
184	131	0.998751
184	73	0.998511
184	76	0.998684
184	43	0.999157
184	72	0.998912
184	135	0.999039
184	165	0.999582
184	171	0.999702
184	73	0.999155
184	179	0.998181
184	132	0.998739
184	110	0.999853
184	112	0.999025
184	159	0.998509
184	121	0.999006
184	131	0.999966
184	177	0.998845
184	45	0.999976
184	127	0.998662
184	83	0.998096
184	82	0.998441
184	67	0.99826
184	110	0.999584
184	144	0.998175
184	132	0.998813
184	117	0.999352
184	182	0.999387
184	159	0.998445
184	133	0.998173
184	114	0.998578
184	164	0.998586
184	92	0.998032
184	173	0.999628
184	92	0.999914
184	50	0.998217
184	43	0.999698
184	104	0.999791
184	84	0.998942
184	84	0.998451
184	94	0.999069
184	117	0.998284
184	79	0.999039
184	111	0.998175
184	110	0.998539
184	71	0.998737
184	157	0.998994
184	140	0.999073
184	182	0.999417
184	182	0.999901
184	45	0.999901
184	81	0.999602
184	106	0.99839
184	76	0.999795
184	71	0.998612
184	159	0.998531
184	61	0.999014
184	100	0.999608
184	113	0.999477
184	86	0.998163
184	46	0.998874
184	163	0.998092
184	164	0.999566
184	124	0.998086
184	53	0.998201
184	80	0.999638
184	138	0.998753
184	117	0.998268
184	182	0.998088
184	72	0.999572
184	97	0.999004
184	89	0.999745
184	45	0.998105
184	71	0.998109
184	89	0.998358
184	46	0.999582
184	123	0.999489
184	127	0.998761
184	102	0.999129
184	149	0.999228
184	66	0.999813
184	50	0.998487
184	81	0.998543
184	141	0.999063
184	169	0.999049
184	128	0.999992
184	66	0.998701
184	108	0.998944
184	52	0.998419
184	73	0.998572
184	80	0.999751
184	148	0.999753
184	157	0.999562
184	168	0.998833
184	128	0.998326
184	176	0.999527
184	62	0.999763
184	176	0.999373
184	164	0.999889
184	83	0.999234
184	177	0.998189
184	150	0.999534
184	108	0.998215
184	159	0.998302
184	76	0.998447
184	135	0.999027
184	62	0.999674
184	177	0.999636
184	181	0.999139
184	56	0.998779
184	51	0.998998
184	85	0.999057
184	51	0.999077
184	110	0.998598
184	86	0.999151
184	143	0.99829
184	94	0.99807
184	136	0.999027
184	125	0.999717
184	132	0.999656
184	135	0.999427
184	149	0.998362
184	90	0.999497
184	63	0.998284
184	164	0.999849
184	157	0.998235
184	71	0.998499
184	72	0.999867
184	148	0.999387
184	177	0.999604
184	157	0.999179
184	170	0.998215
184	79	0.999532
184	134	0.998298
184	64	0.999932
184	50	0.999246
184	111	0.998459
184	125	0.999741
184	66	0.998312
184	133	0.999214
184	68	0.998707
184	178	0.999544
184	132	0.99996
184	87	0.998721
184	75	0.999018
184	93	0.99996
184	179	0.999861
184	143	0.998056
184	137	0.998517
184	55	0.999747
184	179	0.999938
184	53	0.998107
184	144	0.998721
184	146	0.999815
184	101	0.998862
184	59	0.998415
184	172	0.99922
184	151	0.999258
184	76	0.998296
184	53	0.998403
184	65	0.99867
184	47	0.999624
184	105	0.998477
184	139	0.998662
184	71	0.999041
184	99	0.999258
184	99	0.999477
184	158	0.998523
184	68	0.998855
184	133	0.998197
184	134	0.999704
184	48	0.998312
184	52	0.998916
184	108	0.999091
184	126	0.999831
184	127	0.999463
184	164	0.998642
184	62	0.999833
184	98	0.998519
184	68	0.999363
184	107	0.998954
184	125	0.998507
184	168	0.998227
184	141	0.999618
184	102	0.998477
184	133	0.998521
184	98	0.998125
184	102	0.999604
184	70	0.998727
184	63	0.99837
184	161	0.999556
184	89	0.999594
184	172	0.998956
184	141	0.999467
184	58	0.998096
184	125	0.998709
184	67	0.998352
184	175	0.99827
184	167	0.998638
184	76	0.9996
184	154	0.998306
184	169	0.998676
184	88	0.998195
184	87	0.998827
184	138	0.998827
184	172	0.99997
184	98	0.999548
184	154	0.998934
184	118	0.999805
184	135	0.99899
184	69	0.998109
184	101	0.998823
184	65	0.999254
184	130	0.99808
184	146	0.999188
184	128	0.998209
184	90	0.99826
184	136	0.999177
184	101	0.999228
184	168	0.999717
184	72	0.999972
184	65	0.99956
184	143	0.999439
184	84	0.998936
184	52	0.998592
184	151	0.999946
184	72	0.999908
184	159	0.998115
184	80	0.998376
184	115	0.998874
184	75	0.999186
184	135	0.999014
184	160	0.999248
184	53	0.998064
184	49	0.999964
184	145	0.999843
184	86	0.999829
184	141	0.999449
184	92	0.998068
184	100	0.998686
184	105	0.999149
184	100	0.998628
184	99	0.999069
184	99	0.999763
184	67	0.998507
184	43	0.99835
184	85	0.999715
184	87	0.999467
184	53	0.999029
184	102	0.999155
184	144	0.99857
184	161	0.999572
184	81	0.998632
184	116	0.999123
184	78	0.998759
184	166	0.999877
184	130	0.999425
184	56	0.999698
184	54	0.999835
184	146	0.999556
184	130	0.999047
184	50	0.998771
184	136	0.998459
184	183	0.999443
184	84	0.998364
184	51	0.998427
184	103	0.999461
184	160	0.999101
184	76	0.99836
184	105	0.999799
184	179	0.999972
184	156	0.999727
184	61	0.998781
184	124	0.998187
184	61	0.999439
184	172	0.99804
184	151	0.99959
184	162	0.998594
184	183	0.998515
184	165	0.998811
184	52	0.998157
184	140	0.999908
184	168	0.998302
184	88	0.999608
184	54	0.99802
184	153	0.998715
184	114	0.999497
184	106	0.999682
184	178	0.99863
184	66	0.999899
184	165	0.998892
184	174	0.999926
184	99	0.998332
184	67	0.999604
184	176	0.998372
184	79	0.999511
184	58	0.99894
184	145	0.999381
184	54	0.998574
184	98	0.99834
184	169	0.999704
184	78	0.999169
184	110	0.999006
184	156	0.99927
184	68	0.999658
184	89	0.998195
184	75	0.999813
184	65	0.999612
184	130	0.998378
184	152	0.998662
184	108	0.999179
184	161	0.999865
184	107	0.9996
184	130	0.998908
184	128	0.999014
184	161	0.998058
184	162	0.999859
184	164	0.998964
184	138	0.998916
184	98	0.998843
184	90	0.999729
184	179	0.99901
184	128	0.999684
184	118	0.999664
184	151	0.998904
184	130	0.999906
184	170	0.999612
184	79	0.998326
184	148	0.998227
184	69	0.998123
184	180	0.999194
184	166	0.998203
184	88	0.998592
184	135	0.998493
184	158	0.998497
184	113	0.998052
184	65	0.999
184	44	0.998622
184	79	0.999204
184	89	0.99809
184	183	0.999274
184	168	0.999984
184	150	0.998282
184	109	0.9992
184	111	0.999441
184	156	0.99992
184	98	0.998908
184	44	0.99857
184	75	0.999817
184	106	0.999167
184	63	0.999968
184	168	0.998415
184	170	0.999471
184	114	0.998117
184	53	0.999423
184	114	0.998304
184	108	0.999916
184	95	0.999859
184	121	0.999594
184	128	0.999157
184	157	0.999292
184	48	0.99866
184	171	0.999887
184	173	0.998584
184	181	0.999292
184	113	0.999819
184	105	0.998358
184	164	0.998531
184	149	0.999133
184	129	0.99809
184	55	0.998072
184	57	0.999314
184	183	0.999934
184	62	0.999881
184	53	0.9983
184	54	0.998316
184	117	0.999276
184	63	0.99997
184	57	0.999536
184	89	0.999513
184	125	0.998153
184	137	0.999893
184	153	0.998644
184	170	0.998362
184	81	0.998211
184	86	0.998326
184	83	0.999546
184	181	0.999415
184	156	0.999123
184	127	0.99958
184	158	0.998447
184	151	0.999692
184	167	0.999101
184	158	0.99826
184	176	0.99893
184	161	0.999296
184	137	0.999365
184	181	0.999517
184	117	0.999059
184	75	0.998658
184	149	0.999698
184	170	0.999244
184	50	0.999706
184	172	0.998608
184	80	0.999698
184	181	0.999702
184	162	0.998032
184	125	0.999883
184	180	0.998696
184	153	0.998044
184	172	0.999761
184	159	0.99834
184	51	0.999246
184	73	0.999954
184	117	0.99857
184	115	0.998356
184	152	0.998519
184	128	0.99958
184	58	0.998781
184	94	0.998046
184	178	0.999901
184	166	0.998715
184	97	0.99891
184	134	0.999224
184	95	0.999855
184	151	0.999214
184	111	0.998701
184	113	0.999865
184	97	0.998014
184	51	0.999958
184	78	0.99957
184	99	0.999383
184	144	0.999525
184	147	0.998886
184	150	0.998111
184	115	0.999069
184	78	0.998749
184	128	0.99927
184	167	0.998604
184	54	0.999644
184	130	0.999097
184	43	0.998195
184	164	0.999141
184	101	0.999495
184	66	0.998908
184	131	0.998322
184	86	0.998503
184	81	0.998157
184	60	0.999344
184	144	0.998851
184	134	0.999405
184	44	0.999451
184	53	0.999616
184	59	0.999079
184	113	0.998324
184	119	0.998922
184	116	0.999499
184	100	0.998823
184	102	0.998175
184	54	0.998459
184	66	0.998576
184	61	0.999021
184	70	0.999513
184	125	0.998851
184	88	0.998286
184	182	0.999901
184	65	0.998237
184	178	0.998594
184	152	0.999431
184	145	0.998731
184	176	0.998066
184	120	0.998755
184	149	0.998384
184	80	0.998525
184	90	0.99997
184	62	0.998195
184	49	0.998956
184	158	0.99828
184	113	0.999399
184	153	0.999865
184	69	0.998554
184	73	0.99966
184	174	0.998354
184	147	0.99899
184	66	0.998463
184	131	0.999234
184	83	0.999441
184	113	0.999704
184	149	0.999966
184	86	0.998632
184	98	0.999304
184	158	0.9983
184	128	0.999636
184	96	0.998652
184	144	0.999443
184	74	0.999105
184	122	0.998948
184	177	0.999596
184	147	0.999922
184	135	0.998928
184	101	0.999045
184	97	0.9981
184	87	0.999558
184	96	0.999004
184	56	0.99869
184	90	0.999224
184	82	0.999407
184	173	0.998938
184	105	0.998064
184	173	0.999708
184	171	0.998662
184	82	0.998374
184	120	0.999497
184	51	0.999773
184	165	0.998582
184	101	0.999274
184	169	0.998688
184	102	0.999421
184	74	0.999922
184	160	0.998884
184	81	0.998841
184	155	0.999425
184	123	0.998264
184	126	0.999057
184	55	0.998241
184	146	0.999077
184	127	0.999336
184	150	0.998674
184	129	0.998096
184	124	0.998884
184	126	0.998403
184	169	0.999678
184	152	0.998751
184	148	0.998996
184	88	0.999666
184	162	0.999544
184	168	0.998018
184	168	0.999361
184	179	0.9993
184	183	0.998562
184	130	0.998717
184	152	0.999566
184	156	0.999532
184	49	0.998922
184	159	0.998499
184	46	0.999763
184	88	0.999423
184	49	0.999447
184	68	0.999186
184	130	0.998845
184	126	0.998862
184	178	0.998727
184	140	0.999039
184	82	0.99996
184	158	0.999793
184	60	0.999236
184	61	0.999727
184	142	0.998119
184	136	0.998713
184	119	0.999471
184	147	0.998443
184	152	0.998622
184	113	0.999904
184	100	0.999763
184	44	0.99866
184	144	0.998336
184	132	0.998817
184	107	0.999658
184	140	0.998715
184	87	0.999531
184	129	0.999895
184	160	0.999883
184	148	0.998956
184	54	0.998119
184	182	0.998755
184	154	0.999196
184	104	0.998527
184	104	0.998231
184	43	0.999801
184	159	0.998696
184	46	0.999457
184	181	0.99895
184	148	0.999487
184	75	0.998479
184	150	0.998797
184	49	0.999131
184	102	0.999932
184	91	0.998737
184	91	0.998666
184	115	0.999803
184	92	0.998185
184	67	0.999018
184	134	0.999721
184	54	0.998167
184	148	0.998362
184	104	0.999244
184	172	0.998735
184	70	0.998958
184	116	0.999167
184	44	0.998558
184	175	0.999813
184	130	0.99992
184	68	0.999077
184	42	0.998856
184	142	0.999706
184	180	0.999636
184	68	0.99928
184	106	0.998181
184	180	0.998111
184	102	0.999658
184	67	0.99963
184	160	0.998195
184	81	0.999562
184	67	0.998868
184	144	0.998554
184	97	0.99992
184	121	0.998213
184	56	0.998658
184	114	0.999391
184	89	0.998171
184	175	0.999352
184	87	0.99808
184	80	0.999179
184	167	0.999849
184	180	0.999658
184	104	0.998272
184	65	0.999272
184	176	0.998751
184	172	0.999572
184	102	0.998499
184	162	0.998541
184	177	0.998505
184	64	0.999527
184	116	0.999592
184	176	0.998054
184	51	0.99807
184	145	0.999521
184	70	0.999184
184	108	0.998342
184	177	0.999041
184	114	0.998137
184	69	0.998141
184	135	0.998795
184	121	0.999505
184	178	0.999787
184	51	0.999234
184	141	0.998638
184	63	0.998707
184	105	0.999883
184	64	0.998894
184	177	0.998946
184	183	0.999123
184	84	0.999865
184	139	0.998773
184	172	0.998278
184	139	0.999899
184	77	0.99955
184	72	0.999749
184	177	0.99925
184	127	0.998451
184	103	0.998845
184	131	0.999769
184	165	0.999564
184	50	0.998145
184	132	0.999332
184	109	0.999855
184	97	0.998749
184	143	0.999682
184	109	0.999877
184	60	0.999218
184	124	0.999395
184	74	0.998262
184	159	0.998241
184	64	0.999477
184	76	0.998489
184	76	0.998155
184	49	0.998517
184	160	0.999423
184	95	0.998546
184	71	0.998173
184	173	0.999292
184	95	0.998296
184	133	0.998739
184	92	0.99962
184	46	0.999873
184	46	0.998151
184	162	0.999704
184	95	0.998912
184	161	0.999198
184	146	0.999433
184	141	0.99921
184	67	0.999371
184	63	0.999059
184	54	0.999023
184	146	0.998123
184	131	0.998394
184	179	0.998755
184	56	0.999538
184	181	0.998729
184	161	0.999994
184	97	0.998705
184	178	0.998229
184	107	0.998745
184	152	0.998032
184	83	0.999103
184	154	0.99896
184	110	0.999437
184	157	0.998209
184	168	0.999439
184	181	0.99803
184	164	0.998316
184	101	0.998711
184	144	0.999268
184	169	0.998769
184	183	0.999045
184	179	0.998151
184	175	0.999171
184	96	0.998634
184	64	0.999407
184	166	0.999918
184	165	0.998797
184	159	0.999751
184	114	0.999471
184	108	0.999085
184	92	0.998429
184	151	0.999175
184	124	0.99862
184	88	0.998556
184	153	0.998062
184	73	0.999712
184	164	0.999801
184	118	0.998803
184	94	0.99865
184	54	0.9986
184	83	0.998886
184	126	0.998415
184	135	0.998799
184	42	0.998719
184	105	0.998286
184	155	0.999727
184	94	0.998193
184	177	0.998231
184	137	0.999998
184	92	0.998568
184	153	0.998882
184	48	0.99826
184	114	0.998688
184	134	0.999147
184	50	0.999519
184	44	0.999079
184	179	0.998543
184	67	0.998797
184	80	0.999407
184	143	0.998239
184	88	0.998189
184	127	0.999055
184	127	0.998634
184	120	0.999483
184	80	0.999268
184	86	0.99856
184	138	0.998447
184	176	0.998525
184	70	0.998423
184	87	0.999789
184	64	0.999495
184	144	0.999519
184	62	0.998747
184	51	0.998437
184	94	0.99886
184	75	0.998276
184	146	0.998811
184	171	0.999976
184	157	0.998203
184	111	0.999849
184	170	0.999111
184	134	0.998546
184	147	0.999051
184	143	0.998401
184	112	0.998574
184	52	0.998286
184	87	0.999548
184	138	0.998195
184	114	0.999139
184	53	0.998541
184	182	0.998606
184	161	0.999954
184	62	0.998129
184	59	0.999628
184	157	0.99935
184	142	0.998517
184	53	0.998439
184	120	0.99825
184	146	0.999803
184	130	0.999791
184	146	0.998896
184	100	0.998147
184	112	0.999719
184	145	0.999757
184	123	0.999184
184	94	0.999936
184	92	0.999849
184	63	0.999964
184	73	0.998493
184	148	0.999592
184	44	0.999023
184	115	0.99834
184	71	0.998211
184	177	0.999817
184	105	0.998102
184	68	0.999272
184	151	0.999704
184	167	0.999914
184	161	0.998978
184	173	0.998682
184	180	0.998556
184	172	0.998894
184	123	0.99894
184	125	0.999556
184	81	0.998672
184	167	0.998755
184	111	0.999678
184	172	0.998759
184	114	0.999503
184	84	0.999121
184	102	0.998086
184	156	0.999799
184	131	0.998791
184	53	0.998888
184	99	0.998352
184	109	0.999602
184	90	0.999091
184	145	0.999554
184	105	0.999769
184	54	0.998086
184	120	0.999008
184	173	0.99887
184	95	0.998745
184	49	0.998105
184	134	0.999644
184	78	0.999352
184	138	0.999121
184	58	0.999363
184	45	0.998696
184	48	0.999204
184	47	0.999877
184	92	0.998388
184	94	0.999674
184	91	0.999153
184	54	0.999873
184	157	0.998449
184	117	0.999292
184	150	0.998058
184	95	0.998413
184	93	0.998791
184	161	0.998092
184	144	0.998853
184	47	0.99924
184	50	0.999244
184	77	0.999248
184	67	0.998809
184	86	0.999338
184	121	0.999863
184	74	0.999027
184	125	0.999041
184	97	0.998843
184	61	0.999109
184	182	0.999037
184	169	0.99825
184	95	0.999737
184	171	0.999318
184	182	0.999873
184	77	0.998318
184	181	0.999723
184	86	0.998546
184	164	0.998719
184	164	0.999515
184	75	0.998111
184	63	0.999208
184	118	0.999996
184	51	0.998918
184	90	0.998783
184	100	0.998658
184	110	0.999167
184	169	0.998195
184	84	0.998125
184	43	0.999019
184	152	0.998395
184	104	0.999214
184	69	0.999411
184	68	0.998773
184	117	0.998209
184	181	0.999807
184	54	0.998258
184	76	0.99829
184	87	0.998994
184	180	0.999789
184	166	0.999023
184	108	0.999952
184	53	0.998813
184	86	0.998324
184	67	0.999564
184	81	0.999903
184	134	0.999342
184	52	0.999932
184	159	0.998105
184	177	0.999385
184	126	0.998231
184	77	0.999298
184	135	0.999352
184	149	0.998086
184	75	0.999739
184	142	0.999793
184	174	0.998906
184	50	0.999827
184	73	0.999314
184	155	0.998841
184	77	0.99869
184	88	0.998664
184	148	0.998388
184	130	0.999785
184	109	0.999173
184	183	0.999284
184	100	0.998147
184	151	0.999773
184	101	0.998896
184	85	0.999616
184	54	0.998016
184	61	0.99808
184	182	0.998584
184	170	0.99927
184	89	0.999272
184	149	0.99825
184	103	0.998495
184	126	0.999787
184	87	0.998113
184	152	0.999429
184	102	0.998968
184	143	0.999047
184	47	0.998322
184	86	0.999298
184	182	0.998219
184	52	0.998318
184	141	0.999676
184	134	0.99886
184	111	0.99832
184	52	0.998648
184	51	0.998632
184	54	0.99994
184	163	0.99827
184	80	0.998086
184	150	0.999908
184	171	0.998237
184	128	0.999375
184	162	0.999395
184	56	0.999403
184	131	0.998161
184	98	0.999519
184	138	0.999903
184	162	0.999377
184	106	0.999682
184	126	0.998306
184	75	0.999745
184	112	0.999801
184	56	0.999385
184	64	0.998495
184	64	0.998546
184	70	0.999523
184	72	0.999443
184	77	0.998328
184	80	0.998022
184	167	0.998354
184	181	0.998344
184	92	0.999769
184	50	0.99859
184	93	0.998491
184	136	0.998276
184	64	0.998121
184	43	0.998686
184	99	0.998189
184	109	0.99855
184	137	0.998497
184	181	0.999371
184	148	0.998576
184	100	0.999196
184	170	0.998294
184	64	0.999962
184	57	0.99969
184	72	0.998197
184	109	0.99829
184	121	0.99867
184	109	0.998014
184	70	0.99896
184	144	0.99836
184	49	0.999644
184	77	0.998266
184	135	0.998799
184	108	0.999119
184	156	0.998819
184	131	0.998183
