2000
391	211	0.999291
391	257	0.99967
391	287	0.999506
391	253	0.999914
391	222	0.999717
391	361	0.999932
391	163	0.999814
391	310	0.999764
391	160	0.999893
391	152	0.999
391	343	0.999933
391	237	0.999551
391	345	0.999555
391	336	0.999798
391	207	0.999028
391	342	0.999582
391	221	0.999243
391	322	0.999441
391	324	0.999337
391	231	0.999136
391	340	0.999467
391	371	0.999995
391	165	0.999506
391	258	0.999376
391	299	0.998858
391	232	0.998855
391	340	0.998923
391	240	0.998908
391	261	0.999183
391	234	0.999347
391	255	0.999894
391	157	0.998969
391	215	0.999913
391	143	0.999251
391	268	0.999943
391	348	0.999331
391	145	0.999595
391	378	0.999636
391	386	0.998876
391	300	0.999489
391	192	0.999102
391	369	0.999378
391	242	0.999567
391	273	0.999305
391	212	0.998907
391	162	0.999641
391	167	0.999496
391	273	0.99913
391	225	0.999213
391	271	0.999374
391	186	0.999484
391	248	0.99923
391	292	0.999465
391	298	0.999019
391	284	0.999971
391	366	0.999907
391	306	0.999042
391	188	0.999239
391	200	0.999896
391	164	0.999662
391	123	0.999392
391	289	0.9996
391	316	0.998941
391	263	0.999222
391	380	0.999811
391	125	0.999276
391	294	0.999878
391	123	0.999492
391	213	0.999524
391	379	0.999061
391	362	0.999557
391	246	0.999799
391	210	0.999343
391	137	0.999174
391	325	0.999781
391	125	0.999341
391	149	0.998914
391	251	0.999775
391	334	0.999387
391	213	0.999939
391	361	0.998882
391	379	0.999241
391	269	0.999339
391	241	0.99922
391	245	0.999453
391	138	0.999645
391	385	0.998931
391	217	0.998915
391	322	0.999253
391	136	0.99988
391	390	0.998945
391	339	0.999801
391	275	0.998859
391	139	0.999305
391	137	0.999221
391	356	0.999088
391	134	0.999959
391	322	0.999532
391	252	0.999064
391	326	0.999595
391	329	0.998912
391	151	0.999469
391	162	0.99967
391	299	0.998939
391	320	0.999774
391	326	0.998961
391	306	0.999776
391	329	0.999467
391	164	0.999026
391	256	0.999648
391	163	0.999234
391	178	0.999508
391	299	0.999
391	352	0.999356
391	383	0.998996
391	324	0.999727
391	236	0.999757
391	134	0.999765
391	152	0.99932
391	291	0.999776
391	316	0.999804
391	341	0.99927
391	293	0.998924
391	336	0.998949
391	315	0.999977
391	322	0.999007
391	257	0.999846
391	195	0.99946
391	212	0.999479
391	177	0.999112
391	131	0.999919
391	315	0.99966
391	203	0.999647
391	328	0.999563
391	283	0.999063
391	139	0.999605
391	348	0.999411
391	159	0.999252
391	156	0.999384
391	258	0.99965
391	356	0.999626
391	307	0.999156
391	348	0.999736
391	307	0.999649
391	305	0.998963
391	314	0.999134
391	126	0.999187
391	205	0.998909
391	253	0.999929
391	287	0.998954
391	178	0.998941
391	211	0.999332
391	230	0.999203
391	371	0.999577
391	205	0.999242
391	218	0.999836
391	128	0.999473
391	227	0.999221
391	164	0.999153
391	224	0.99955
391	123	0.999859
391	341	0.999424
391	276	0.999057
391	196	0.999469
391	377	0.99944
391	186	0.999796
391	241	0.999092
391	246	0.999524
391	165	0.999431
391	170	0.999026
391	369	0.999609
391	163	0.999471
391	312	0.999124
391	256	0.999905
391	322	0.998865
391	154	0.999731
391	175	0.999004
391	268	0.999297
391	129	0.99995
391	329	0.999812
391	219	0.999566
391	223	0.999096
391	238	0.999515
391	130	0.999002
391	125	0.998979
391	353	0.999319
391	279	0.999907
391	190	0.999945
391	319	0.999267
391	201	0.999249
391	373	0.998944
391	132	0.999569
391	294	0.999851
391	381	0.999684
391	262	0.999692
391	152	0.998884
391	311	0.999441
391	233	0.999881
391	173	0.999151
391	350	0.999659
391	166	0.999496
391	194	0.998984
391	354	0.999002
391	382	0.999899
391	148	0.999858
391	156	0.999663
391	175	0.998885
391	283	0.999191
391	131	0.999489
391	261	0.999259
391	158	0.999955
391	383	0.999633
391	258	0.998989
391	133	0.999377
391	173	0.999155
391	175	0.999759
391	361	0.999979
391	378	0.998912
391	298	0.999595
391	217	0.99943
391	380	0.999317
391	256	0.999103
391	252	0.999249
391	304	0.999227
391	286	0.999222
391	327	0.999192
391	362	0.999633
391	387	0.999055
391	220	0.998924
391	381	0.999927
391	239	0.999549
391	353	0.998923
391	153	0.999255
391	336	0.999163
391	174	0.999831
391	245	0.99965
391	361	0.999112
391	313	0.999883
391	164	0.999438
391	275	0.999409
391	210	0.999189
391	200	0.999371
391	353	0.999156
391	335	0.999286
391	234	0.998873
391	211	0.999991
391	206	0.999469
391	178	0.999958
391	211	0.999324
391	190	0.9992
391	345	0.999641
391	265	0.999328
391	365	0.999065
391	169	0.99994
391	207	0.999649
391	162	0.999083
391	273	0.99967
391	370	0.99932
391	314	0.998969
391	164	0.999324
391	193	0.999088
391	360	0.999275
391	352	0.99959
391	281	0.999582
391	123	0.999071
391	178	0.999289
391	236	0.999004
391	218	0.99999
391	290	0.999584
391	156	0.999509
391	300	0.998916
391	214	0.999533
391	365	0.999415
391	222	0.999082
391	267	0.999032
391	261	0.999931
391	129	0.999393
391	187	0.999325
391	130	0.999322
391	174	0.999297
391	166	0.999402
391	229	0.999455
391	346	0.999215
391	298	0.998858
391	299	0.999042
391	197	0.999952
391	185	0.999077
391	201	0.999752
391	171	0.999843
391	127	0.999211
391	270	0.999752
391	364	0.999978
391	162	0.99912
391	327	0.999184
391	269	0.999018
391	217	0.999877
391	364	0.99922
391	213	0.999785
391	129	0.999081
391	152	0.99898
391	202	0.998949
391	198	0.999054
391	192	0.999395
391	292	0.999016
391	139	0.999897
391	237	0.999436
391	315	0.999227
391	202	0.999016
391	130	0.998905
391	380	0.999281
391	128	0.999458
391	245	0.999511
391	210	0.999578
391	215	0.99997
391	271	0.999517
391	316	0.99892
391	294	0.999843
391	218	0.999947
391	156	0.999257
391	311	0.999144
391	211	0.99926
391	211	0.998891
391	347	0.999908
391	214	0.999556
391	299	0.999991
391	315	0.999417
391	175	0.998928
391	247	0.999836
391	319	0.999907
391	285	0.999499
391	168	0.9999
391	279	0.999546
391	226	0.999425
391	337	0.999512
391	306	0.999845
391	220	0.999501
391	149	0.999821
391	265	0.999992
391	371	0.999612
391	186	0.999595
391	194	0.999857
391	218	0.999806
391	374	0.999711
391	339	0.999946
391	327	0.999851
391	386	0.999916
391	376	0.999971
391	198	0.999932
391	180	0.999917
391	312	0.999247
391	208	0.999496
391	165	0.999469
391	368	0.999516
391	132	0.999324
391	262	0.999904
391	244	0.999659
391	150	0.998915
391	205	0.999321
391	276	0.998981
391	128	0.999791
391	156	0.999799
391	318	0.999663
391	236	0.998983
391	175	0.999704
391	255	0.999327
391	289	0.999666
391	183	0.999314
391	252	0.999656
391	269	0.999838
391	258	0.999587
391	282	0.999449
391	268	0.999534
391	271	0.998854
391	236	0.999731
391	255	0.999947
391	209	0.998916
391	316	0.999971
391	143	0.999776
391	322	0.999235
391	170	0.999316
391	246	0.998883
391	275	0.999293
391	245	0.999002
391	296	0.999773
391	370	0.999897
391	371	0.999818
391	167	0.999827
391	270	0.99902
391	133	0.999721
391	148	0.999089
391	205	0.999606
391	167	0.999369
391	373	0.999822
391	271	0.999452
391	236	0.999169
391	182	0.999921
391	161	0.999679
391	255	0.999133
391	135	0.999744
391	266	0.999549
391	280	0.999403
391	389	0.999421
391	226	0.999951
391	354	0.99994
391	168	0.999352
391	357	0.999017
391	154	0.999597
391	200	0.999938
391	183	0.999323
391	239	0.999368
391	140	0.99928
391	239	0.999344
391	338	0.999556
391	185	0.998891
391	193	0.999815
391	185	0.999213
391	370	0.999737
391	180	0.999722
391	280	0.999539
391	156	0.999307
391	338	0.999486
391	125	0.99992
391	284	0.999676
391	131	0.999831
391	331	0.999893
391	199	0.998854
391	285	0.999017
391	174	0.999989
391	251	0.999991
391	390	0.999006
391	292	0.999734
391	282	0.999344
391	257	0.999721
391	253	0.999292
391	374	0.999339
391	208	0.999049
391	136	0.999893
391	142	0.999986
391	280	0.99998
391	234	0.999399
391	141	0.99996
391	214	0.999122
391	280	0.99891
391	246	0.999239
391	173	0.999922
391	314	0.999297
391	179	0.998984
391	373	0.998979
391	170	0.99895
391	352	0.999691
391	148	0.999156
391	233	0.9993
391	312	0.999678
391	228	0.998996
391	318	0.999083
391	278	0.999652
391	224	0.999075
391	357	0.998892
391	384	0.998895
391	332	0.999623
391	303	0.999437
391	324	0.999564
391	267	0.99961
391	192	0.999019
391	238	0.999645
391	237	0.999616
391	335	0.999425
391	190	0.999953
391	149	0.999995
391	170	0.999818
391	290	0.999931
391	237	0.999275
391	240	0.999641
391	289	0.999974
391	166	0.999103
391	271	0.998897
391	279	0.998955
391	332	0.998903
391	168	0.999182
391	278	0.999939
391	219	0.998901
391	332	0.999751
391	173	0.999771
391	270	0.999515
391	388	0.999192
391	385	0.999748
391	322	0.999686
391	173	0.999014
391	131	0.999053
391	284	0.999617
391	386	0.999608
391	224	0.999905
391	353	0.999525
391	206	0.999919
391	224	0.99914
391	361	0.999307
391	330	0.999049
391	176	0.999719
391	313	0.998887
391	303	0.999126
391	258	0.999983
391	373	0.99992
391	379	0.999656
391	134	0.998924
391	227	0.999635
391	197	0.999526
391	233	0.999672
391	380	0.998939
391	177	0.999354
391	304	0.999546
391	166	0.998992
391	139	0.9999
391	356	0.998975
391	367	0.999566
391	128	0.999822
391	354	0.999141
391	182	0.999602
391	143	0.999331
391	182	0.999341
391	247	0.999603
391	351	0.999608
391	157	0.999952
391	359	0.999329
391	383	0.999303
391	245	0.999414
391	385	0.998994
391	151	0.999241
391	377	0.999746
391	278	0.999257
391	185	0.998858
391	347	0.999619
391	344	0.999977
391	170	0.999414
391	326	0.999291
391	231	0.999851
391	193	0.999492
391	209	0.999257
391	333	0.998999
391	301	0.999997
391	358	0.999467
391	357	0.99979
391	143	0.999434
391	249	0.998869
391	222	0.999467
391	188	0.999789
391	227	0.999814
391	134	0.999297
391	381	0.999364
391	335	0.999738
391	356	0.998887
391	177	0.999089
391	179	0.999928
391	181	0.999064
391	223	0.999931
391	139	0.998953
391	205	0.999125
391	319	0.998999
391	374	0.999966
391	168	0.999837
391	302	0.998978
391	366	0.999843
391	369	0.999603
391	357	0.999108
391	274	0.999294
391	181	0.998889
391	353	0.999729
391	255	0.999559
391	200	0.999382
391	196	0.999389
391	163	0.998885
391	348	0.999239
391	192	0.999804
391	271	0.999561
391	219	0.99961
391	368	0.999116
391	149	0.999901
391	340	0.99919
391	366	0.998956
391	133	0.999586
391	327	0.999764
391	239	0.999352
391	175	0.999734
391	284	0.99892
391	298	0.99945
391	208	0.999897
391	375	0.999665
391	202	0.999705
391	370	0.999167
391	243	0.999073
391	231	0.999664
391	185	0.999354
391	225	0.999017
391	351	0.999558
391	211	0.999991
391	175	0.999006
391	131	0.99889
391	370	0.999553
391	304	0.999719
391	205	0.999458
391	166	0.999929
391	333	0.998988
391	191	0.999967
391	192	0.999071
391	297	0.999854
391	198	0.999756
391	342	0.999313
391	227	0.998897
391	224	0.998936
391	125	0.999876
391	287	0.999908
391	145	0.999291
391	215	0.999919
391	220	0.999775
391	320	0.998868
391	358	0.998946
391	329	0.999539
391	363	0.99948
391	128	0.999789
391	243	0.999117
391	301	0.999407
391	251	0.999274
391	203	0.999824
391	228	0.998861
391	388	0.998892
391	305	0.999581
391	226	0.999327
391	211	0.999649
391	227	0.99937
391	140	0.999359
391	300	0.999038
391	329	0.999675
391	310	0.999375
391	203	0.999092
391	314	0.999408
391	303	0.999453
391	364	0.999228
391	134	0.999432
391	129	0.999198
391	159	0.999635
391	297	0.999095
391	346	0.998868
391	220	0.998878
391	183	0.999089
391	346	0.998971
391	276	0.999246
391	317	0.999087
391	362	0.999956
391	309	0.999738
391	215	0.999564
391	211	0.999598
391	141	0.999393
391	186	0.999798
391	233	0.998968
391	258	0.999698
391	164	0.998972
391	353	0.999938
391	274	0.999125
391	186	0.999953
391	169	0.999384
391	176	0.999837
391	260	0.999798
391	371	0.999563
391	302	0.999437
391	178	0.9993
391	244	0.999605
391	205	0.998924
391	163	0.998878
391	128	0.999308
391	217	0.999038
391	383	0.999501
391	290	0.999401
391	340	0.998949
391	125	0.998995
391	137	0.999223
391	288	0.999045
391	248	0.999046
391	225	0.999312
391	305	0.999332
391	179	0.9989
391	210	0.998934
391	137	0.998965
391	143	0.998885
391	256	0.998889
391	340	0.999564
391	366	0.999757
391	330	0.999828
391	272	0.999026
391	233	0.999691
391	255	0.999149
391	288	0.999297
391	196	0.999769
391	231	0.998915
391	259	0.998934
391	220	0.999387
391	373	0.998856
391	171	0.99947
391	164	0.999588
391	239	0.999507
391	181	0.999835
391	350	0.998856
391	146	0.999875
391	235	0.999788
391	147	0.999399
391	303	0.999994
391	198	0.999614
391	209	0.99959
391	256	0.999867
391	330	0.999836
391	390	0.999624
391	375	0.999144
391	388	0.999706
391	311	0.998938
391	342	0.999016
391	228	0.998978
391	194	0.999896
391	181	0.99904
391	167	0.999393
391	269	0.999979
391	360	0.999314
391	365	0.999106
391	140	0.999422
391	376	0.999699
391	372	0.999132
391	314	0.999714
391	343	0.999555
391	167	0.99936
391	387	0.999831
391	155	0.999779
391	337	0.999
391	345	0.998937
391	357	0.999405
391	160	0.999244
391	156	0.999314
391	261	0.999116
391	289	0.99938
391	244	0.999266
391	298	0.999873
391	261	0.999984
391	327	0.999358
391	138	0.998968
391	192	0.999994
391	367	0.999992
391	295	0.999815
391	195	0.999501
391	282	0.999868
391	248	0.999645
391	366	0.999702
391	142	0.999606
391	276	0.999033
391	317	0.999231
391	345	0.998953
391	206	0.99918
391	180	0.999285
391	344	0.999041
391	291	0.999618
391	144	0.999784
391	212	0.999071
391	152	0.999524
391	167	0.999069
391	291	0.999581
391	214	0.999675
391	362	0.999025
391	144	0.99896
391	327	0.999796
391	361	0.999194
391	128	0.999223
391	289	0.999121
391	217	0.99962
391	171	0.999759
391	218	0.99946
391	389	0.998984
391	277	0.999502
391	204	0.999694
391	227	0.999323
391	360	0.999501
391	205	0.999496
391	197	0.99894
391	242	0.999081
391	348	0.999293
391	166	0.999736
391	241	0.999603
391	223	0.999017
391	289	0.998923
391	373	0.99996
391	158	0.99891
391	338	0.99987
391	176	0.998941
391	233	0.999897
391	132	0.999478
391	157	0.999347
391	186	0.999465
391	239	0.999278
391	351	0.99887
391	276	0.999733
391	218	0.99946
391	142	0.9999
391	134	0.999501
391	317	0.999914
391	287	0.999742
391	144	0.998877
391	244	0.999803
391	224	0.999017
391	193	0.999647
391	224	0.99987
391	132	0.99997
391	259	0.998985
391	259	0.999207
391	247	0.999769
391	173	0.999687
391	289	0.999206
391	344	0.999173
391	305	0.999417
391	363	0.99921
391	299	0.999039
391	312	0.999899
391	125	0.999982
391	167	0.999178
391	309	0.999665
391	162	0.999398
391	251	0.999719
391	386	0.999283
391	176	0.999321
391	239	0.999771
391	243	0.999179
391	139	0.999234
391	330	0.999741
391	341	0.998953
391	204	0.999338
391	294	0.99905
391	359	0.999573
391	388	0.999214
391	349	0.999524
391	134	0.998877
391	374	0.99918
391	279	0.998946
391	259	0.999464
391	327	0.998912
391	375	0.999683
391	328	0.999472
391	344	0.999876
391	386	0.999771
391	185	0.999701
391	307	0.998969
391	270	0.999164
391	140	0.999071
391	228	0.998869
391	177	0.999147
391	326	0.999579
391	359	0.998956
391	367	0.999668
391	234	0.998886
391	239	0.999687
391	157	0.999782
391	379	0.999702
391	209	0.999393
391	357	0.999922
391	145	0.998882
391	230	0.999733
391	360	0.999863
391	386	0.998865
391	200	0.999194
391	314	0.99991
391	345	0.999168
391	152	0.999341
391	233	0.999475
391	263	0.999274
391	163	0.999644
391	289	0.998985
391	332	0.999501
391	148	0.999155
391	320	0.999634
391	174	0.99933
391	375	0.999868
391	223	0.999991
391	336	0.999278
391	302	0.999687
391	343	0.999722
391	349	0.999725
391	311	0.999457
391	313	0.999497
391	184	0.999566
391	276	0.999546
391	364	0.999417
391	242	0.998994
391	287	0.999883
391	174	0.999414
391	136	0.998994
391	338	0.999782
391	225	0.99908
391	256	0.999356
391	211	0.999266
391	251	0.999648
391	249	0.998963
391	240	0.9989
391	337	0.999502
391	276	0.999385
391	373	0.999079
391	350	0.998902
391	231	0.999709
391	333	0.999061
391	206	0.999145
391	388	0.999297
391	331	0.998926
391	283	0.99898
391	179	0.999414
391	135	0.999709
391	237	0.999179
391	189	0.999946
391	339	0.999117
391	361	0.999501
391	190	0.998922
391	374	0.999101
391	196	0.999916
391	182	0.999721
391	257	0.99932
391	156	0.999774
391	127	0.999614
391	135	0.998983
391	206	0.999944
391	213	0.999946
391	125	0.999262
391	383	0.999653
391	217	0.999547
391	234	0.999312
391	195	0.999929
391	374	0.998855
391	300	0.999811
391	270	0.999563
391	174	0.99905
391	215	0.999578
391	349	0.998914
391	287	0.999272
391	211	0.99997
391	328	0.99978
391	248	0.999565
391	246	0.999457
391	155	0.999745
391	224	0.999423
391	335	0.999929
391	356	0.999546
391	205	0.999116
391	316	0.999885
391	278	0.999314
391	253	0.999519
391	250	0.999898
391	380	0.999375
391	345	0.999424
391	132	0.999497
391	217	0.999102
391	217	0.999089
391	346	0.999444
391	356	0.999356
391	190	0.998973
391	256	0.999758
391	223	0.999043
391	239	0.999694
391	293	0.999744
391	126	0.999549
391	175	0.998881
391	203	0.999651
391	203	0.999688
391	217	0.999113
391	316	0.999461
391	130	0.999741
391	269	0.99938
391	281	0.999839
391	269	0.999097
391	160	0.999478
391	252	0.999442
391	346	0.998868
391	381	0.999284
391	143	0.999376
391	322	0.999941
391	220	0.999059
391	373	0.999434
391	370	0.999155
391	288	0.999281
391	252	0.999442
391	142	0.998942
391	187	0.998866
391	219	0.999686
391	389	0.9993
391	238	0.999286
391	328	0.999336
391	185	0.999439
391	285	0.999503
391	134	0.999632
391	363	0.999274
391	302	0.99983
391	305	0.999393
391	245	0.999391
391	337	0.998945
391	233	0.999228
391	183	0.999783
391	228	0.999057
391	167	0.999733
391	383	0.999814
391	155	0.999008
391	312	0.999531
391	282	0.999819
391	136	0.998963
391	185	0.99938
391	253	0.999561
391	142	0.999871
391	304	0.999579
391	318	0.99932
391	342	0.999361
391	134	0.999717
391	207	0.999275
391	375	0.999849
391	147	0.999883
391	232	0.999522
391	173	0.999837
391	293	0.999574
391	141	0.999188
391	173	0.99933
391	230	0.998874
391	251	0.998964
391	247	0.999009
391	167	0.999995
391	389	0.999694
391	241	0.999954
391	366	0.998908
391	183	0.999387
391	162	0.999007
391	234	0.999575
391	172	0.999472
391	330	0.999866
391	377	0.99925
391	219	0.999682
391	380	0.999937
391	295	0.999826
391	290	0.999689
391	231	0.998944
391	197	0.998863
391	311	0.99913
391	317	0.999254
391	216	0.999291
391	243	0.999139
391	190	0.999816
391	351	0.999819
391	187	0.999258
391	256	0.999804
391	190	0.998925
391	306	0.999157
391	216	0.998893
391	134	0.999171
391	171	0.999561
391	371	0.999744
391	329	0.99946
391	325	0.999982
391	168	0.999808
391	180	0.999272
391	320	0.998956
391	337	0.999305
391	279	0.999017
391	206	0.999324
391	330	0.999204
391	190	0.999254
391	142	0.999955
391	293	0.998883
391	377	0.999682
391	172	0.999265
391	210	0.999571
391	224	0.99952
391	198	0.999707
391	240	0.999821
391	244	0.999711
391	165	0.998998
391	234	0.999761
391	312	0.99919
391	349	0.999004
391	286	0.999118
391	200	0.999935
391	131	0.999542
391	194	0.998855
391	220	0.999795
391	232	0.999511
391	176	0.999914
391	135	0.998909
391	359	0.999266
391	302	0.999994
391	285	0.999738
391	188	0.999927
391	149	0.999676
391	377	0.999233
391	313	0.999509
391	338	0.999016
391	283	0.999516
391	279	0.999471
391	141	0.999985
391	387	0.99958
391	138	0.999098
391	284	0.999514
391	127	0.999588
391	261	0.998901
391	352	0.999916
391	289	0.99944
391	222	0.998938
391	366	0.999573
391	162	0.999473
391	231	0.999179
391	164	0.998947
391	285	0.999964
391	256	0.99984
391	242	0.998932
391	366	0.999065
391	123	0.999363
391	370	0.999701
391	317	0.999033
391	249	0.9991
391	174	0.999735
391	375	0.999604
391	137	0.999011
391	188	0.998862
391	142	0.998875
391	239	0.999169
391	136	0.999569
391	137	0.999479
391	149	0.999294
391	319	0.99996
391	270	0.999453
391	360	0.999507
391	159	0.99969
391	183	0.999174
391	344	0.999619
391	254	0.999214
391	372	0.999238
391	386	0.998882
391	360	0.999175
391	223	0.999343
391	390	0.999392
391	290	0.999658
391	127	0.999912
391	244	0.999425
391	171	0.998924
391	348	0.999799
391	345	0.99897
391	365	0.998858
391	160	0.998907
391	349	0.999122
391	236	0.998923
391	310	0.998954
391	343	0.999554
391	213	0.999645
391	279	0.999336
391	383	0.999152
391	174	0.999632
391	177	0.999686
391	345	0.999587
391	324	0.999401
391	267	0.999745
391	197	0.999954
391	292	0.999408
391	341	0.998902
391	133	0.999151
391	361	0.999426
391	186	0.99938
391	253	0.99944
391	308	0.999423
391	315	0.999026
391	236	0.999054
391	261	0.9993
391	310	0.999104
391	189	0.999528
391	309	0.999737
391	353	0.999376
391	312	0.999377
391	351	0.999882
391	320	0.998877
391	327	0.999259
391	233	0.999948
391	130	0.999329
391	170	0.999873
391	315	0.999857
391	329	0.998884
391	277	0.999371
391	328	0.999272
391	154	0.999414
391	156	0.999143
391	358	0.999712
391	253	0.99893
391	343	0.998881
391	206	0.99976
391	365	0.999266
391	137	0.999683
391	131	0.99997
391	183	0.999275
391	193	0.999206
391	148	0.999249
391	386	0.999539
391	190	0.999102
391	303	0.998973
391	262	0.998924
391	213	0.99947
391	386	0.999216
391	359	0.999159
391	257	0.998972
391	375	0.999807
391	381	0.998903
391	273	0.999242
391	186	0.998899
391	136	0.998884
391	181	0.999753
391	148	0.999141
391	249	0.999014
391	375	0.998915
391	380	0.999173
391	240	0.999548
391	193	0.99995
391	294	0.999382
391	361	0.999842
391	245	0.999327
391	306	0.998863
391	329	0.999183
391	374	0.999282
391	169	0.999312
391	318	0.999278
391	261	0.999761
391	197	0.999582
391	258	0.999206
391	186	0.999889
391	276	0.999845
391	294	0.998873
391	340	0.999243
391	227	0.999751
391	322	0.998984
391	155	0.999262
391	294	0.999989
391	130	0.99909
391	132	0.998969
391	190	0.999436
391	365	0.998882
391	123	0.999703
391	342	0.99886
391	204	0.999401
391	206	0.999448
391	296	0.999737
391	174	0.999773
391	338	0.999361
391	298	0.999604
391	298	0.999386
391	201	0.999161
391	344	0.999804
391	318	0.998968
391	343	0.999291
391	370	0.999765
391	292	0.999977
391	167	0.999883
391	203	0.999933
391	141	0.999315
391	371	0.999939
391	149	0.998895
391	215	0.999954
391	380	0.999647
391	321	0.999972
391	169	0.999272
391	183	0.999738
391	251	0.998964
391	192	0.999204
391	272	0.998959
391	358	0.999378
391	246	0.999946
391	365	0.999699
391	175	0.999748
391	314	0.999457
391	312	0.99909
391	383	0.999834
391	254	0.999179
391	266	0.999572
391	383	0.998947
391	222	0.999823
391	158	0.999979
391	221	0.999036
391	244	0.999924
391	202	0.999136
391	189	0.999389
391	246	0.999469
391	215	0.999826
391	132	0.999092
391	230	0.999886
391	288	0.999467
391	132	0.999095
391	167	0.999818
391	227	0.998889
391	169	0.998978
391	190	0.999338
391	161	0.999057
391	385	0.999229
391	364	0.999681
391	204	0.999945
391	239	0.998894
391	296	0.998973
391	145	0.99915
391	203	0.999963
391	387	0.998859
391	156	0.999141
391	222	0.999845
391	241	0.999384
391	310	0.999199
391	281	0.99922
391	298	0.998983
391	363	0.998859
391	346	0.999085
391	312	0.999743
391	132	0.999765
391	150	0.999207
391	326	0.999493
391	250	0.999783
391	192	0.999374
391	376	0.998884
391	209	0.999487
391	364	0.999008
391	190	0.998924
391	295	0.999255
391	353	0.999461
391	330	0.999956
391	274	0.998895
391	320	0.999108
391	236	0.999264
391	161	0.999831
391	318	0.999824
391	289	0.999788
391	134	0.999063
391	255	0.999893
391	231	0.999111
391	206	0.998998
391	358	0.999964
391	204	0.999679
391	235	0.99895
391	379	0.999471
391	162	0.9993
391	185	0.999757
391	282	0.998933
391	353	0.999055
391	128	0.999938
391	308	0.999151
391	288	0.999059
391	257	0.999991
391	303	0.999601
391	257	0.999008
391	200	0.999445
391	289	0.999641
391	228	0.999288
391	382	0.999468
391	123	0.99932
391	236	0.999707
391	203	0.99892
391	238	0.998887
391	160	0.999093
391	269	0.998941
391	361	0.999917
391	360	0.998892
391	296	0.999636
391	362	0.999619
391	284	0.999896
391	337	0.999536
391	180	0.999836
391	191	0.999392
391	232	0.999025
391	129	0.999878
391	146	0.998953
391	388	0.999658
391	326	0.998952
391	221	0.999353
391	247	0.999742
391	241	0.999725
391	164	0.999637
391	149	0.998921
391	192	0.999207
391	166	0.999227
391	168	0.999344
391	150	0.99957
391	241	0.999667
391	210	0.999066
391	247	0.998976
391	249	0.999187
391	344	0.999211
391	178	0.999034
391	127	0.999719
391	183	0.999898
391	368	0.998964
391	167	0.999729
391	227	0.999478
391	321	0.999042
391	389	0.999953
391	141	0.999968
391	374	0.999182
391	213	0.99913
391	331	0.999547
391	164	0.999188
391	323	0.999236
391	287	0.999053
391	380	0.999022
391	181	0.999214
391	149	0.999715
391	211	0.999345
391	132	0.999823
391	167	0.999122
391	194	0.998929
391	334	0.999387
391	383	0.999772
391	247	0.998979
391	333	0.999125
391	288	0.999566
391	371	0.999495
391	226	0.998908
391	383	0.99915
391	166	0.999132
391	310	0.999538
391	209	0.999501
391	250	0.999908
391	308	0.999376
391	254	0.999548
391	349	0.999749
391	345	0.999095
391	219	0.999477
391	128	0.999863
391	326	0.999987
391	346	0.999487
391	275	0.999629
391	292	0.999001
391	174	0.99904
391	157	0.999364
391	221	0.999281
391	261	0.998859
391	357	0.998876
391	296	0.999122
391	147	0.99952
391	348	0.999218
391	205	0.999027
391	300	0.998876
391	129	0.999727
391	254	0.999128
391	333	0.998918
391	372	0.999728
391	152	0.999927
391	219	0.999609
391	309	0.99966
391	311	0.999008
391	326	0.999714
391	324	0.999554
391	367	0.998991
391	218	0.999233
391	308	0.999958
391	311	0.99916
391	252	0.9992
391	306	0.999562
391	165	0.998955
391	233	0.99932
391	161	0.999484
391	374	0.998867
391	373	0.999662
391	195	0.999563
391	132	0.999458
391	130	0.99912
391	275	0.999746
391	332	0.999306
391	383	0.999715
391	342	0.999824
391	133	0.999549
391	295	0.999268
391	332	0.998921
391	225	0.999989
391	341	0.99953
391	357	0.999502
391	139	0.998926
391	176	0.999125
391	350	0.999756
391	179	0.999543
391	336	0.999411
391	345	0.999264
391	274	0.998915
391	365	0.999995
391	307	0.999555
391	303	0.99936
391	301	0.999056
391	149	0.999941
391	382	0.999854
391	192	0.999354
391	339	0.999611
391	162	0.999714
391	245	0.999715
391	349	0.999924
391	351	0.999854
391	261	0.999808
391	356	0.999125
391	315	0.999789
391	213	0.999109
391	276	0.999888
391	173	0.999257
391	340	0.999345
391	262	0.998881
391	387	0.99966
391	219	0.998877
391	254	0.999423
391	311	0.999891
391	156	0.999478
391	382	0.999314
391	325	0.999366
391	170	0.999723
391	310	0.99986
391	323	0.999884
391	388	0.999179
391	330	0.999539
391	358	0.999946
391	208	0.999023
391	271	0.999704
391	146	0.999639
391	206	0.999122
391	344	0.999873
391	363	0.999904
391	145	0.999457
391	189	0.999293
391	333	0.999124
391	285	0.99943
391	381	0.999312
391	295	0.99902
391	308	0.99887
391	384	0.999372
391	172	0.999832
391	132	0.999316
391	275	0.999804
391	334	0.999728
391	389	0.999237
391	279	0.999333
391	127	0.999149
391	310	0.999276
391	129	0.999644
391	177	0.999999
391	380	0.998995
391	157	0.999379
391	318	0.999644
391	201	0.99974
391	157	0.999438
391	148	0.999682
391	170	0.999144
391	231	0.998883
391	375	0.999723
391	289	0.999186
391	304	0.999495
391	243	0.999717
391	211	0.99981
391	305	0.999832
391	284	0.999862
391	387	0.999344
391	254	0.999317
391	377	0.999002
391	390	0.999735
391	173	0.9995
391	362	0.99966
391	290	0.999862
391	290	0.999254
391	291	0.998965
391	376	0.999914
391	277	0.999048
391	210	0.9991
391	332	0.999736
391	314	0.9993
391	162	0.999851
391	348	0.999658
391	176	0.999897
391	282	0.999411
391	146	0.999838
391	363	0.999077
391	274	0.99893
391	384	0.999118
391	129	0.99973
391	282	0.999359
391	365	0.999389
391	289	0.999016
391	241	0.999571
391	260	0.99999
391	141	0.999136
391	334	0.99991
391	209	0.999004
391	229	0.999604
391	244	0.999313
391	243	0.999028
391	183	0.999034
391	359	0.999797
391	297	0.999784
391	245	0.99948
391	188	0.999602
391	357	0.998979
391	176	0.999344
391	295	0.99997
391	384	0.999464
391	290	0.999173
391	223	0.998921
391	255	0.999045
391	246	0.998859
391	209	0.999536
391	133	0.999415
391	378	0.999667
391	275	0.999939
391	218	0.998949
391	362	0.999408
391	203	0.999675
391	168	0.999851
391	125	0.999285
391	292	0.999689
391	227	0.998983
391	331	0.999278
391	276	0.998934
391	145	0.999725
391	270	0.999234
391	203	0.99969
391	342	0.999652
391	313	0.998941
391	249	0.999132
391	330	0.999504
391	134	0.999071
391	283	0.999511
391	275	0.999384
391	136	0.999692
391	219	0.999906
391	189	0.998866
391	354	0.998854
391	201	0.99989
391	193	0.999595
391	279	0.999319
391	297	0.999108
391	173	0.999657
391	203	0.999455
391	138	0.999124
391	287	0.999893
391	355	0.999382
391	189	0.999469
391	351	0.999311
391	206	0.999148
391	382	0.999211
391	187	0.999094
391	277	0.99912
391	162	0.999624
391	250	0.999477
391	222	0.99997
391	369	0.999516
391	207	0.999276
391	272	0.99971
391	217	0.999223
391	209	0.999152
391	285	0.999839
391	334	0.998961
391	321	0.999319
391	138	0.999536
391	249	0.999803
391	389	0.999369
391	233	0.999007
391	227	0.998889
391	234	0.999853
391	298	0.999572
391	243	0.999124
391	228	0.999886
391	345	0.999559
391	188	0.99978
391	385	0.999602
391	329	0.999124
391	360	0.999483
391	361	0.999028
391	222	0.999047
391	320	0.998959
391	317	0.999808
391	350	0.999134
391	254	0.999158
391	350	0.999293
391	334	0.999157
391	206	0.999445
391	317	0.999063
391	364	0.999346
391	143	0.999085
391	126	0.999562
391	149	0.99976
391	329	0.999935
391	203	0.999753
391	218	0.999213
391	131	0.999022
391	181	0.999839
391	132	0.999239
391	214	0.999028
391	196	0.999777
391	334	0.998946
391	131	0.999592
391	166	0.999479
391	277	0.999889
391	230	0.99939
391	227	0.999006
391	388	0.999434
391	293	0.999285
391	254	0.99996
391	385	0.999054
391	370	0.999563
391	293	0.999489
391	171	0.9995
391	259	0.999001
391	196	0.999827
391	358	0.999178
391	151	0.999144
391	215	0.999328
391	162	0.999135
391	197	0.998929
391	338	0.999523
391	188	0.999159
391	228	0.99914
391	318	0.999675
391	231	0.999906
391	331	0.999885
391	166	0.999637
391	137	0.999116
391	185	0.999632
391	311	0.999127
391	132	0.999225
391	247	0.999571
391	212	0.999898
391	217	0.999869
391	386	0.998928
391	342	0.999575
391	388	0.999532
391	158	0.999132
391	241	0.999
391	277	0.999873
391	156	0.99961
391	388	0.999681
391	196	0.999074
391	260	0.999623
391	284	0.999851
391	240	0.998959
391	272	0.999788
391	256	0.998968
391	215	0.998955
391	372	0.999241
391	313	0.999033
391	219	0.999329
391	131	0.999283
391	226	0.999893
391	154	0.99933
391	256	0.99951
391	357	0.999307
391	385	0.999813
391	311	0.999418
391	195	0.999666
391	369	0.99912
391	340	0.998908
391	154	0.999525
391	157	0.999291
391	194	0.999236
391	184	0.999883
391	149	0.999578
391	352	0.999269
391	183	0.999595
391	300	0.999888
391	163	0.999093
391	362	0.999149
391	186	0.99978
391	255	0.99941
391	306	0.999898
391	150	0.99994
391	324	0.998921
391	169	0.998965
391	323	0.999354
391	147	0.999523
391	129	0.999947
391	170	0.998885
391	169	0.99961
391	385	0.999212
391	283	0.99989
391	305	0.998869
391	255	0.999006
391	367	0.999261
391	334	0.99991
391	180	0.999671
391	146	0.999715
391	233	0.998892
391	386	0.999215
391	310	0.99971
391	256	0.999087
391	160	0.999556
391	136	0.999839
391	322	0.999346
391	193	0.999666
391	334	0.999955
391	155	0.999776
391	242	0.999247
391	368	0.998873
391	140	0.999297
391	374	0.999055
391	129	0.999878
391	186	0.999182
391	253	0.999188
391	386	0.999073
391	371	0.999522
391	315	0.998985
391	140	0.999963
391	174	0.99895
391	309	0.998881
391	300	0.999912
391	123	0.999293
391	188	0.999626
391	371	0.999289
391	180	0.999597
391	219	0.998995
391	313	0.999567
391	305	0.999531
391	345	0.999702
391	167	0.999587
391	163	0.99907
391	316	0.999174
391	360	0.999309
391	353	0.999912
391	230	0.998942
391	257	0.999477
391	212	0.999353
391	377	0.998893
391	323	0.999827
391	193	0.999929
391	204	0.999952
391	222	0.9992
391	161	0.999508
391	299	0.999683
391	371	0.999159
391	347	0.998939
391	354	0.999023
391	204	0.999297
391	348	0.999902
391	341	0.99964
391	158	0.999194
391	193	0.999754
391	214	0.999483
391	132	0.999678
391	182	0.999618
391	387	0.999456
391	138	0.999682
391	305	0.999655
391	335	0.999672
391	334	0.999814
391	330	0.999015
391	310	0.999173
391	350	0.999813
391	262	0.999706
391	139	0.999026
391	299	0.999003
391	355	0.998894
391	268	0.999614
391	228	0.999801
391	202	0.999081
391	284	0.999274
391	174	0.999161
391	307	0.999619
391	275	0.999931
391	244	0.999631
391	248	0.999618
391	123	0.999709
391	329	0.999352
391	367	0.999536
391	174	0.999814
391	127	0.99964
391	132	0.999041
391	256	0.999551
391	231	0.999045
391	145	0.999101
391	203	0.999304
391	321	0.999046
391	165	0.999199
391	193	0.999402
391	371	0.999518
391	352	0.999348
391	302	0.998905
391	271	0.999306
391	137	0.999372
391	321	0.999874
391	365	0.999216
391	337	0.999896
391	215	0.999666
391	281	0.998965
391	125	0.999792
391	321	0.99969
391	138	0.99994
391	250	0.998988
391	257	0.999634
391	324	0.999165
391	162	0.9994
391	189	0.999891
391	374	0.998895
391	339	0.99994
391	167	0.999184
391	255	0.99981
391	243	0.99952
391	364	0.99985
391	385	0.998953
391	149	0.999982
391	136	0.998891
391	281	0.9989
391	382	0.999656
391	268	0.999485
391	294	0.998987
391	390	0.99978
391	195	0.999376
391	255	0.998862
391	288	0.99904
391	386	0.99921
391	368	0.999026
391	268	0.999665
391	154	0.998901
391	150	0.999041
391	383	0.999202
391	148	0.999102
391	369	0.99904
391	130	0.999878
391	290	0.999469
391	281	0.999983
391	130	0.999818
391	150	0.998875
391	162	0.999575
391	296	0.999359
391	186	0.998867
391	154	0.998994
391	355	0.999254
391	255	0.999868
391	238	0.999795
391	231	0.999391
391	138	0.999578
391	168	0.998878
391	390	0.99957
391	161	0.999648
391	368	0.999285
391	290	0.998889
391	305	0.999827
391	326	0.999619
391	184	0.999663
391	227	0.998869
391	193	0.999884
391	384	0.999938
391	146	0.999914
391	233	0.999592
391	367	0.999118
391	257	0.999966
391	250	0.999194
391	327	0.999205
391	244	0.99992
391	357	0.999734
391	369	0.999675
391	208	0.99951
391	389	0.999016
391	149	0.999609
391	166	0.999289
391	286	0.999827
391	234	0.999594
391	343	0.999137
391	195	0.999812
391	212	0.999303
391	363	0.999087
391	293	0.999881
391	279	0.999444
391	163	0.999281
391	138	0.999196
391	267	0.999132
391	193	0.999532
391	128	0.999743
391	280	0.998942
391	199	0.999517
391	188	0.999713
391	358	0.999178
391	376	0.99968
391	189	0.999168
391	246	0.999061
391	300	0.999564
391	324	0.999692
391	293	0.999986
391	215	0.999706
391	172	0.99898
391	289	0.999849
391	258	0.999325
391	296	0.999915
391	371	0.999203
391	225	0.999596
391	234	0.999071
391	153	0.999519
391	342	0.998871
391	208	0.999901
391	165	0.999586
391	363	0.999744
391	123	0.99902
391	146	0.999803
391	207	0.999659
391	137	0.999936
391	379	0.998957
391	218	0.999844
391	275	0.999506
391	309	0.999242
391	324	0.999883
391	352	0.999032
391	181	0.999561
391	346	0.999806
391	294	0.999009
391	287	0.999157
391	276	0.999325
391	209	0.999655
391	315	0.99886
391	212	0.999447
391	333	0.999883
