2500
383	157	0.999433
383	191	0.999639
383	124	0.99987
383	331	0.999446
383	293	0.999666
383	368	0.999379
383	126	0.999876
383	352	0.999909
383	322	0.999609
383	361	0.999292
383	328	0.999867
383	238	0.999357
383	209	0.999823
383	314	0.999066
383	183	0.99934
383	204	0.999543
383	292	0.999734
383	362	0.999765
383	268	0.999605
383	112	0.999696
383	217	0.998995
383	279	0.99942
383	255	0.999521
383	164	0.999701
383	191	0.999857
383	265	0.999216
383	257	0.999968
383	382	0.999112
383	123	0.999079
383	250	0.99987
383	320	0.99968
383	162	0.999541
383	257	0.99914
383	143	0.999512
383	313	0.99917
383	353	0.999877
383	327	0.99947
383	185	0.99903
383	237	0.999088
383	323	0.999119
383	290	0.999376
383	185	0.999232
383	280	0.999941
383	355	0.998916
383	307	0.999236
383	97	0.999782
383	245	0.999598
383	265	0.998939
383	183	0.999317
383	382	0.998937
383	154	0.998982
383	364	0.999778
383	301	0.999924
383	294	0.999208
383	258	0.999492
383	111	0.999566
383	364	0.999468
383	324	0.999866
383	227	0.999204
383	272	0.999771
383	152	0.999961
383	333	0.999374
383	296	0.999675
383	357	0.999233
383	286	0.999024
383	291	0.999414
383	100	0.999765
383	347	0.99996
383	317	0.999721
383	329	0.9989
383	361	0.999959
383	177	0.999668
383	116	0.999592
383	156	0.999785
383	265	0.998875
383	244	0.999897
383	143	0.999231
383	134	0.999495
383	253	0.999343
383	361	0.99903
383	353	0.999254
383	186	0.999691
383	294	0.999495
383	103	0.999738
383	322	0.999256
383	341	0.999266
383	313	0.99906
383	150	0.999099
383	113	0.999988
383	205	0.999254
383	360	0.999888
383	364	0.999319
383	205	0.999482
383	253	0.999428
383	276	0.999247
383	278	0.999215
383	173	0.999643
383	108	0.99899
383	323	0.999632
383	189	0.999298
383	194	0.999363
383	376	0.99966
383	261	0.999521
383	369	0.999219
383	108	0.999013
383	191	0.999258
383	101	0.999247
383	360	0.999952
383	341	0.999691
383	254	0.999516
383	259	0.999886
383	167	0.999676
383	361	0.999651
383	265	0.99927
383	374	0.999981
383	168	0.999409
383	368	0.999539
383	213	0.999059
383	169	0.999604
383	261	0.998952
383	161	0.999784
383	292	0.999323
383	121	0.999143
383	262	0.999746
383	359	0.998994
383	380	0.99979
383	108	0.999477
383	174	0.999097
383	160	0.999766
383	213	0.999805
383	262	0.999673
383	103	0.999948
383	203	0.999317
383	198	0.999244
383	127	0.999396
383	126	0.999624
383	155	0.999627
383	200	0.999043
383	235	0.999853
383	193	0.998897
383	215	0.99964
383	259	0.999315
383	227	0.999847
383	295	0.999579
383	329	0.999363
383	360	0.999425
383	366	0.999415
383	166	0.998942
383	356	0.998927
383	362	0.999267
383	286	0.999339
383	308	0.999037
383	98	0.999149
383	240	0.999326
383	376	0.999734
383	165	0.999876
383	218	0.99892
383	279	0.99939
383	146	0.999783
383	293	0.99954
383	124	0.999132
383	243	0.999082
383	349	0.999631
383	185	0.999316
383	263	0.999255
383	302	0.9994
383	126	0.99984
383	95	0.999118
383	367	0.999242
383	367	0.999093
383	303	0.999698
383	236	0.999253
383	143	0.999815
383	245	0.998871
383	109	0.998939
383	226	0.998898
383	128	0.999619
383	375	0.99994
383	361	0.99903
383	375	0.998976
383	150	0.999514
383	153	0.998866
383	300	0.999207
383	168	0.999827
383	190	0.999976
383	115	0.999024
383	121	0.999407
383	267	0.999942
383	124	0.998964
383	250	0.999601
383	278	0.999715
383	352	0.9998
383	236	0.999997
383	356	0.999254
383	270	0.999489
383	255	0.999029
383	97	0.999045
383	277	0.999863
383	345	0.99987
383	113	0.99914
383	99	0.999301
383	261	0.999509
383	194	0.999488
383	144	0.999551
383	254	0.999836
383	117	0.999882
383	127	0.999374
383	267	0.999229
383	200	0.998869
383	175	0.999027
383	201	0.999438
383	103	0.999717
383	180	0.999119
383	331	0.999404
383	247	0.998916
383	220	0.999413
383	332	0.998867
383	364	0.998995
383	284	0.999805
383	101	0.99924
383	369	0.998989
383	353	0.999088
383	255	0.99966
383	288	0.999598
383	320	0.999623
383	334	0.99955
383	227	0.999556
383	267	0.999943
383	376	0.998912
383	382	0.99913
383	253	0.998994
383	151	0.999633
383	127	0.998917
383	160	0.998874
383	154	0.999958
383	173	0.999883
383	171	0.999371
383	117	0.999931
383	114	0.999593
383	130	0.999936
383	346	0.999863
383	202	0.999716
383	353	0.999808
383	159	0.999309
383	301	0.999636
383	316	0.999828
383	378	0.99995
383	112	0.99998
383	227	0.999063
383	237	0.999783
383	285	0.999867
383	320	0.998922
383	171	0.999797
383	358	0.998965
383	258	0.999371
383	151	0.999206
383	166	0.998982
383	315	0.999106
383	219	0.999323
383	374	0.99891
383	283	0.999087
383	344	0.999642
383	237	0.999038
383	189	0.999808
383	295	0.999632
383	142	0.99987
383	250	0.999751
383	215	0.999839
383	298	0.999467
383	116	0.999245
383	172	0.999791
383	149	0.999387
383	217	0.999614
383	130	0.999341
383	187	0.999874
383	346	0.999321
383	98	0.9993
383	366	0.999543
383	318	0.999589
383	249	0.999924
383	295	0.999936
383	281	0.999575
383	257	0.999977
383	282	0.99896
383	329	0.999739
383	354	0.999551
383	242	0.999999
383	377	0.999228
383	128	0.999599
383	323	0.998906
383	270	0.999332
383	232	0.999283
383	307	0.999215
383	352	0.999062
383	156	0.998963
383	190	0.999124
383	132	0.999
383	315	0.999443
383	155	0.999833
383	303	0.999403
383	119	0.999034
383	319	0.999122
383	124	0.999845
383	165	0.999902
383	302	0.999668
383	165	0.998922
383	337	0.999038
383	186	0.999467
383	157	0.999475
383	258	0.999793
383	368	0.998994
383	107	0.999395
383	220	0.999627
383	194	0.999523
383	128	0.999223
383	287	0.999014
383	272	0.999922
383	238	0.999744
383	142	0.999433
383	231	0.998977
383	255	0.998984
383	106	0.999822
383	316	0.999423
383	334	0.999727
383	381	0.999339
383	270	0.999736
383	265	0.999933
383	194	0.999388
383	330	0.99968
383	175	0.999114
383	271	0.998895
383	169	0.999666
383	140	0.999907
383	207	0.999343
383	252	0.99984
383	351	0.999454
383	306	0.999554
383	203	0.9996
383	376	0.999003
383	312	0.999643
383	219	0.999978
383	349	0.999679
383	220	0.999282
383	190	0.999163
383	345	0.999397
383	180	0.999597
383	128	0.999119
383	272	0.999566
383	129	0.999764
383	153	0.998906
383	229	0.999826
383	231	0.999974
383	268	0.999835
383	320	0.999326
383	160	0.999101
383	312	0.999483
383	116	0.999483
383	168	0.99987
383	245	0.999832
383	118	0.999069
383	304	0.99914
383	108	0.999936
383	292	0.999778
383	127	0.999383
383	317	0.999358
383	216	0.999148
383	365	0.999425
383	147	0.999882
383	183	0.99948
383	171	0.999024
383	100	0.999975
383	240	0.999451
383	134	0.999286
383	364	0.999153
383	271	0.999102
383	373	0.999265
383	263	0.999384
383	100	0.99897
383	134	0.998943
383	301	0.999
383	104	0.999569
383	245	0.999673
383	320	0.998954
383	270	0.999575
383	259	0.998973
383	159	0.999633
383	347	0.999858
383	294	0.999145
383	270	0.999939
383	374	0.999927
383	148	0.998954
383	332	0.999823
383	129	0.999097
383	293	0.999196
383	320	0.999234
383	136	0.998905
383	328	0.998891
383	281	0.999696
383	195	0.999306
383	181	0.999517
383	331	0.999069
383	113	0.999096
383	374	0.999197
383	191	0.999965
383	236	0.999022
383	120	0.999555
383	154	0.999529
383	282	0.99912
383	314	0.999876
383	259	0.999774
383	246	0.999556
383	227	0.998985
383	234	0.999038
383	140	0.999439
383	112	0.998878
383	169	0.998935
383	168	0.999725
383	217	0.998953
383	376	0.999529
383	209	0.999023
383	239	0.999533
383	320	0.999366
383	156	0.998876
383	256	0.999622
383	350	0.999087
383	211	0.999204
383	228	0.999449
383	142	0.999675
383	224	0.999919
383	229	0.998978
383	352	0.999409
383	327	0.999898
383	339	0.999177
383	326	0.999691
383	307	0.999733
383	373	0.999463
383	247	0.999723
383	176	0.999939
383	372	0.999957
383	318	0.999551
383	377	0.999057
383	222	0.999922
383	220	0.999135
383	188	0.99907
383	124	0.999174
383	155	0.999183
383	345	0.999348
383	133	0.999303
383	149	0.999187
383	365	0.999761
383	261	0.999213
383	325	0.998969
383	217	0.999721
383	203	0.999563
383	232	0.999031
383	100	0.999273
383	249	0.999859
383	270	0.999136
383	363	0.999418
383	294	0.999538
383	152	0.999127
383	187	0.999185
383	196	0.999532
383	181	0.998965
383	304	0.999948
383	263	0.999936
383	255	0.999376
383	370	0.998911
383	99	0.998906
383	373	0.99942
383	242	0.999122
383	266	0.999584
383	239	0.999614
383	227	0.998997
383	256	0.998997
383	220	0.999914
383	139	0.999046
383	186	0.998973
383	160	0.999564
383	131	0.999199
383	170	0.999773
383	153	0.999406
383	293	0.999066
383	282	0.998946
383	95	0.999139
383	206	0.999541
383	228	0.999244
383	344	0.99942
383	382	0.999298
383	364	0.99918
383	109	0.999292
383	105	0.999713
383	210	0.999094
383	312	0.999658
383	299	0.999852
383	359	0.999032
383	239	0.999758
383	277	0.999635
383	152	0.999514
383	158	0.999748
383	219	0.999563
383	239	0.999989
383	307	0.999074
383	375	0.999817
383	324	0.999703
383	299	0.999918
383	134	0.998973
383	195	0.999768
383	166	0.999711
383	325	0.999984
383	191	0.999875
383	170	0.999224
383	157	0.999838
383	209	0.998928
383	301	0.99932
383	102	0.998891
383	274	0.999789
383	255	0.99979
383	367	0.999541
383	268	0.999208
383	115	0.999447
383	187	0.999518
383	284	0.999669
383	283	0.99943
383	303	0.999582
383	219	0.999391
383	344	0.999509
383	123	0.999752
383	102	0.999542
383	106	0.999214
383	339	0.999739
383	140	0.999093
383	258	0.999448
383	258	0.999136
383	366	0.998984
383	205	0.99911
383	338	0.999544
383	245	0.999122
383	329	0.99998
383	354	0.999345
383	278	0.999428
383	325	0.999882
383	335	0.999206
383	267	0.999113
383	214	0.999082
383	111	0.999577
383	298	0.998898
383	358	0.99915
383	312	0.99913
383	234	0.998959
383	332	0.999692
383	198	0.999952
383	212	0.999635
383	225	0.999935
383	225	0.998981
383	229	0.999042
383	110	0.999955
383	113	0.999824
383	157	0.999471
383	161	0.999556
383	223	0.999726
383	153	0.999311
383	195	0.999017
383	370	0.999958
383	114	0.999642
383	123	0.999416
383	134	0.999798
383	201	0.999088
383	129	0.999911
383	339	0.999261
383	142	0.999234
383	206	0.999126
383	335	0.998878
383	132	0.999216
383	343	0.999106
383	179	0.999122
383	125	0.99968
383	271	0.998868
383	373	0.999487
383	164	0.998958
383	148	0.999063
383	273	0.998934
383	102	0.999589
383	110	0.99947
383	300	0.999703
383	277	0.999447
383	127	0.999991
383	216	0.999544
383	231	0.999968
383	325	0.999931
383	338	0.99912
383	96	0.999019
383	284	0.999942
383	154	0.999185
383	348	0.999823
383	243	0.999434
383	294	0.999463
383	369	0.999948
383	145	0.999552
383	376	0.999881
383	285	0.998997
383	288	0.999851
383	96	0.998926
383	169	0.999527
383	328	0.998871
383	302	0.999205
383	113	0.999375
383	238	0.999663
383	177	0.999011
383	145	0.999568
383	299	0.998888
383	108	0.999978
383	106	0.999359
383	292	0.999388
383	319	0.998972
383	314	0.999978
383	346	0.998937
383	93	0.99906
383	126	0.99932
383	313	0.998958
383	183	0.999551
383	154	0.999909
383	140	0.999534
383	336	0.999113
383	327	0.999123
383	245	0.999445
383	182	0.999574
383	105	0.999127
383	197	0.999004
383	279	0.999365
383	328	0.998943
383	305	0.999856
383	218	0.998985
383	181	0.9995
383	129	0.999141
383	185	0.999177
383	311	0.999651
383	278	0.999942
383	358	0.999345
383	108	0.999747
383	130	0.999587
383	354	0.999493
383	113	0.999802
383	165	0.999449
383	185	0.999371
383	218	0.999605
383	230	0.999658
383	244	0.999743
383	341	0.998872
383	199	0.998878
383	359	0.999127
383	101	0.999711
383	129	0.999943
383	248	0.999986
383	356	0.999864
383	355	0.999198
383	195	0.999126
383	263	0.999857
383	239	0.999597
383	98	0.999014
383	214	0.999588
383	100	0.999484
383	165	0.999882
383	264	0.998967
383	342	0.999198
383	244	0.999249
383	95	0.999224
383	187	0.999124
383	357	0.999789
383	225	0.999808
383	220	0.998911
383	317	0.999975
383	258	0.999004
383	203	0.99925
383	241	0.999749
383	273	0.99914
383	185	0.999934
383	360	0.99909
383	342	0.999026
383	221	0.999491
383	253	0.999309
383	188	0.9992
383	169	0.999396
383	320	0.999544
383	349	0.999796
383	106	0.999019
383	148	0.999714
383	322	0.999453
383	318	0.999121
383	111	0.999531
383	339	0.999908
383	374	0.999453
383	233	0.999124
383	265	0.999633
383	336	0.999121
383	262	0.99964
383	117	0.999169
383	379	0.999388
383	376	0.998979
383	260	0.999163
383	368	0.999681
383	192	0.999477
383	213	0.999677
383	349	0.999131
383	218	0.998916
383	256	0.999923
383	130	0.999195
383	145	0.999463
383	272	0.999518
383	151	0.999409
383	211	0.998877
383	166	0.999495
383	188	0.999013
383	288	0.999822
383	103	0.998867
383	151	0.999855
383	323	0.999114
383	208	0.999723
383	247	0.999683
383	359	0.999146
383	279	0.99982
383	322	0.99956
383	103	0.999473
383	193	0.999185
383	333	0.999811
383	364	0.99992
383	310	0.999319
383	115	0.999127
383	283	0.999686
383	128	0.998958
383	196	0.999347
383	273	0.999579
383	221	0.999064
383	192	0.998996
383	318	0.999851
383	224	0.999574
383	163	0.999333
383	347	0.999997
383	292	0.999551
383	115	0.99901
383	344	0.999242
383	352	0.999631
383	183	0.99978
383	121	0.999049
383	253	0.998883
383	279	0.999731
383	92	0.999186
383	369	0.999995
383	100	0.999301
383	155	0.99896
383	289	0.999852
383	100	0.999856
383	114	0.99908
383	273	0.999093
383	375	0.99924
383	186	0.999881
383	372	0.999651
383	164	0.999934
383	338	0.998911
383	272	0.999566
383	318	0.99997
383	265	0.999057
383	291	0.999884
383	294	0.999299
383	221	0.999831
383	241	0.999802
383	289	0.999631
383	379	0.99963
383	138	0.99956
383	101	0.999001
383	239	0.999051
383	314	0.999121
383	372	0.999833
383	147	0.999639
383	380	0.999326
383	323	0.999194
383	128	0.999555
383	122	0.998937
383	216	0.999371
383	364	0.999106
383	184	0.998866
383	246	0.999618
383	222	0.998867
383	97	0.999473
383	116	0.99983
383	197	0.999467
383	279	0.999329
383	336	0.999212
383	174	0.999009
383	305	0.999157
383	142	0.999534
383	269	0.9999
383	294	0.99991
383	310	0.9993
383	177	0.999375
383	223	0.99887
383	176	0.999614
383	326	0.99999
383	200	0.998937
383	192	0.998984
383	301	0.99971
383	123	0.999451
383	185	0.99987
383	267	0.999291
383	342	0.999584
383	170	0.999544
383	172	0.999866
383	184	0.999379
383	365	0.999107
383	178	0.998901
383	172	0.999723
383	97	0.999684
383	227	0.999087
383	290	0.999374
383	165	0.998925
383	138	0.999165
383	339	0.999325
383	160	0.99901
383	327	0.999916
383	338	0.999081
383	157	0.998951
383	365	0.999177
383	114	0.999014
383	263	0.999699
383	373	0.999591
383	143	0.999942
383	301	0.999626
383	132	0.999967
383	276	0.999757
383	212	0.999288
383	271	0.999918
383	359	0.998971
383	133	0.999933
383	272	0.999393
383	228	0.999909
383	245	0.99961
383	114	0.999596
383	286	0.999001
383	177	0.999627
383	123	0.998906
383	321	0.999549
383	216	0.999362
383	153	0.999607
383	166	0.999768
383	311	0.999343
383	263	0.999581
383	159	0.99913
383	382	0.999668
383	189	0.999945
383	307	0.998965
383	326	0.998887
383	257	0.999261
383	147	0.999289
383	267	0.999838
383	289	0.999106
383	96	0.999153
383	193	0.999275
383	187	0.999388
383	286	0.999736
383	130	0.9993
383	167	0.999573
383	243	0.999889
383	360	0.998902
383	195	0.99891
383	122	0.999351
383	343	0.999007
383	164	0.999733
383	129	0.99908
383	160	0.999674
383	118	0.998921
383	108	0.999063
383	325	0.99991
383	115	0.999458
383	113	0.9989
383	205	0.999835
383	117	0.999692
383	322	0.999502
383	325	0.999916
383	241	0.999087
383	172	0.999547
383	382	0.999815
383	345	0.999262
383	144	0.999608
383	230	0.999408
383	381	0.999264
383	317	0.999905
383	324	0.999412
383	223	0.9999
383	257	0.999638
383	266	0.999944
383	137	0.999471
383	373	0.99896
383	236	0.999379
383	367	0.999644
383	317	0.999333
383	312	0.999421
383	140	0.998987
383	221	0.999807
383	268	0.998973
383	354	0.999765
383	165	0.999613
383	152	0.999189
383	371	0.998905
383	198	0.998909
383	174	0.999374
383	332	0.999523
383	266	0.999173
383	381	0.999464
383	284	0.9989
383	376	0.999269
383	352	0.998948
383	224	0.999396
383	377	0.999546
383	155	0.99901
383	288	0.998914
383	363	0.999426
383	227	0.998944
383	266	0.999853
383	212	0.99921
383	332	0.999938
383	117	0.999655
383	152	0.999998
383	209	0.999881
383	183	0.999858
383	367	0.999923
383	351	0.999321
383	148	0.999116
383	280	0.998953
383	291	0.998921
383	298	0.999011
383	348	0.999374
383	216	0.999791
383	319	0.999207
383	350	0.999237
383	187	0.9989
383	362	0.999672
383	312	0.999088
383	183	0.999212
383	350	0.99904
383	230	0.999661
383	381	0.99923
383	164	0.998867
383	261	0.999955
383	370	0.998867
383	151	0.999195
383	157	0.999024
383	129	0.999442
383	119	0.998969
383	177	0.999215
383	332	0.999953
383	273	0.99985
383	229	0.99987
383	311	0.998883
383	158	0.999706
383	303	0.99993
383	121	0.999722
383	264	0.99966
383	148	0.998967
383	253	0.999681
383	222	0.999992
383	211	0.999225
383	250	0.999559
383	182	0.999
383	225	0.999844
383	219	0.999808
383	303	0.999049
383	136	0.999919
383	311	0.999103
383	268	0.999908
383	196	0.999758
383	179	0.999477
383	151	0.999728
383	198	0.999106
383	284	0.999594
383	216	0.99917
383	180	0.999239
383	316	0.999739
383	167	0.998898
383	373	0.999699
383	272	0.999783
383	137	0.999572
383	267	0.999445
383	321	0.999024
383	204	0.999086
383	190	0.999734
383	182	0.999765
383	141	0.999173
383	311	0.999358
383	193	0.999291
383	171	0.99911
383	138	0.999051
383	219	0.999464
383	379	0.999257
383	256	0.999458
383	153	0.999106
383	179	0.999591
383	301	0.998992
383	371	0.999018
383	326	0.999819
383	382	0.999858
383	365	0.999395
383	316	0.999288
383	95	0.999062
383	164	0.999538
383	94	0.999154
383	183	0.999984
383	305	0.999156
383	102	0.998995
383	180	0.999312
383	296	0.999801
383	205	0.999835
383	251	0.999291
383	243	0.999565
383	219	0.998962
383	226	0.999731
383	98	0.999927
383	178	0.999556
383	149	0.99925
383	219	0.999457
383	175	0.999999
383	115	0.999373
383	159	0.999861
383	196	0.999988
383	186	0.999882
383	196	0.99961
383	154	0.999778
383	272	0.999947
383	239	0.999429
383	186	0.999788
383	102	0.999504
383	143	0.999739
383	127	0.999429
383	178	0.999072
383	140	0.99941
383	230	0.999018
383	336	0.999029
383	257	0.999805
383	354	0.99925
383	155	0.999074
383	284	0.999767
383	294	0.999585
383	322	0.999877
383	292	0.999133
383	304	0.999029
383	200	0.999639
383	219	0.999089
383	351	0.999381
383	109	0.99932
383	347	0.999945
383	350	0.999932
383	281	0.999893
383	326	0.999836
383	328	0.998931
383	159	0.999304
383	291	0.999866
383	227	0.99988
383	215	0.999882
383	338	0.999473
383	154	0.999054
383	158	0.999157
383	242	0.999063
383	167	0.999047
383	186	0.999
383	246	0.999103
383	183	0.99959
383	337	0.999914
383	119	0.999012
383	326	0.999713
383	377	0.999415
383	308	0.999977
383	114	0.999213
383	267	0.999943
383	216	0.999753
383	237	0.999994
383	124	0.999588
383	284	0.999622
383	300	0.99999
383	143	0.999349
383	160	0.999751
383	256	0.999942
383	173	0.998916
383	110	0.999422
383	150	0.999312
383	195	0.999526
383	269	0.999448
383	373	0.999466
383	239	0.99952
383	92	0.999069
383	264	0.999746
383	95	0.999155
383	127	0.9994
383	228	0.999875
383	186	0.99898
383	268	0.999197
383	348	0.999466
383	294	0.999054
383	375	0.999773
383	353	0.999994
383	280	0.999495
383	102	0.999204
383	242	0.999623
383	159	0.999448
383	279	0.999878
383	205	0.999431
383	174	0.999294
383	161	0.99945
383	247	0.99994
383	356	0.999611
383	191	0.999414
383	209	0.999045
383	110	0.998958
383	112	0.999882
383	301	0.999826
383	200	0.999709
383	261	0.998866
383	361	0.999939
383	121	0.999913
383	221	0.999031
383	378	0.999388
383	143	0.998884
383	241	0.999177
383	197	0.999492
383	126	0.998881
383	121	0.999654
383	98	0.999106
383	353	0.999759
383	302	0.999655
383	320	0.999989
383	257	0.999891
383	162	0.999297
383	307	0.999914
383	107	0.999932
383	370	0.999933
383	262	0.999305
383	124	0.999983
383	310	0.999388
383	338	0.99975
383	165	0.999723
383	96	0.999767
383	334	0.999404
383	162	0.999253
383	348	0.999733
383	244	0.999875
383	186	0.999128
383	145	0.999863
383	250	0.999044
383	123	0.999813
383	376	0.999032
383	184	0.999988
383	100	0.999509
383	240	0.99925
383	357	0.999655
383	312	0.99994
383	138	0.999022
383	210	0.999581
383	343	0.999773
383	369	0.998918
383	328	0.999281
383	323	0.999543
383	355	0.998874
383	254	0.999108
383	350	0.998964
383	112	0.999813
383	380	0.999136
383	175	0.999199
383	102	0.999269
383	145	0.999855
383	249	0.999505
383	375	0.999391
383	193	0.999113
383	158	0.999428
383	347	0.999831
383	203	0.999131
383	236	0.99996
383	258	0.999735
383	366	0.999329
383	215	0.999761
383	121	0.999701
383	379	0.999988
383	292	0.9997
383	304	0.999966
383	343	0.999563
383	258	0.999783
383	269	0.999771
383	250	0.999718
383	227	0.999473
383	190	0.999438
383	370	0.999774
383	299	0.999649
383	314	0.998896
383	169	0.998875
383	167	0.99916
383	287	0.999131
383	253	0.999658
383	350	0.999328
383	218	0.998911
383	348	0.999255
383	270	0.999048
383	301	0.999638
383	295	0.999673
383	378	0.999174
383	249	0.999015
383	210	0.999223
383	298	0.999353
383	131	0.999638
383	198	0.999187
383	174	0.999541
383	269	0.998952
383	209	0.999202
383	341	0.99923
383	108	0.999047
383	289	0.999505
383	184	0.998982
383	291	0.999348
383	311	0.999945
383	159	0.999974
383	376	0.999705
383	143	0.999071
383	298	0.999547
383	110	0.99958
383	332	0.998967
383	308	0.999279
383	210	0.999393
383	319	0.998892
383	132	0.999063
383	226	0.999186
383	223	0.998892
383	325	0.999405
383	340	0.999491
383	356	0.999094
383	255	0.999297
383	184	0.999213
383	270	0.99935
383	128	0.99904
383	159	0.999413
383	236	0.999139
383	331	0.999324
383	333	0.999202
383	156	0.999076
383	251	0.999105
383	251	0.999602
383	103	0.999174
383	189	0.999213
383	261	0.999499
383	245	0.999291
383	338	0.999047
383	243	0.999371
383	171	0.999379
383	155	0.999817
383	337	0.999215
383	356	0.999292
383	335	0.999342
383	110	0.999543
383	153	0.998944
383	98	0.999792
383	323	0.9989
383	209	0.998876
383	358	0.999565
383	336	0.999544
383	380	0.999482
383	97	0.999363
383	100	0.999046
383	218	0.998909
383	224	0.999477
383	157	0.999242
383	146	0.999521
383	186	0.999605
383	219	0.998973
383	263	0.999018
383	190	0.999855
383	344	0.999938
383	177	0.999096
383	329	0.999034
383	358	0.999644
383	343	0.999952
383	213	0.999534
383	108	0.999514
383	118	0.998982
383	196	0.998981
383	306	0.99939
383	194	0.999911
383	352	0.9999
383	125	0.999156
383	298	0.999531
383	207	0.999884
383	323	0.999788
383	287	0.999576
383	340	0.99981
383	237	0.999733
383	353	0.999351
383	107	0.999332
383	155	0.999091
383	274	0.999192
383	275	0.99979
383	360	0.999517
383	284	0.999513
383	289	0.999062
383	122	0.999099
383	120	0.999506
383	99	0.999048
383	285	0.999416
383	183	0.999136
383	197	0.999286
383	217	0.999994
383	154	0.99958
383	155	0.999259
383	257	0.99892
383	95	0.999056
383	287	0.999664
383	352	0.999805
383	234	0.999308
383	124	0.998867
383	368	0.999129
383	205	0.999445
383	199	0.999355
383	197	0.999647
383	354	0.999764
383	304	0.999355
383	350	0.999381
383	191	0.999654
383	207	0.998958
383	267	0.999169
383	100	0.998923
383	334	0.99932
383	321	0.99956
383	283	0.999087
383	200	0.999601
383	382	0.999671
383	356	0.999093
383	302	0.999261
383	125	0.998914
383	99	0.9998
383	228	0.999873
383	111	0.999558
383	246	0.999602
383	268	0.99894
383	246	0.99909
383	182	0.998918
383	299	0.99913
383	237	0.999865
383	175	0.999974
383	219	0.999642
383	217	0.999284
383	105	0.999107
383	288	0.999119
383	376	0.999366
383	276	0.999755
383	229	0.999095
383	268	0.999973
383	242	0.99928
383	371	0.999764
383	167	0.999378
383	225	0.999298
383	246	0.999468
383	103	0.999378
383	246	0.999465
383	272	0.999534
383	242	0.999775
383	125	0.998953
383	372	0.999574
383	361	0.999023
383	130	0.998965
383	136	0.99911
383	207	0.999438
383	173	0.999165
383	297	0.999081
383	155	0.999891
383	309	0.999245
383	354	0.999222
383	337	0.998897
383	200	0.999805
383	131	0.999076
383	263	0.999233
383	272	0.99947
383	291	0.999897
383	302	0.999303
383	350	0.999985
383	169	0.999121
383	369	0.999677
383	368	0.999272
383	279	0.999336
383	170	0.999438
383	100	0.99895
383	351	0.999807
383	368	0.999582
383	209	0.998906
383	270	0.999849
383	197	0.999839
383	221	0.999227
383	320	0.999319
383	226	0.999751
383	364	0.999831
383	252	0.999054
383	202	0.99995
383	277	0.999648
383	101	0.99923
383	234	0.999988
383	102	0.99965
383	129	0.999998
383	214	0.999429
383	254	0.999541
383	233	0.999304
383	254	0.999231
383	235	0.999459
383	373	0.999023
383	357	0.999386
383	252	0.998903
383	372	0.999527
383	119	0.999618
383	105	0.999089
383	321	0.999952
383	253	0.999692
383	103	0.999552
383	134	0.999072
383	193	0.999546
383	142	0.99968
383	155	0.99979
383	336	0.999619
383	93	0.999747
383	276	0.999633
383	345	0.999558
383	341	0.999367
383	143	0.999989
383	168	0.999764
383	160	0.999859
383	300	0.999208
383	303	0.999957
383	321	0.998897
383	175	0.99978
383	297	0.999088
383	371	0.998947
383	228	0.999326
383	236	0.998929
383	274	0.99989
383	382	0.999582
383	207	0.999161
383	358	0.999989
383	217	0.999162
383	296	0.999474
383	147	0.998984
383	174	0.999105
383	359	0.999153
383	224	0.999655
383	278	0.998871
383	189	0.999081
383	291	0.999087
383	131	0.999759
383	115	0.999011
383	252	0.999743
383	204	0.998942
383	366	0.999803
383	299	0.99919
383	191	0.999514
383	379	0.999254
383	369	0.998984
383	139	0.999788
383	263	0.998909
383	245	0.999446
383	309	0.999395
383	298	0.999342
383	363	0.999599
383	256	0.999345
383	133	0.999557
383	258	0.999943
383	261	0.999396
383	163	0.999088
383	283	0.999374
383	221	0.999549
383	103	0.999797
383	354	0.998934
383	271	0.998945
383	240	0.999027
383	354	0.99918
383	339	0.999423
383	175	0.999753
383	319	0.999933
383	245	0.998868
383	302	0.999052
383	180	0.999493
383	311	0.999171
383	255	0.999592
383	201	0.998906
383	296	0.999028
383	182	0.999164
383	204	0.999449
383	381	0.998909
383	169	0.99888
383	292	0.999443
383	283	0.998889
383	253	0.999646
383	315	0.999321
383	263	0.999602
383	306	0.999513
383	303	0.999719
383	198	0.999534
383	247	0.999582
383	133	0.999013
383	120	0.999699
383	127	0.999007
383	189	0.99887
383	311	0.999669
383	170	0.999019
383	296	0.999798
383	200	0.999438
383	338	0.999669
383	382	0.999131
383	227	0.999035
383	181	0.999826
383	154	0.999062
383	134	0.998946
383	143	0.999434
383	302	0.999781
383	175	0.99941
383	151	0.999006
383	193	0.999784
383	175	0.999043
383	367	0.999601
383	146	0.999248
383	101	0.999187
383	368	0.999759
383	214	0.999438
383	329	0.999621
383	268	0.999825
383	236	0.999416
383	118	0.99974
383	146	0.999686
383	101	0.999763
383	281	0.999689
383	198	0.999582
383	237	0.999421
383	105	0.999028
383	360	0.999271
383	187	0.99892
383	272	0.999699
383	238	0.999927
383	108	0.999175
383	307	0.998985
383	372	0.999401
383	160	0.999179
383	364	0.998898
383	269	0.998979
383	118	0.999354
383	280	0.999692
383	333	0.999453
383	136	0.999786
383	129	0.999728
383	238	0.99908
383	219	0.999423
383	262	0.999671
383	257	0.998953
383	184	0.998961
383	135	0.999384
383	197	0.99974
383	370	0.999727
383	95	0.999254
383	336	0.999773
383	340	0.999923
383	257	0.999364
383	349	0.999307
383	378	0.999454
383	293	0.999314
383	273	0.998982
383	221	0.999802
383	335	0.99935
383	121	0.999903
383	127	0.999137
383	338	0.999685
383	350	0.999231
383	156	0.999656
383	371	0.999685
383	105	0.999659
383	247	0.999711
383	204	0.999539
383	177	0.999509
383	257	0.999085
383	308	0.999072
383	95	0.999801
383	331	0.999783
383	320	0.999657
383	177	0.999915
383	177	0.998866
383	333	0.999881
383	117	0.999923
383	311	0.99921
383	241	0.999481
383	192	0.999716
383	297	0.999623
383	366	0.999347
383	236	0.999308
383	245	0.999568
383	217	0.999272
383	319	0.999175
383	373	0.998953
383	175	0.999406
383	318	0.999799
383	136	0.999155
383	343	0.999993
383	244	0.999448
383	190	0.999269
383	120	0.99916
383	312	0.999386
383	160	0.999445
383	376	0.999473
383	203	0.999278
383	286	0.999796
383	96	0.998911
383	219	0.999343
383	299	0.999375
383	321	0.999627
383	343	0.99934
383	95	0.999564
383	135	0.999552
383	348	0.999835
383	295	0.999234
383	203	0.999508
383	138	0.999646
383	209	0.999246
383	223	0.999624
383	255	0.999013
383	111	0.999131
383	377	0.99983
383	264	0.999222
383	375	0.999719
383	128	0.999692
383	168	0.99912
383	220	0.999512
383	99	0.999253
383	116	0.999388
383	298	0.99945
383	358	0.999985
383	325	0.998981
383	133	0.999523
383	92	0.999738
383	134	0.999677
383	373	0.999463
383	220	0.999749
383	280	0.999143
383	98	0.999127
383	321	0.999671
383	169	0.999734
383	152	0.999674
383	180	0.999187
383	163	0.99981
383	349	0.999232
383	154	0.99961
383	198	0.999186
383	148	0.999719
383	178	0.999652
383	295	0.999958
383	325	0.999389
383	361	0.999009
383	366	0.999214
383	167	0.99975
383	200	0.999476
383	223	0.999991
383	143	0.99927
383	272	0.999816
383	218	0.99919
383	161	0.999234
383	121	0.99892
383	105	0.99952
383	153	0.999381
383	198	0.999212
383	319	0.998986
383	249	0.999999
383	350	0.998943
383	344	0.999424
383	156	0.998943
383	136	0.999068
383	335	0.999948
383	299	0.999955
383	333	0.999903
383	197	0.999573
383	125	0.99927
383	342	0.999052
383	300	0.999674
383	257	0.999495
383	313	0.999015
383	256	0.999825
383	104	0.999367
383	374	0.99903
383	98	0.999396
383	124	0.999939
383	164	0.99934
383	356	0.999241
383	378	0.999949
383	362	0.99895
383	290	0.999658
383	244	0.999707
383	189	0.999278
383	133	0.999782
383	326	0.999438
383	250	0.999207
383	269	0.998884
383	145	0.999575
383	201	0.999446
383	110	0.999575
383	359	0.999559
383	123	0.998951
383	150	0.99945
383	302	0.999164
383	366	0.999258
383	364	0.999899
383	223	0.999508
383	353	0.999331
383	141	0.999919
383	243	0.999947
383	184	0.999118
383	369	0.999626
383	248	0.999583
383	238	0.999102
383	236	0.999296
383	304	0.999491
383	290	0.999875
383	122	0.999413
383	257	0.99976
383	312	0.998871
383	94	0.999924
383	221	0.99917
383	284	0.99978
383	271	0.999423
383	173	0.999632
383	242	0.999654
383	140	0.999693
383	210	0.999044
383	187	0.999915
383	319	0.999345
383	133	0.999069
383	313	0.998971
383	146	0.999308
383	347	0.999074
383	94	0.999174
383	370	0.999534
383	139	0.999789
383	104	0.999497
383	365	0.999973
383	227	0.99966
383	276	0.999283
383	242	0.999688
383	158	0.999312
383	345	0.999164
383	178	0.998878
383	120	0.999068
383	334	0.999755
383	157	0.999163
383	272	0.999288
383	122	0.998879
383	162	0.999312
383	313	0.99952
383	254	0.998979
383	163	0.999847
383	157	0.999859
383	178	0.998967
383	96	0.99912
383	222	0.99887
383	220	0.998902
383	253	0.999287
383	256	0.999849
383	270	0.999412
383	167	0.999713
383	247	0.999329
383	235	0.999649
383	258	0.999841
383	285	0.999693
383	239	0.999903
383	312	0.999886
383	258	0.999463
383	255	0.999053
383	111	0.999378
383	265	0.9992
383	285	0.999462
383	362	0.998903
383	214	0.999792
383	251	0.999177
383	353	0.999386
383	180	0.999711
383	125	0.999022
383	276	0.999838
383	190	0.999111
383	242	0.999775
383	343	0.99902
383	201	0.99988
383	345	0.99968
383	339	0.999655
383	180	0.998969
383	217	0.999294
383	362	0.999188
383	303	0.999898
383	155	0.999977
383	298	0.998867
383	287	0.999742
383	337	0.999677
383	97	0.999149
383	112	0.999851
383	321	0.999631
383	150	0.999875
383	144	0.998916
383	357	0.999295
383	324	0.99893
383	234	0.999944
383	96	0.998967
383	330	0.99928
383	190	0.999623
383	262	0.999466
383	334	0.999323
383	110	0.999782
383	119	0.999066
383	300	0.99953
383	170	0.998939
383	192	0.999147
383	336	0.999558
383	361	0.999298
383	282	0.999023
383	236	0.999081
383	181	0.999898
383	348	0.99942
383	268	0.999865
383	248	0.999407
383	265	0.999341
383	230	0.999462
383	343	0.999783
383	309	0.999259
383	143	0.999783
383	244	0.998989
383	157	0.999897
383	294	0.999317
383	290	0.999417
383	132	0.999572
383	241	0.999646
383	115	0.999986
383	115	0.998967
383	141	0.999204
383	302	0.999928
383	214	0.999145
383	312	0.999523
383	108	0.999664
383	149	0.999525
383	238	0.999441
383	351	0.999816
383	148	0.999229
383	378	0.999022
383	203	0.998874
383	248	0.999939
383	111	0.998868
383	282	0.999233
383	370	0.999542
383	96	0.999336
383	143	0.999995
383	342	0.999499
383	274	0.999178
383	183	0.998936
383	183	0.999349
383	283	0.999789
383	156	0.999523
383	335	0.99891
383	243	0.999214
383	285	0.999993
383	243	0.999038
383	336	0.999283
383	281	0.999724
383	381	0.99973
383	308	0.999252
383	223	0.999065
383	300	0.99991
383	327	0.999866
383	231	0.999191
383	213	0.999621
383	123	0.999851
383	224	0.999498
383	360	0.998976
383	291	0.999227
383	139	0.999286
383	109	0.999012
383	304	0.999417
383	197	0.999021
383	280	0.999587
383	362	0.999015
383	309	0.999447
383	183	0.99986
383	295	0.999998
383	345	0.998945
383	223	0.999373
383	237	0.999065
383	134	0.998919
383	356	0.999697
383	160	0.999863
383	317	0.99891
383	110	0.999217
383	293	0.999257
383	238	0.999621
383	300	0.999505
383	244	0.999423
383	305	0.999949
383	377	0.998943
383	280	0.999565
383	324	0.999985
383	327	0.998968
383	264	0.999132
383	98	0.999849
383	313	0.999472
383	143	0.999499
383	137	0.999059
383	177	0.999546
383	190	0.998935
383	210	0.999148
383	213	0.998893
383	120	0.999749
383	171	0.999932
383	356	0.999465
383	361	0.999284
383	278	0.999732
383	112	0.998875
383	263	0.998959
383	156	0.999245
383	310	0.999731
383	227	0.999186
383	124	0.999108
383	178	0.999803
383	169	0.999115
383	109	0.999164
383	308	0.999531
383	212	0.999635
383	119	0.999417
383	320	0.999173
383	170	0.999611
383	282	0.999614
383	148	0.999634
383	158	0.999865
383	142	0.999359
383	283	0.998993
383	180	0.999051
383	118	0.999849
383	302	0.999803
383	153	0.999504
383	283	0.999778
383	221	0.999269
383	291	0.999246
383	332	0.999555
383	124	0.999442
383	274	0.99909
383	347	0.99968
383	205	0.999129
383	260	0.999118
383	335	0.999446
383	116	0.999782
383	351	0.999259
383	199	0.999836
383	360	0.999073
383	112	0.998888
383	282	0.999255
383	143	0.999851
383	227	0.999331
383	136	0.999986
383	113	0.999763
383	246	0.999414
383	374	0.999783
383	97	0.999074
383	103	0.999106
383	350	0.999585
383	270	0.99893
383	322	0.999382
383	300	0.998968
383	329	0.999261
383	239	0.999587
383	325	0.999825
383	139	0.99993
383	278	0.999629
383	173	0.998976
383	244	0.999338
383	179	0.999683
383	104	0.999772
383	228	0.999847
383	166	0.999299
383	264	0.998905
383	148	0.999944
383	170	0.999567
383	110	0.9994
383	113	0.999242
383	303	0.998927
383	187	0.99894
383	359	0.99983
383	157	0.999233
383	305	0.999834
383	290	0.998938
383	323	0.999366
383	332	0.999667
383	282	0.998902
383	176	0.999955
383	307	0.998946
383	206	0.999429
383	233	0.998993
383	244	0.99922
383	177	0.999806
383	255	0.999371
383	280	0.998963
383	248	0.999048
383	170	0.999939
383	319	0.999054
383	133	0.999731
383	100	0.999055
383	181	0.999045
383	240	0.999035
383	242	0.999337
383	381	0.999727
383	299	0.999836
383	192	0.999102
383	128	0.999626
383	93	0.999238
383	287	0.999512
383	129	0.999564
383	300	0.999343
383	140	0.99894
383	149	0.999477
383	375	0.999994
383	106	0.999594
383	161	0.999319
383	246	0.999015
383	324	0.999629
383	360	0.999703
383	241	0.99902
383	183	0.999097
383	157	0.998942
383	280	0.99954
383	252	0.99959
383	247	0.998876
383	375	0.999072
383	103	0.999495
383	376	0.998903
383	309	0.999055
383	270	0.999191
383	231	0.999222
383	104	0.999307
383	312	0.999332
383	269	0.999945
383	200	0.998903
383	190	0.999246
383	232	0.999531
383	281	0.999638
383	160	0.99986
383	376	0.99893
383	324	0.999632
383	286	0.999863
383	205	0.999064
383	120	0.999696
383	318	0.999747
383	380	0.999096
383	366	0.999847
383	374	0.999404
383	350	0.999283
383	313	0.99947
383	241	0.999925
383	132	0.999398
383	151	0.999211
383	92	0.999133
383	145	0.998984
383	350	0.999806
383	110	0.999144
383	176	0.999456
383	302	0.999138
383	133	0.99899
383	165	0.998938
383	120	0.999659
383	94	0.999669
383	226	0.999107
383	316	0.999126
383	110	0.999531
383	180	0.999713
383	224	0.999638
383	332	0.999316
383	201	0.999733
383	183	0.999891
383	276	0.998879
383	326	0.999719
383	246	0.999403
383	159	0.998871
383	192	0.999404
383	283	0.999055
383	96	0.998967
383	154	0.999438
383	204	0.999021
383	259	0.999247
383	179	0.999533
383	313	0.999383
383	341	0.999288
383	118	0.999022
383	331	0.99912
383	142	0.999003
383	111	0.999799
383	94	0.999702
383	355	0.999289
383	268	0.999516
383	240	0.99999
383	199	0.998962
383	269	0.999476
383	189	0.999815
383	202	0.999471
383	122	0.999301
383	378	0.999541
383	134	0.999281
383	149	0.999479
383	100	0.99898
383	110	0.999253
383	103	0.999746
383	182	0.999126
383	305	0.999271
383	218	0.999196
383	342	0.999396
383	187	0.999559
383	200	0.999774
383	148	0.999927
383	121	0.999007
383	99	0.999308
383	217	0.999968
383	296	0.999866
383	95	0.999944
383	152	0.999492
383	177	0.999052
383	125	0.999287
383	334	0.999878
383	203	0.999211
383	172	0.999256
383	341	0.998955
383	289	0.999989
383	357	0.99982
383	271	0.999342
383	245	0.999598
383	239	0.999098
383	186	0.998947
383	186	0.999596
383	123	0.99981
383	348	0.999922
383	111	0.999577
383	363	0.999
383	104	0.999713
383	269	0.999442
383	207	0.998975
383	223	0.9994
383	117	0.999048
383	166	0.99909
383	274	0.999347
383	242	0.999666
383	154	0.999197
383	211	0.999555
383	279	0.999631
383	284	0.999902
383	99	0.999337
383	264	0.999428
383	371	0.999387
383	175	0.999406
383	198	0.999885
383	286	0.998872
383	288	0.998913
383	358	0.999204
383	327	0.999066
383	375	0.999726
383	143	0.999334
383	276	0.998887
383	191	0.999153
383	317	0.999529
383	332	0.999651
383	249	0.999015
383	274	0.999197
383	102	0.998955
383	374	0.999761
383	157	0.999824
383	213	0.999847
383	292	0.99976
383	110	0.999591
383	165	0.999755
383	201	0.999752
383	124	0.999483
383	218	0.999856
383	196	0.999634
383	158	0.999328
383	276	0.999121
383	167	0.999199
383	265	0.999966
383	318	0.998937
383	233	0.999552
383	257	0.999868
383	182	0.99893
383	290	0.999619
383	144	0.999855
383	295	0.998895
383	120	0.999104
383	288	0.999348
383	108	0.999539
383	324	0.999764
383	248	0.999216
383	373	0.999623
383	373	0.999275
383	101	0.999766
383	114	0.998921
383	287	0.999616
383	109	0.999875
383	154	0.999544
383	301	0.999313
383	213	0.999872
383	268	0.999627
383	139	0.999621
383	378	0.99952
383	236	0.999676
383	146	0.999755
383	376	0.999204
383	360	0.999917
383	261	0.999581
383	261	0.998954
383	281	0.999636
383	257	0.999803
383	226	0.999246
383	184	0.99901
383	176	0.999429
383	339	0.999113
383	290	0.999507
383	255	0.998988
383	349	0.999473
383	376	0.999194
383	209	0.999832
383	93	0.99939
383	204	0.999355
383	368	0.999982
383	161	0.998896
383	334	0.999393
383	100	0.999219
383	184	0.999932
383	199	0.999068
383	300	0.999557
383	375	0.999122
383	293	0.9999
383	183	0.999232
383	276	0.999752
383	345	0.99976
383	359	0.999722
383	127	0.998963
383	180	0.999675
383	244	0.999956
383	282	0.999267
383	237	0.999458
383	269	0.999312
383	108	0.99951
383	152	0.999568
383	100	0.999512
383	337	0.999844
383	306	0.999507
383	142	0.99891
383	267	0.999341
383	119	0.999966
383	183	0.999265
383	207	0.9992
383	247	0.998981
383	302	0.999883
383	101	0.999584
383	172	0.99933
383	245	0.999057
383	286	0.999728
383	323	0.9989
383	382	0.999646
383	343	0.998933
383	360	0.999357
383	257	0.999463
383	203	0.99928
383	376	0.999145
383	115	0.999479
383	317	0.999825
383	273	0.999089
383	98	0.999153
383	309	0.999301
383	286	0.999801
383	192	0.999632
383	247	0.999748
383	182	0.999383
383	380	0.999646
383	146	0.999288
383	279	0.999448
383	104	0.999441
383	93	0.999799
383	318	0.9989
383	220	0.999537
383	273	0.999716
383	187	0.999245
383	134	0.999003
383	379	0.999173
383	216	0.999191
383	360	0.999172
383	212	0.999476
383	153	0.999948
383	298	0.999047
383	217	0.999594
383	235	0.99971
383	249	0.998909
383	212	0.999641
383	382	0.999732
383	247	0.999892
383	257	0.999113
383	285	0.999681
383	269	0.999646
383	266	0.999764
383	170	0.999748
383	119	0.999713
383	360	0.999
383	174	0.999982
383	358	0.999893
383	242	0.999864
383	107	0.999435
383	273	0.999707
383	137	0.999447
383	365	0.999877
383	361	0.999763
383	97	0.999744
383	246	0.99965
383	332	0.999989
383	262	0.999229
383	94	0.999781
383	201	0.998928
383	336	0.999472
383	144	0.999817
383	356	0.999541
383	169	0.999121
383	197	0.999502
383	243	0.999927
383	233	0.999763
383	300	0.999516
383	203	0.999857
383	365	0.998933
383	160	0.999974
383	162	0.999817
383	380	0.99978
383	294	0.999811
383	352	0.999589
383	103	0.999811
383	305	0.999514
383	309	0.999931
383	274	0.999493
383	252	0.99954
383	237	0.999421
383	119	0.999716
383	296	0.999543
383	323	0.999715
383	159	0.999043
383	172	0.999803
383	347	0.999546
383	252	0.998872
383	204	0.998987
383	343	0.999254
383	280	0.999681
383	285	0.998939
383	377	0.999671
383	318	0.99992
383	327	0.999585
383	96	0.999288
383	218	0.999994
383	350	0.998997
383	173	0.999395
383	339	0.999506
383	156	0.999865
383	361	0.999752
383	150	0.999969
383	219	0.999822
383	297	0.999449
383	276	0.999132
383	120	0.999572
383	155	0.999323
383	135	0.999481
383	273	0.999287
383	215	0.999141
383	284	0.999911
383	262	0.999309
383	165	0.998989
383	267	0.999479
383	370	0.999412
383	270	0.999047
383	352	0.999968
383	293	0.998945
383	281	0.999336
383	218	0.999353
383	176	0.999249
383	197	0.999691
383	344	0.998922
383	216	0.999619
383	201	0.999348
383	122	0.999003
383	254	0.999833
383	318	0.999045
383	351	0.999038
383	276	0.999841
383	251	0.99946
383	344	0.999563
383	145	0.999531
383	298	0.999923
383	307	0.999286
383	311	0.999052
383	372	0.999121
383	219	0.999332
383	307	0.999234
383	251	0.998963
383	208	0.999208
383	322	0.999467
383	220	0.999749
383	372	0.99998
383	359	0.999793
383	128	0.999261
383	251	0.999477
383	139	0.999926
383	346	0.999258
383	314	0.99894
383	306	0.999869
383	204	0.999077
383	136	0.999412
383	165	0.999512
383	122	0.999776
383	253	0.998889
383	327	0.999889
383	301	0.998992
383	342	0.998968
383	222	0.99993
383	348	0.999399
383	350	0.998887
383	222	0.999236
383	302	0.999272
383	321	0.999418
383	150	0.999445
383	236	0.999713
383	359	0.999789
383	222	0.999326
383	150	0.999183
383	102	0.998997
383	317	0.999707
383	368	0.999701
383	374	0.999136
383	271	0.998963
383	275	0.998905
383	164	0.999095
383	358	0.999386
383	138	0.999928
383	347	0.999952
383	107	0.999834
383	338	0.999719
383	136	0.999988
383	268	0.999988
383	330	0.999049
383	275	0.999337
383	107	0.999826
383	159	0.999539
383	377	0.999237
383	296	0.999022
383	145	0.999329
383	343	0.998933
383	165	0.999171
383	246	0.99981
383	282	0.999952
383	341	0.999508
383	261	0.999719
383	236	0.999493
383	350	0.999535
383	347	0.999207
383	93	0.999538
383	246	0.999523
383	115	0.999165
383	135	0.999437
383	162	0.999733
383	310	0.99969
383	117	0.998895
383	250	0.999314
383	250	0.99943
383	382	0.999213
383	361	0.999915
383	336	0.99993
383	152	0.99974
383	243	0.999043
383	161	0.999936
383	153	0.999118
383	102	0.999222
383	220	0.999833
383	136	0.999382
383	379	0.999566
383	272	0.999077
383	212	0.999173
383	363	0.999956
383	236	0.999022
383	308	0.999189
383	376	0.999766
383	258	0.999763
383	279	0.999755
383	105	0.999367
383	93	0.999314
383	367	0.998984
383	281	0.999357
383	380	0.999758
383	368	0.999096
383	157	0.999952
383	344	0.999773
383	147	0.999115
383	295	0.999927
383	357	0.998871
383	284	0.99983
383	95	0.999552
383	364	0.999264
383	358	0.999913
383	333	0.998879
383	263	0.998884
