3500
230	87	0.99944
230	220	0.999841
230	87	0.999921
230	182	0.999638
230	185	0.999806
230	146	0.999461
230	98	0.999753
230	114	0.999604
230	189	0.999444
230	87	0.999503
230	118	0.999769
230	125	0.999546
230	205	0.999986
230	227	0.999814
230	144	0.999992
230	123	0.999732
230	228	0.999451
230	217	0.999943
230	210	0.999906
230	127	0.999994
230	145	0.999777
230	178	0.9998
230	144	0.999601
230	146	0.999767
230	185	0.999463
230	177	0.99965
230	201	0.999819
230	224	0.999832
230	95	0.999644
230	208	0.999967
230	94	0.999708
230	225	0.999924
230	208	0.999744
230	129	0.999991
230	87	0.999667
230	200	0.999571
230	186	0.999775
230	185	0.999579
230	117	0.999601
230	111	0.999997
230	211	0.999701
230	206	0.999643
230	118	0.999616
230	217	0.999775
230	187	0.999758
230	219	0.99975
230	112	0.999767
230	178	0.99988
230	117	0.999607
230	150	0.99971
230	208	0.999546
230	124	0.999588
230	136	0.999777
230	198	0.999967
230	100	0.999788
230	194	0.999974
230	182	0.999468
230	202	0.999747
230	195	0.999456
230	199	0.999984
230	162	0.999638
230	127	0.999642
230	122	0.999545
230	226	0.999737
230	224	0.999737
230	205	0.999797
230	116	0.999531
230	198	0.999525
230	156	0.999714
230	187	0.999662
230	182	0.999856
230	92	0.999607
230	229	0.999849
230	184	0.999741
230	199	0.999655
230	186	0.99996
230	122	0.999864
230	213	0.999573
230	194	0.999756
230	136	0.99948
230	179	0.999889
230	184	0.999806
230	181	0.999961
230	221	0.999811
230	152	0.999693
230	146	0.999644
230	93	0.999846
230	210	0.999797
230	87	0.9996
230	180	0.999878
230	185	0.999638
230	187	0.999789
230	139	0.999731
230	192	0.999792
230	138	0.999878
230	158	0.999459
230	106	0.999829
230	140	0.999994
230	183	0.999989
230	109	0.999671
230	122	0.999762
230	132	0.999594
230	207	0.999744
230	224	0.999866
230	126	0.999774
230	178	0.999441
230	94	0.999559
230	227	0.999822
230	200	0.999598
230	183	0.999601
230	148	0.999969
230	188	0.999977
230	197	0.999716
230	121	0.999789
230	121	0.999709
230	199	0.999438
230	212	0.99953
230	191	0.999881
230	107	0.999675
230	96	0.999487
230	131	0.999926
230	111	0.999646
230	135	0.999594
230	121	0.999698
230	208	0.999455
230	153	0.999947
230	209	0.999498
230	177	0.999847
230	219	0.999916
230	211	0.999723
230	120	0.999464
230	142	0.999899
230	143	0.999639
230	223	0.999762
230	96	0.999505
230	191	0.999567
230	107	0.999569
230	86	0.999784
230	140	0.999463
230	105	0.999584
230	218	0.999988
230	169	0.999596
230	227	0.999903
230	94	0.999986
230	102	0.999924
230	110	0.999729
230	183	0.999643
230	90	0.999696
230	124	0.999546
230	204	0.999901
230	128	0.999574
230	171	0.999725
230	171	0.999525
230	156	0.999931
230	213	0.99964
230	131	0.999868
230	122	0.999641
230	209	0.99978
230	181	0.999987
230	192	0.999785
230	206	0.99944
230	190	0.999901
230	208	0.999576
230	158	0.999725
230	86	0.999668
230	120	0.999994
230	184	0.999444
230	188	0.999908
230	105	0.999978
230	174	0.999456
230	207	0.999813
230	149	0.99974
230	134	0.999537
230	158	0.999684
230	188	0.999775
230	176	0.999917
230	102	0.999739
230	124	0.9998
230	131	0.999839
230	177	0.999845
230	155	0.999833
230	229	0.999694
230	127	0.999829
230	114	0.999725
230	164	0.999734
230	195	0.999967
230	129	0.999627
230	108	0.999466
230	119	0.999877
230	179	0.999955
230	128	0.999629
230	113	0.999634
230	134	0.999562
230	198	0.999667
230	218	0.999486
230	217	0.999877
230	115	0.999939
230	216	0.999997
230	88	0.999518
230	100	0.999735
230	136	0.999577
230	166	0.999527
230	164	0.999769
230	197	0.999779
230	198	0.999912
230	180	0.999924
230	86	0.999673
230	143	0.999677
230	225	0.999951
230	85	0.999942
230	138	0.999706
230	101	0.99989
230	207	0.999642
230	95	0.999787
230	147	0.999858
230	122	0.999522
230	86	0.999787
230	115	0.999928
230	102	0.999586
230	168	0.999492
230	106	0.99968
230	218	0.99981
230	225	0.999727
230	133	0.999716
230	126	0.999779
230	205	0.999684
230	98	0.999475
230	174	0.999924
230	112	0.999883
230	91	0.99993
230	216	0.999694
230	213	0.999933
230	202	0.999434
230	152	0.999907
230	141	0.999852
230	188	0.999595
230	95	0.999545
230	150	0.999549
230	211	0.99964
230	126	0.999444
230	132	0.999945
230	113	0.999666
230	209	0.999759
230	227	0.999966
230	146	0.999924
230	180	0.999661
230	130	0.999434
230	161	0.999682
230	191	0.999592
230	211	0.999569
230	211	0.999725
230	171	0.999777
230	97	0.999896
230	168	0.999559
230	158	0.999787
230	151	0.999819
230	174	0.999724
230	223	0.999889
230	138	0.999556
230	162	0.999816
230	163	0.999531
230	202	0.999664
230	209	0.999476
230	101	0.999433
230	210	0.999628
230	141	0.999799
230	152	0.99976
230	101	0.999853
230	214	0.999618
230	192	0.999535
230	93	0.999582
230	134	0.999472
230	197	0.999877
230	106	0.999583
230	120	0.999662
230	213	0.999539
230	142	0.999806
230	225	0.999949
230	221	0.999678
230	96	0.999934
230	129	0.999886
230	144	0.99993
230	110	0.99962
230	220	0.999676
230	199	0.999547
230	105	0.999913
230	121	0.999901
230	199	0.999508
230	141	0.999673
230	202	0.999647
230	184	0.999865
230	187	0.999892
230	160	0.999547
230	169	0.999921
230	218	0.999953
230	129	0.99986
230	168	0.999429
230	120	0.999768
230	179	0.999507
230	165	0.999856
230	177	0.999471
230	129	0.999493
230	87	0.999999
230	210	0.999483
230	175	0.999918
230	171	0.999809
230	119	0.999551
230	149	0.999719
230	134	0.999573
230	146	0.999481
230	147	0.999469
230	138	0.99962
230	142	0.999973
230	217	0.999841
230	112	0.999696
230	146	0.999782
230	143	0.999446
230	211	0.999569
230	212	0.999469
230	121	0.999862
230	89	0.999779
230	121	0.999589
230	139	0.99995
230	138	0.999789
230	197	0.999482
230	202	0.999541
230	128	0.999575
230	118	0.999962
230	189	0.99966
230	223	0.999988
230	150	0.999941
230	123	0.99946
230	207	0.999986
230	187	0.99981
230	85	0.999531
230	125	0.999843
230	162	0.999763
230	158	0.999753
230	218	0.999748
230	154	0.999513
230	151	0.999764
230	187	0.999459
230	167	0.999611
230	205	0.999758
230	193	0.999959
230	112	0.99959
230	147	0.999669
230	113	0.999507
230	147	0.999754
230	148	0.999886
230	196	0.99972
230	224	0.99978
230	228	0.999849
230	160	0.99956
230	175	0.999923
230	133	0.999972
230	149	0.999553
230	134	0.999566
230	202	0.999483
230	167	0.99954
230	137	0.999641
230	129	0.999759
230	99	0.999613
230	116	0.999753
230	125	0.999522
230	144	0.999748
230	177	0.999804
230	200	0.999727
230	124	0.99972
230	180	0.99974
230	225	0.999632
230	197	0.999752
230	140	0.999978
230	164	0.999783
230	154	0.999896
230	131	0.999775
230	149	0.99946
230	195	0.999627
230	214	0.999947
230	162	0.999569
230	96	0.99946
230	182	0.999553
230	203	0.999829
230	112	0.999441
230	223	0.999533
230	95	0.999578
230	184	0.999468
230	116	0.99958
230	227	0.999822
230	155	0.999706
230	128	0.999873
230	141	0.999489
230	96	0.999701
230	91	0.999815
230	221	0.999875
230	224	0.999477
230	89	0.999715
230	123	0.999889
230	180	0.999634
230	193	0.999886
230	85	0.999772
230	120	0.999575
230	135	0.999781
230	142	0.999682
230	144	0.999532
230	86	0.999588
230	93	0.99978
230	190	0.999845
230	224	0.999745
230	111	0.999656
230	145	0.999846
230	95	0.999722
230	182	0.999804
230	130	0.999601
230	160	0.999708
230	114	0.999971
230	178	0.99968
230	139	0.99949
230	127	0.999939
230	179	0.999737
230	128	0.999705
230	194	0.999942
230	190	0.999912
230	191	0.99964
230	211	0.999779
230	120	0.999627
230	181	0.999517
230	119	0.999736
230	204	0.999729
230	120	0.999797
230	157	0.999688
230	103	0.99955
230	121	0.999565
230	85	0.99967
230	213	0.999908
230	157	0.999928
230	169	0.999872
230	174	0.999889
230	193	0.999892
230	120	0.99979
230	107	0.999706
230	223	0.999872
230	194	0.999821
230	156	0.999665
230	218	0.999623
230	97	0.999647
230	152	0.999755
230	177	0.999626
230	169	0.999671
230	161	0.999438
230	119	0.999722
230	123	0.999935
230	105	0.999553
230	110	0.999498
230	160	0.999489
230	94	0.999846
230	92	0.999715
230	216	0.999558
230	171	0.999538
230	198	0.999646
230	133	0.99984
230	206	0.999806
230	105	0.99988
230	149	0.999543
230	220	0.999595
230	151	0.999467
230	103	0.999852
230	108	0.999802
230	101	0.999519
230	94	0.999487
230	123	0.999647
230	96	0.99947
230	188	0.999843
230	183	0.999798
230	119	0.99989
230	183	0.999622
230	102	0.999478
230	223	0.999876
230	223	0.999494
230	198	0.999519
230	143	0.99957
230	129	0.999458
230	186	0.999677
230	126	0.99991
230	222	0.999517
230	90	0.999552
230	152	0.999995
230	92	0.99982
230	208	0.999719
230	147	0.999683
230	228	0.999638
230	221	0.999528
230	147	0.999844
230	150	0.99993
230	90	0.999508
230	187	0.999608
230	93	0.999752
230	171	0.999848
230	144	0.999498
230	104	0.999604
230	164	0.999962
230	225	0.999822
230	195	0.999863
230	201	0.999507
230	192	0.999604
230	157	0.999909
230	188	0.999432
230	196	0.999876
230	135	0.999665
230	134	0.999977
230	111	0.999675
230	112	0.999614
230	92	0.999748
230	223	0.999904
230	171	0.999907
230	101	0.999692
230	221	0.999898
230	178	0.9997
230	87	0.999954
230	175	0.999815
230	131	0.999704
230	117	0.999958
230	99	0.999949
230	118	0.999796
230	122	0.999939
230	107	0.999833
230	122	0.999679
230	165	0.999719
230	93	0.999897
230	153	0.999572
230	124	0.999858
230	117	0.999764
230	142	0.999547
230	164	0.999666
230	119	0.999955
230	155	0.999516
230	189	0.999597
230	153	0.99991
230	95	0.999688
230	188	0.999915
230	222	0.999623
230	130	0.999751
230	163	0.999501
230	154	0.99997
230	177	0.999608
230	202	0.999691
230	148	0.999541
230	200	0.999785
230	107	0.999776
230	211	0.999845
230	110	0.999745
230	163	0.999951
230	221	0.999634
230	159	0.999801
230	182	0.999871
230	92	0.999751
230	144	0.999524
230	177	0.999711
230	198	0.999594
230	173	0.999692
230	105	0.999557
230	100	0.999926
230	133	0.99995
230	197	0.999922
230	140	0.99966
230	105	0.999567
230	166	0.99984
230	184	0.999746
230	124	0.999519
230	128	0.999731
230	128	0.999904
230	188	0.999632
230	147	0.999822
230	217	0.999699
230	151	0.999979
230	113	0.999739
230	87	0.999583
230	85	0.999547
230	144	0.999856
230	183	0.999993
230	122	0.999465
230	120	0.999958
230	179	0.999727
230	137	0.999785
230	174	0.999456
230	171	0.999948
230	108	0.999442
230	117	0.999779
230	121	0.999677
230	159	0.999951
230	98	0.999594
230	113	0.999749
230	149	0.999486
230	115	0.99953
230	102	0.99947
230	129	0.999672
230	171	0.99958
230	207	0.999982
230	160	0.999808
230	169	0.999759
230	85	0.999628
230	133	0.999608
230	161	0.999916
230	210	0.99966
230	205	0.999622
230	202	0.999763
230	195	0.999522
230	111	0.999552
230	206	0.99956
230	96	0.999654
230	120	0.999518
230	144	0.999654
230	205	0.999773
230	138	0.999721
230	203	0.999502
230	142	0.999506
230	181	0.999858
230	144	0.999503
230	148	0.999915
230	220	0.999552
230	106	0.99958
230	115	0.999746
230	203	0.999539
230	173	0.999565
230	175	0.999502
230	228	0.999796
230	90	0.999844
230	126	0.99983
230	101	0.999962
230	194	0.999518
230	193	0.999675
230	149	0.999811
230	209	0.999531
230	93	0.999432
230	140	0.999791
230	128	0.999674
230	135	0.999566
230	95	0.999774
230	91	0.999626
230	187	0.999515
230	189	0.999915
230	146	0.999953
230	172	0.999857
230	169	0.999518
230	199	0.999732
230	197	0.999801
230	142	0.999674
230	215	0.999907
230	146	0.999972
230	185	0.999614
230	193	0.999946
230	113	0.999993
230	177	0.999469
230	164	0.999777
230	172	0.999718
230	171	0.999599
230	136	0.999881
230	113	0.999814
230	164	0.999539
230	226	0.999491
230	229	0.999683
230	196	0.999576
230	207	0.999874
230	176	0.999588
230	99	0.999961
230	88	0.999944
230	173	0.999973
230	162	0.999454
230	166	0.999603
230	94	0.999766
230	224	0.999957
230	93	0.999886
230	170	0.999622
230	143	0.999439
230	191	0.999481
230	124	0.999599
230	113	0.999954
230	113	0.999473
230	128	0.999636
230	96	0.999963
230	117	0.999667
230	144	0.999444
230	215	0.999509
230	105	0.999874
230	119	0.999447
230	155	0.999451
230	220	0.999594
230	138	0.999536
230	174	0.999495
230	207	0.999913
230	110	0.999618
230	201	0.999586
230	222	0.999626
230	190	0.99978
230	114	0.999904
230	134	0.999818
230	227	0.999506
230	165	0.99997
230	156	0.999561
230	163	0.999985
230	144	0.999861
230	106	0.999997
230	197	0.999695
230	85	0.999559
230	151	0.999609
230	146	0.999796
230	181	0.999759
230	146	0.999483
230	180	0.999906
230	124	0.99984
230	86	0.999672
230	193	0.999573
230	123	0.999705
230	211	0.999624
230	216	0.999924
230	226	0.999501
230	177	0.999688
230	163	0.999814
230	106	0.999648
230	202	0.999998
230	212	0.9996
230	159	0.999614
230	109	0.999719
230	118	0.999579
230	225	0.999749
230	229	0.999613
230	175	0.999729
230	211	0.99943
230	195	0.999883
230	214	0.999648
230	158	0.999441
230	226	0.999901
230	204	0.999691
230	124	0.999897
230	105	0.999742
230	125	0.999644
230	171	0.999739
230	223	0.999667
230	100	0.999977
230	149	0.999937
230	98	0.99987
230	207	0.999558
230	220	0.99982
230	123	0.999487
230	144	0.999551
230	172	0.99989
230	198	0.999729
230	171	0.999745
230	148	0.999627
230	195	0.999979
230	191	0.999604
230	229	0.999712
230	173	0.999842
230	162	0.999874
230	172	0.999909
230	134	0.999611
230	141	0.99952
230	88	0.999486
230	198	0.999995
230	204	0.999884
230	161	0.999801
230	155	0.999862
230	97	0.999816
230	143	0.999571
230	112	0.999456
230	209	0.999617
230	119	0.999436
230	97	0.99971
230	134	0.999506
230	173	0.999497
230	162	0.999871
230	117	0.999532
230	221	0.99972
230	153	0.999885
230	225	0.999627
230	141	0.999838
230	201	0.999434
230	101	0.999707
230	92	0.999737
230	184	0.999877
230	169	0.999987
230	215	0.999513
230	101	0.999651
230	224	0.999878
230	184	0.999799
230	205	0.999813
230	129	0.999931
230	217	0.999853
230	213	0.99992
230	127	0.999656
230	212	0.999891
230	164	0.999926
230	162	0.999963
230	104	0.999654
230	101	0.999795
230	96	0.999654
230	199	0.999792
230	118	0.999813
230	125	0.999716
230	89	0.999828
230	88	0.999937
230	222	0.999488
230	183	0.999766
230	210	0.999708
230	178	0.999591
230	177	0.999801
230	165	0.999661
230	211	0.999985
230	89	0.999486
230	169	0.99999
230	209	0.999651
230	110	0.999483
230	147	0.999729
230	213	0.999634
230	197	0.99987
230	110	0.999983
230	85	0.999871
230	199	0.999668
230	223	0.999577
230	181	0.999662
230	155	0.999995
230	100	0.999724
230	127	0.999509
230	169	0.999551
230	119	0.999559
230	174	0.999433
230	203	0.999779
230	135	0.999696
230	228	0.999814
230	91	0.999646
230	171	0.999668
230	142	0.999658
230	202	0.999969
230	120	0.999471
230	92	0.999723
230	95	0.999764
230	136	0.999833
230	109	0.999536
230	130	0.999512
230	91	0.999938
230	203	0.999757
230	180	0.999883
230	91	0.999972
230	168	0.999793
230	117	0.999506
230	130	0.99953
230	105	0.999775
230	107	0.999751
230	187	0.999798
230	207	0.999979
230	197	0.999781
230	199	0.999429
230	150	0.999678
230	216	0.999804
230	99	0.999831
230	193	0.999493
230	192	0.999496
230	125	0.999812
230	141	0.999492
230	152	0.999913
230	134	0.999913
230	227	0.999977
230	212	0.999595
230	135	0.999971
230	146	0.999495
230	115	0.999517
230	127	0.999724
230	113	0.999555
230	198	0.999966
230	95	0.999955
230	185	0.999664
230	187	0.999509
230	177	0.999836
230	163	0.999569
230	217	0.999438
230	142	0.999507
230	192	0.999765
230	173	0.999794
230	87	0.999961
230	101	0.999768
230	177	0.999777
230	204	0.999765
230	88	0.999757
230	185	0.999517
230	142	0.999784
230	219	0.999986
230	170	0.99986
230	160	0.999965
230	184	0.999821
230	116	0.999888
230	202	0.999662
230	164	0.999622
230	197	0.999795
230	106	0.999686
230	118	0.999846
230	142	0.999854
230	97	0.999491
230	171	0.99971
230	148	0.999682
230	211	0.999928
230	119	0.999558
230	187	0.999785
230	108	0.999989
230	187	0.999483
230	129	0.999744
230	150	0.999961
230	169	0.999624
230	198	0.999587
230	151	0.999477
230	145	0.999944
230	134	0.999755
230	124	0.99978
230	168	0.999755
230	142	0.999643
230	147	0.999486
230	153	0.9996
230	206	0.999751
230	94	0.999909
230	99	0.999735
230	108	0.999873
230	201	0.99973
230	145	0.999504
230	185	0.999442
230	116	0.999658
230	98	0.999639
230	96	0.999574
230	216	0.999893
230	157	0.999781
230	196	0.999651
230	92	0.999961
230	154	0.999571
230	136	0.999658
230	173	0.99975
230	121	0.999781
230	92	0.999699
230	95	0.999914
230	147	0.999763
230	95	0.999949
230	111	0.999467
230	114	0.99961
230	178	0.999889
230	194	0.999758
230	203	0.999643
230	213	0.99972
230	126	0.999752
230	114	0.999917
230	164	0.999439
230	145	0.999462
230	166	0.999466
230	205	0.999637
230	159	0.999606
230	152	0.99974
230	165	0.999661
230	203	0.999771
230	117	0.999868
230	129	0.999664
230	138	0.999664
230	225	0.999974
230	148	0.999464
230	184	0.999724
230	126	0.999629
230	226	0.999609
230	217	0.99989
230	129	0.999934
230	113	0.999994
230	214	0.999701
230	105	0.999909
230	229	0.999988
230	224	0.99947
230	164	0.999525
230	181	0.999591
230	192	0.999563
230	206	0.999736
230	182	0.999852
230	107	0.999602
230	118	0.999551
230	93	0.999534
230	180	0.999989
230	209	0.999886
230	175	0.999808
230	157	0.999829
230	115	0.999533
230	216	0.999772
230	228	0.999533
230	99	0.999627
230	181	0.999931
230	175	0.999545
230	199	0.999445
230	129	0.999875
230	187	0.999982
230	208	0.999528
230	100	0.999527
230	159	0.999958
230	225	0.999876
230	147	0.99966
230	185	0.999525
230	199	0.999669
230	197	0.999917
230	179	0.999619
230	183	0.999872
230	219	0.999853
230	181	0.999828
230	224	0.999461
230	216	0.999818
230	187	0.999985
230	178	0.999806
230	222	0.999655
230	178	0.999962
230	206	0.999705
230	152	0.999885
230	170	0.999518
230	219	0.999974
230	120	0.999805
230	193	0.999826
230	193	0.999483
230	214	0.999545
230	210	0.999769
230	104	0.999997
230	154	0.999972
230	155	0.999493
230	125	0.99986
230	85	0.99981
230	94	0.999933
230	101	0.99944
230	146	0.999739
230	214	0.999486
230	222	0.999882
230	139	0.999735
230	110	0.999986
230	138	0.999998
230	176	0.999474
230	119	0.999578
230	225	0.999994
230	99	0.999693
230	206	0.999828
230	150	0.999911
230	172	0.999706
230	134	0.999958
230	161	0.999843
230	114	0.99984
230	99	0.999436
230	94	0.999845
230	207	0.999598
230	96	0.999725
230	117	0.999672
230	218	0.999562
230	180	0.999693
230	196	0.999565
230	85	0.99948
230	155	0.999691
230	183	0.999722
230	106	0.99958
230	148	0.999497
230	213	0.999577
230	153	0.999809
230	112	0.999606
230	183	0.999896
230	229	0.999602
230	89	0.999551
230	96	0.999664
230	194	0.999872
230	217	0.999868
230	226	0.999474
230	103	0.999885
230	213	0.999953
230	197	0.999515
230	99	0.999606
230	211	0.999713
230	167	0.999957
230	90	0.999709
230	120	0.999486
230	173	0.999749
230	147	0.999993
230	217	0.999636
230	174	0.999881
230	223	0.99968
230	168	0.999824
230	91	0.999521
230	108	0.999628
230	162	0.999952
230	85	0.999721
230	155	0.999593
230	163	0.999622
230	90	0.999505
230	101	0.999453
230	151	0.999792
230	141	0.999692
230	142	0.999431
230	217	0.999642
230	99	0.99944
230	189	0.999455
230	220	0.999701
230	185	0.999884
230	174	0.999705
230	150	0.999872
230	195	0.999784
230	102	0.999792
230	126	0.999464
230	94	0.999437
230	196	0.99972
230	113	0.999519
230	181	0.999901
230	122	0.999698
230	197	0.999438
230	178	0.999555
230	179	0.999969
230	171	0.999833
230	200	0.999489
230	217	0.999937
230	187	0.999697
230	145	0.999731
230	170	0.999674
230	162	0.999931
230	122	0.999442
230	203	0.999542
230	156	0.999685
230	170	0.999813
230	171	0.999874
230	223	0.999834
230	164	0.999764
230	147	0.9995
230	114	0.999819
230	162	0.9998
230	169	0.999733
230	86	0.999643
230	149	0.999768
230	181	0.999546
230	229	0.999784
230	138	0.999693
230	141	0.999458
230	176	0.999812
230	100	0.999619
230	99	0.999693
230	187	0.999945
230	178	0.99963
230	85	0.999643
230	182	0.999856
230	132	0.999498
230	170	0.999831
230	192	0.999454
230	188	0.999688
230	103	0.999994
230	126	0.999948
230	92	0.999531
230	224	0.999598
230	139	0.999709
230	228	0.999818
230	156	0.999987
230	165	0.999744
230	113	0.999757
230	165	0.999917
230	211	0.999577
230	165	0.999505
230	136	0.999808
230	193	0.999567
230	134	0.999922
230	205	0.999986
230	90	0.999567
230	139	0.999802
230	216	0.999774
230	199	0.999533
230	137	0.99968
230	179	0.999524
230	120	0.99992
230	134	0.999501
230	210	0.999816
230	117	0.999874
230	160	0.999567
230	205	0.999942
230	208	0.999923
230	170	0.999731
230	206	0.999622
230	188	0.999615
230	148	0.999494
230	135	0.999539
230	176	0.999616
230	92	0.999785
230	94	0.999482
230	203	0.999647
230	228	0.999462
230	180	0.999462
230	149	0.999729
230	182	0.999498
230	113	0.999913
230	159	0.99988
230	140	0.999609
230	100	0.999599
230	179	0.999766
230	159	0.999953
230	109	0.999811
230	191	0.999533
230	200	0.99971
230	150	0.999886
230	85	0.999828
230	184	0.999437
230	138	0.999597
230	209	0.999945
230	169	0.999517
230	130	0.999888
230	176	0.999935
230	134	0.999832
230	118	0.999513
230	151	0.999676
230	113	0.99976
230	193	0.999616
230	161	0.999698
230	222	0.999719
230	191	0.999491
230	224	0.999701
230	200	0.999783
230	150	0.999874
230	87	0.999588
230	103	0.999869
230	89	0.999827
230	110	0.999825
230	139	0.999889
230	143	0.999928
230	183	0.999935
230	156	0.999948
230	227	0.99999
230	229	0.999562
230	179	0.999663
230	114	0.999951
230	130	0.999795
230	223	0.999507
230	106	0.999999
230	144	0.999638
230	90	0.999431
230	223	0.999563
230	164	0.999456
230	205	0.999676
230	121	0.999545
230	132	0.99957
230	179	0.999918
230	120	0.999737
230	144	0.999795
230	100	0.999545
230	121	0.999454
230	213	0.99968
230	137	0.999947
230	189	0.999869
230	113	0.999468
230	219	0.999943
230	179	0.999561
230	178	0.999998
230	133	0.999679
230	134	0.999672
230	227	0.999611
230	156	0.999691
230	134	0.999781
230	118	0.999889
230	154	0.999878
230	94	0.999962
230	143	0.999785
230	226	0.999511
230	183	0.999527
230	185	0.999574
230	106	0.999895
230	204	0.999533
230	123	0.999873
230	97	0.99954
230	115	0.99976
230	167	0.999433
230	205	0.999633
230	194	0.999599
230	158	0.99949
230	104	0.999829
230	222	0.99981
230	209	0.99949
230	204	0.999989
230	192	0.999454
230	149	0.999458
230	96	0.999554
230	87	0.999862
230	193	0.999431
230	91	0.99983
230	183	0.999619
230	103	0.999897
230	184	0.99947
230	120	0.999983
230	207	0.999571
230	178	0.999515
230	108	0.999973
230	156	0.999825
230	161	0.999872
230	149	0.999457
230	224	0.999528
230	178	0.999928
230	189	0.999624
230	189	0.999602
230	132	0.999721
230	219	0.999989
230	110	0.999517
230	115	0.999458
230	206	0.999998
230	130	0.999727
230	107	0.999676
230	126	0.999898
230	112	0.999493
230	143	0.999962
230	98	0.999699
230	195	0.99992
230	129	0.999825
230	122	0.999559
230	136	0.999753
230	195	0.999872
230	227	0.999916
230	215	0.999769
230	126	0.999907
230	144	0.999664
230	126	0.999962
230	186	0.999477
230	224	0.999583
230	110	0.999914
230	85	0.999676
230	90	0.999541
230	177	0.999846
230	204	0.99995
230	211	0.99958
230	178	0.999767
230	143	0.999802
230	185	0.999776
230	196	0.999506
230	218	0.999557
230	219	0.999752
230	139	0.999495
230	193	0.999972
230	164	0.999744
230	131	0.999874
230	135	0.999755
230	208	0.999967
230	184	0.999482
230	213	0.999566
230	117	0.999467
230	214	0.999433
230	174	0.999994
230	134	0.99979
230	200	0.999717
230	131	0.999911
230	129	0.999998
230	134	0.999885
230	229	0.999468
230	156	0.999938
230	193	0.999943
230	215	0.999584
230	105	0.99953
230	116	0.999473
230	208	0.999545
230	145	0.999882
230	141	0.999554
230	157	0.999978
230	220	0.999517
230	110	0.999996
230	143	0.999513
230	197	0.999844
230	104	0.99954
230	129	0.999609
230	209	0.99944
230	86	0.99995
230	113	0.999929
230	154	0.999559
230	179	0.999909
230	153	0.99949
230	191	0.999521
230	111	0.99962
230	114	0.99945
230	101	0.999901
230	110	0.999715
230	124	0.999731
230	105	0.999468
230	223	0.999635
230	159	0.999562
230	198	0.999449
230	211	0.999612
230	195	0.999683
230	226	0.999636
230	213	0.999566
230	179	0.999711
230	154	0.999754
230	178	0.999781
230	114	0.999756
230	176	0.999558
230	195	0.99973
230	137	0.999895
230	177	0.999629
230	198	0.999739
230	154	0.999567
230	134	0.999953
230	101	0.999831
230	98	0.999509
230	130	0.999938
230	105	0.99997
230	160	0.999668
230	221	0.999586
230	91	0.999468
230	218	0.999755
230	93	0.999545
230	199	0.999995
230	170	0.99947
230	104	0.999963
230	206	0.999604
230	123	0.999586
230	222	0.99985
230	229	0.999481
230	117	0.999497
230	166	0.999431
230	216	0.99948
230	108	0.999905
230	127	0.999923
230	171	0.999896
230	229	0.999878
230	90	0.99962
230	150	0.99999
230	178	0.999564
230	118	0.999503
230	115	0.999985
230	110	0.999465
230	211	0.999872
230	107	0.999478
230	120	0.999441
230	95	0.99986
230	135	0.999693
230	179	0.99953
230	198	0.999781
230	107	0.999846
230	162	0.999967
230	115	0.999695
230	155	0.999967
230	110	0.999718
230	175	0.999952
230	124	0.999463
230	193	0.999486
230	136	0.999533
230	162	0.999514
230	102	0.999697
230	173	0.99949
230	190	0.999969
230	87	0.99944
230	171	0.999914
230	223	0.999639
230	90	0.999721
230	192	0.999471
230	147	0.999755
230	108	0.999452
230	190	0.999838
230	144	0.999922
230	115	0.999474
230	211	0.99982
230	204	0.999479
230	207	0.999461
230	182	0.999704
230	228	0.999571
230	94	0.999976
230	131	0.999789
230	122	0.999487
230	86	0.999595
230	162	0.999662
230	189	0.999619
230	112	0.999893
230	132	0.999874
230	114	0.999713
230	171	0.999721
230	208	0.99981
230	90	0.999612
230	93	0.99947
230	196	0.999721
230	141	0.999628
230	93	0.99974
230	218	0.999869
230	129	0.999962
230	113	0.999498
230	219	0.999756
230	122	0.999612
230	165	0.999723
230	106	0.999865
230	101	0.999502
230	197	0.999449
230	85	0.999813
230	127	0.999864
230	181	0.999841
230	89	0.999741
230	172	0.999479
230	202	0.999688
230	201	0.999622
230	161	0.999788
230	172	0.999562
230	116	0.999846
230	217	0.999572
230	165	0.999976
230	87	0.999586
230	95	0.999659
230	221	0.999708
230	172	0.999473
230	181	0.999724
230	150	0.99947
230	85	0.999846
230	131	0.999751
230	183	0.999609
230	200	0.99994
230	87	0.999714
230	156	0.999554
230	110	0.99981
230	88	0.999813
230	117	0.999764
230	225	0.999995
230	209	0.999684
230	219	0.999963
230	189	0.999594
230	125	0.99972
230	90	0.99951
230	193	0.999909
230	223	0.999703
230	206	0.999596
230	142	0.999999
230	160	0.999741
230	107	0.999975
230	114	0.999776
230	209	0.999934
230	120	0.999719
230	134	0.999848
230	100	0.99981
230	206	0.999663
230	212	0.999494
230	112	0.999739
230	104	0.999958
230	116	0.999632
230	127	0.999443
230	215	0.999892
230	98	0.99995
230	190	0.999501
230	174	0.999909
230	153	0.999824
230	184	0.999982
230	141	0.999982
230	149	0.999855
230	158	0.999635
230	210	0.999634
230	106	0.999735
230	119	0.999688
230	148	0.99949
230	208	0.999582
230	141	0.999888
230	135	0.999732
230	89	0.999799
230	139	0.999533
230	162	0.999735
230	202	0.999716
230	144	0.99969
230	169	0.999573
230	118	0.999494
230	154	0.999611
230	125	0.999445
230	99	0.999737
230	130	0.999525
230	177	0.999695
230	127	0.99985
230	135	0.999668
230	103	0.999493
230	206	0.999501
230	195	0.999873
230	200	0.999545
230	214	0.999874
230	128	0.999933
230	116	0.999503
230	104	0.999952
230	105	0.999779
230	194	0.999434
230	109	0.999655
230	169	0.999992
230	220	0.999624
230	173	0.999611
230	89	0.999731
230	154	0.999512
230	124	0.999831
230	181	0.999889
230	210	0.999692
230	138	0.999539
230	131	0.999578
230	134	0.999768
230	87	0.999489
230	173	0.999962
230	116	0.999513
230	213	0.999997
230	149	0.999716
230	226	0.999491
230	175	0.999572
230	170	0.999547
230	225	0.999925
230	94	0.9996
230	135	0.999918
230	86	0.999543
230	157	0.999516
230	172	0.999569
230	181	0.999858
230	118	0.999771
230	217	0.999478
230	122	0.99967
230	135	0.999894
230	147	0.999465
230	187	0.999482
230	181	0.999814
230	192	0.999924
230	216	0.999776
230	227	0.999874
230	202	0.999811
230	173	0.99954
230	102	0.99967
230	101	0.999578
230	116	0.99983
230	229	0.999582
230	219	0.999929
230	110	0.999744
230	205	0.999792
230	96	0.999816
230	200	0.999784
230	170	0.999965
230	123	0.999562
230	87	0.999762
230	200	0.999552
230	225	0.999818
230	149	0.999705
230	214	0.999562
230	172	0.999974
230	93	0.999883
230	181	0.999472
230	171	0.999687
230	120	0.999672
230	190	0.999731
230	160	0.99974
230	147	0.999565
230	126	0.999847
230	142	0.999958
230	192	0.999796
230	216	0.999565
230	132	0.999917
230	170	0.999465
230	195	0.999571
230	89	0.999527
230	173	0.999753
230	186	0.999976
230	211	0.999531
230	146	0.999862
230	90	0.999809
230	95	0.999861
230	132	0.999662
230	142	0.99972
230	216	0.999439
230	133	0.999942
230	136	0.999722
230	147	0.999656
230	108	0.999747
230	213	0.999916
230	195	0.999849
230	135	0.999587
230	225	0.999973
230	147	0.999987
230	106	0.999557
230	207	0.999739
230	192	0.999695
230	88	0.999812
230	119	0.999483
230	224	0.999807
230	109	0.999748
230	121	0.99988
230	214	0.999761
230	112	0.999521
230	193	0.999667
230	228	0.999892
230	217	0.999688
230	110	0.999677
230	117	0.999746
230	114	0.999501
230	85	0.999845
230	104	0.999506
230	139	0.999903
230	205	0.999788
230	207	0.999848
230	141	0.999912
230	111	0.999467
230	133	0.99999
230	200	0.999805
230	207	0.999723
230	131	0.999976
230	98	0.999814
230	86	0.999673
230	142	0.999441
230	130	0.999926
230	121	0.999697
230	173	0.999468
230	222	0.999849
230	144	0.999906
230	113	0.999559
230	164	0.99984
230	206	0.999519
230	166	0.999712
230	220	0.999549
230	121	0.999797
230	216	0.999839
230	227	0.999617
230	167	0.999544
230	174	0.999597
230	188	0.9996
230	121	0.999968
230	220	0.999821
230	157	0.999577
230	175	0.999477
230	208	0.999911
230	163	0.999784
230	180	0.999448
230	177	0.999865
230	112	0.999767
230	112	0.999757
230	144	0.99959
230	93	0.999448
230	95	0.999483
230	85	0.999574
230	119	0.999713
230	122	0.999616
230	226	0.999483
230	209	0.999958
230	92	0.99962
230	117	0.999787
230	101	0.999818
230	203	0.999982
230	106	0.999678
230	89	0.999858
230	185	0.999854
230	156	0.999595
230	149	0.999832
230	187	0.999989
230	96	0.999795
230	163	0.999465
230	155	0.999819
230	163	0.999922
230	213	0.999697
230	126	0.99988
230	136	0.999809
230	155	0.999478
230	180	0.999893
230	92	0.999538
230	206	0.999927
230	85	0.99991
230	112	0.999667
230	186	0.999594
230	212	0.9995
230	223	0.999433
230	133	0.999723
230	127	0.999892
230	218	0.999947
230	155	0.999557
230	177	0.999494
230	204	0.999538
230	96	0.999661
230	144	0.999602
230	204	0.99997
230	86	0.999755
230	160	0.999431
230	120	0.999724
230	229	0.999466
230	142	0.999492
230	110	0.999628
230	172	0.999678
230	94	0.999878
230	204	0.999597
230	131	0.999963
230	125	0.999966
230	127	0.999656
230	163	0.999568
230	121	0.999513
230	105	0.999831
230	120	0.999499
230	146	0.999549
230	155	0.999893
230	105	0.999708
230	198	0.999984
230	97	0.999792
230	132	0.999931
230	166	0.999971
230	133	0.999563
230	120	0.999922
230	108	0.999555
230	211	0.999595
230	90	0.999822
230	116	0.999952
230	131	0.999693
230	172	0.999671
230	113	0.999995
230	114	0.99975
230	138	0.999887
230	116	0.999626
230	205	0.999841
230	161	0.999761
230	124	0.999655
230	176	0.999561
230	106	0.999515
230	161	0.999953
230	188	0.999633
230	153	0.999764
230	190	0.999458
230	210	0.999512
230	214	0.999587
230	228	0.999859
230	188	0.999865
230	113	0.999908
230	222	0.999671
230	151	0.999675
230	205	0.999595
230	101	0.999473
230	171	0.999797
230	210	0.999748
230	173	0.999564
230	122	0.99988
230	168	0.999486
230	93	0.999652
230	217	0.999745
230	178	0.99986
230	193	0.999859
230	162	0.999608
230	174	0.99949
230	150	0.999586
230	212	0.99985
230	183	0.999665
230	90	0.999862
230	173	0.999958
230	221	0.999439
230	106	0.999768
230	138	0.999954
230	89	0.999478
230	171	0.999891
230	219	0.999805
230	168	0.999441
230	166	0.999444
230	133	0.999874
230	180	0.999884
230	160	0.999752
230	150	0.999751
230	100	0.999858
230	101	0.999667
230	209	0.999776
230	198	0.999914
230	152	0.999953
230	175	0.999639
230	225	0.999754
230	200	0.999897
230	109	0.999736
230	181	0.999772
230	115	0.99948
230	212	0.999446
230	153	0.99963
230	144	0.999764
230	153	0.999617
230	110	0.999704
230	166	0.999963
230	166	0.999542
230	89	0.999469
230	112	0.999979
230	220	0.999715
230	185	0.999863
230	94	0.999468
230	221	0.999673
230	95	0.999792
230	114	0.999914
230	124	0.999834
230	92	0.999618
230	213	0.999955
230	173	0.999892
230	226	0.999603
230	99	0.99979
230	163	0.999611
230	202	0.999588
230	158	0.999608
230	223	0.999954
230	203	0.999939
230	168	0.999634
230	154	0.999781
230	88	0.999908
230	190	0.999659
230	193	0.999662
230	183	0.999646
230	109	0.999722
230	124	0.999487
230	153	0.999692
230	181	0.999875
230	122	0.999447
230	127	0.99993
230	184	0.999633
230	196	0.999728
230	97	0.999737
230	119	0.999557
230	128	0.99967
230	119	0.999917
230	196	0.999814
230	150	0.999739
230	101	0.999633
230	118	0.999861
230	123	0.999562
230	97	0.999463
230	197	0.999873
230	223	0.999591
230	200	0.999858
230	218	0.999658
230	110	0.999605
230	177	0.999791
230	119	0.999916
230	193	0.999716
230	196	0.999757
230	88	0.999483
230	200	0.99958
230	167	0.999868
230	214	0.999761
230	148	0.999708
230	130	0.999938
230	86	0.999514
230	135	0.99988
230	157	0.999528
230	200	0.999686
230	182	0.999632
230	196	0.999874
230	209	0.99958
230	114	0.99956
230	207	0.999688
230	197	0.999988
230	179	0.999566
230	145	0.999946
230	211	0.999683
230	224	0.999786
230	106	0.999935
230	89	0.999626
230	184	0.999682
230	184	0.999752
230	170	0.999872
230	199	0.999842
230	212	0.999585
230	88	0.99989
230	157	0.999442
230	106	0.999731
230	189	0.999672
230	95	0.99943
230	163	0.999701
230	136	0.999746
230	213	0.999487
230	85	0.999655
230	116	0.999807
230	200	0.999444
230	94	0.999633
230	110	0.999776
230	128	0.999569
230	98	0.99955
230	221	0.999713
230	128	0.999865
230	103	0.99948
230	156	0.999722
230	228	0.999922
230	176	0.999849
230	124	0.999604
230	127	0.999912
230	205	0.999555
230	111	0.999864
230	189	0.999826
230	159	0.999466
230	153	0.999635
230	127	0.999904
230	180	0.999667
230	152	0.999852
230	164	0.99945
230	214	0.999453
230	215	0.999933
230	108	0.999596
230	166	0.999503
230	208	0.999765
230	186	0.999998
230	210	0.999826
230	160	0.999686
230	99	0.999926
230	111	0.999441
230	185	0.999808
230	99	0.999978
230	164	0.999718
230	199	0.999462
230	169	0.999954
230	158	0.999438
230	128	0.999905
230	223	0.999438
230	112	0.999634
230	140	0.999743
230	204	0.999627
230	137	0.999856
230	131	0.999812
230	94	0.999971
230	229	0.999805
230	183	0.99979
230	214	0.999914
230	132	0.999882
230	181	0.999469
230	99	0.999574
230	203	0.999826
230	103	0.99982
230	135	0.999925
230	175	0.999733
230	227	0.999867
230	179	0.999672
230	91	0.999664
230	166	0.999945
230	104	0.99954
230	146	0.999954
230	216	0.999747
230	163	0.999482
230	217	0.999443
230	214	0.999828
230	110	0.999723
230	124	0.99997
230	153	0.999612
230	145	0.999477
230	131	0.999788
230	159	0.999857
230	159	0.999783
230	209	0.999928
230	191	0.999996
230	181	0.999616
230	130	0.999559
230	153	0.999523
230	141	0.999654
230	203	0.999681
230	176	0.999441
230	123	0.999904
230	94	0.99943
230	122	0.999495
230	205	0.999444
230	88	0.999915
230	186	0.999794
230	142	0.999787
230	114	0.999768
230	228	0.999472
230	188	0.999577
230	137	0.999748
230	157	0.999562
230	210	0.999787
230	222	0.999675
230	110	0.999867
230	90	0.999785
230	164	0.999586
230	99	0.999882
230	175	0.999853
230	167	0.999693
230	90	0.999574
230	116	0.999682
230	227	0.999502
230	140	0.999916
230	95	0.999429
230	191	0.999853
230	123	0.999546
230	164	0.999933
230	96	0.999608
230	170	0.999994
230	213	0.999811
230	103	0.999445
230	176	0.999876
230	92	0.999902
230	130	0.999479
230	107	0.99945
230	117	0.999632
230	222	0.999432
230	214	0.999928
230	178	0.999773
230	144	0.999817
230	90	0.999494
230	140	0.999761
230	133	0.999816
230	229	0.999961
230	91	0.999755
230	155	0.999809
230	195	0.999548
230	209	0.999707
230	159	0.999452
230	159	0.999963
230	215	0.999628
230	113	0.999893
230	179	0.999578
230	218	0.999765
230	216	0.99976
230	102	0.999505
230	204	0.999931
230	154	0.999813
230	126	0.999972
230	112	0.999607
230	202	0.999457
230	131	0.999518
230	101	0.999583
230	211	0.999527
230	226	0.999659
230	179	0.999604
230	206	0.999719
230	148	0.999624
230	221	0.999965
230	139	0.999629
230	147	0.999514
230	140	0.999438
230	217	0.99984
230	173	0.999889
230	117	0.999986
230	105	0.999777
230	100	0.999779
230	217	0.99957
230	99	0.999622
230	136	0.999724
230	111	0.999676
230	219	0.999727
230	128	0.99972
230	172	0.999536
230	128	0.999614
230	144	0.99961
230	213	0.999861
230	156	0.999933
230	196	0.999989
230	219	0.999845
230	134	0.999444
230	142	0.999505
230	203	0.999514
230	94	0.999852
230	166	0.999764
230	85	0.999998
230	126	0.999808
230	175	0.999597
230	176	0.999482
230	97	0.999717
230	224	0.99965
230	110	0.999982
230	142	0.999532
230	206	0.99951
230	138	0.999993
230	206	0.999683
230	209	0.999902
230	139	0.999611
230	98	0.999577
230	208	0.999437
230	94	0.999763
230	134	0.99978
230	94	0.999585
230	186	0.99954
230	171	0.999912
230	97	0.999537
230	92	0.999832
230	191	0.99974
230	218	0.999894
230	211	0.999857
230	223	0.999898
230	86	0.999499
230	177	0.999578
230	120	0.999499
230	207	0.999585
230	113	0.999464
230	86	0.999736
230	180	0.999856
230	210	0.999884
230	159	0.999672
230	214	0.999968
230	215	0.999504
230	98	0.999497
230	107	0.999648
230	227	0.999449
230	109	0.999918
230	142	0.999547
230	110	0.999832
230	157	0.999791
230	147	0.999925
230	139	0.999724
230	176	0.999522
230	219	0.999607
230	89	0.999718
230	174	0.999644
230	150	0.999509
230	191	0.999698
230	111	0.999756
230	165	0.999596
230	114	0.999606
230	175	0.999818
230	178	0.99996
230	217	0.999921
230	115	0.999909
230	215	0.999838
230	127	0.999659
230	87	0.999555
230	185	0.999474
230	158	0.999759
230	186	0.999618
230	113	0.999823
230	189	0.999608
230	118	0.999763
230	163	0.999579
230	153	0.999892
230	91	0.999521
230	201	0.99994
230	177	0.999766
230	149	0.999509
230	159	0.999549
230	195	0.999762
230	88	0.999716
230	215	0.999963
230	190	0.999999
230	127	0.999691
230	106	0.999432
230	132	0.999896
230	122	0.999866
230	100	0.999647
230	151	0.999492
230	188	0.999478
230	166	0.999756
230	173	0.999603
230	193	0.999432
230	210	0.999645
230	105	0.99971
230	183	0.999717
230	181	0.999661
230	173	0.999975
230	117	0.999642
230	163	0.999994
230	105	0.999863
230	212	0.999761
230	103	0.99997
230	202	0.999524
230	117	0.999921
230	85	0.999557
230	203	0.999575
230	170	0.999958
230	221	0.999549
230	194	0.999782
230	146	0.999828
230	95	0.999515
230	144	0.999936
230	181	0.999998
230	147	0.999666
230	131	0.99977
230	132	0.999454
230	224	0.999726
230	86	0.999545
230	196	0.999806
230	119	0.999755
230	199	0.999933
230	113	0.999828
230	181	0.999733
230	157	0.999476
230	196	0.999566
230	120	0.999457
230	202	0.999849
230	101	0.999553
230	195	0.999656
230	171	0.999747
230	159	0.999722
230	102	0.999964
230	151	0.999578
230	138	0.999774
230	205	0.999705
230	157	0.999769
230	94	0.999715
230	224	0.999494
230	142	0.999813
230	192	0.999522
230	136	0.999833
230	216	0.999897
230	211	0.999509
230	177	0.999821
230	209	0.999441
230	212	0.999603
230	102	0.999982
230	210	0.999747
230	96	0.999481
230	89	0.999925
230	142	0.999695
230	228	0.99994
230	171	0.999687
230	192	0.999795
230	115	0.999452
230	159	0.999952
230	159	0.999651
230	175	0.999888
230	151	0.999759
230	208	0.999862
230	196	0.999642
230	148	0.999715
230	184	0.999437
230	123	0.999585
230	132	0.999509
230	191	0.999988
230	163	0.999757
230	214	0.999941
230	129	0.999821
230	97	0.999966
230	220	0.99992
230	224	0.999748
230	121	0.999618
230	141	0.999554
230	154	0.999951
230	95	0.999733
230	129	0.999768
230	105	0.999995
230	142	0.999877
230	187	0.999847
230	114	0.999923
230	152	0.999875
230	216	0.999985
230	201	0.999646
230	226	0.999691
230	198	0.999916
230	167	0.999853
230	171	0.999826
230	131	0.99956
230	124	0.999744
230	126	0.999816
230	85	0.999589
230	173	0.999556
230	168	0.99977
230	115	0.999507
230	179	0.999462
230	122	0.999798
230	137	0.999783
230	224	0.999711
230	210	0.999643
230	148	0.999681
230	199	0.999497
230	195	0.999732
230	213	0.999434
230	217	0.999748
230	142	0.999686
230	176	0.999568
230	114	0.99975
230	143	0.999446
230	184	0.999535
230	120	0.999756
230	193	0.999594
230	149	0.999614
230	115	0.999732
230	93	0.999911
230	125	0.999452
230	166	0.999448
230	170	0.999509
230	99	0.999571
230	191	0.999684
230	203	0.999941
230	173	0.999808
230	199	0.99976
230	220	0.999816
230	189	0.999642
230	210	0.999705
230	200	0.99976
230	211	0.999575
230	156	0.999668
230	106	0.999476
230	139	0.999561
230	225	0.999519
230	143	0.999566
230	106	0.99995
230	185	0.999482
230	175	0.999557
230	193	0.9997
230	124	0.999582
230	160	0.999615
230	151	0.999666
230	135	0.999713
230	194	0.999502
230	191	0.999864
230	146	0.999975
230	212	0.999979
230	122	0.999745
230	151	0.99977
230	98	0.999943
230	176	0.999813
230	186	0.999543
230	93	0.999462
230	140	0.999562
230	106	0.999693
230	139	0.999793
230	152	0.999636
230	183	0.999983
230	88	0.99975
230	162	0.999711
230	208	0.999896
230	163	0.999491
230	186	0.999889
230	130	0.999931
230	164	0.999652
230	115	0.999827
230	144	0.999876
230	96	0.999512
230	146	0.999507
230	103	0.999768
230	118	0.999912
230	199	0.99959
230	194	0.999689
230	154	0.999464
230	226	0.999556
230	92	0.999515
230	220	0.999854
230	198	0.999728
230	131	0.999909
230	187	0.999459
230	203	0.999546
230	168	0.999811
230	145	0.999916
230	158	0.999493
230	139	0.99991
230	128	0.999439
230	111	0.999814
230	213	0.999933
230	132	0.999552
230	109	0.999503
230	97	0.999829
230	97	0.99992
230	107	0.999733
230	134	0.999834
230	222	0.999517
230	153	0.999535
230	92	0.999898
230	115	0.999837
230	108	0.999651
230	171	0.999505
230	214	0.999763
230	115	0.999979
230	110	0.999676
230	105	0.999905
230	174	0.999885
230	107	0.999626
230	175	0.999757
230	226	0.999667
230	212	0.999675
230	139	0.999709
230	185	0.999661
230	181	0.999724
230	94	0.999565
230	110	0.999529
230	217	0.999535
230	173	0.999644
230	181	0.999564
230	165	0.999773
230	134	0.999454
230	111	0.99981
230	165	0.999828
230	200	0.999617
230	219	0.999543
230	108	0.99967
230	122	0.999983
230	149	0.999869
230	168	0.999573
230	101	0.999501
230	170	0.999783
230	199	0.999916
230	86	0.999518
230	174	0.99946
230	222	0.999728
230	204	0.999715
230	126	0.999536
230	109	0.999547
230	154	0.99959
230	219	0.999995
230	104	0.999705
230	133	0.999637
230	221	0.999578
230	228	0.999615
230	156	0.99953
230	214	0.999824
230	226	0.999554
230	229	0.999969
230	177	0.999451
230	134	0.999611
230	183	0.999893
230	223	0.999858
230	185	0.999922
230	182	0.999928
230	137	0.999649
230	108	0.999987
230	166	0.999611
230	175	0.999768
230	140	0.999527
230	220	0.999644
230	210	0.999521
230	93	0.999833
230	223	0.999664
230	190	0.999937
230	200	0.999534
230	99	0.999643
230	156	0.99947
230	134	0.999441
230	189	0.999965
230	93	0.999849
230	148	0.999579
230	162	0.999538
230	164	0.999806
230	215	0.999854
230	185	0.999949
230	118	0.999732
230	197	0.99957
230	98	0.999963
230	186	0.999634
230	174	0.999722
230	221	0.999554
230	194	0.999855
230	174	0.999618
230	134	0.999453
230	124	0.999888
230	177	0.999596
230	187	0.999996
230	139	0.99969
230	116	0.99967
230	210	0.999901
230	174	0.99988
230	198	0.999963
230	218	0.999458
230	86	0.99985
230	101	0.999808
230	189	0.999708
230	123	0.999714
230	194	0.999751
230	128	0.999732
230	163	0.999882
230	86	0.999546
230	98	0.999452
230	94	0.999956
230	214	0.999445
230	224	0.99962
230	117	0.999485
230	87	0.999676
230	125	0.999667
230	138	0.999521
230	103	0.999744
230	181	0.999836
230	169	0.999515
230	163	0.999519
230	101	0.999806
230	100	0.999502
230	158	0.999857
230	190	0.999912
230	131	0.999946
230	212	0.999733
230	130	0.999636
230	163	0.999666
230	92	0.999965
230	205	0.999899
230	176	0.99989
230	149	0.999878
230	164	0.999856
230	165	0.999773
230	162	0.999692
230	139	0.999695
230	92	0.999755
230	148	0.999841
230	199	0.999661
230	151	0.99998
230	187	0.999447
230	166	0.999742
230	122	0.999626
230	221	0.999982
230	172	0.999521
230	174	0.999456
230	217	0.999477
230	119	0.999546
230	135	0.999959
230	106	0.999783
230	226	0.999457
230	180	0.999875
230	126	0.999646
230	127	0.999818
230	127	0.99984
230	117	0.999664
230	85	0.999941
230	173	0.999822
230	137	0.999877
230	219	0.999534
230	196	0.999799
230	135	0.999922
230	210	0.999707
230	158	0.999669
230	179	0.999958
230	123	0.99999
230	148	0.999939
230	151	0.999845
230	207	0.999784
230	194	0.999749
230	200	0.999821
230	121	0.999845
230	164	0.999822
230	183	0.999607
230	183	0.999948
230	151	0.999821
230	187	0.99986
230	179	0.999531
230	194	0.999713
230	225	0.999472
230	159	0.999433
230	201	0.999513
230	178	0.999484
230	93	0.999641
230	178	0.999634
230	168	0.999899
230	119	0.999454
230	99	0.999655
230	202	0.999958
230	150	0.999892
230	209	0.999555
230	146	0.999807
230	170	0.999577
230	174	0.999747
230	189	0.999598
230	191	0.999982
230	92	0.999585
230	113	0.999687
230	177	0.999842
230	87	0.999442
230	164	0.999717
230	181	0.999651
230	143	0.999846
230	140	0.999908
230	140	0.999924
230	202	0.999884
230	177	0.999498
230	96	0.999729
230	221	0.999504
230	211	0.999481
230	163	0.999649
230	198	0.999501
230	226	0.999707
230	168	0.99988
230	200	0.999628
230	182	0.999729
230	129	0.99999
230	222	0.999685
230	205	0.999535
230	151	0.999696
230	206	0.999566
230	210	0.99975
230	203	0.999802
230	153	0.999501
230	90	0.999993
230	138	0.999826
230	204	0.999743
230	217	0.999921
230	124	0.999775
230	187	0.999961
230	92	0.999447
230	175	0.999857
230	125	0.999553
230	93	0.999674
230	100	0.99948
230	140	0.999997
230	161	0.999767
230	113	0.999745
230	208	0.99977
230	136	0.999971
230	147	0.999664
230	184	0.999814
230	184	0.999951
230	113	0.999583
230	113	0.999719
230	223	0.999933
230	142	0.999517
230	122	0.999995
230	106	0.999798
230	139	0.999505
230	151	0.999724
230	223	0.999542
230	131	0.999654
230	148	0.999669
230	201	0.999432
230	89	0.999563
230	207	0.999724
230	161	0.999946
230	192	0.999868
230	137	0.999937
230	159	0.999868
230	140	0.999662
230	224	0.999632
230	207	0.999517
230	113	0.999842
230	165	0.999853
230	135	0.999613
230	206	0.999483
230	110	0.999638
230	202	0.999601
230	170	0.999829
230	142	0.999942
230	212	0.999631
230	185	0.999808
230	193	0.999892
230	195	0.999478
230	205	0.999528
230	116	0.999839
230	222	0.999599
230	171	0.999591
230	181	0.999797
230	89	0.999853
230	209	0.999594
230	227	0.999644
230	122	0.999579
230	208	0.999801
230	158	0.999621
230	151	0.999559
230	130	0.99966
230	163	0.999486
230	147	0.999593
230	153	0.999545
230	197	0.9999
230	214	0.999767
230	218	0.999556
230	148	0.999709
230	103	0.999999
230	178	0.999438
230	175	0.99952
230	159	0.999727
230	139	0.999891
230	128	0.999989
230	114	0.999697
230	226	0.999943
230	222	0.999607
230	202	0.999941
230	148	0.999855
230	92	0.999801
230	142	0.999973
230	179	0.999988
230	197	0.999849
230	136	0.999928
230	114	0.99984
230	154	0.999752
230	176	0.999708
230	152	0.999902
230	190	0.999638
230	140	0.999858
230	114	0.999891
230	215	0.999684
230	195	0.999671
230	215	0.999738
230	107	0.99988
230	155	0.999941
230	221	0.999594
230	165	0.999517
230	141	0.99969
230	120	0.999779
230	189	0.999928
230	212	0.999831
230	126	0.999963
230	136	0.999709
230	111	0.999889
230	174	0.999668
230	214	0.999829
230	192	0.999816
230	99	0.999488
230	166	0.999451
230	158	0.999667
230	151	0.999557
230	184	0.99986
230	165	0.999979
230	87	0.999876
230	121	0.999756
230	216	0.999724
230	194	0.999961
230	114	0.999558
230	181	0.999553
230	123	0.999752
230	146	0.99978
230	206	0.99992
230	209	0.999946
230	160	0.999801
230	197	0.999978
230	223	0.999881
230	218	0.999921
230	172	0.99976
230	135	0.999889
230	160	0.999962
230	167	0.999878
230	93	0.999839
230	110	0.999837
230	95	0.99946
230	132	0.999982
230	185	0.999859
230	204	0.99996
230	105	0.999456
230	103	0.999439
230	201	0.999716
230	183	0.999487
230	120	0.999488
230	185	0.999543
230	209	0.999635
230	115	0.999456
230	171	0.999526
230	187	0.999645
230	162	0.999846
230	123	0.999865
230	134	0.999512
230	139	0.999534
230	152	0.999788
230	101	0.999967
230	153	0.999577
230	197	0.999817
230	146	0.999804
230	110	0.999864
230	193	0.999818
230	155	0.999634
230	111	0.999596
230	211	0.999759
230	86	0.999694
230	172	0.999614
230	199	0.999518
230	171	0.999452
230	133	0.999643
230	158	0.999708
230	165	0.999873
230	220	0.999713
230	148	0.999652
230	118	0.999514
230	148	0.999674
230	205	0.999979
230	113	0.999631
230	183	0.999897
230	182	0.999944
230	114	0.999826
230	130	0.999476
230	170	0.999945
230	222	0.999432
230	154	0.99999
230	117	0.999902
230	159	0.999659
230	94	0.999994
230	91	0.999861
230	165	0.99989
230	152	0.999464
230	170	0.999529
230	104	0.999454
230	204	0.999507
230	151	0.999624
230	173	0.999974
230	125	0.999993
230	102	0.999928
230	167	0.999798
230	220	0.999894
230	193	0.999703
230	176	0.999481
230	124	0.999592
230	125	0.999944
230	127	0.999676
230	147	0.99963
230	178	0.999482
230	115	0.999857
230	132	0.999435
230	99	0.999491
230	116	0.99994
230	124	0.99955
230	148	0.999642
230	150	0.999606
230	139	0.999672
230	130	0.999619
230	180	0.999949
230	134	0.999974
230	199	0.999687
230	205	0.999748
230	164	0.999778
230	167	0.999683
230	162	0.999985
230	207	0.999834
230	172	0.999723
230	198	0.99992
230	181	0.999918
230	190	0.999497
230	90	0.999468
230	179	0.99988
230	99	0.999561
230	88	0.999892
230	90	0.999472
230	158	0.999751
230	155	0.999748
230	137	0.999663
230	150	0.999967
230	206	0.999975
230	225	0.999731
230	165	0.999516
230	85	0.99983
230	223	0.999717
230	186	0.999664
230	151	0.999932
230	179	0.999761
230	115	0.999809
230	210	0.999534
230	221	0.999493
230	101	0.999913
230	98	0.999671
230	136	0.999783
230	124	0.99957
230	177	0.999908
230	155	0.999878
230	210	0.999459
230	112	0.999827
230	224	0.999696
230	151	0.999702
230	134	0.999673
230	118	0.999864
230	121	0.999502
230	208	0.999737
230	183	0.99969
230	133	0.999801
230	117	0.999565
230	166	0.999465
230	178	0.999961
230	96	0.999612
230	98	0.99969
230	215	0.999538
230	190	0.999735
230	169	0.999804
230	212	0.999884
230	101	0.999969
230	146	0.9998
230	189	0.999904
230	163	0.999574
230	211	0.999569
230	201	0.999446
230	96	0.99953
230	109	0.999695
230	124	0.999456
230	152	0.999863
230	90	0.999814
230	202	0.999727
230	211	0.999688
230	87	0.99972
230	169	0.99977
230	198	0.99986
230	132	0.999965
230	120	0.999433
230	128	0.999728
230	126	0.99968
230	130	0.999549
230	104	0.99968
230	132	0.999723
230	157	0.999977
230	147	0.99978
230	223	0.999748
230	142	0.999702
230	200	0.999853
230	107	0.999913
230	161	0.999803
230	107	0.999696
230	143	0.999638
230	108	0.999874
230	103	0.999592
230	190	0.999656
230	187	0.99992
230	100	0.999763
230	127	0.999497
230	107	0.999901
230	180	0.999957
230	119	0.999804
230	128	0.999494
230	154	0.999905
230	189	0.999511
230	190	0.999928
230	99	0.999811
230	222	0.99944
230	92	0.99991
230	95	0.999506
230	118	0.999959
230	103	0.999701
230	99	0.999916
230	85	0.999622
230	187	0.999794
230	193	0.999911
230	177	0.999509
230	119	0.999973
230	101	0.999648
230	137	0.99964
230	186	0.999896
230	171	0.999654
230	167	0.999966
230	124	0.99955
230	171	0.999987
230	205	0.999578
230	204	0.999926
230	210	0.999741
230	164	0.999781
230	225	0.999523
230	198	0.999518
230	141	0.99993
230	156	0.999826
230	205	0.999674
230	186	0.999442
230	193	0.999838
230	129	0.999486
230	180	0.999912
230	215	0.999476
230	128	0.999584
230	179	0.999922
230	142	0.999768
230	89	0.999626
230	145	0.999482
230	153	0.999892
230	193	0.999503
230	137	0.999986
230	142	0.999912
230	127	0.999583
230	131	0.999563
230	96	0.999705
230	99	0.999883
230	122	0.999662
230	119	0.999529
230	183	0.9997
230	217	0.999771
230	98	0.999651
230	183	0.999643
230	101	0.999566
230	117	0.999455
230	213	0.999894
230	88	0.999525
230	115	0.999834
230	219	0.999729
230	86	0.999715
230	134	0.999695
230	222	0.999724
230	193	0.999649
230	104	0.999874
230	188	0.999672
230	87	0.999525
230	157	0.999499
230	137	0.999648
230	90	0.999957
230	113	0.999818
230	104	0.999557
230	226	0.999664
230	173	0.999643
230	105	0.99951
230	182	0.999672
230	162	0.999761
230	185	0.999682
230	187	0.999493
230	154	0.99965
230	92	0.99968
230	117	0.999696
230	214	0.999894
230	177	0.999936
230	106	0.999645
230	229	0.999944
230	204	0.999695
230	218	0.999813
230	142	0.999468
230	177	0.99999
230	204	0.999925
230	105	0.999535
230	106	0.99964
230	194	0.999854
230	109	0.999938
230	124	0.999539
230	201	0.999465
230	176	0.99959
230	205	0.999888
230	118	0.999511
230	215	0.999575
230	170	0.999765
230	120	0.999943
230	91	0.999918
230	133	0.999994
230	202	0.99947
230	200	0.999449
230	124	0.999759
230	154	0.999461
230	148	0.999969
230	91	0.999943
230	85	0.999553
230	132	0.999813
230	194	0.999825
230	113	0.999732
230	227	0.999503
230	187	0.999477
230	98	0.999559
230	169	0.999963
230	101	0.999583
230	94	0.999547
230	187	0.999878
230	202	0.999661
230	226	0.999753
230	192	0.999583
230	175	0.999512
230	209	0.999806
230	184	0.999684
230	88	0.999689
230	220	0.999802
230	155	0.999958
230	110	0.999485
230	118	0.999609
230	127	0.999632
230	121	0.999833
230	89	0.99993
230	198	0.999497
230	149	0.999943
230	116	0.999902
230	153	0.999446
230	176	0.999737
230	202	0.999577
230	194	0.999458
230	209	0.999744
230	131	0.999966
230	205	0.999562
230	174	0.999567
230	168	0.999436
230	155	0.999486
230	112	0.999675
230	148	0.999518
230	102	0.999779
230	152	0.999628
230	173	0.999568
230	134	0.999521
230	205	0.999434
230	208	0.999995
230	220	0.999824
230	203	0.999563
230	212	0.999478
230	90	0.999743
230	205	0.999934
230	105	0.999494
230	127	0.99963
230	128	0.999834
230	106	0.999733
230	227	0.999771
230	93	0.999448
230	146	0.999971
230	202	0.999727
230	88	0.999813
230	153	0.999554
230	165	0.999582
230	211	0.999819
230	176	0.999575
230	180	0.999609
230	197	0.999759
230	150	0.999924
230	165	0.999698
230	107	0.99969
230	123	0.999761
230	193	0.999816
230	225	0.999615
230	98	0.999933
230	107	0.999539
230	212	0.999438
230	229	0.999586
230	213	0.999926
230	164	0.999616
230	119	0.999766
230	175	0.999641
230	214	0.999794
230	86	0.999965
230	87	0.999846
230	110	0.999969
230	85	0.999854
230	213	0.999631
230	157	0.999501
230	103	0.999961
230	172	0.999802
230	191	0.999632
230	200	0.999688
230	125	0.999796
230	107	0.999717
230	117	0.999441
230	154	0.999592
230	206	0.999774
230	88	0.999672
230	218	0.999728
230	174	0.999668
230	123	0.99992
230	168	0.999592
230	158	0.999507
230	104	0.999967
230	166	0.999562
230	171	0.999774
230	226	0.99999
230	101	0.999816
230	117	0.999432
230	163	0.999511
230	229	0.999821
230	101	0.999675
230	103	0.999507
230	204	0.999671
230	185	0.99949
230	141	0.999558
230	188	0.999608
230	145	0.999914
230	198	0.999587
230	222	0.999981
230	89	0.99997
230	184	0.999888
230	110	0.999726
230	200	0.99949
230	163	0.999884
230	122	0.999595
230	188	0.999659
230	161	0.9999
230	165	0.999822
230	222	0.999873
230	107	0.999481
230	216	0.999713
230	97	0.999854
230	174	0.999566
230	92	0.999919
230	205	0.999952
230	116	0.999997
230	131	0.99957
230	136	0.99947
230	109	0.99992
230	185	0.999601
230	205	0.999636
230	123	0.999615
230	134	0.999918
230	114	0.999978
230	179	0.99964
230	152	0.999778
230	91	0.999726
230	156	0.9999
230	116	0.999522
230	152	0.999559
230	161	0.99984
230	207	0.999828
230	136	0.999583
230	204	0.999824
230	125	0.99994
230	185	0.999596
230	163	0.99965
230	194	0.999751
230	219	0.99973
230	99	0.999849
230	188	0.999895
230	97	0.999783
230	148	0.999494
230	154	0.999985
230	92	0.999743
230	210	0.999934
230	136	0.999674
230	158	0.99958
230	129	0.999955
230	147	0.99978
230	229	0.999971
230	228	0.99988
230	112	0.999818
230	112	0.999635
230	85	0.999673
230	172	0.999593
230	102	0.999454
230	109	0.999454
230	147	0.99987
230	165	0.999682
230	174	0.99966
230	101	0.999883
230	214	0.999686
230	140	0.999552
230	113	0.999534
230	100	0.999709
230	116	0.99965
230	166	0.999465
230	115	0.99969
230	206	0.999722
230	189	0.99988
230	118	0.999884
230	207	0.999967
230	114	0.999728
230	116	0.999846
230	216	0.999747
230	197	0.999586
230	219	0.999539
230	158	0.999984
230	152	0.999675
230	141	0.999541
230	136	0.999837
230	223	0.999675
230	135	0.999606
230	199	0.999779
230	188	0.999525
230	95	0.99987
230	142	0.999513
230	187	0.999552
230	101	0.999798
230	208	0.999717
230	195	0.999509
230	108	0.999881
230	211	0.999802
230	165	0.999882
230	170	0.999763
230	168	0.999451
230	136	0.99976
230	129	0.999905
230	188	0.999809
230	119	0.9999
230	98	0.999621
230	111	0.999705
230	127	0.999515
230	140	0.999768
230	114	0.999967
230	198	0.99948
230	89	0.999835
230	113	0.999784
230	94	0.999945
230	177	0.999651
230	176	0.999503
230	189	0.999626
230	185	0.999521
230	208	0.999597
230	179	0.999858
230	136	0.999808
230	162	0.999474
230	96	0.999503
230	112	0.999865
230	131	0.999912
230	186	0.999951
230	161	0.999531
230	139	0.999753
230	199	0.999813
230	197	0.999882
230	114	0.99963
230	169	0.999729
230	119	0.999522
230	151	0.999667
230	120	0.999924
230	135	0.999975
230	90	0.999478
230	206	0.999546
230	121	0.999483
230	160	0.999711
230	188	0.999588
230	173	0.999941
230	129	0.999507
230	158	0.999469
230	89	0.999582
230	168	0.999708
230	164	0.999872
230	182	0.999587
230	179	0.999978
230	144	0.999611
230	97	0.999675
230	225	0.999556
230	125	0.999659
230	196	0.999672
230	110	0.999515
230	88	0.999922
230	103	0.999995
230	140	0.999736
230	216	0.999501
230	112	0.999491
230	95	0.999644
230	205	0.999586
230	98	0.999554
230	209	0.999577
230	193	0.999939
230	134	0.999466
230	213	0.999747
230	157	0.999924
230	210	0.99991
230	156	0.999728
230	189	0.999445
230	171	0.999735
230	125	0.9997
230	208	0.999952
230	104	0.999585
230	95	0.999955
230	159	0.999829
230	183	0.999968
230	222	0.999881
230	159	0.999777
230	204	0.999526
230	140	0.999801
230	224	0.999554
230	213	0.99943
230	160	0.999612
230	88	0.99977
230	198	0.999571
230	87	0.999658
230	87	0.999503
230	124	0.99949
230	119	0.999501
230	169	0.999708
230	145	0.999669
230	200	0.999886
230	175	0.999684
230	176	0.999503
230	178	0.999538
230	183	0.999835
230	189	0.999509
230	149	0.999742
230	97	0.999481
230	86	0.99944
230	98	0.99986
230	175	0.999973
230	188	0.999883
230	116	0.999946
230	228	0.99944
230	150	0.999695
230	133	0.999922
230	161	0.999958
230	182	0.999787
230	197	0.999832
230	185	0.999802
230	107	0.999823
230	111	0.9998
230	174	0.999841
230	206	0.999934
230	110	0.999862
230	207	0.999743
230	93	0.999483
230	177	0.999501
230	93	0.999872
230	134	0.999587
230	166	0.999922
230	98	0.999918
230	125	0.999581
230	126	0.999452
230	114	0.999641
230	98	0.999624
230	216	0.999937
230	141	0.999716
230	203	0.999665
230	112	0.999595
230	138	0.999745
230	172	0.999622
230	205	0.999963
230	150	0.999474
230	224	0.999759
230	117	0.999888
230	101	0.999918
230	130	0.9997
230	187	0.999845
230	140	0.999938
230	178	0.999601
230	223	0.99961
230	203	0.999896
230	171	0.999615
230	201	0.999935
230	131	0.999501
230	114	0.999575
230	111	0.999716
230	193	0.999489
230	87	0.999495
230	151	0.999696
230	92	0.999879
230	132	0.999499
230	176	0.999503
230	98	0.999834
230	85	0.999494
230	216	0.999995
230	93	0.99948
230	146	0.999814
230	167	0.999925
230	155	0.999778
230	177	0.999949
230	116	0.999949
230	190	0.999833
230	137	0.999704
230	201	0.999749
230	204	0.99964
230	110	0.999755
230	182	0.999594
230	164	0.999733
230	189	0.999515
230	90	0.999952
230	176	0.999588
230	172	0.999861
230	211	0.999823
230	144	0.999988
230	183	0.999578
230	139	0.99982
230	221	0.999776
230	136	0.999699
230	156	0.999623
230	98	0.999452
230	176	0.999757
230	174	0.999474
230	115	0.999498
230	131	0.999434
230	138	0.999925
230	164	0.999594
230	120	0.99964
230	126	0.999537
230	168	0.999599
230	100	0.999507
230	147	0.999803
230	148	0.999546
230	206	0.999481
230	207	0.99945
230	204	0.999729
230	208	0.999877
230	143	0.999516
230	196	0.999915
230	189	0.999771
230	120	0.999564
230	143	0.999757
230	178	0.99959
230	160	0.999634
230	100	0.999508
230	200	0.999568
230	127	0.999518
230	201	0.999797
230	187	0.999976
230	179	0.999505
230	204	0.999498
230	212	0.999736
230	137	0.999758
230	176	0.999462
230	167	0.999829
230	213	0.999864
230	127	0.99957
230	115	0.999474
230	91	0.999506
230	202	0.999498
230	178	0.999477
230	120	0.999578
