4500
271	141	0.999873
271	85	0.999544
271	236	0.999882
271	149	0.999377
271	92	0.999809
271	216	0.999818
271	134	0.999353
271	253	0.999835
271	154	0.999398
271	224	0.999897
271	201	0.999799
271	157	0.999885
271	80	0.999986
271	185	0.999641
271	236	0.999447
271	234	0.99944
271	269	0.999518
271	250	0.999445
271	84	0.999626
271	79	0.999725
271	152	0.999391
271	144	0.999612
271	79	0.999772
271	98	0.999708
271	76	0.999687
271	143	0.999418
271	225	0.99961
271	90	0.999897
271	189	0.999909
271	208	0.99969
271	182	0.999623
271	187	0.999503
271	259	0.99953
271	263	0.999998
271	85	0.999489
271	92	0.999786
271	74	0.999483
271	151	0.999889
271	81	0.999538
271	119	0.999464
271	232	0.999396
271	156	0.999874
271	142	0.99995
271	185	0.999559
271	93	0.999683
271	176	0.999403
271	161	0.999379
271	142	0.999866
271	234	0.999426
271	189	0.999666
271	99	0.999714
271	256	0.999503
271	122	0.999361
271	190	0.999903
271	217	0.999913
271	194	0.999684
271	64	0.999622
271	260	0.999448
271	106	0.99965
271	96	0.999773
271	238	0.999999
271	248	0.999773
271	77	0.99951
271	120	0.999872
271	105	0.999678
271	177	0.999977
271	84	0.999598
271	251	0.999864
271	155	0.999442
271	222	0.999738
271	176	0.999555
271	254	0.999909
271	217	0.999538
271	102	0.99942
271	69	0.999443
271	109	0.999587
271	77	0.999667
271	251	0.999778
271	210	0.999629
271	82	0.999678
271	127	0.999499
271	72	0.999737
271	259	0.999368
271	143	0.999583
271	168	0.999502
271	233	0.999895
271	242	0.99959
271	82	0.999456
271	203	0.999946
271	167	0.999853
271	201	0.999685
271	222	0.999954
271	145	0.999903
271	71	0.999774
271	205	0.999818
271	153	0.99994
271	261	0.999543
271	115	0.99975
271	153	0.999901
271	120	0.999747
271	164	0.999603
271	73	0.999928
271	194	0.999908
271	73	0.999418
271	144	0.999392
271	251	0.999868
271	266	0.999634
271	111	0.999409
271	149	0.999646
271	219	0.999392
271	83	0.999587
271	88	0.999977
271	153	0.99952
271	182	0.999585
271	181	0.999753
271	244	0.999663
271	177	0.999787
271	152	0.999532
271	217	0.999949
271	189	0.999408
271	183	0.999436
271	218	0.999886
271	98	0.999601
271	107	0.999866
271	185	0.999816
271	156	0.999478
271	125	0.999867
271	180	0.999656
271	131	0.99987
271	138	0.999414
271	179	0.999588
271	128	0.999461
271	184	0.999801
271	137	0.999491
271	117	0.999891
271	230	0.999885
271	75	0.999909
271	233	0.999469
271	220	0.999711
271	212	0.999714
271	161	0.999537
271	109	0.999872
271	133	0.999712
271	137	0.999674
271	113	0.999379
271	177	0.999475
271	194	0.999473
271	253	0.99988
271	148	0.999801
271	114	0.999685
271	68	0.99944
271	129	0.999899
271	265	0.999975
271	255	0.999723
271	261	0.99971
271	234	0.99935
271	159	0.999435
271	222	0.999432
271	254	0.999642
271	184	0.99974
271	64	0.999403
271	91	0.99968
271	200	0.999593
271	129	0.999726
271	241	0.999464
271	83	0.999691
271	230	0.999699
271	185	0.999964
271	122	0.99937
271	232	0.999905
271	198	0.999974
271	237	0.99976
271	143	0.999471
271	251	0.999781
271	231	0.999651
271	176	0.99983
271	264	0.999498
271	142	0.99952
271	74	0.999819
271	221	0.999495
271	136	0.999839
271	90	0.999412
271	95	0.99949
271	65	0.999779
271	252	0.999354
271	219	0.999369
271	236	0.999639
271	218	0.999589
271	196	0.999884
271	148	0.999683
271	172	0.999761
271	177	0.999865
271	255	0.999473
271	89	0.99986
271	65	0.999785
271	156	0.999722
271	75	0.999806
271	111	0.999415
271	97	0.999845
271	244	0.999403
271	122	0.999373
271	258	0.999524
271	108	0.999612
271	161	0.999616
271	195	0.99993
271	67	0.999671
271	73	0.999546
271	244	0.99991
271	265	0.999773
271	176	0.999519
271	84	0.999985
271	221	0.999487
271	92	0.999658
271	267	0.999718
271	199	0.999372
271	257	0.999671
271	145	0.999611
271	225	0.999658
271	224	0.999593
271	267	0.999503
271	264	0.999381
271	196	0.999414
271	128	0.999792
271	218	0.999534
271	242	0.999818
271	162	0.999732
271	215	0.999411
271	136	0.999575
271	77	0.999678
271	121	0.999541
271	269	0.999821
271	69	0.999968
271	239	0.999927
271	145	0.999679
271	69	0.999467
271	143	0.999871
271	261	0.999852
271	242	0.999358
271	252	0.999913
271	217	0.999729
271	138	0.999836
271	94	0.999856
271	159	0.99985
271	245	0.999994
271	144	0.999795
271	202	0.999544
271	261	0.999536
271	163	0.999507
271	256	0.999556
271	87	0.999688
271	203	0.999536
271	134	0.999856
271	129	0.999465
271	78	0.999601
271	199	0.99949
271	83	0.999952
271	149	0.999988
271	265	0.999463
271	180	0.999624
271	112	0.999402
271	185	0.999609
271	200	0.99983
271	202	0.999659
271	61	0.999401
271	116	0.999366
271	146	0.999675
271	237	0.999408
271	202	0.999714
271	87	0.999956
271	170	0.999781
271	201	0.99944
271	154	0.99953
271	83	0.999593
271	260	0.999564
271	234	0.999454
271	110	0.999711
271	97	0.99955
271	149	0.999442
271	73	0.999834
271	150	0.999673
271	203	0.999983
271	100	0.999701
271	171	0.999405
271	76	0.999503
271	141	0.999903
271	77	0.999416
271	258	0.999962
271	89	0.999371
271	98	0.999444
271	67	0.999599
271	108	0.999483
271	154	0.999792
271	268	0.999483
271	121	0.999554
271	98	0.999906
271	188	0.999607
271	148	0.999878
271	97	0.999586
271	133	0.999903
271	208	0.999573
271	238	0.999777
271	202	0.999897
271	104	0.999752
271	77	0.999397
271	147	0.999437
271	142	0.999813
271	139	0.999836
271	187	0.999871
271	83	0.99943
271	82	0.999405
271	102	0.999542
271	147	0.999417
271	194	0.999653
271	231	0.999753
271	249	0.999482
271	163	0.999672
271	252	0.999407
271	194	0.999528
271	61	0.999463
271	263	0.999499
271	173	0.999729
271	246	0.999644
271	247	0.999842
271	178	0.999559
271	212	0.999349
271	175	0.999555
271	120	0.999645
271	61	0.999985
271	97	0.999735
271	100	0.999701
271	254	0.999907
271	121	0.999389
271	69	0.999971
271	153	0.999583
271	63	0.999444
271	248	0.999961
271	86	0.999883
271	184	0.99936
271	122	0.999773
271	155	0.999489
271	160	0.999419
271	137	0.99936
271	100	0.999677
271	108	0.999793
271	227	0.999407
271	172	0.999497
271	133	0.999362
271	270	0.999991
271	68	0.999469
271	246	0.999348
271	139	0.999903
271	113	0.999843
271	189	0.999897
271	145	0.999663
271	224	0.999669
271	180	0.999806
271	250	0.999603
271	233	0.9995
271	254	0.999724
271	161	0.999968
271	234	0.999361
271	165	0.999992
271	245	0.999984
271	85	0.999421
271	212	0.999441
271	216	0.999739
271	159	0.999781
271	193	0.999783
271	68	0.999733
271	218	0.999593
271	167	0.999776
271	154	0.999917
271	149	0.99954
271	112	0.999448
271	123	0.999712
271	128	0.99942
271	202	0.99959
271	229	0.999419
271	192	0.999534
271	123	0.999381
271	232	0.99976
271	87	0.999488
271	204	0.999649
271	69	0.999901
271	102	0.999641
271	235	0.999679
271	92	0.999775
271	174	0.999471
271	97	0.999734
271	104	0.999767
271	192	0.999959
271	231	0.999813
271	96	0.999513
271	71	0.999377
271	90	0.99937
271	180	0.999864
271	103	0.999816
271	142	0.999745
271	172	0.999804
271	120	0.999685
271	181	0.999709
271	158	0.99965
271	100	0.999346
271	102	0.999881
271	110	0.999738
271	130	0.99997
271	148	0.99943
271	144	0.999946
271	94	0.999509
271	128	0.999842
271	77	0.999983
271	124	0.999381
271	235	0.99997
271	243	0.999816
271	257	0.999623
271	180	0.999593
271	77	0.999891
271	192	0.999469
271	223	0.999493
271	168	0.999413
271	199	0.999795
271	138	0.999459
271	181	0.999805
271	105	0.999373
271	257	0.999985
271	70	0.999781
271	108	0.999546
271	128	0.999927
271	225	0.999475
271	153	0.999744
271	221	0.999646
271	127	0.999389
271	202	0.999844
271	90	0.99995
271	73	0.999562
271	225	0.999463
271	174	0.999846
271	165	0.999906
271	198	0.999437
271	138	0.999468
271	119	0.999599
271	99	0.999971
271	194	0.999707
271	147	0.999734
271	109	0.999946
271	166	0.999367
271	188	0.999884
271	199	0.99963
271	160	0.99967
271	95	0.999634
271	182	0.999692
271	213	0.99961
271	228	0.999492
271	189	0.99997
271	155	0.999599
271	233	0.999382
271	207	0.999779
271	119	0.999389
271	201	0.999936
271	63	0.999871
271	234	0.999524
271	182	0.999846
271	244	0.999364
271	90	0.999454
271	177	0.999545
271	192	0.999945
271	259	0.999718
271	227	0.999493
271	245	0.999788
271	170	0.999491
271	214	0.999527
271	183	0.999677
271	146	0.999881
271	266	0.999856
271	214	0.999985
271	102	0.999495
271	245	0.999406
271	194	0.99942
271	220	0.999558
271	115	0.999401
271	247	0.999432
271	119	0.999808
271	157	0.999648
271	262	0.999771
271	94	0.999561
271	147	0.999393
271	79	0.99997
271	144	0.99962
271	163	0.999981
271	244	0.999578
271	113	0.999526
271	236	0.999779
271	168	0.999893
271	149	0.999614
271	158	0.999623
271	174	0.999583
271	192	0.999987
271	61	0.999746
271	206	0.999425
271	199	0.999971
271	181	0.999836
271	212	0.999812
271	71	0.999442
271	123	0.999473
271	119	0.999421
271	197	0.999875
271	232	0.99938
271	65	0.999414
271	110	0.999376
271	182	0.99984
271	257	0.999846
271	197	0.999617
271	207	0.999656
271	268	0.99982
271	150	0.999517
271	75	0.999916
271	66	0.999909
271	146	0.99968
271	73	0.999998
271	137	0.999726
271	243	0.99994
271	157	0.999878
271	190	0.999781
271	153	0.999632
271	102	0.999718
271	224	0.999734
271	141	0.999401
271	97	0.999633
271	223	0.999983
271	154	0.999877
271	135	0.999868
271	240	0.999411
271	69	0.99942
271	123	0.999579
271	202	0.999567
271	164	0.999811
271	252	0.999854
271	182	0.999672
271	257	0.999838
271	124	0.999918
271	104	0.999479
271	152	0.999636
271	241	0.999683
271	264	0.999775
271	89	0.999639
271	197	0.999453
271	200	0.999552
271	84	0.999879
271	248	0.999767
271	177	0.999887
271	100	0.999385
271	262	0.999936
271	205	0.999703
271	185	0.999924
271	168	0.999994
271	164	0.999417
271	98	0.999456
271	219	0.999474
271	151	0.999716
271	214	0.999805
271	216	0.99938
271	174	0.999995
271	187	0.999694
271	140	0.999377
271	119	0.999701
271	153	0.99996
271	219	0.999822
271	264	0.999935
271	84	0.999865
271	176	0.999691
271	76	0.99996
271	69	0.999628
271	270	0.99935
271	72	0.999495
271	79	0.999818
271	128	0.999346
271	259	0.999917
271	126	0.999552
271	140	0.999981
271	193	0.999581
271	126	0.999471
271	184	0.999441
271	73	0.999383
271	70	0.999662
271	191	0.99967
271	163	0.999652
271	75	0.999875
271	215	0.99943
271	149	0.999808
271	120	0.999971
271	150	0.999366
271	149	0.999941
271	165	0.99959
271	226	0.99986
271	171	0.999583
271	107	0.999842
271	252	0.999756
271	269	0.999556
271	100	0.999658
271	162	0.999919
271	126	0.999434
271	231	0.999462
271	246	0.999467
271	75	0.999889
271	235	0.999501
271	238	0.999444
271	225	0.999439
271	72	0.999977
271	240	0.999344
271	254	0.999342
271	268	0.999943
271	123	0.999339
271	262	0.999723
271	258	0.999694
271	141	0.999849
271	86	0.999812
271	126	0.99966
271	258	0.999673
271	255	0.999572
271	138	0.99974
271	220	0.999794
271	186	0.999698
271	158	0.999459
271	163	0.999412
271	193	0.999625
271	130	0.999434
271	210	0.999805
271	175	0.999787
271	148	0.999881
271	255	0.999567
271	73	0.999367
271	175	0.999467
271	198	0.999432
271	249	0.999788
271	84	0.999627
271	205	0.999894
271	157	0.999479
271	96	0.999943
271	231	0.999922
271	119	0.999683
271	101	0.999573
271	63	0.999387
271	261	0.999776
271	225	0.999378
271	245	0.999353
271	181	0.999754
271	212	0.999422
271	124	0.99988
271	134	0.999921
271	136	0.999594
271	171	0.999669
271	88	0.999748
271	103	0.999762
271	191	0.999515
271	235	0.999994
271	174	0.999441
271	95	0.999481
271	121	0.999823
271	203	0.999886
271	94	0.999479
271	195	0.999671
271	96	0.99995
271	267	0.999448
271	161	0.999894
271	221	0.999503
271	226	0.999634
271	256	0.999945
271	222	0.999852
271	160	0.999754
271	149	0.999771
271	212	0.999566
271	125	0.999852
271	100	0.999738
271	232	0.999727
271	159	0.999518
271	162	0.999544
271	131	0.999946
271	194	0.999768
271	247	0.999544
271	214	0.999785
271	220	0.999998
271	251	0.99975
271	95	0.999942
271	132	0.999891
271	241	0.999949
271	195	0.999364
271	242	0.999742
271	95	0.999942
271	137	0.999861
271	180	0.999779
271	238	0.999458
271	64	0.999534
271	203	0.999989
271	78	0.999961
271	221	0.999988
271	78	0.999737
271	106	0.999511
271	94	0.999554
271	269	0.99991
271	231	0.999759
271	122	0.999371
271	133	0.999441
271	80	0.999436
271	196	0.999435
271	180	0.999571
271	188	0.999362
271	232	0.999554
271	207	0.999844
271	158	0.99975
271	164	0.999691
271	134	0.999634
271	142	0.999647
271	198	0.999742
271	168	0.999796
271	168	0.999651
271	197	0.999363
271	99	0.99997
271	182	0.999373
271	95	0.999382
271	213	0.999912
271	67	0.999669
271	244	0.999775
271	239	0.999718
271	63	0.999738
271	200	0.999803
271	157	0.999673
271	101	0.999638
271	152	0.999788
271	66	0.999373
271	96	0.999575
271	207	0.99936
271	155	0.999822
271	202	0.99957
271	233	0.999528
271	224	0.999949
271	180	0.99938
271	216	0.999685
271	258	0.999671
271	169	0.999736
271	111	0.999889
271	243	0.999612
271	144	0.999499
271	159	0.999462
271	68	0.99951
271	130	0.999364
271	98	0.999518
271	147	0.999954
271	228	0.99971
271	201	0.999965
271	135	0.999938
271	191	0.999665
271	207	0.999769
271	127	0.999411
271	211	0.999898
271	98	0.999611
271	201	0.999834
271	262	0.999599
271	207	0.999341
271	162	0.999707
271	242	0.999947
271	135	0.999523
271	127	0.999904
271	200	0.999463
271	217	0.999575
271	118	0.999662
271	203	0.999831
271	143	0.999701
271	63	0.999514
271	233	0.999588
271	265	0.999476
271	191	0.999975
271	173	0.999439
271	100	0.999409
271	174	0.999495
271	199	0.999716
271	165	0.999966
271	65	0.999765
271	134	0.999439
271	236	0.999894
271	234	0.999784
271	66	0.99972
271	102	0.999603
271	112	0.999654
271	259	0.999398
271	100	0.999496
271	85	0.99983
271	190	0.999707
271	229	0.999949
271	103	0.999548
271	187	0.999744
271	212	0.999679
271	228	0.999353
271	96	0.999602
271	148	0.999941
271	204	0.999424
271	113	0.999511
271	141	0.99989
271	184	0.999446
271	128	0.99956
271	209	0.999572
271	105	0.999511
271	193	0.999342
271	249	0.999987
271	201	0.999751
271	207	0.999617
271	172	0.999685
271	163	0.999567
271	78	0.999404
271	221	0.999879
271	133	0.999649
271	64	0.99962
271	126	0.999754
271	101	0.999811
271	203	0.999726
271	154	0.999868
271	91	0.999382
271	211	0.99956
271	175	0.999418
271	213	0.999586
271	122	0.999562
271	92	0.999567
271	137	0.999913
271	157	0.999663
271	138	0.999991
271	193	0.999752
271	201	0.999519
271	67	0.999571
271	119	0.999486
271	146	0.999368
271	127	0.999449
271	240	0.999841
271	127	0.999384
271	63	0.999789
271	240	0.999739
271	230	0.999773
271	187	0.999615
271	234	0.999367
271	256	0.999709
271	115	0.999371
271	170	0.999522
271	83	0.999338
271	67	0.999862
271	77	0.999957
271	239	0.999891
271	89	0.99985
271	138	0.999446
271	106	0.999544
271	127	0.999867
271	241	0.999377
271	188	0.999382
271	103	0.999635
271	158	0.999893
271	248	0.999507
271	148	0.999391
271	114	0.999683
271	110	0.999862
271	211	0.999916
271	255	0.999413
271	171	0.999953
271	167	0.999561
271	165	0.999924
271	229	0.999996
271	192	0.999467
271	251	0.999583
271	143	0.999562
271	251	0.999385
271	222	0.999556
271	174	0.999482
271	182	0.99976
271	87	0.999479
271	251	0.999485
271	170	0.999821
271	268	0.999546
271	250	0.99959
271	189	0.999852
271	136	0.999663
271	179	0.999537
271	185	0.999523
271	122	0.999449
271	195	0.999814
271	215	0.99995
271	141	0.999751
271	183	0.999398
271	174	0.999578
271	114	0.999683
271	101	0.999758
271	87	0.999786
271	267	0.99996
271	105	0.999553
271	166	0.999482
271	65	0.99973
271	227	0.999395
271	85	0.999603
271	233	0.999471
271	79	0.999607
271	260	0.999768
271	119	0.99981
271	184	0.999613
271	156	0.999767
271	194	0.999977
271	235	0.999869
271	140	0.999755
271	192	0.999405
271	148	0.999836
271	162	0.999558
271	182	0.999589
271	66	0.9995
271	210	0.999671
271	81	0.999886
271	231	0.999868
271	70	0.999599
271	239	0.999818
271	134	0.999796
271	169	0.999511
271	132	0.999761
271	72	0.999529
271	198	0.999968
271	202	0.999938
271	231	0.999999
271	118	0.999813
271	217	0.999438
271	209	0.999981
271	172	0.999732
271	243	0.999843
271	266	0.999875
271	177	0.999803
271	268	0.999843
271	174	0.999854
271	176	0.999664
271	161	0.999977
271	175	0.999618
271	156	0.999557
271	233	0.999542
271	206	0.999613
271	159	0.999416
271	237	0.99953
271	73	0.999654
271	181	0.999353
271	241	0.999824
271	142	0.99936
271	106	0.999447
271	209	0.999525
271	196	0.999473
271	180	0.999724
271	170	0.999771
271	227	0.999644
271	157	0.999878
271	80	0.999481
271	173	0.999815
271	103	0.999875
271	201	0.99988
271	151	0.999524
271	180	0.999802
271	257	0.999654
271	80	0.99971
271	213	0.999737
271	131	0.999932
271	178	0.999385
271	263	0.999866
271	72	0.999453
271	268	0.99961
271	128	0.999923
271	130	0.999358
271	154	0.999601
271	207	0.999524
271	93	0.999408
271	126	0.999486
271	122	0.999462
271	256	0.999895
271	108	0.999901
271	90	0.999436
271	73	0.99988
271	246	0.999577
271	148	0.999888
271	269	0.999852
271	251	0.999644
271	214	0.999356
271	89	0.999662
271	259	0.999884
271	258	0.999985
271	75	0.999615
271	227	0.999571
271	111	0.99995
271	166	0.999359
271	84	0.999341
271	106	0.999931
271	218	0.999709
271	213	0.999342
271	124	0.999818
271	61	0.999697
271	215	0.999973
271	211	0.999627
271	237	0.999758
271	97	0.999787
271	166	0.999397
271	122	0.999495
271	260	0.999628
271	174	0.99984
271	173	0.999855
271	222	0.999393
271	210	0.999438
271	180	0.999868
271	244	0.999673
271	204	0.999409
271	154	0.999827
271	157	0.999595
271	251	0.999715
271	201	0.999913
271	242	0.999805
271	229	0.999403
271	238	0.999388
271	263	0.999911
271	137	0.999862
271	190	0.999985
271	80	0.999421
271	174	0.999836
271	183	0.999392
271	208	0.999498
271	241	0.999989
271	94	0.999372
271	118	0.999364
271	72	0.999816
271	208	0.99955
271	97	0.999401
271	131	0.999693
271	249	0.999528
271	149	0.999832
271	128	0.999544
271	83	0.999452
271	188	0.999357
271	231	0.999446
271	155	0.999369
271	200	0.999496
271	225	0.999618
271	236	0.999842
271	267	0.999431
271	201	0.999595
271	92	0.99942
271	129	0.999663
271	197	0.999426
271	190	0.999591
271	145	0.999427
271	142	0.999345
271	260	0.999764
271	92	0.999348
271	143	0.999407
271	136	0.999648
271	199	0.999807
271	144	0.999558
271	136	0.999642
271	263	0.999815
271	62	0.999435
271	264	0.99977
271	250	0.999402
271	86	0.999786
271	76	0.999762
271	189	0.999579
271	128	0.999861
271	215	0.999426
271	162	0.999743
271	222	0.999592
271	124	0.999644
271	75	0.999791
271	212	0.999407
271	112	0.999934
271	204	0.99937
271	66	0.999607
271	65	0.999833
271	116	0.999411
271	173	0.999627
271	258	0.999619
271	130	0.999556
271	233	0.999702
271	111	0.999844
271	232	0.999347
271	169	0.999446
271	152	0.999963
271	138	0.9999
271	155	0.999593
271	83	0.999661
271	75	0.999608
271	127	0.999632
271	173	0.999813
271	79	0.999415
271	95	0.999734
271	238	0.999481
271	148	0.999907
271	61	0.999383
271	69	0.999381
271	177	0.999465
271	248	0.999487
271	95	0.999424
271	225	0.999482
271	130	0.999814
271	234	0.999736
271	92	0.999771
271	111	0.99967
271	215	0.999566
271	158	0.999791
271	101	0.99969
271	168	0.999634
271	270	0.999672
271	243	0.999808
271	191	0.999616
271	239	0.999915
271	179	0.999432
271	93	0.999685
271	172	0.99996
271	249	0.999726
271	74	0.999387
271	250	0.99942
271	233	0.999788
271	157	0.999869
271	130	0.999423
271	233	0.99956
271	269	0.999394
271	244	0.999505
271	248	0.999614
271	198	0.999743
271	77	0.999536
271	196	0.999548
271	93	0.999803
271	184	0.999679
271	227	0.999714
271	107	0.999946
271	239	0.999991
271	185	0.999457
271	155	0.999617
271	218	0.999654
271	73	0.999705
271	78	0.999737
271	222	0.999827
271	178	0.999659
271	208	0.999924
271	95	0.999896
271	145	0.999489
271	154	0.999964
271	256	0.999471
271	126	0.999462
271	181	0.999992
271	222	0.999478
271	266	0.999765
271	87	0.99981
271	255	0.999529
271	168	0.999864
271	78	0.99991
271	182	0.999856
271	71	0.999676
271	102	0.999704
271	224	0.999546
271	146	0.999632
271	124	0.99956
271	254	0.999887
271	245	0.999844
271	75	0.99934
271	115	0.999416
271	233	0.999516
271	175	0.999489
271	92	0.999454
271	201	0.999918
271	157	0.99955
271	167	0.999434
271	234	0.999887
271	63	0.999662
271	84	0.999646
271	207	0.99939
271	88	0.999817
271	74	0.999556
271	251	0.99985
271	233	0.999501
271	93	0.999729
271	173	0.999758
271	197	0.999862
271	72	0.999701
271	109	0.999595
271	150	0.999746
271	263	0.999792
271	87	0.999932
271	225	0.999473
271	252	0.999621
271	242	0.999662
271	241	0.999545
271	223	0.999699
271	255	0.999546
271	232	0.999798
271	173	0.999902
271	230	0.99937
271	122	0.99972
271	162	0.99969
271	189	0.999972
271	163	0.999933
271	152	0.999632
271	261	0.999994
271	90	0.999938
271	255	0.999691
271	91	0.999862
271	235	0.999886
271	83	0.999526
271	95	0.999556
271	211	0.99959
271	133	0.999711
271	101	0.999646
271	256	0.999562
271	142	0.999809
271	142	0.99952
271	210	0.99938
271	149	0.999658
271	257	0.999777
271	186	0.999472
271	84	0.999683
271	196	0.999444
271	183	0.999911
271	66	0.999591
271	207	0.999393
271	123	0.999534
271	115	0.999545
271	240	0.999718
271	182	0.999833
271	133	0.999535
271	193	0.999358
271	73	0.99996
271	156	0.999718
271	81	0.999375
271	153	0.999628
271	267	0.999881
271	69	0.999776
271	196	0.999925
271	114	0.999479
271	69	0.999638
271	109	0.999516
271	129	0.999408
271	149	0.999706
271	248	0.999971
271	207	0.999886
271	195	0.999345
271	265	0.999554
271	179	0.999437
271	127	0.99955
271	138	0.999621
271	88	0.999393
271	157	0.999414
271	74	0.999828
271	204	0.999475
271	175	0.999885
271	177	0.999364
271	67	0.999345
271	151	0.999824
271	241	0.999532
271	264	0.999769
271	153	0.99973
271	79	0.999735
271	169	0.999432
271	66	0.999923
271	198	0.999354
271	151	0.999417
271	72	0.999457
271	198	0.999734
271	62	0.999924
271	217	0.999977
271	64	0.999934
271	132	0.99984
271	120	0.999393
271	166	0.999544
271	63	0.999945
271	152	0.999507
271	83	0.999425
271	63	0.999533
271	133	0.999958
271	112	0.99987
271	180	0.999571
271	117	0.999398
271	210	0.999529
271	70	0.999792
271	226	0.999636
271	146	0.999613
271	120	0.999583
271	172	0.999786
271	182	0.999699
271	221	0.999426
271	258	0.999418
271	144	0.999413
271	222	0.999611
271	93	0.999432
271	185	0.9998
271	258	0.999393
271	193	0.99965
271	258	0.999467
271	161	0.999702
271	170	0.999803
271	204	0.999806
271	190	0.999458
271	90	0.999882
271	141	0.999636
271	222	0.999517
271	90	0.999545
271	230	0.999373
271	225	0.99999
271	157	0.999397
271	209	0.999885
271	140	0.999678
271	87	0.999878
271	133	0.999565
271	119	0.999919
271	142	0.999598
271	64	0.999648
271	89	0.999776
271	94	0.99998
271	270	0.99936
271	119	0.999822
271	253	0.999882
271	234	0.999432
271	132	0.999723
271	215	0.999878
271	105	0.999529
271	137	0.999891
271	244	0.999624
271	247	0.999514
271	108	0.999453
271	62	0.999389
271	67	0.999575
271	131	0.999624
271	86	0.999922
271	143	0.999569
271	145	0.999605
271	196	0.999875
271	121	0.999743
271	158	0.99951
271	151	0.999715
271	196	0.999881
271	231	0.999415
271	208	0.999447
271	191	0.999626
271	219	0.999578
271	221	0.999935
271	255	0.999402
271	175	0.999822
271	81	0.999964
271	212	0.999941
271	81	0.999516
271	115	0.999954
271	172	0.999951
271	99	0.999379
271	86	0.999366
271	234	0.999856
271	211	0.999387
271	186	0.999591
271	68	0.999827
271	67	0.999342
271	257	0.99953
271	111	0.999871
271	231	0.999791
271	185	0.999381
271	162	0.999537
271	107	0.99965
271	266	0.999975
271	85	0.999387
271	254	0.999437
271	152	0.999805
271	176	0.999779
271	134	0.999405
271	92	0.999972
271	258	0.999458
271	105	0.999883
271	96	0.999573
271	252	0.999656
271	148	0.99954
271	65	0.99939
271	167	0.999952
271	269	0.999858
271	164	0.999434
271	261	0.999848
271	196	0.999841
271	270	0.999826
271	162	0.999487
271	63	0.999701
271	210	0.999493
271	253	0.999462
271	167	0.999444
271	264	0.99943
271	207	0.999516
271	91	0.999364
271	177	0.999387
271	105	0.999556
271	216	0.999635
271	257	0.999594
271	145	0.999854
271	197	0.999871
271	153	0.999719
271	184	0.999656
271	162	0.999895
271	195	0.999679
271	262	0.999435
271	126	0.999519
271	166	0.999767
271	227	0.999672
271	181	0.999592
271	203	0.999768
271	102	0.999801
271	242	0.999418
271	204	0.999495
271	134	0.99942
271	85	0.9997
271	213	0.999722
271	63	0.99972
271	262	0.999836
271	117	0.999492
271	118	0.999757
271	256	0.999907
271	193	0.999579
271	186	0.99992
271	122	0.999405
271	216	0.999961
271	177	0.999444
271	157	0.999991
271	107	0.999998
271	183	0.999619
271	134	0.999609
271	198	0.999475
271	93	0.999379
271	119	0.999955
271	242	0.999857
271	263	0.999369
271	249	0.999766
271	188	0.999968
271	219	0.999972
271	226	0.999868
271	114	0.99934
271	250	0.999595
271	194	0.999858
271	103	0.999947
271	137	0.999426
271	98	0.999693
271	256	0.999875
271	200	0.999915
271	133	0.999805
271	258	0.999554
271	183	0.99999
271	191	0.999388
271	254	0.999952
271	123	0.999358
271	100	0.99957
271	74	0.999674
271	130	0.999562
271	168	0.99995
271	208	0.999499
271	70	0.999846
271	133	0.999381
271	179	0.999598
271	61	0.999518
271	131	0.999606
271	265	0.99964
271	167	0.999662
271	185	0.9999
271	114	0.999587
271	76	0.999753
271	257	0.999931
271	194	0.999405
271	168	0.999806
271	132	0.999595
271	67	0.999751
271	87	0.999338
271	149	0.999682
271	116	0.999883
271	120	0.999736
271	146	0.999428
271	145	0.999663
271	153	0.999869
271	139	0.999486
271	171	0.999733
271	117	0.999926
271	157	0.999444
271	201	0.999622
271	230	0.999454
271	257	0.999844
271	196	0.999896
271	229	0.999889
271	242	0.99986
271	247	0.999988
271	85	0.999787
271	61	0.999934
271	232	0.999613
271	230	0.99975
271	155	0.999764
271	166	0.99992
271	72	0.999692
271	94	0.999669
271	166	0.999669
271	239	0.999462
271	143	0.999514
271	260	0.999908
271	194	0.999696
271	192	0.999489
271	159	0.999928
271	177	0.999403
271	187	0.999954
271	72	0.999933
271	226	0.999498
271	66	0.999906
271	206	0.999895
271	80	0.999838
271	181	0.999778
271	73	0.999881
271	210	0.999822
271	225	0.999577
271	70	0.999972
271	179	0.999545
271	82	0.999413
271	219	0.999955
271	126	0.999983
271	176	0.999939
271	198	0.999498
271	113	0.999407
271	100	0.999693
271	263	0.99997
271	218	0.9996
271	180	0.99984
271	207	0.99952
271	95	0.999905
271	115	0.999893
271	163	0.999984
271	174	0.999711
271	213	0.999605
271	74	0.999675
271	69	0.999575
271	256	0.999441
271	151	0.999377
271	187	0.999591
271	185	0.999993
271	99	0.999985
271	70	0.999418
271	162	0.999597
271	136	0.999767
271	203	0.999927
271	205	0.999933
271	116	0.999771
271	215	0.999346
271	228	0.999871
271	65	0.999944
271	75	0.999404
271	193	0.999469
271	87	0.999682
271	174	0.999633
271	169	0.999567
271	151	0.999342
271	111	0.999792
271	148	0.999913
271	94	0.999557
271	84	0.999373
271	119	0.999428
271	98	0.9999
271	169	0.999404
271	71	0.999669
271	233	0.999983
271	113	0.999679
271	115	0.999793
271	117	0.999407
271	92	0.999609
271	166	0.999346
271	261	0.999693
271	73	0.999585
271	142	0.999918
271	80	0.999595
271	201	0.999925
271	129	0.999662
271	220	0.999813
271	240	0.999777
271	72	0.99966
271	109	0.999918
271	259	0.999794
271	255	0.999463
271	223	0.999839
271	185	0.999727
271	195	0.999894
271	240	0.999777
271	108	0.999501
271	229	0.999413
271	191	0.999807
271	108	0.999675
271	182	0.999379
271	265	0.999373
271	137	0.999506
271	241	0.999761
271	127	0.99955
271	163	0.999974
271	82	0.999363
271	74	0.999713
271	183	0.99943
271	127	0.999341
271	269	0.999762
271	75	0.999994
271	218	0.99974
271	89	0.999591
271	103	0.999823
271	185	0.999644
271	262	0.999448
271	93	0.999562
271	115	0.999435
271	76	0.999709
271	231	0.999471
271	189	0.999507
271	176	0.999905
271	238	0.999872
271	65	0.999905
271	244	0.999714
271	228	0.999901
271	70	0.999795
271	243	0.999997
271	185	0.999494
271	142	0.99957
271	65	0.999397
271	121	0.99975
271	231	0.999983
271	123	0.999583
271	73	0.999546
271	187	0.999873
271	130	0.999659
271	68	0.999859
271	231	0.999395
271	153	0.999791
271	104	0.999396
271	242	0.999934
271	119	0.99936
271	237	0.999876
271	191	0.999555
271	136	0.999488
271	234	0.999824
271	246	0.999556
271	145	0.999532
271	226	0.999512
271	74	0.999783
271	61	0.999704
271	100	0.999798
271	136	0.999508
271	115	0.999952
271	120	0.999807
271	160	0.999724
271	266	0.999516
271	263	0.999911
271	117	0.999993
271	245	0.999775
271	233	0.999707
271	71	0.999719
271	99	0.999629
271	176	0.999947
271	103	0.999792
271	222	0.999381
271	162	0.99955
271	94	0.99936
271	182	0.999738
271	101	0.999752
271	177	0.999483
271	161	0.99985
271	250	0.999875
271	180	0.999626
271	230	0.999595
271	221	0.999989
271	172	0.999835
271	191	0.999514
271	69	0.999995
271	257	0.999676
271	132	0.999736
271	133	0.999587
271	234	0.99976
271	123	0.999966
271	183	0.999372
271	157	0.999815
271	113	0.999703
271	145	0.99976
271	147	0.999772
271	65	0.999854
271	112	0.999383
271	71	0.999631
271	128	0.99966
271	184	0.999993
271	241	0.999773
271	88	0.999742
271	66	0.999399
271	68	0.999401
271	246	0.99978
271	153	0.999786
271	221	0.9995
271	98	0.999762
271	122	0.999805
271	266	0.99976
271	262	0.999511
271	71	0.999375
271	116	0.999444
271	111	0.999466
271	208	0.999825
271	100	0.999389
271	123	0.999644
271	187	0.999981
271	216	0.999621
271	268	0.999463
271	114	0.999586
271	106	0.999599
271	160	0.999954
271	252	0.99982
271	131	0.999564
271	122	0.99994
271	219	0.999629
271	84	0.999583
271	83	0.999961
271	155	0.999988
271	263	0.999479
271	250	0.999919
271	157	0.999691
271	67	0.999433
271	203	0.999555
271	66	0.999576
271	180	0.999384
271	105	0.999585
271	258	0.999701
271	133	0.999828
271	240	0.999569
271	187	0.999391
271	125	0.999426
271	157	0.999678
271	120	0.999452
271	269	0.999848
271	154	0.999581
271	66	0.999772
271	185	0.999464
271	163	0.999862
271	168	0.99966
271	263	0.999815
271	265	0.999895
271	188	0.999796
271	138	0.999481
271	246	0.99975
271	62	0.999389
271	212	0.99955
271	100	0.99945
271	251	0.999541
271	76	0.999634
271	69	0.999748
271	180	0.999775
271	79	0.999835
271	265	0.999939
271	267	0.999729
271	104	0.999542
271	189	0.999599
271	196	0.999486
271	239	0.999465
271	115	0.999727
271	251	0.999507
271	243	0.999894
271	114	0.999853
271	110	0.99978
271	233	0.999829
271	120	0.999658
271	106	0.999432
271	246	0.999445
271	151	0.99969
271	70	0.999589
271	83	0.999473
271	130	0.999858
271	246	0.999469
271	117	0.999991
271	197	0.99968
271	250	0.999638
271	184	0.999591
271	161	0.999401
271	250	0.999482
271	248	0.999653
271	177	0.999523
271	154	0.999976
271	118	0.999872
271	146	0.999489
271	119	0.999811
271	236	0.999748
271	173	0.999647
271	252	0.99945
271	63	0.999599
271	186	0.999442
271	173	0.999667
271	261	0.999512
271	229	0.999782
271	189	0.999903
271	243	0.999663
271	87	0.999761
271	96	0.999753
271	240	0.999962
271	156	0.999473
271	81	0.99972
271	210	0.999854
271	124	0.999365
271	198	0.999505
271	133	0.999903
271	185	0.999627
271	248	0.999454
271	80	0.999553
271	170	0.999528
271	228	0.999392
271	168	0.999688
271	89	0.999435
271	190	0.999983
271	152	0.99986
271	155	0.999626
271	245	0.999816
271	190	0.999711
271	68	0.999731
271	156	0.999763
271	247	0.999388
271	113	0.999642
271	116	0.999994
271	215	0.999447
271	73	0.999646
271	115	0.99958
271	194	0.999936
271	154	0.999526
271	78	0.999385
271	156	0.999559
271	140	0.999407
271	81	0.999877
271	144	0.999959
271	94	0.999514
271	262	0.999884
271	263	0.999642
271	198	0.999407
271	218	0.999955
271	258	0.999716
271	63	0.999513
271	127	0.999997
271	118	0.999795
271	62	0.999356
271	113	0.999405
271	185	0.99945
271	62	0.999739
271	132	0.99982
271	225	0.999417
271	139	0.999879
271	193	0.999899
271	246	0.999457
271	232	0.999481
271	88	0.999796
271	96	0.999987
271	174	0.999387
271	210	0.999637
271	107	0.999395
271	243	0.99939
271	256	0.999528
271	188	0.999796
271	167	0.999558
271	235	0.999867
271	83	0.999936
271	187	0.999863
271	114	0.999347
271	86	0.999599
271	228	0.999893
271	257	0.999996
271	157	0.999707
271	122	0.999711
271	128	0.999831
271	99	0.999842
271	64	0.999724
271	157	0.99948
271	134	0.999966
271	186	0.999501
271	147	0.999985
271	225	0.999385
271	84	0.999886
271	72	0.999454
271	270	0.999726
271	140	0.999742
271	257	0.999391
271	236	0.99945
271	235	0.999369
271	172	0.999857
271	208	0.999541
271	71	0.999824
271	99	0.999689
271	254	0.99964
271	123	0.999908
271	96	0.999738
271	114	0.999469
271	152	0.999414
271	240	0.999862
271	68	0.999724
271	213	0.999819
271	92	0.999809
271	108	0.999494
271	149	0.999795
271	208	0.999372
271	233	0.999771
271	122	0.999677
271	201	0.999713
271	68	0.999792
271	235	0.999988
271	82	0.999959
271	230	0.999772
271	157	0.999975
271	185	0.999662
271	178	0.999554
271	77	0.999711
271	231	0.999415
271	267	0.999352
271	91	0.999432
271	212	0.999628
271	253	0.999595
271	164	0.999798
271	94	0.999679
271	107	0.999411
271	262	0.999887
271	141	0.999794
271	120	0.99977
271	180	0.999537
271	240	0.999566
271	104	0.999391
271	256	0.999486
271	238	0.999575
271	140	0.999797
271	98	0.999486
271	205	0.999945
271	113	0.999365
271	116	0.999861
271	168	0.99997
271	187	0.999968
271	61	0.999812
271	156	0.999415
271	174	0.999483
271	121	0.999981
271	118	0.999375
271	270	0.999828
271	66	0.99938
271	270	0.99993
271	214	0.999563
271	72	0.999816
271	196	0.999503
271	179	0.999475
271	218	0.999485
271	269	0.999743
271	112	0.999512
271	197	0.999829
271	87	0.99976
271	226	0.99967
271	188	0.999597
271	89	0.999707
271	133	0.999686
271	239	0.999488
271	249	0.999859
271	159	0.999751
271	252	0.999999
271	161	0.999902
271	171	0.999681
271	68	0.99963
271	183	0.999518
271	231	0.99956
271	102	0.999516
271	65	0.999547
271	111	0.999405
271	192	0.999349
271	160	0.999639
271	188	0.999801
271	251	0.999513
271	64	0.999602
271	141	0.999595
271	102	0.999501
271	242	0.999527
271	88	0.99978
271	242	0.999554
271	170	0.999791
271	239	0.999812
271	151	0.99962
271	183	0.99986
271	86	0.999487
271	87	0.99955
271	209	0.999563
271	248	0.999642
271	124	0.999524
271	68	0.999995
271	206	0.999442
271	75	0.999671
271	107	0.999559
271	186	0.999882
271	78	0.999981
271	146	0.999889
271	243	0.999362
271	220	0.999592
271	194	0.999973
271	118	0.999439
271	186	0.9996
271	202	0.999629
271	93	0.999775
271	71	0.999409
271	212	0.999479
271	94	0.999414
271	104	0.999644
271	170	0.999585
271	91	0.99992
271	260	0.999658
271	257	0.999947
271	244	0.999595
271	94	0.999742
271	227	0.999838
271	117	0.99966
271	119	0.999728
271	124	0.999503
271	152	0.99946
271	180	0.99994
271	257	0.999789
271	137	0.999711
271	239	0.999385
271	199	0.999683
271	115	0.9996
271	251	0.999786
271	143	0.999339
271	268	0.999433
271	170	0.999344
271	67	0.99974
271	268	0.99953
271	189	0.99983
271	204	0.999522
271	69	0.999352
271	175	0.999529
271	267	0.999871
271	114	0.999979
271	244	0.999919
271	209	0.999563
271	110	0.999999
271	111	0.999679
271	74	0.999346
271	245	0.999393
271	170	0.999622
271	72	0.999978
271	270	0.9995
271	246	0.999585
271	93	0.99963
271	90	0.999758
271	190	0.999511
271	234	0.999461
271	256	0.999626
271	244	0.999813
271	94	0.999985
271	138	0.999685
271	207	0.999685
271	225	0.999822
271	250	0.999582
271	216	0.999359
271	202	0.99947
271	64	0.999862
271	65	0.999589
271	179	0.999401
271	100	0.999617
271	132	0.999425
271	116	0.999417
271	76	0.999622
271	164	0.999831
271	104	0.999436
271	242	0.999695
271	166	0.999583
271	166	0.999787
271	213	0.999959
271	67	0.999463
271	167	0.999527
271	67	0.999974
271	161	0.999868
271	204	0.999503
271	210	0.999777
271	71	0.999976
271	146	0.99993
271	149	0.999993
271	69	0.999433
271	251	0.999877
271	67	0.999534
271	108	0.999932
271	116	0.99986
271	166	0.999404
271	164	0.999983
271	266	0.999973
271	217	0.999603
271	206	0.999826
271	269	0.999378
271	232	0.999932
271	226	0.999441
271	218	0.999511
271	81	0.999634
271	126	0.999967
271	118	0.999505
271	235	0.999813
271	98	0.999967
271	101	0.999866
271	200	0.999756
271	71	0.999611
271	243	0.999773
271	173	0.999467
271	82	0.99996
271	217	0.999599
271	190	0.999876
271	236	0.999497
271	155	0.999581
271	185	0.999377
271	92	0.999679
271	253	0.999751
271	147	0.999736
271	176	0.999975
271	246	0.999623
271	264	0.999502
271	135	0.999613
271	200	0.999795
271	175	0.999798
271	240	0.999546
271	234	0.999556
271	150	0.999688
271	182	0.999702
271	97	0.999991
271	164	0.99934
271	219	0.999367
271	150	0.999756
271	264	0.999403
271	162	0.999901
271	122	0.999367
271	242	0.999941
271	212	0.999887
271	90	0.999728
271	87	0.999534
271	216	0.999767
271	97	0.999686
271	86	0.999882
271	84	0.999634
271	195	0.999364
271	265	0.999641
271	126	0.999632
271	270	0.99963
271	63	0.999787
271	118	0.999816
271	170	0.999844
271	62	0.999597
271	136	0.999342
271	268	0.999879
271	216	0.999796
271	85	0.999516
271	164	0.999455
271	260	0.999663
271	76	0.999622
271	207	0.999732
271	261	0.999511
271	91	0.999397
271	193	0.999565
271	236	0.999578
271	194	0.99946
271	165	0.999687
271	164	0.999871
271	92	0.999819
271	214	0.999435
271	140	0.99945
271	119	0.999768
271	79	0.999805
271	141	0.999794
271	251	0.999785
271	179	0.999824
271	171	0.999622
271	86	0.999434
271	218	0.999462
271	75	0.999825
271	104	0.999614
271	251	0.999533
271	79	0.999863
271	231	0.999876
271	62	0.999523
271	159	0.999965
271	216	0.999559
271	61	0.999376
271	246	0.99986
271	220	0.999345
271	167	0.999658
271	235	0.99994
271	123	0.99991
271	263	0.999959
271	171	0.999537
271	85	0.999674
271	236	0.999956
271	107	0.999391
271	209	0.999518
271	183	0.999495
271	189	0.999749
271	156	0.999534
271	253	0.999894
271	67	0.99942
271	83	0.9994
271	167	0.999698
271	96	0.999511
271	202	0.999548
271	161	0.999824
271	153	0.999973
271	187	0.999724
271	211	0.999964
271	212	0.99956
271	110	0.999973
271	175	0.999637
271	62	0.999462
271	221	0.99935
271	260	0.999818
271	82	0.999871
271	70	0.99952
271	160	0.999362
271	93	0.999923
271	94	0.999635
271	169	0.999535
271	68	0.999956
271	241	0.999474
271	183	0.999748
271	121	0.999868
271	239	0.999944
271	263	0.999404
271	226	0.999724
271	79	0.999784
271	227	0.999397
271	170	0.999656
271	184	0.999898
271	176	0.999375
271	67	0.99968
271	228	0.999354
271	184	0.999713
271	185	0.999993
271	136	0.999946
271	182	0.999765
271	139	0.999769
271	123	0.999734
271	219	0.999966
271	123	0.999404
271	138	0.999701
271	259	0.999688
271	269	0.999913
271	147	0.999815
271	96	0.999577
271	62	0.999348
271	254	0.999528
271	184	0.999776
271	146	0.999894
271	218	0.999415
271	141	0.999437
271	76	0.999362
271	153	0.999469
271	114	0.999465
271	111	0.999773
271	126	0.999409
271	132	0.999443
271	113	0.999919
271	63	0.999508
271	131	0.999989
271	230	0.999848
271	252	0.999394
271	168	0.999509
271	230	0.999608
271	137	0.999591
271	134	0.999892
271	204	0.999776
271	187	0.999428
271	185	0.999724
271	162	0.999956
271	136	0.999395
271	199	0.999988
271	115	0.999401
271	206	0.999603
271	86	0.999958
271	108	0.999646
271	147	0.999534
271	123	0.99973
271	112	0.999512
271	114	0.999587
271	217	0.999614
271	146	0.999919
271	63	0.999353
271	88	0.999933
271	250	0.999819
271	236	0.999589
271	223	0.999471
271	132	0.999468
271	264	0.999551
271	197	0.99936
271	231	0.999724
271	102	0.99993
271	254	0.99952
271	91	0.999446
271	177	0.999817
271	112	0.999796
271	253	0.999885
271	119	0.99968
271	183	0.9995
271	83	0.999554
271	83	0.999956
271	170	0.999389
271	84	0.999904
271	192	0.999754
271	62	0.999944
271	113	0.999653
271	233	0.999548
271	193	0.999703
271	186	0.99954
271	264	0.999892
271	245	0.999629
271	117	0.999889
271	218	0.999742
271	164	0.999988
271	86	0.999534
271	116	0.999713
271	131	0.999392
271	235	0.99985
271	151	0.999477
271	178	0.999756
271	200	0.999563
271	211	0.999364
271	229	0.999367
271	230	0.999964
271	230	0.999794
271	65	0.999411
271	262	0.999517
271	205	0.999699
271	180	0.999479
271	140	0.999387
271	67	0.999697
271	193	0.999886
271	195	0.999381
271	232	0.999445
271	176	0.999697
271	270	0.999649
271	158	0.999993
271	175	0.999367
271	235	0.999826
271	92	0.999936
271	106	0.999382
271	77	0.999711
271	268	0.999381
271	266	0.999727
271	241	0.999536
271	181	0.999429
271	93	0.999832
271	179	0.999967
271	199	0.999582
271	76	0.999921
271	74	0.999362
271	118	0.999382
271	244	0.999677
271	67	0.999986
271	266	0.999609
271	268	0.999374
271	178	0.999371
271	219	0.999379
271	218	0.999908
271	207	0.999845
271	229	0.999618
271	97	0.999681
271	227	0.999594
271	85	0.999687
271	218	0.999966
271	182	0.99937
271	169	0.999467
271	217	0.999669
271	186	0.999701
271	237	0.999431
271	61	0.999657
271	160	0.999612
271	218	0.999548
271	223	0.999897
271	176	0.999952
271	155	0.999381
271	72	0.999432
271	215	0.999711
271	215	0.999902
271	165	0.999836
271	244	0.999962
271	177	0.999897
271	206	0.999663
271	167	0.999933
271	129	0.999838
271	255	0.999728
271	170	0.999873
271	151	0.999764
271	189	0.999454
271	156	0.999993
271	124	0.999929
271	128	0.999343
271	107	0.999666
271	178	0.999387
271	115	0.99943
271	212	0.999387
271	215	0.99985
271	256	0.999756
271	207	0.999345
271	152	0.999548
271	129	0.999787
271	192	0.999764
271	75	0.999885
271	235	0.999828
271	242	0.999595
271	63	0.999526
271	191	0.999859
271	62	0.999367
271	208	0.999371
271	174	0.999724
271	152	0.999374
271	228	0.999844
271	241	0.999854
271	123	0.999634
271	267	0.999868
271	141	0.999761
271	236	0.999412
271	183	0.999677
271	148	0.999656
271	215	0.999891
271	98	0.9998
271	270	0.999799
271	177	0.99965
271	185	0.99963
271	189	0.999848
271	203	0.99964
271	211	0.999777
271	193	0.999887
271	225	0.99997
271	115	0.999431
271	240	0.999771
271	75	0.999995
271	75	0.999722
271	147	0.999818
271	96	0.999856
271	85	0.999519
271	109	0.999563
271	163	0.999663
271	154	0.999848
271	237	0.999942
271	219	0.999751
271	189	0.999865
271	152	0.999686
271	76	0.999855
271	174	0.999883
271	244	0.99975
271	227	0.999667
271	255	0.99935
271	237	0.999548
271	191	0.99971
271	79	0.999356
271	62	0.999848
271	103	0.999665
271	122	0.999993
271	114	0.999349
271	136	0.999458
271	117	0.999674
271	126	0.999819
271	245	0.999683
271	99	0.999689
271	86	0.999864
271	249	0.999546
271	208	0.999737
271	144	0.999985
271	184	0.999477
271	268	0.99954
271	66	0.999428
271	239	0.999383
271	93	0.999979
271	71	0.999783
271	136	0.999921
271	119	0.999633
271	256	0.999417
271	213	0.999744
271	154	0.999679
271	177	0.999569
271	69	0.999403
271	63	0.999826
271	259	0.999393
271	112	0.99984
271	121	0.999646
271	188	0.999536
271	125	0.999748
271	72	0.999744
271	270	0.999342
271	114	0.99975
271	229	0.99941
271	251	0.999634
271	74	0.99964
271	246	0.999375
271	201	0.999497
271	97	0.999799
271	80	0.999618
271	196	0.999805
271	73	0.999578
271	199	0.99987
271	222	0.99964
271	122	0.999573
271	79	0.999513
271	232	0.999983
271	197	0.999588
271	199	0.999778
271	104	0.999693
271	172	0.999471
271	209	0.999911
271	231	0.999905
271	191	0.999726
271	75	0.999914
271	110	0.999393
271	63	0.999839
271	152	0.999604
271	148	0.999733
271	166	0.999375
271	131	0.999714
271	92	0.999848
271	169	0.999795
271	252	0.999897
271	188	0.999956
271	132	0.999353
271	211	0.999415
271	265	0.999466
271	235	0.999762
271	113	0.999636
271	115	0.999554
271	220	0.99943
271	188	0.999693
271	97	0.999354
271	182	0.999785
271	80	0.999422
271	96	0.999973
271	242	0.999749
271	232	0.999604
271	180	0.999605
271	232	0.999647
271	97	0.999345
271	270	0.99941
271	110	0.999725
271	166	0.99938
271	221	0.999907
271	148	0.999338
271	212	0.999553
271	88	0.999885
271	129	0.99978
271	113	0.999995
271	108	0.999487
271	195	0.999815
271	238	0.999344
271	237	0.999971
271	140	0.999556
271	189	0.999997
271	174	0.999525
271	158	0.999631
271	249	0.999728
271	159	0.999599
271	170	0.999491
271	89	0.999448
271	258	0.999342
271	173	0.9999
271	94	0.99982
271	135	0.999848
271	136	0.999685
271	193	0.999534
271	106	0.999464
271	97	0.999838
271	215	0.999934
271	72	0.999714
271	270	0.99958
271	201	0.999593
271	216	0.999475
271	256	0.999655
271	88	0.999578
271	167	0.999881
271	188	0.99984
271	137	0.999681
271	178	0.999847
271	143	0.999566
271	154	0.999731
271	75	0.999338
271	208	0.999808
271	123	0.999877
271	73	0.999354
271	70	0.999985
271	138	0.999569
271	205	0.999995
271	150	0.999734
271	223	0.999783
271	238	0.999363
271	101	0.999709
271	164	0.999917
271	257	0.999518
271	164	0.99955
271	115	0.999501
271	240	0.999414
271	212	0.99964
271	134	0.999612
271	251	0.999357
271	184	0.999506
271	232	0.999387
271	83	0.999658
271	158	0.999358
271	219	0.99952
271	248	0.99955
271	99	0.999483
271	98	0.999633
271	61	0.999531
271	242	0.999719
271	123	0.999389
271	192	0.999952
271	229	0.999946
271	254	0.999367
271	187	0.99963
271	187	0.999637
271	99	0.999618
271	68	0.999675
271	174	0.99959
271	142	0.999663
271	150	0.999721
271	164	0.999581
271	163	0.999695
271	143	0.999409
271	260	0.99936
271	182	0.999472
271	269	0.999405
271	228	0.999413
271	126	0.999756
271	254	0.999572
271	244	0.999878
271	169	0.999567
271	78	0.999348
271	202	0.999466
271	161	0.999563
271	73	0.9998
271	68	0.999608
271	173	0.999353
271	218	0.999739
271	235	0.999387
271	188	0.99944
271	267	0.999952
271	223	0.999737
271	105	0.999567
271	113	0.999799
271	141	0.999437
271	179	0.999728
271	156	0.999858
271	210	0.999809
271	108	0.999407
271	149	0.999546
271	62	0.99974
271	216	0.999591
271	188	0.999612
271	265	0.999485
271	74	0.999675
271	151	0.999373
271	74	0.999747
271	199	0.999418
271	259	0.99961
271	265	0.999998
271	109	0.999447
271	116	0.999588
271	178	0.999877
271	117	0.999929
271	218	0.999919
271	199	0.999996
271	136	0.999546
271	108	0.999367
271	212	0.999704
271	87	0.999711
271	223	0.999957
271	61	0.999607
271	198	0.999928
271	265	0.999847
271	115	0.999526
271	190	0.999757
271	123	0.999851
271	128	0.999783
271	87	0.999707
271	102	0.99964
271	244	0.99975
271	188	0.999412
271	198	0.999522
271	92	0.999585
271	245	0.999919
271	113	0.999699
271	254	0.999694
271	110	0.999999
271	164	0.999853
271	92	0.999682
271	239	0.999624
271	172	0.999765
271	71	0.999553
271	120	0.999769
271	186	0.999724
271	165	0.999625
271	171	0.999648
271	174	0.999418
271	242	0.999362
271	242	0.99944
271	145	0.999358
271	220	0.999842
271	169	0.99953
271	215	0.999521
271	159	0.999822
271	110	0.999784
271	213	0.999775
271	93	0.999864
271	257	0.999987
271	152	0.999909
271	138	0.999635
271	268	0.99966
271	242	0.999558
271	125	0.999614
271	76	0.999675
271	244	0.999859
271	238	0.999657
271	103	0.99965
271	159	0.999836
271	164	0.999483
271	234	0.999533
271	158	0.999501
271	66	0.999365
271	216	0.999644
271	227	0.999604
271	161	0.999738
271	144	0.999767
271	258	0.99969
271	66	0.999665
271	82	0.999798
271	236	0.99954
271	86	0.999612
271	213	0.999844
271	86	0.999767
271	137	0.999846
271	263	0.999713
271	212	0.999601
271	155	0.999384
271	198	0.999403
271	251	0.999512
271	235	0.999553
271	177	0.999962
271	230	0.999397
271	132	0.999982
271	70	0.999852
271	197	0.999436
271	262	0.999434
271	128	0.999584
271	82	0.999421
271	65	0.999816
271	239	0.999829
271	114	0.999611
271	108	0.9998
271	94	0.999629
271	176	0.999435
271	177	0.999844
271	267	0.999523
271	195	0.99943
271	192	0.999754
271	106	0.999571
271	249	0.999388
271	198	0.999795
271	159	0.999921
271	179	0.999803
271	151	0.999736
271	249	0.999383
271	85	0.999842
271	209	0.999991
271	201	0.999454
271	116	0.999486
271	208	0.999667
271	128	0.999397
271	187	0.999619
271	182	0.999703
271	195	0.999661
271	159	0.999451
271	221	0.99974
271	228	0.999641
271	77	0.99953
271	187	0.999426
271	196	0.999856
271	186	0.999869
271	264	0.999659
271	257	0.999897
271	225	0.999714
271	163	0.99942
271	63	0.99984
271	176	0.99995
271	174	0.999707
271	118	0.999999
271	171	0.999686
271	95	0.99958
271	244	0.999679
271	178	0.999376
271	62	0.999724
271	235	0.99946
271	83	0.999922
271	129	0.999344
271	249	0.999568
271	65	0.999666
271	144	0.999364
271	100	0.999405
271	122	0.999762
271	110	0.99984
271	88	0.999555
271	102	0.999784
271	105	0.999765
271	235	0.999895
271	268	0.999762
271	64	0.999466
271	135	0.999989
271	141	0.999742
271	170	0.999977
271	81	0.999501
271	98	0.999481
271	61	0.999463
271	183	0.999436
271	72	0.999746
271	265	0.999386
271	111	0.99949
271	189	0.999438
271	152	0.999511
271	248	0.999546
271	78	0.999887
271	158	0.999529
271	118	0.999861
271	93	0.999912
271	198	0.999571
271	119	0.999477
271	226	0.999912
271	189	0.999782
271	175	0.999837
271	169	0.999895
271	134	0.99983
271	268	0.999883
271	71	0.999354
271	134	0.999556
271	144	0.999551
271	233	0.999852
271	228	0.999626
271	214	0.999698
271	220	0.999467
271	97	0.999604
271	90	0.999565
271	168	0.999525
271	144	0.999793
271	124	0.999728
271	172	0.999387
271	116	0.999814
271	77	0.999995
271	255	0.999835
271	203	0.999924
271	261	0.999982
271	131	0.999669
271	88	0.999736
271	88	0.999873
271	101	0.999495
271	84	0.999775
271	267	0.999728
271	160	0.999902
271	242	0.999914
271	216	0.999698
271	234	0.999947
271	169	0.999507
271	261	0.999871
271	162	0.999548
271	223	0.999659
271	77	0.999879
271	180	0.999342
271	142	0.99996
271	159	0.999585
271	64	0.99952
271	267	0.999808
271	194	0.999891
271	189	0.99988
271	172	0.999916
271	65	0.999836
271	166	0.999968
271	155	0.999546
271	235	0.99968
271	71	0.999563
271	207	0.999771
271	72	0.999445
271	207	0.999673
271	179	0.999643
271	234	0.999656
271	249	0.999541
271	214	0.999677
271	251	0.999713
271	163	0.999872
271	250	0.999468
271	133	0.999768
271	137	0.999654
271	214	0.999554
271	190	0.999777
271	65	0.99952
271	159	0.999371
271	253	0.999561
271	66	0.999982
271	96	0.999357
271	67	0.999865
271	221	0.99954
271	238	0.99995
271	90	0.999886
271	260	0.999771
271	61	0.999471
271	102	0.999956
271	71	0.999771
271	114	0.999499
271	168	0.999626
271	228	0.999397
271	117	0.999858
271	126	0.999767
271	224	0.999558
271	158	0.999565
271	206	0.999536
271	112	0.999652
271	263	0.999487
271	198	0.99999
271	68	0.999533
271	218	0.999758
271	207	0.999574
271	170	0.999474
271	162	0.999934
271	239	0.999687
271	136	0.999964
271	61	0.999625
271	182	0.999919
271	248	0.99941
271	145	0.999909
271	97	0.999729
271	85	0.999722
271	84	0.999687
271	192	0.999811
271	199	0.999425
271	69	0.99945
271	161	0.99994
271	84	0.999565
271	249	0.999937
271	167	0.999779
271	172	0.999665
271	207	0.999649
271	92	0.999426
271	258	0.999663
271	189	0.999567
271	119	0.999442
271	157	0.999413
271	61	0.999533
271	218	0.999692
271	194	0.999543
271	153	0.999772
271	104	0.999871
271	155	0.999609
271	197	0.999515
271	189	0.99965
271	74	0.999426
271	255	0.999699
271	73	0.99983
271	259	0.99983
271	78	0.999416
271	145	0.999944
271	163	0.999595
271	233	0.999526
271	143	0.999897
271	141	0.999431
271	267	0.999908
271	166	0.999582
271	98	0.999603
271	93	0.999642
271	245	0.999844
271	164	0.99987
271	160	0.999672
271	117	0.999864
271	237	0.999838
271	99	0.99965
271	262	0.99979
271	167	0.999816
271	74	0.999762
271	131	0.999372
271	224	0.999361
271	130	0.999812
271	228	0.999693
271	191	0.999558
271	138	0.999716
271	191	0.99977
271	119	0.999783
271	114	0.999542
271	111	0.999827
271	135	0.999759
271	251	0.999815
271	144	0.999809
271	69	0.999631
271	244	0.999858
271	95	0.999795
271	268	0.999973
271	225	0.999967
271	222	0.999456
271	169	0.999856
271	88	0.999706
271	255	0.999815
271	215	0.999592
271	96	0.999391
271	259	0.999514
271	112	0.999734
271	220	0.999989
271	216	0.999389
271	248	0.999668
271	178	0.999559
271	243	0.999906
271	79	0.999752
271	220	0.999669
271	214	0.999958
271	125	0.999737
271	117	0.999684
271	228	0.999365
271	140	0.999653
271	90	0.999403
271	101	0.999832
271	193	0.999728
271	241	0.9999
271	192	0.999985
271	163	0.999735
271	65	0.999562
271	151	0.999364
271	107	0.999724
271	195	0.999375
271	129	0.999822
271	205	0.999552
271	270	0.99981
271	127	0.999579
271	142	0.999822
271	130	0.999592
271	78	0.999721
271	106	0.999583
271	256	0.999928
271	147	0.999695
271	227	0.999356
271	181	0.99955
271	141	0.999824
271	125	0.999803
271	162	0.999673
271	74	0.999373
271	264	0.999811
271	158	0.999818
271	202	0.999724
271	79	0.999842
271	153	0.999794
271	138	0.999915
271	238	0.999432
271	250	0.999732
271	90	0.999658
271	91	0.999626
271	181	0.999392
271	213	0.999342
271	97	0.999382
271	216	0.999695
271	142	0.999864
271	131	0.99975
271	243	0.999758
271	261	0.999499
271	92	0.999375
271	254	0.999771
271	85	0.999445
271	259	0.99985
271	262	0.999971
271	77	0.999962
271	208	0.999397
271	81	0.999966
271	142	0.999373
271	175	0.999806
271	209	0.999705
271	114	0.999661
271	65	0.999887
271	96	0.999678
271	205	0.999829
271	92	0.999481
271	107	0.999459
271	261	0.999549
271	75	0.9994
271	134	0.999372
271	106	0.99946
271	217	0.99992
271	255	0.999795
271	171	0.9994
271	104	0.999539
271	167	0.999891
271	74	0.999489
271	251	0.999648
271	143	0.999617
271	220	0.999913
271	223	0.999971
271	150	0.999532
271	127	0.999925
271	184	0.999778
271	205	0.999377
271	201	0.99995
271	117	0.999571
271	111	0.999467
271	145	0.999642
271	212	0.99963
271	108	0.999762
271	144	0.999904
271	132	0.999728
271	220	0.999528
271	133	0.999661
271	186	0.999515
271	206	0.999401
271	99	0.999966
271	130	0.999541
271	169	0.99988
271	70	0.999374
271	187	0.999407
271	247	0.999758
271	251	0.999364
271	123	0.999738
271	119	0.999343
271	168	0.999423
271	264	0.999887
271	89	0.999815
271	164	0.999367
271	223	0.999438
271	138	0.999615
271	142	0.999378
271	194	0.999476
271	82	0.999932
271	195	0.999994
271	247	0.999879
271	142	0.999401
271	255	0.999595
271	161	0.999699
271	188	0.999493
271	155	0.999414
271	259	0.999606
271	79	0.999554
271	77	0.999695
271	91	0.999603
271	155	0.99975
271	213	0.9997
271	147	0.999643
271	212	0.999635
271	199	0.999866
271	229	0.999501
271	261	0.999358
271	166	0.999353
271	262	0.999511
271	81	0.999602
271	134	0.999383
271	210	0.999833
271	167	0.999395
271	193	0.999486
271	166	0.999979
271	144	0.99946
271	255	0.999489
271	90	0.999936
271	73	0.99948
271	117	0.99963
271	204	0.999759
271	198	0.999777
271	213	0.999937
271	189	0.999548
271	129	0.999718
271	206	0.999481
271	144	0.999897
271	156	0.999678
271	83	0.999575
271	98	0.99987
271	256	0.999848
271	110	0.999956
271	216	0.99952
271	189	0.999926
271	122	0.999397
271	218	0.999867
271	127	0.999987
271	262	0.999423
271	157	0.999989
271	227	0.999732
271	130	0.999955
271	198	0.999434
271	220	0.999833
271	117	0.999771
271	147	0.99987
271	213	0.999544
271	193	0.999343
271	118	0.999512
271	133	0.999811
271	131	0.999541
271	247	0.999532
271	226	0.999769
271	77	0.999924
271	102	0.999645
271	225	0.99955
271	222	0.999343
271	214	0.999652
271	83	0.999779
271	231	0.99946
271	137	0.999702
271	75	0.999623
271	254	0.999754
271	255	0.999918
271	244	0.99939
271	64	0.999351
271	155	0.999569
271	152	0.999968
271	259	0.999357
271	212	0.999613
271	164	0.999898
271	82	0.999495
271	195	0.999503
271	184	0.999431
271	193	0.999732
271	234	0.99986
271	240	0.999847
271	236	0.999557
271	237	0.999897
271	176	0.999362
271	181	0.999501
271	266	0.999883
271	212	0.999764
271	101	0.99997
271	227	0.999895
271	112	0.999612
271	79	0.999942
271	150	0.999908
271	107	0.999641
271	198	0.999862
271	64	0.999998
271	141	0.999459
271	168	0.99978
271	66	0.999846
271	165	0.999553
271	73	0.999591
271	223	0.999383
271	230	0.999803
271	90	0.999552
271	181	0.999483
271	143	0.999405
271	139	0.999443
271	134	0.999452
271	158	0.999603
271	117	0.999946
271	106	0.999625
271	73	0.999997
271	227	0.999983
271	212	0.99937
271	87	0.999807
271	136	0.999705
271	178	0.999462
271	232	0.999864
271	132	0.999897
271	217	0.999627
271	116	0.999342
271	203	0.999456
271	166	0.9994
271	175	0.999544
271	159	0.999677
271	226	0.999849
271	90	0.999949
271	111	0.999859
271	110	0.999805
271	167	0.999699
271	245	0.99974
271	64	0.999428
271	123	0.999877
271	190	0.999854
271	234	0.999594
271	71	0.999993
271	267	0.999586
271	201	0.999611
271	189	0.99987
271	197	0.999357
271	186	0.999809
271	91	0.999924
271	167	0.999652
271	205	0.999349
271	70	0.99984
271	96	0.999642
271	84	0.999565
271	237	0.999684
271	269	0.999581
271	165	0.99965
271	200	0.999913
271	149	0.999433
271	97	0.999948
271	62	0.999798
271	255	0.999541
271	98	0.999354
271	136	0.999981
271	73	0.999714
271	99	0.999545
271	204	0.999367
271	193	0.999367
271	160	0.999646
271	128	0.999956
271	115	0.999438
271	61	0.999453
271	244	0.999873
271	166	0.999753
271	180	0.99944
271	186	0.999809
271	116	0.99969
271	231	0.999671
271	72	0.999462
271	92	0.999575
271	69	0.999547
271	176	0.999915
271	84	0.999464
271	199	0.999848
271	204	0.999654
271	188	0.999444
271	123	0.99985
271	141	0.999909
271	156	0.999471
271	152	0.999935
271	145	0.999365
271	205	0.999442
271	184	0.999816
271	115	0.99957
271	72	0.999498
271	208	0.999948
271	68	0.999465
271	105	0.99935
271	66	0.999776
271	106	0.999641
271	187	0.999729
271	64	0.999555
271	171	0.999452
271	99	0.999575
271	162	0.999833
271	89	0.99981
271	61	0.999648
271	234	0.99951
271	203	0.999679
271	255	0.999765
271	183	0.999716
271	90	0.999505
271	242	0.999895
271	67	0.99978
271	262	0.999776
271	128	0.999643
271	110	0.999928
271	81	0.999487
271	220	0.999358
271	154	0.999566
271	232	0.999915
271	121	0.999736
271	77	0.999963
271	99	0.999346
271	155	0.999703
271	228	0.999617
271	214	0.999401
271	225	0.999698
271	129	0.999943
271	155	0.999435
271	158	0.999638
271	270	0.999601
271	99	0.999754
271	116	0.999391
271	143	0.999422
271	248	0.999485
271	129	0.999973
271	230	0.999438
271	136	0.999663
271	128	0.999658
271	134	0.999898
271	95	0.999596
271	257	0.999887
271	112	0.999675
271	179	0.999667
271	242	0.999364
271	128	0.999664
271	121	0.999939
271	270	0.999552
271	96	0.999669
271	68	0.999755
271	103	0.999887
271	212	0.999799
271	258	0.999367
271	209	0.999851
271	213	0.999533
271	99	0.999352
271	216	0.999657
271	93	0.999607
271	197	0.999569
271	133	0.999479
271	72	0.999734
271	224	0.999693
271	268	0.999717
271	177	0.999402
271	180	0.999424
271	130	0.999864
271	228	0.999433
271	102	0.999885
271	158	0.999642
271	170	0.999689
271	168	0.999929
271	90	0.999893
271	101	0.999529
271	116	0.999877
271	103	0.9999
271	157	0.999393
271	269	0.999658
271	108	0.999774
271	163	0.999968
271	248	0.999469
271	221	0.999909
271	211	0.999602
271	175	0.999909
271	121	0.99935
271	85	0.999565
271	232	0.999871
271	105	0.999674
271	255	0.999974
271	96	0.999839
271	173	0.999642
271	73	0.999993
271	128	0.999531
271	204	0.999926
271	270	0.999607
271	259	0.999838
271	185	0.999403
271	194	0.999528
271	136	0.999683
271	78	0.999797
271	106	0.999899
271	173	0.999435
271	176	0.999943
271	186	0.999919
271	263	0.999991
271	70	0.999884
271	246	0.999875
271	234	0.999522
271	209	0.99995
271	189	0.999854
271	269	0.999879
271	150	0.999621
271	211	0.999912
271	211	0.999788
271	188	0.999879
271	243	0.999843
271	99	0.999903
271	80	0.999494
271	237	0.999888
271	129	0.999828
271	88	0.999442
271	170	0.999452
271	239	0.999442
271	156	0.999563
271	202	0.999457
271	149	0.999618
271	125	0.999872
271	137	0.99991
271	269	0.999459
271	142	0.999744
271	177	0.999773
271	174	0.999897
271	109	0.999922
271	84	0.999465
271	79	0.99991
271	226	0.999422
271	256	0.999395
271	140	0.999884
271	258	0.999685
271	105	0.999707
271	173	0.999815
271	267	0.999678
271	236	0.999695
271	172	0.999473
271	194	0.999773
271	92	0.999411
271	141	0.999624
271	157	0.999512
271	157	0.999338
271	229	0.999675
271	164	0.999748
271	192	0.999995
271	205	0.999627
271	199	0.999721
271	168	0.999883
271	138	0.999632
271	149	0.999929
271	268	0.999951
271	207	0.999611
271	208	0.999718
271	68	0.999691
271	160	0.999891
271	104	0.999828
271	219	0.999506
271	235	0.999434
271	159	0.999524
271	149	0.999779
271	215	0.999359
271	83	0.999562
271	146	0.999993
271	232	0.999361
271	107	0.999922
271	261	0.999681
271	121	0.9999
271	239	0.999518
271	176	0.999385
271	217	0.999955
271	82	0.999595
271	81	0.999366
271	163	0.999995
271	92	0.999806
271	178	0.999707
271	254	0.999759
271	144	0.999346
271	100	0.99941
271	130	0.999967
271	242	0.999393
271	229	0.999493
271	89	0.999501
271	248	0.999433
271	144	0.999964
271	118	0.999774
271	120	0.999416
271	182	0.999894
271	191	0.999714
271	243	0.999895
271	238	0.999471
271	263	0.999583
271	155	0.999434
271	80	0.999912
271	242	0.999414
271	176	0.99976
271	154	0.99982
271	77	0.99943
271	221	0.999469
271	71	0.999797
271	148	0.999654
271	150	0.999952
271	202	0.999476
271	161	0.999839
271	178	0.999706
271	246	0.99992
271	148	0.999956
271	267	0.999554
271	268	0.999713
271	110	0.999791
271	151	0.999987
271	147	0.999562
271	211	0.999713
271	72	0.999743
271	173	0.999755
271	71	0.999899
271	109	0.999481
271	197	0.999562
271	75	0.999649
271	155	0.999481
271	118	0.999597
271	252	0.999544
271	144	0.999998
271	108	0.999411
271	195	0.999368
271	131	0.999436
271	152	0.999758
271	127	0.999782
271	66	0.999646
271	170	0.999754
271	212	0.999704
271	71	0.999616
271	262	0.999943
271	97	0.999728
271	110	0.999618
271	216	0.999665
271	190	0.999934
271	65	0.999381
271	234	0.999777
271	207	0.999985
271	64	0.999916
271	261	0.999588
271	97	0.99974
271	161	0.99963
271	136	0.999648
271	233	0.999726
271	204	0.999536
271	153	0.999708
271	166	0.999767
271	126	0.999713
271	69	0.999436
271	114	0.999964
271	159	0.999599
271	118	0.999712
271	81	0.999776
271	143	0.99994
271	134	0.999822
271	149	0.999546
271	246	0.999879
271	220	0.999651
271	215	0.999901
271	64	0.999797
271	123	0.999642
271	201	0.999773
271	214	0.999608
271	129	0.999866
271	77	0.99995
271	79	0.999418
271	237	0.999834
271	84	0.999723
271	208	0.999608
271	82	0.999801
271	91	0.999617
271	61	0.999969
271	218	0.999946
271	120	0.999975
271	152	0.999496
271	267	0.999561
271	68	0.999804
271	169	0.999518
271	238	0.999681
271	224	0.999779
271	94	0.999415
271	162	0.99982
271	204	0.999816
271	75	0.999469
271	113	0.999584
271	231	0.999936
271	99	0.999718
271	218	0.999399
271	185	0.999567
271	159	0.999657
271	240	0.999526
271	248	0.999491
271	200	0.99964
271	258	0.999509
271	161	0.999752
271	93	0.999373
271	140	0.999811
271	205	0.999774
271	128	0.999797
271	202	0.999728
271	66	0.999973
271	239	0.999907
271	259	0.999529
271	66	0.999767
271	85	0.999572
271	112	0.99974
271	156	0.999674
271	189	0.999705
271	72	0.999647
271	120	0.99967
271	173	0.999576
271	78	0.999365
271	128	0.999675
271	70	0.999459
271	262	0.999679
271	203	0.99953
271	251	0.999428
271	111	0.999779
271	248	0.999774
271	204	0.999909
271	164	0.999393
271	116	0.999934
271	223	0.9997
271	242	0.999395
271	134	0.999396
271	95	0.999803
271	97	0.999441
271	239	0.999365
271	165	0.999353
271	168	0.999685
271	95	0.999598
271	196	0.99973
271	163	0.999949
271	129	0.999783
271	251	0.999986
271	218	0.999982
271	196	0.999385
271	104	0.99966
271	101	0.999469
271	208	0.999776
271	182	0.999611
271	192	0.999376
271	154	0.999367
271	177	0.999568
271	198	0.999407
271	233	0.999807
271	206	0.999911
271	229	0.999722
271	242	0.999754
271	144	0.999618
271	103	0.999876
271	86	0.999862
271	141	0.999807
271	142	0.99974
271	214	0.999614
271	244	0.999644
271	192	0.999773
271	61	0.999432
271	201	0.999923
271	110	0.99995
271	144	0.999876
271	263	0.99935
271	162	0.999539
271	187	0.999489
271	144	0.999534
271	187	0.999972
271	233	0.999634
271	242	0.999667
271	150	0.999689
271	193	0.999708
271	180	0.99976
271	145	0.999621
271	232	0.999489
271	207	0.999701
271	208	0.99955
271	210	0.999456
271	170	0.999755
271	168	0.999648
271	93	0.999935
271	74	0.99975
271	264	0.999756
271	256	0.999835
271	133	0.999591
271	103	0.999463
271	137	0.999914
271	236	0.99985
271	259	0.99965
271	145	0.999594
271	174	0.999465
271	215	0.999499
271	133	0.999389
271	135	0.99935
271	84	0.999818
271	149	0.999647
271	238	0.999968
271	176	0.999595
271	212	0.999467
271	248	0.999379
271	70	0.999386
271	266	0.999805
271	167	0.999829
271	126	0.999831
271	115	0.999894
271	127	0.99949
271	190	0.999348
271	107	0.999373
271	123	0.999473
271	252	0.999563
271	167	0.999859
271	255	0.999744
271	191	0.999657
271	158	0.99953
271	100	0.999414
271	254	0.999884
271	140	0.999809
271	82	0.999747
271	63	0.999452
271	134	0.999632
271	111	0.999693
271	229	0.999968
271	138	0.999862
271	71	0.999509
271	63	0.999887
271	130	0.999844
271	177	0.999583
271	255	0.999346
271	148	0.999448
271	219	0.99972
271	178	0.999476
271	248	0.999788
271	107	0.999375
271	123	0.999393
271	78	0.999421
271	138	0.999582
271	89	0.999866
271	132	0.999891
271	105	0.999714
271	216	0.999752
271	187	0.999687
271	144	0.999733
271	206	0.999682
271	243	0.999981
271	163	0.999574
271	258	0.999811
271	175	0.999352
271	260	0.99964
271	128	0.999777
271	125	0.999587
271	243	0.999727
271	177	0.999911
271	166	0.999493
271	63	0.999583
271	102	0.999371
271	71	0.999403
271	201	0.99944
271	121	0.999907
271	163	0.999713
271	115	0.99955
271	181	0.999832
271	143	0.999345
271	132	0.999474
271	217	0.999916
271	204	0.999459
271	64	0.99956
271	169	0.999448
271	94	0.999663
271	96	0.999619
271	82	0.999419
271	125	0.999806
271	211	0.999809
271	250	0.999921
271	135	0.999642
271	211	0.99994
271	148	0.999359
271	118	0.999832
271	179	0.999491
271	204	0.999787
271	106	0.99997
271	91	0.999593
271	116	0.999886
271	201	0.999888
271	188	0.999875
271	231	0.999824
271	127	0.999988
271	220	0.999401
271	246	0.999982
271	99	0.99952
271	79	0.999987
271	92	0.999824
271	124	0.999879
271	220	0.99977
271	266	0.99973
271	107	0.999414
271	223	0.999856
271	209	0.999535
271	195	0.999432
271	111	0.999856
271	108	0.999368
271	155	0.999359
271	219	0.999722
271	90	0.999438
271	194	0.999853
271	139	0.99993
271	99	0.999762
271	258	0.999646
271	118	0.999662
271	201	0.999483
271	106	0.999972
271	157	0.999638
271	111	0.999634
271	108	0.999665
271	101	0.999809
271	108	0.999573
271	168	0.999485
271	225	0.999573
271	99	0.999671
271	258	0.999658
271	114	0.999789
271	263	0.999592
271	178	0.999606
271	127	0.99979
271	126	0.999803
271	120	0.999405
271	78	0.999515
271	123	0.999542
271	211	0.999969
271	75	0.999952
271	117	0.999866
271	102	0.99943
271	167	0.999517
271	88	0.999746
271	183	0.999981
271	177	0.999684
271	165	0.999732
271	194	0.999341
271	180	0.999771
271	71	0.99953
271	240	0.999569
271	106	0.999892
271	182	0.999879
271	240	0.999907
271	83	0.999571
271	195	0.999712
271	142	0.999767
271	140	0.999807
271	212	0.999866
271	99	0.999633
271	114	0.999556
271	219	0.999809
271	170	0.999962
271	214	0.999415
271	70	0.999665
271	102	0.999893
271	85	0.999381
271	225	0.999963
271	164	0.999758
271	119	0.999341
271	204	0.999779
271	127	0.999477
271	68	0.999395
271	92	0.999617
271	223	0.999917
271	104	0.999658
271	85	0.999734
271	205	0.999436
271	233	0.999783
271	75	0.999538
271	261	0.999538
271	124	0.99937
271	166	0.999915
271	164	0.999957
271	111	0.999435
271	128	0.999816
271	99	0.999584
271	134	0.999566
271	211	0.999876
271	174	0.999998
271	259	0.999866
271	223	0.999438
271	170	0.999891
271	78	0.999807
271	80	0.99975
271	263	0.999718
271	222	0.999609
271	69	0.999657
271	185	0.999554
271	170	0.999694
271	102	0.999505
271	231	0.999381
271	83	0.999541
271	233	0.999933
271	147	0.999657
271	123	0.999643
271	140	0.999548
271	181	0.999824
271	165	0.999776
271	63	0.999601
271	178	0.999845
271	173	0.999969
271	180	0.999869
271	146	0.999975
271	188	0.999671
271	70	0.999914
271	269	0.999897
271	108	0.999674
271	224	0.999492
271	61	0.999678
271	67	0.999499
271	214	0.999571
271	124	0.999889
271	228	0.999509
271	91	0.999737
271	180	0.999982
271	226	0.999356
271	176	0.999373
271	212	0.999475
271	196	0.999601
271	203	0.999873
271	74	0.999848
271	79	0.999607
271	73	0.999887
271	194	0.999774
271	231	0.999854
271	178	0.999605
271	63	0.999639
271	182	0.999695
271	220	0.999421
271	148	0.999803
271	260	0.999922
271	68	0.999389
271	195	0.999424
271	229	0.999687
271	190	0.999938
271	80	0.999399
271	131	0.999401
271	253	0.999812
271	270	0.999801
271	205	0.999637
271	215	0.999624
271	73	0.999658
271	207	0.999745
271	231	0.999815
271	184	0.999923
271	241	0.999733
271	120	0.999432
271	149	0.999687
271	96	0.999691
271	221	0.999444
271	150	0.999734
271	175	0.999908
271	72	0.999518
271	172	0.999723
271	246	0.999548
271	98	0.99963
271	170	0.999813
271	146	0.999348
271	253	0.999649
271	245	0.999972
271	106	0.999607
271	159	0.999378
271	84	0.999552
271	193	0.999638
271	141	0.999666
271	93	0.999658
271	76	0.999493
271	65	0.999776
271	186	0.999858
271	240	0.9998
271	246	0.999638
271	77	0.999722
271	128	0.999546
271	175	0.999933
271	181	0.999414
271	66	0.999985
271	143	0.999993
271	229	0.999828
271	139	0.999826
271	68	0.99952
271	115	0.999967
271	187	0.999602
271	127	0.99994
271	262	0.999889
271	143	0.999741
271	193	0.999398
271	244	0.999913
271	166	0.999478
271	188	0.999429
271	158	0.999599
271	106	0.999637
271	145	0.999541
271	229	0.999508
271	261	0.999745
271	110	0.999738
271	159	0.999883
271	240	0.999451
271	267	0.999752
271	77	0.99945
271	218	0.999857
271	180	0.999516
271	241	0.999861
271	212	0.999883
271	184	0.999781
271	141	0.999759
271	113	0.999375
271	112	0.999751
271	198	0.999722
271	102	0.999805
271	95	0.999971
271	141	0.999693
271	230	0.999845
271	238	0.99953
271	216	0.999767
271	125	0.999651
271	161	0.999518
271	242	0.999912
271	81	0.999762
271	208	0.999999
271	263	0.999364
271	135	0.999754
271	262	0.999933
271	236	0.999783
271	257	0.99995
271	88	0.999383
271	120	0.999636
271	159	0.999576
271	164	0.999784
271	69	0.999797
271	92	0.999662
271	131	0.999905
271	136	0.999955
271	83	0.999439
271	187	0.999893
271	249	0.999352
271	115	0.999844
271	97	0.999338
271	101	0.999495
271	164	0.999738
271	219	0.999459
271	65	0.999387
271	198	0.999343
271	67	0.999496
271	181	0.99994
271	109	0.999699
271	261	0.999548
271	269	0.999612
271	261	0.999558
271	196	0.999469
271	245	0.999494
271	96	0.999573
271	218	0.999677
271	215	0.999393
271	147	0.999994
271	211	0.99998
271	239	0.999995
271	117	0.999775
271	84	0.99964
271	219	0.999878
271	182	0.999862
271	134	0.999874
271	80	0.999728
271	125	0.999452
271	248	0.999665
271	107	0.99971
271	158	0.999364
271	170	0.999587
271	156	0.999414
271	261	0.999623
271	180	0.999509
271	116	0.999901
271	81	0.999681
271	141	0.999622
271	113	0.99944
271	205	0.999413
271	148	0.999622
271	237	0.999985
271	250	0.999828
271	66	0.99953
271	232	0.999912
271	167	0.999566
271	190	0.999411
271	223	0.999571
271	125	0.999495
271	157	0.999393
271	235	0.99949
271	185	0.999352
271	229	0.999751
271	164	0.999654
271	174	0.999902
271	178	0.999564
271	225	0.999962
271	84	0.999914
271	88	0.999834
271	246	0.999947
271	193	0.999619
271	155	0.999995
271	125	0.999575
271	255	0.999666
271	169	0.999638
271	263	0.999958
271	77	0.999847
271	74	0.999614
271	164	0.999569
271	249	0.999687
271	198	0.999611
271	78	0.999787
271	95	0.99978
271	185	0.99968
271	185	0.999911
271	210	0.999516
271	119	0.999403
271	208	0.999472
271	247	0.999783
271	252	0.999908
271	131	0.999997
271	226	0.999635
271	154	0.999744
271	92	0.999872
271	172	0.999563
271	137	0.999426
271	66	0.999864
271	219	0.999928
271	218	0.999806
271	160	0.999454
271	185	0.999828
271	160	0.999826
271	238	0.999905
271	265	0.999462
271	72	0.99966
271	173	0.999477
271	132	0.999754
271	232	0.999393
271	182	0.999436
271	101	0.999954
271	188	0.999414
271	179	0.999999
271	201	0.99959
271	230	0.999995
271	154	0.999768
271	228	0.999838
271	136	0.999944
271	117	0.999862
271	227	0.999771
271	223	0.999812
271	234	0.999395
271	103	0.999522
271	257	0.999408
271	120	0.999999
271	79	0.999955
271	172	0.999879
271	123	0.99979
271	222	0.999466
271	113	0.999673
271	104	0.999703
271	221	0.999373
271	237	0.9996
271	233	0.999647
271	160	0.999445
271	156	0.999765
271	114	0.999354
271	202	0.999342
271	111	0.999399
271	242	0.999953
271	193	0.999936
271	247	0.999921
271	230	0.999546
271	92	0.999609
271	178	0.999344
271	123	0.99986
271	116	0.999557
271	206	0.999924
271	236	0.999571
271	261	0.999711
271	159	0.999811
271	69	0.99935
271	169	0.999502
271	114	0.999873
271	230	0.999829
271	85	0.999764
271	256	0.999945
271	106	0.999663
271	112	0.999793
271	193	0.999846
271	170	0.999895
271	62	0.999441
271	232	0.999597
271	195	0.999389
271	199	0.999822
271	242	0.999372
271	114	0.999829
271	124	0.999954
271	67	0.999711
271	128	0.999666
271	216	0.999999
271	245	0.999888
271	138	0.999681
271	173	0.999705
271	170	0.999442
271	185	0.999977
271	91	0.999501
271	147	0.999452
271	104	0.999681
271	257	0.999648
271	198	0.999492
271	92	0.999538
271	63	0.999751
271	158	0.999354
271	238	0.999526
271	146	0.999638
271	71	0.999707
271	205	0.999472
271	245	0.9997
271	232	0.999997
271	140	0.999518
271	232	0.999356
271	79	0.999798
271	255	0.999773
271	228	0.999616
271	266	0.999767
271	164	0.999499
271	174	0.999797
271	238	0.999487
271	242	0.999481
271	189	0.999479
271	101	0.999497
271	75	0.999379
271	139	0.999504
271	202	0.999964
271	217	0.999556
271	152	0.999962
271	170	0.999475
271	142	0.999799
271	64	0.999609
271	229	0.999947
271	126	0.99966
271	196	0.999433
271	138	0.999446
271	122	0.999481
271	75	0.999862
271	79	0.999523
271	208	0.999681
271	165	0.999609
271	181	0.999626
271	63	0.999954
271	112	0.999745
271	126	0.999737
271	118	0.99999
271	95	0.999476
271	124	0.999477
271	265	0.999779
271	70	0.99968
271	216	0.999499
271	126	0.99954
271	204	0.999345
271	215	0.999982
271	169	0.999977
271	130	0.999946
271	250	0.999514
271	75	0.999356
271	266	0.999858
271	110	0.999952
271	220	0.999391
271	126	0.999979
271	73	0.99946
271	68	0.999341
271	178	0.999796
271	79	0.999513
271	120	0.999824
271	73	0.999942
271	258	0.999363
271	87	0.999571
271	90	0.999844
271	146	0.999787
271	124	0.999964
271	185	0.999911
271	112	0.999864
271	116	0.999402
271	227	0.999688
271	246	0.999909
271	165	0.999446
271	165	0.999459
271	117	0.999352
271	258	0.999841
271	166	0.999832
271	266	0.999658
271	157	0.999795
271	149	0.999738
271	147	0.99996
271	188	0.999762
271	91	0.999508
271	81	0.99963
271	126	0.999406
271	256	0.999815
271	246	0.999829
271	194	0.999863
271	174	0.999845
271	265	0.999881
271	250	0.999508
271	227	0.99945
271	133	0.999726
271	80	0.999349
271	217	0.999733
271	82	0.999851
271	166	0.999652
271	233	0.999395
271	249	0.999659
271	83	0.999405
271	263	0.999745
271	168	0.999762
271	102	0.999489
271	218	0.999379
271	234	0.999563
271	135	0.999467
271	79	0.999721
271	200	0.999558
271	225	0.999367
271	249	0.999432
271	150	0.999701
271	126	0.999869
271	249	0.999611
271	138	0.999813
271	185	0.999803
271	137	0.99965
271	72	0.999614
271	257	0.999401
271	150	0.999831
271	194	0.999552
271	92	0.999862
271	161	0.999673
271	150	0.999858
271	65	0.999977
271	68	0.999516
271	84	0.999808
271	139	0.999677
271	120	0.999963
271	70	0.999445
271	95	0.999541
271	216	0.999628
271	144	0.999773
271	205	0.999656
271	250	0.999924
271	62	0.999981
271	158	0.999614
271	168	0.999485
271	64	0.999972
271	197	0.999807
271	114	0.999903
271	156	0.999991
271	222	0.999341
271	171	0.999489
271	205	0.999425
271	141	0.999638
271	187	0.999832
271	123	0.999593
271	220	0.99961
271	100	0.999428
271	91	0.999735
271	230	0.999701
271	103	0.999369
271	61	0.999485
271	167	0.999407
271	139	0.999526
271	111	0.999554
271	174	0.999509
271	254	0.999362
271	103	0.999721
271	98	0.999671
271	144	0.999762
271	142	0.999872
271	177	0.999918
271	116	0.999801
271	138	0.999546
271	73	0.999744
271	259	0.999573
271	158	0.99936
271	88	0.999839
271	94	0.999414
271	224	0.999865
271	241	0.999632
271	183	0.999911
271	228	0.999426
271	140	0.999543
271	253	0.999659
271	112	0.9998
271	156	0.999734
271	76	0.999616
271	174	0.999831
271	157	0.999944
271	193	0.99953
271	77	0.999822
271	267	0.999463
271	146	0.999866
271	223	0.999799
271	95	0.999457
271	92	0.999717
271	136	0.999534
271	90	0.999466
271	174	0.999506
271	106	0.999872
271	164	0.999579
271	117	0.999913
271	225	0.999468
271	112	0.999858
271	88	0.999413
271	183	0.999954
271	179	0.999522
271	162	0.999531
271	259	0.999803
271	166	0.999528
271	223	0.999788
271	76	0.999464
271	147	0.999568
271	109	0.999891
271	109	0.99986
271	258	0.999487
271	211	0.999832
271	208	0.999863
271	97	0.999841
271	152	0.999675
271	221	0.999674
271	228	0.999849
271	130	0.999952
271	233	0.999457
271	153	0.999354
271	171	0.999675
271	144	0.999523
271	91	0.999809
271	197	0.999694
271	80	0.999682
271	179	0.999467
271	160	0.999909
271	130	0.999949
271	182	0.999392
271	246	0.999581
271	206	0.999493
271	175	0.99955
271	112	0.99936
271	234	0.999981
271	195	0.999531
271	168	0.999671
271	194	0.999485
271	218	0.999468
271	216	0.999338
271	205	0.999583
271	122	0.999805
271	245	0.999642
271	219	0.999823
271	208	0.999396
271	137	0.999761
271	75	0.999651
271	220	0.999654
271	179	0.999467
271	214	0.999544
271	258	0.999462
271	234	0.999449
271	207	0.999416
271	154	0.999618
271	151	0.999889
271	88	0.999716
271	164	0.999493
271	204	0.999609
271	65	0.999387
271	159	0.999969
271	82	0.999407
271	109	0.999381
271	77	0.999955
271	181	0.999621
271	107	0.999512
271	253	0.999627
271	245	0.999598
271	264	0.999854
271	148	0.999338
271	191	0.999731
271	178	0.999798
271	206	0.9996
271	144	0.999972
271	117	0.999599
271	213	0.999449
271	175	0.999509
271	237	0.999917
271	222	0.999491
271	150	0.999901
271	180	0.999709
271	73	0.999624
271	63	0.999438
271	116	0.999536
271	116	0.999532
271	254	0.999373
271	227	0.999977
271	254	0.999504
271	70	0.999883
271	92	0.999575
