4500
474	353	0.999864
474	365	0.999936
474	383	0.999544
474	438	0.999917
474	207	0.999453
474	443	0.999744
474	178	0.999891
474	136	0.999812
474	307	0.999609
474	136	0.999752
474	448	0.999701
474	324	0.999745
474	336	0.999672
474	331	0.999487
474	336	0.999758
474	234	0.999415
474	183	0.999619
474	288	0.999771
474	328	0.999938
474	257	0.999947
474	463	0.999727
474	241	0.999665
474	134	0.999959
474	310	0.999391
474	372	0.999905
474	410	0.999966
474	123	0.999385
474	404	0.999791
474	262	0.999542
474	148	0.999977
474	237	0.999858
474	398	0.999637
474	464	0.999882
474	187	0.999496
474	317	0.999799
474	310	0.999936
474	240	0.999994
474	175	0.999641
474	173	0.999717
474	274	0.999783
474	273	0.99981
474	380	0.999516
474	231	0.999611
474	202	0.999989
474	267	0.999631
474	205	0.999607
474	349	0.999931
474	468	0.999679
474	357	0.999636
474	346	0.999802
474	206	0.999565
474	172	0.999556
474	158	0.999723
474	142	0.999382
474	357	0.99945
474	416	0.999462
474	250	0.999985
474	164	0.999563
474	237	0.999454
474	189	0.999411
474	409	0.999859
474	384	0.999969
474	160	0.999418
474	147	0.999926
474	472	0.999875
474	404	0.999381
474	361	0.999562
474	170	0.999879
474	198	0.999648
474	294	0.999433
474	131	0.99997
474	199	0.999696
474	308	0.999869
474	392	0.999646
474	469	0.999668
474	375	0.999766
474	405	0.999649
474	330	0.999556
474	281	0.999926
474	258	0.999813
474	423	0.999838
474	217	0.999986
474	124	0.999926
474	219	0.999825
474	223	0.99997
474	399	0.999513
474	468	0.999784
474	151	0.999581
474	295	0.999975
474	339	0.999609
474	333	0.999483
474	283	0.999902
474	296	0.999682
474	330	0.999933
474	280	0.999638
474	234	0.999624
474	275	0.999539
474	471	0.999598
474	369	0.999475
474	307	0.999412
474	337	0.999646
474	444	0.999592
474	269	0.999711
474	390	0.999636
474	436	0.999726
474	365	0.999989
474	166	0.999688
474	348	0.999809
474	433	0.999958
474	449	0.999806
474	408	0.999428
474	258	0.999431
474	355	0.999472
474	190	0.999988
474	275	0.999685
474	199	0.999437
474	231	0.999571
474	167	0.999965
474	202	0.999555
474	386	0.999784
474	229	0.999898
474	205	0.9995
474	246	0.999988
474	390	0.999656
474	330	0.99989
474	421	0.999484
474	310	0.999798
474	235	0.999601
474	457	0.99979
474	279	0.999999
474	274	0.999489
474	437	0.999579
474	472	0.999671
474	398	0.999389
474	367	0.99968
474	233	0.999622
474	189	0.999747
474	202	0.999601
474	432	0.999834
474	259	0.99989
474	179	0.999588
474	354	0.999848
474	340	0.999581
474	455	0.99987
474	351	0.999419
474	284	0.99968
474	341	0.999799
474	420	0.99988
474	199	0.999673
474	450	0.999405
474	437	0.999519
474	447	0.999851
474	304	0.999686
474	237	0.999699
474	363	0.999428
474	182	0.999745
474	334	0.999811
474	275	0.999857
474	421	0.999636
474	164	0.999892
474	234	0.999561
474	122	0.999556
474	328	0.999892
474	140	0.999695
474	172	0.999399
474	154	0.999478
474	301	0.999401
474	280	0.999921
474	427	0.999981
474	264	0.999727
474	305	0.999649
474	452	0.999915
474	301	0.999687
474	200	0.999648
474	354	0.999465
474	225	0.999918
474	125	0.99976
474	343	0.999609
474	243	0.999926
474	193	0.999399
474	178	0.999485
474	409	0.999975
474	450	0.999618
474	197	0.999396
474	337	0.999962
474	166	0.999633
474	183	0.999794
474	268	0.999474
474	386	0.999773
474	385	0.999702
474	159	0.999449
474	404	0.999972
474	257	0.999862
474	372	0.999626
474	315	0.999525
474	204	0.999422
474	395	0.999644
474	206	0.999914
474	363	0.999791
474	153	0.999936
474	333	0.999569
474	195	0.999711
474	394	0.99948
474	176	0.999623
474	380	0.99968
474	375	0.99958
474	283	0.999556
474	133	0.999785
474	273	0.999635
474	439	0.999875
474	410	0.999705
474	270	0.999516
474	381	0.999781
474	213	0.999667
474	238	0.999424
474	333	0.999664
474	149	0.999899
474	394	0.999646
474	128	0.999817
474	407	0.999693
474	465	0.999448
474	411	0.999531
474	302	0.999651
474	171	0.999427
474	355	0.999745
474	287	0.999692
474	180	0.999903
474	276	0.999452
474	343	0.999995
474	220	0.999498
474	132	0.999553
474	438	0.999606
474	245	0.999583
474	427	0.999945
474	330	0.999841
474	361	0.999664
474	224	0.999981
474	177	0.999924
474	368	0.99941
474	276	0.999407
474	315	0.999879
474	398	0.999929
474	376	0.999849
474	122	0.999887
474	368	0.99945
474	402	0.999677
474	405	0.999572
474	160	0.999889
474	332	0.999509
474	419	0.99965
474	312	0.999995
474	208	0.999501
474	130	0.999758
474	471	0.999676
474	130	0.999682
474	167	0.999958
474	244	0.9999
474	219	0.999742
474	162	0.999457
474	186	0.999885
474	190	0.9997
474	393	0.999487
474	238	0.999391
474	315	0.999589
474	146	0.999441
474	173	0.999505
474	168	0.999807
474	134	0.999488
474	361	0.999892
474	227	0.999516
474	150	0.999472
474	355	0.999861
474	276	0.999871
474	203	0.999887
474	218	0.999485
474	127	0.99968
474	181	0.999864
474	454	0.999994
474	197	0.999575
474	349	0.99961
474	438	0.999484
474	272	0.999763
474	447	0.999816
474	400	0.999956
474	401	0.999487
474	382	0.999687
474	356	0.999914
474	310	0.999536
474	409	0.999804
474	469	0.999503
474	182	0.99978
474	444	0.999603
474	285	0.999742
474	136	0.999751
474	295	0.999874
474	424	0.999763
474	282	0.999809
474	146	0.999817
474	264	0.999989
474	302	0.99973
474	169	0.999791
474	263	0.999882
474	130	0.999728
474	369	0.999588
474	377	0.999877
474	458	0.999803
474	284	0.999794
474	430	0.999949
474	156	0.99973
474	240	0.999827
474	232	0.999461
474	397	0.999971
474	124	0.999416
474	150	0.999994
474	212	0.999723
474	284	0.999751
474	157	0.999838
474	461	0.999802
474	270	0.999632
474	381	0.999662
474	219	0.999442
474	386	0.999967
474	435	0.999599
474	265	0.999827
474	185	0.999955
474	169	0.999885
474	201	0.999929
474	351	0.999816
474	330	0.999666
474	364	0.999633
474	368	0.999619
474	424	0.999783
474	454	0.999869
474	338	0.99967
474	407	0.999984
474	151	0.999684
474	283	0.999674
474	314	0.999534
474	318	0.999409
474	376	0.999601
474	308	0.999989
474	150	0.999425
474	136	0.999436
474	413	0.999487
474	438	0.999996
474	376	0.999696
474	371	0.999575
474	262	0.999929
474	142	0.999888
474	311	0.999506
474	399	0.999483
474	232	0.999439
474	313	0.999662
474	336	0.999993
474	245	0.999539
474	416	0.999505
474	281	0.999959
474	360	0.999462
474	411	0.999892
474	264	0.999526
474	422	0.999617
474	203	0.999536
474	197	0.999867
474	417	0.999391
474	296	0.999414
474	372	0.99976
474	292	0.999839
474	259	0.999638
474	128	0.999461
474	181	0.999493
474	332	0.999498
474	317	0.999698
474	417	0.999501
474	158	0.999425
474	234	0.999779
474	324	0.999477
474	244	0.999397
474	374	0.999519
474	322	0.999674
474	204	0.999898
474	235	0.999477
474	226	0.999687
474	351	0.999641
474	246	0.999421
474	239	0.999907
474	280	0.999849
474	239	0.999647
474	199	0.999705
474	286	0.999721
474	397	0.99976
474	309	0.999809
474	472	0.999599
474	259	0.999402
474	303	0.999826
474	164	0.999402
474	468	0.999475
474	394	0.999625
474	310	0.999672
474	315	0.999499
474	276	0.999785
474	285	0.999456
474	471	0.999775
474	346	0.999794
474	182	0.999855
474	147	0.999583
474	198	0.999578
474	179	0.999553
474	188	0.999695
474	323	0.999592
474	145	0.99968
474	380	0.99998
474	121	0.999906
474	279	0.999642
474	453	0.99993
474	315	0.99963
474	248	0.999439
474	459	0.999407
474	397	0.999558
474	363	0.999967
474	375	0.999393
474	332	0.999563
474	405	0.999987
474	162	0.999611
474	221	0.999566
474	300	0.999803
474	381	0.999929
474	401	0.999836
474	430	0.999758
474	164	0.999389
474	208	0.999477
474	242	0.999921
474	285	0.999723
474	288	0.9998
474	225	0.999975
474	379	0.999983
474	178	0.999387
474	356	0.999958
474	142	0.999753
474	248	0.999716
474	420	0.999428
474	212	0.999905
474	348	0.999602
474	187	0.999849
474	330	0.999874
474	183	0.999592
474	455	0.99952
474	434	0.999641
474	304	0.99971
474	400	0.999919
474	368	0.999926
474	190	0.999727
474	287	0.999447
474	330	0.999651
474	326	0.999798
474	289	0.999944
474	186	0.999675
474	216	0.999586
474	307	0.999639
474	328	0.999496
474	160	0.999519
474	337	0.999943
474	331	0.999445
474	360	0.999462
474	334	0.99941
474	365	0.999483
474	433	0.999936
474	156	0.999771
474	381	0.999892
474	129	0.999402
474	452	0.999969
474	409	0.99955
474	341	0.999597
474	433	0.999992
474	423	0.999631
474	398	0.999392
474	444	0.999852
474	132	0.999584
474	274	0.999449
474	409	0.999549
474	424	0.999594
474	341	0.999582
474	263	0.999903
474	275	0.999521
474	354	0.999383
474	263	0.999634
474	166	0.99967
474	241	0.99949
474	293	0.999517
474	233	0.999852
474	357	0.999454
474	267	0.99999
474	296	0.999744
474	469	0.999508
474	137	0.999382
474	120	0.999858
474	267	0.999429
474	134	0.999465
474	464	0.999558
474	181	0.99981
474	254	0.999456
474	469	0.999392
474	358	0.999516
474	298	0.999784
474	378	0.99977
474	260	0.999398
474	246	0.999941
474	410	0.999851
474	136	0.999728
474	147	0.999457
474	191	0.999576
474	380	0.999629
474	141	0.999612
474	251	0.999956
474	279	0.999821
474	453	0.999797
474	149	0.999934
474	123	0.999383
474	226	0.999831
474	204	0.999662
474	364	0.999554
474	419	0.999994
474	470	0.999679
474	278	0.999565
474	375	0.999627
474	370	0.999594
474	422	0.999987
474	316	0.999457
474	152	0.999827
474	295	0.999733
474	253	0.999521
474	247	0.999395
474	226	0.999516
474	262	0.99947
474	434	0.999746
474	227	0.99963
474	245	0.999782
474	226	0.999757
474	469	0.999732
474	230	0.999688
474	424	0.999591
474	294	0.999776
474	258	0.99946
474	184	0.999477
474	290	0.999581
474	192	0.999972
474	263	0.999514
474	350	0.999781
474	289	0.999619
474	320	0.999644
474	119	0.999954
474	174	0.999519
474	315	0.999714
474	436	0.999579
474	176	0.999976
474	468	0.999434
474	316	0.999935
474	382	0.999523
474	439	0.999392
474	228	0.999967
474	321	0.999496
474	239	0.999478
474	352	0.999773
474	173	0.999898
474	355	0.999599
474	352	0.999748
474	387	0.999511
474	360	0.999608
474	348	0.999459
474	359	0.999916
474	399	0.99985
474	160	0.999405
474	128	0.999933
474	275	0.999553
474	373	0.999714
474	192	0.999867
474	420	0.99965
474	249	0.999562
474	242	0.999919
474	291	0.999771
474	181	0.999617
474	377	0.99997
474	448	0.999534
474	472	0.999833
474	175	0.999657
474	334	0.999553
474	286	0.999768
474	161	0.999788
474	247	0.999802
474	190	0.999776
474	165	0.999576
474	436	0.99956
474	324	0.999531
474	303	0.999781
474	363	0.999391
474	183	0.999383
474	181	0.999435
474	294	0.999747
474	373	0.999872
474	360	0.999985
474	278	0.999565
474	127	0.999937
474	237	0.999679
474	443	0.999788
474	423	0.99941
474	347	0.999836
474	386	0.999715
474	137	0.999929
474	271	0.999682
474	294	0.99993
474	274	0.999973
474	278	0.999529
474	408	0.999508
474	161	0.999955
474	131	0.999608
474	244	0.99985
474	222	0.999562
474	191	0.999973
474	473	0.999543
474	341	0.999846
474	297	0.999993
474	401	0.999676
474	473	0.999721
474	294	0.999856
474	353	0.999626
474	136	0.99983
474	128	0.999488
474	436	0.999809
474	355	0.999864
474	222	0.999517
474	463	0.999939
474	130	0.999602
474	433	0.999688
474	359	0.999545
474	222	0.999631
474	386	0.999616
474	217	0.999456
474	266	0.999938
474	296	0.999637
474	423	0.99968
474	434	0.999783
474	383	0.999552
474	391	0.999651
474	272	0.999931
474	407	0.999656
474	426	0.999891
474	196	0.999446
474	192	0.999809
474	275	0.999668
474	456	0.999752
474	259	0.999752
474	302	0.999928
474	195	0.999738
474	135	0.999745
474	226	0.999719
474	342	0.999538
474	431	0.999711
474	206	0.999421
474	412	0.999745
474	153	0.999897
474	389	0.999709
474	263	0.999562
474	360	0.999407
474	421	0.999401
474	372	0.999786
474	421	0.999792
474	416	0.999414
474	330	0.999406
474	407	0.99976
474	169	0.999676
474	323	0.99966
474	278	0.999993
474	120	0.999625
474	298	0.999526
474	371	0.999469
474	390	0.999703
474	409	0.999646
474	442	0.999936
474	246	0.999464
474	359	0.999507
474	218	0.999505
474	198	0.999741
474	196	0.999683
474	352	0.999828
474	226	0.999759
474	178	0.9995
474	128	0.999556
474	431	0.999641
474	182	0.999666
474	305	0.999967
474	208	0.99949
474	336	0.99942
474	413	0.999543
474	216	0.999942
474	139	0.999518
474	449	0.999797
474	161	0.999597
474	469	0.999853
474	351	0.999784
474	209	0.999612
474	267	0.999591
474	130	0.999857
474	191	0.999439
474	298	0.999604
474	265	0.99992
474	122	0.99947
474	437	0.999688
474	311	0.999511
474	127	0.999486
474	153	0.999934
474	154	0.99961
474	310	0.999713
474	291	0.999685
474	376	0.999619
474	169	0.99982
474	422	0.999422
474	406	0.999403
474	319	0.999809
474	178	0.999783
474	251	0.999929
474	167	0.9997
474	158	0.999657
474	463	0.999448
474	321	0.999766
474	453	0.999475
474	333	0.999941
474	201	0.999975
474	343	0.999946
474	182	0.999798
474	309	0.999766
474	194	0.999979
474	152	0.999679
474	419	0.999566
474	298	0.999972
474	248	0.9994
474	411	0.999721
474	291	0.999578
474	296	0.999664
474	214	0.999464
474	406	0.999942
474	276	0.999643
474	317	0.999438
474	222	0.999937
474	470	0.999618
474	470	0.999856
474	470	0.999541
474	387	0.99949
474	277	0.999846
474	382	0.999581
474	468	0.999389
474	133	0.999762
474	204	0.99996
474	131	0.999952
474	357	0.999488
474	273	0.999631
474	360	0.99974
474	156	0.999422
474	405	0.999619
474	293	0.999726
474	317	0.999967
474	326	0.999816
474	174	0.999433
474	452	0.999534
474	241	0.999861
474	152	0.999445
474	427	0.999406
474	338	0.99966
474	217	0.999723
474	271	0.999861
474	334	0.999582
474	328	0.999827
474	458	0.999588
474	137	0.999588
474	134	0.999624
474	138	0.999477
474	281	0.999879
474	129	0.999889
474	460	0.999849
474	200	0.999936
474	407	0.999615
474	261	0.999837
474	419	0.999635
474	314	0.999558
474	192	0.999563
474	405	0.999617
474	343	0.999685
474	233	0.999439
474	371	0.999989
474	341	0.999696
474	200	0.99997
474	313	0.999835
474	409	0.999996
474	374	0.999742
474	436	0.999481
474	280	0.999501
474	346	0.999936
474	163	0.999477
474	226	0.999705
474	276	0.999684
474	372	0.999928
474	400	0.999682
474	336	0.999878
474	341	0.999606
474	252	0.999875
474	283	0.999831
474	171	0.999459
474	379	0.999769
474	397	0.999757
474	370	0.99979
474	339	0.999611
474	279	0.999799
474	294	0.999589
474	358	0.999581
474	190	0.999885
474	176	0.999415
474	365	0.99989
474	140	0.99952
474	251	0.999814
474	237	0.999968
474	394	0.999571
474	373	0.999965
474	323	0.999661
474	160	0.999965
474	198	0.999556
474	292	0.999544
474	444	0.999545
474	454	0.999967
474	375	0.999677
474	320	0.999437
474	168	0.999965
474	238	0.999514
474	160	0.999562
474	222	0.999804
474	190	0.999736
474	271	0.999635
474	391	0.999617
474	407	0.999932
474	436	0.999932
474	372	0.99984
474	313	0.999628
474	307	0.999628
474	142	0.999601
474	454	0.999638
474	455	0.999853
474	183	0.999885
474	329	0.999528
474	289	0.99962
474	390	0.999642
474	367	0.999692
474	134	0.99957
474	422	0.999984
474	414	0.999537
474	330	0.999646
474	158	0.999937
474	266	0.999843
474	440	0.999498
474	165	0.999863
474	219	0.999864
474	433	0.99981
474	232	0.9997
474	373	0.999459
474	313	0.999726
474	429	0.999492
474	372	0.999699
474	175	0.999685
474	460	0.999975
474	432	0.999476
474	430	0.999908
474	279	0.9995
474	417	0.999663
474	445	0.999788
474	320	0.999819
474	282	0.999462
474	288	0.999976
474	307	0.999651
474	414	0.999514
474	448	0.999661
474	451	0.999574
474	133	0.999577
474	398	0.999626
474	210	0.999676
474	249	0.999923
474	154	0.999703
474	362	0.999718
474	239	0.999723
474	381	0.999849
474	161	0.999482
474	283	0.999755
474	375	0.999864
474	444	0.999974
474	215	0.999847
474	145	0.99947
474	353	0.999919
474	181	0.999943
474	228	0.999988
474	149	0.999467
474	346	0.999401
474	261	0.999381
474	157	0.999755
474	458	0.999465
474	181	0.999669
474	149	0.999411
474	149	0.999685
474	460	0.999926
474	184	0.999926
474	219	0.999537
474	443	0.999942
474	304	0.999552
474	473	0.999622
474	157	0.999597
474	459	0.999918
474	255	0.999923
474	194	0.99982
474	331	0.999844
474	299	0.999391
474	246	0.999663
474	193	0.999856
474	223	0.999645
474	142	0.999935
474	211	0.999484
474	348	0.999641
474	317	0.999436
474	125	0.999759
474	155	0.999659
474	334	0.999866
474	276	0.999394
474	247	0.999534
474	133	0.999424
474	353	0.999916
474	197	0.999454
474	282	0.999644
474	134	0.999417
474	172	0.999852
474	286	0.999383
474	255	0.999986
474	339	0.999433
474	203	0.99941
474	281	0.999963
474	243	0.999524
474	405	0.999786
474	247	0.999897
474	133	0.99957
474	429	0.999444
474	271	0.999524
474	245	0.999546
474	398	0.99958
474	224	0.999646
474	259	0.99978
474	245	0.999957
474	322	0.999554
474	237	0.999822
474	276	0.99992
474	363	0.999962
474	173	0.999575
474	363	0.999568
474	389	0.99963
474	253	0.999584
474	187	0.999381
474	346	0.999996
474	196	0.999456
474	457	0.999936
474	389	0.999925
474	319	0.999381
474	217	0.999609
474	328	0.999473
474	420	0.999381
474	128	0.999719
474	374	0.999429
474	399	0.999879
474	469	0.99969
474	223	0.999853
474	223	0.999887
474	416	0.999676
474	256	0.999723
474	351	0.999822
474	451	0.999593
474	470	0.999518
474	432	0.999832
474	389	0.9999
474	385	0.999961
474	274	0.999685
474	319	0.999623
474	260	0.999998
474	203	0.999867
474	327	0.999941
474	323	0.999397
474	208	0.999571
474	433	0.999506
474	338	0.999618
474	330	0.99966
474	459	0.99967
474	265	0.999381
474	234	0.99951
474	296	0.999555
474	215	0.999923
474	344	0.999536
474	290	0.999708
474	428	0.999741
474	294	0.999791
474	314	0.999389
474	356	0.99966
474	173	0.999596
474	278	0.999514
474	206	0.99957
474	279	0.999419
474	126	0.999401
474	413	0.999684
474	459	0.999969
474	402	0.999758
474	264	0.999787
474	318	0.999678
474	175	0.999388
474	199	0.999957
474	443	0.999394
474	464	0.999496
474	255	0.999978
474	239	0.999425
474	286	0.999877
474	308	0.999737
474	177	0.999431
474	220	0.999462
474	399	0.999396
474	452	0.999399
474	412	0.999626
474	160	0.999775
474	369	0.999574
474	352	0.999426
474	148	0.999884
474	444	0.999738
474	455	0.999586
474	312	0.999407
474	372	0.999456
474	279	0.999862
474	298	0.999929
474	272	0.999961
474	418	0.999992
474	366	0.999948
474	179	0.999962
474	170	0.999853
474	376	0.999932
474	395	0.999737
474	412	0.999422
474	264	0.999431
474	439	0.999408
474	177	0.999926
474	269	0.999444
474	149	0.999602
474	189	0.999551
474	410	0.999509
474	411	0.999807
474	305	0.999387
474	261	0.999469
474	330	0.999488
474	392	0.99989
474	285	0.999443
474	232	0.999502
474	449	0.99959
474	449	0.999444
474	334	0.999697
474	343	0.999939
474	157	0.999836
474	443	0.999384
474	424	0.999786
474	142	0.999862
474	453	0.999492
474	444	0.999942
474	211	0.999917
474	353	0.999846
474	418	0.999918
474	122	0.999404
474	239	0.999637
474	407	0.999386
474	187	0.999767
474	249	0.999737
474	232	0.999822
474	310	0.999409
474	316	0.999778
474	243	0.999945
474	200	0.999423
474	457	0.999635
474	421	0.999447
474	136	0.999706
474	356	0.999516
474	424	0.999669
474	363	0.999754
474	372	0.999937
474	292	0.999539
474	320	0.999916
474	437	0.999566
474	433	0.999838
474	471	0.99964
474	415	0.999526
474	425	0.999455
474	460	0.99942
474	426	0.999592
474	242	0.999778
474	280	0.999557
474	323	0.999404
474	246	0.999542
474	204	0.99961
474	174	0.999999
474	321	0.999645
474	304	0.999809
474	430	0.999826
474	282	0.999487
474	165	0.99964
474	461	0.999757
474	300	0.999954
474	239	0.999947
474	414	0.999596
474	139	0.999684
474	290	0.999621
474	333	0.999907
474	144	0.99963
474	327	0.999427
474	405	0.999452
474	447	0.999984
474	370	0.99971
474	429	0.999814
474	193	0.999547
474	285	0.999524
474	210	0.999822
474	419	0.999854
474	149	0.999683
474	296	0.999727
474	312	0.9995
474	389	0.999999
474	267	0.999777
474	208	0.999567
474	211	0.999615
474	392	0.999441
474	274	0.999791
474	457	0.999742
474	350	0.999895
474	252	0.999825
474	337	0.999715
474	219	0.999719
474	120	0.999665
474	273	0.999546
474	432	0.999574
474	410	0.999986
474	293	0.999937
474	151	0.999957
474	466	0.999909
474	364	0.999548
474	187	0.999721
474	166	0.999527
474	165	0.999421
474	192	0.999643
474	342	0.999876
474	262	0.999457
474	126	0.999659
474	212	0.999388
474	124	0.999814
474	258	0.999845
474	304	0.999787
474	437	0.999659
474	209	0.999596
474	347	0.999534
474	440	0.999721
474	405	0.999636
474	136	0.999657
474	339	0.999608
474	422	0.999906
474	314	0.999486
474	325	0.999853
474	456	0.999434
474	346	0.999611
474	188	0.999729
474	263	0.999702
474	380	0.999806
474	236	0.999811
474	136	0.999714
474	168	0.999594
474	422	0.999936
474	314	0.9994
474	339	0.999911
474	172	0.999833
474	258	0.999526
474	390	0.999545
474	195	0.999408
474	270	0.999939
474	464	0.999929
474	119	0.999745
474	467	0.99949
474	247	0.999405
474	251	0.999409
474	160	0.999941
474	182	0.999985
474	132	0.999783
474	349	0.999861
474	432	0.9998
474	431	0.999823
474	349	0.999549
474	257	0.999891
474	318	0.999688
474	163	0.999974
474	176	0.999973
474	168	0.99976
474	285	0.999879
474	409	0.9999
474	265	0.999501
474	448	0.999822
474	416	0.999938
474	284	0.999627
474	334	0.999454
474	212	0.999956
474	123	0.999453
474	132	0.999565
474	135	0.999794
474	310	0.999811
474	214	0.999938
474	352	0.999576
474	234	0.999937
474	163	0.999645
474	276	0.999953
474	424	0.999921
474	300	0.999454
474	162	0.999545
474	305	0.999889
474	437	0.999773
474	463	0.999761
474	293	0.999926
474	179	0.999901
474	185	0.99941
474	144	0.999829
474	126	0.999911
474	121	0.999838
474	302	0.999434
474	294	0.999554
474	383	0.999935
474	401	0.9994
474	335	0.999788
474	350	0.999685
474	429	0.999441
474	361	0.999423
474	199	0.99947
474	261	0.999962
474	414	0.999657
474	350	0.999631
474	119	0.99951
474	397	0.99969
474	212	0.999514
474	374	0.999755
474	451	0.9995
474	217	0.999484
474	272	0.999856
474	456	0.999959
474	194	0.999841
474	439	0.999732
474	180	0.999597
474	282	0.999657
474	288	0.999512
474	187	0.999993
474	263	0.999601
474	184	0.999984
474	231	0.999675
474	457	0.999749
474	343	0.999819
474	295	0.999856
474	211	0.999467
474	192	0.999803
474	279	0.999672
474	240	0.999973
474	185	0.999659
474	263	0.999433
474	121	0.999621
474	395	0.99983
474	320	0.99991
474	146	0.999794
474	321	0.999464
474	451	0.999694
474	254	0.999492
474	358	0.999724
474	271	0.999992
474	305	0.999767
474	339	0.999725
474	284	0.999965
474	273	0.999796
474	154	0.999912
474	397	0.999552
474	437	0.99975
474	147	0.99997
474	121	0.99943
474	194	0.999382
474	272	0.999733
474	355	0.999998
474	353	0.999791
474	338	0.999454
474	357	0.999729
474	333	0.999643
474	314	0.999958
474	136	0.999707
474	447	0.999459
474	329	0.999727
474	326	0.999519
474	329	0.999856
474	422	0.999872
474	319	0.999595
474	161	0.999864
474	202	0.999967
474	362	0.999693
474	293	0.999885
474	391	0.999477
474	354	0.999569
474	202	0.999635
474	443	0.999492
474	285	0.999773
474	307	0.99968
474	404	0.999392
474	291	0.999495
474	450	0.999859
474	297	0.999896
474	365	0.999722
474	244	0.999766
474	166	0.999672
474	405	0.999812
474	176	0.999692
474	189	0.999664
474	206	0.999867
474	451	0.999753
474	283	0.999775
474	437	0.99956
474	315	0.999633
474	339	0.999869
474	430	0.999872
474	446	0.999823
474	155	0.999775
474	181	0.999981
474	337	0.999954
474	162	0.999934
474	177	0.999616
474	337	0.999517
474	375	0.999974
474	292	0.99956
474	372	0.999443
474	390	0.999799
474	243	0.999548
474	212	0.999462
474	430	0.999844
474	151	0.999859
474	146	0.999406
474	317	0.999758
474	307	0.999431
474	229	0.999688
474	391	0.999656
474	288	0.999911
474	222	0.999558
474	159	0.99955
474	224	0.999475
474	258	0.999422
474	198	0.999648
474	216	0.999697
474	363	0.999893
474	190	0.999663
474	465	0.999775
474	321	0.999815
474	160	0.999793
474	393	0.999413
474	387	0.99996
474	425	0.99998
474	338	0.999707
474	273	0.999776
474	347	0.999568
474	468	0.999435
474	127	0.999389
474	145	0.999996
474	467	0.999941
474	397	0.999532
474	187	0.999863
474	327	0.999524
474	186	0.999908
474	125	0.999381
474	129	0.999474
474	324	0.999972
474	177	0.999523
474	375	0.999463
474	442	0.99945
474	293	0.999962
474	445	0.999856
474	252	0.999937
474	330	0.999943
474	316	0.9999
474	176	0.999392
474	125	0.999788
474	336	0.999391
474	192	0.999957
474	255	0.999885
474	452	0.999945
474	210	0.99973
474	330	0.999542
474	181	0.999909
474	230	0.999875
474	119	0.999815
474	267	0.999536
474	162	0.999609
474	163	0.99942
474	155	0.999729
474	260	0.999653
474	292	0.999588
474	298	0.999714
474	282	0.999967
474	352	0.999398
474	215	0.999611
474	135	0.999813
474	331	0.99945
474	227	0.999415
474	137	0.999856
474	219	0.99969
474	223	0.999559
474	451	0.999908
474	206	0.999779
474	235	0.999857
474	344	0.999548
474	353	0.999804
474	276	0.999737
474	301	0.999646
474	242	0.999733
474	299	0.99944
474	461	0.999474
474	387	0.99976
474	121	0.999731
474	160	0.999637
474	290	0.999926
474	190	0.999862
474	468	0.999505
474	238	0.999699
474	201	0.999652
474	352	0.999552
474	145	0.999524
474	144	0.999877
474	365	0.999612
474	431	0.999628
474	121	0.999651
474	219	0.999763
474	122	0.999457
474	175	0.99989
474	339	0.999855
474	364	0.99977
474	127	0.999965
474	218	0.999585
474	368	0.999522
474	275	0.999634
474	315	0.999727
474	206	0.99967
474	173	0.999433
474	436	0.999922
474	359	0.999763
474	249	0.999892
474	216	0.999881
474	164	0.99946
474	444	0.999867
474	437	0.999617
474	237	0.999622
474	223	0.999551
474	406	0.99975
474	431	0.999589
474	400	0.99947
474	282	0.999829
474	427	0.999974
474	389	0.999827
474	443	0.999463
474	246	0.999748
474	286	0.999958
474	300	0.999523
474	255	0.999942
474	407	0.999595
474	348	0.999779
474	423	0.999658
474	216	0.999562
474	264	0.999938
474	459	0.999884
474	173	0.999531
474	149	0.999788
474	376	0.99942
474	314	0.999991
474	204	0.999391
474	400	0.999685
474	308	0.999774
474	437	0.999832
474	429	0.999908
474	126	0.999506
474	397	0.999546
474	304	0.999752
474	189	0.999396
474	426	0.99944
474	300	0.999763
474	220	0.999791
474	452	0.999914
474	440	0.99963
474	434	0.999734
474	329	0.999506
474	338	0.999974
474	164	0.999402
474	378	0.999536
474	457	0.999789
474	445	0.999512
474	278	0.999954
474	448	0.999488
474	168	0.999976
474	401	0.999511
474	193	0.999392
474	152	0.99977
474	307	0.999854
474	377	0.999461
474	124	0.999386
474	293	0.999664
474	201	0.999611
474	179	0.999692
474	137	0.99942
474	304	0.999895
474	131	0.999622
474	135	0.99981
474	464	0.999696
474	170	0.999398
474	127	0.999569
474	457	0.999729
474	159	0.999665
474	123	0.999955
474	139	0.999822
474	373	0.999578
474	269	0.999575
474	272	0.999476
474	326	0.999823
474	282	0.999795
474	217	0.99939
474	127	0.999884
474	346	0.999812
474	352	0.999731
474	420	0.999483
474	229	0.99956
474	214	0.999695
474	410	0.999724
474	292	0.999452
474	205	0.99983
474	429	0.999647
474	432	0.999386
474	210	0.999636
474	378	0.999868
474	364	0.999527
474	299	0.999388
474	384	0.999573
474	432	0.999986
474	130	0.999989
474	270	0.99974
474	402	0.999954
474	449	0.999867
474	390	0.999566
474	325	0.999893
474	253	0.999876
474	430	0.999582
474	469	0.999807
474	186	0.999478
474	427	0.999653
474	249	0.999456
474	224	0.999381
474	423	0.999706
474	451	0.99956
474	286	0.999911
474	292	0.999471
474	300	0.999654
474	413	0.999539
474	154	0.999405
474	441	0.999541
474	141	0.999891
474	249	0.999784
474	253	0.999457
474	168	0.999573
474	461	0.999972
474	273	0.999754
474	151	0.999634
474	467	0.99943
474	224	0.999419
474	194	0.999796
474	142	0.999708
474	445	0.999454
474	185	0.999391
474	322	0.999671
474	196	0.99975
474	344	0.99942
474	227	0.999451
474	127	0.9996
474	299	0.999514
474	358	0.999393
474	217	0.999954
474	274	0.999845
474	230	0.999737
474	255	0.999579
474	379	0.999462
474	363	0.999679
474	123	0.99948
474	159	0.99984
474	426	0.999464
474	275	0.999998
474	191	0.999729
474	221	0.99996
474	427	0.999648
474	136	0.999703
474	466	0.999973
474	356	0.999761
474	409	0.999841
474	364	0.999959
474	242	0.999753
474	281	0.999702
474	225	0.999643
474	377	0.999575
474	401	0.99984
474	264	0.999809
474	290	0.999464
474	181	0.999812
474	288	0.999722
474	363	0.999672
474	231	0.999639
474	446	0.999991
474	211	0.999877
474	373	0.999934
474	187	0.999938
474	230	0.999873
474	357	0.999897
474	226	0.999656
474	327	0.999684
474	246	0.999836
474	321	0.999836
474	161	0.999466
474	159	0.999718
474	178	0.999955
474	347	0.999831
474	351	0.999662
474	391	0.999609
474	291	0.999499
474	318	0.999992
474	133	0.99989
474	285	0.999893
474	161	0.999978
474	225	0.999555
474	295	0.99968
474	299	0.999769
474	240	0.999765
474	453	0.999984
474	473	0.999399
474	172	0.999876
474	228	0.999667
474	337	0.999613
474	395	0.999737
474	285	0.999524
474	340	0.99982
474	426	0.999815
474	145	0.999815
474	320	0.999453
474	397	0.999872
474	374	0.999501
474	325	0.999597
474	155	0.999812
474	126	0.99984
474	423	0.99988
474	237	0.999931
474	390	0.999391
474	309	0.999715
474	332	0.999889
474	262	0.999827
474	303	0.999965
474	453	0.999997
474	456	0.999747
474	290	0.999724
474	244	0.999648
474	144	0.999627
474	289	0.999518
474	238	0.999656
474	340	0.999953
474	206	0.999962
474	183	0.9996
474	267	0.999958
474	186	0.999911
474	210	0.999399
474	236	0.999542
474	401	0.99968
474	383	0.999738
474	218	0.999525
474	279	0.999433
474	200	0.999485
474	205	0.999695
474	325	0.99996
474	171	0.99963
474	357	0.999871
474	122	0.999984
474	425	0.999589
474	177	0.999817
474	413	0.999836
474	333	0.999857
474	471	0.999799
474	272	0.999826
474	399	0.999534
474	269	0.999874
474	220	0.999447
474	301	0.999676
474	460	0.999602
474	419	0.999396
474	387	0.999864
474	360	0.999434
474	214	0.999758
474	135	0.999578
474	443	0.999958
474	237	0.999533
474	123	0.999827
474	205	0.999845
474	245	0.999395
474	189	0.999687
474	204	0.999472
474	201	0.99997
474	229	0.999966
474	225	0.999599
474	162	0.999779
474	190	0.999805
474	227	0.999946
474	172	0.999458
474	369	0.999591
474	390	0.999881
474	425	0.999381
474	201	0.999602
474	122	0.999531
474	466	0.999431
474	239	0.999979
474	365	0.999562
474	248	0.999462
474	450	0.999511
474	285	0.999446
474	301	0.999562
474	375	0.999913
474	155	0.999754
474	250	0.999539
474	316	0.99963
474	215	0.999575
474	171	0.999555
474	302	0.999818
474	168	0.999466
474	180	0.999506
474	240	0.999629
474	425	0.999496
474	404	0.999469
474	229	0.999549
474	468	0.999773
474	136	0.999626
474	405	0.999835
474	368	0.999516
474	123	0.999454
474	200	0.999973
474	225	0.999477
474	468	0.999557
474	128	0.999952
474	169	0.999414
474	156	0.999425
474	450	0.99997
474	449	0.999862
474	389	0.999872
474	261	0.999488
474	151	0.999898
474	288	0.999998
474	253	0.999597
474	274	0.999874
474	390	0.999901
474	273	0.999949
474	199	0.999432
474	366	0.999867
474	243	0.999627
474	226	0.99975
474	229	0.999886
474	214	0.999453
474	383	0.999731
474	378	0.999811
474	335	0.999454
474	223	0.999904
474	425	0.999942
474	230	0.99952
474	458	0.999981
474	264	0.999803
474	433	0.999566
474	229	0.999801
474	201	0.999412
474	177	0.999964
474	427	0.999901
474	202	0.999491
474	194	0.999907
474	380	0.999545
474	385	0.999796
474	472	0.999652
474	283	0.999594
474	122	0.9996
474	213	0.999971
474	227	0.999994
474	201	0.999507
474	206	0.9999
474	213	0.999928
474	364	0.999835
474	470	0.999391
474	178	0.999825
474	292	0.999856
474	244	0.99943
474	356	0.999537
474	131	0.999658
474	236	0.999883
474	163	0.99965
474	338	0.999938
474	473	0.999932
474	202	0.99953
474	388	0.999621
474	414	0.999483
474	332	0.99963
474	346	0.999882
474	471	0.999745
474	148	0.999786
474	138	0.999479
474	146	0.999441
474	274	0.999501
474	386	0.999731
474	178	0.999801
474	163	0.999407
474	470	0.999452
474	199	0.999996
474	127	0.999662
474	374	0.999511
474	362	0.999992
474	313	0.999823
474	342	0.999453
474	461	0.999743
474	119	0.999516
474	437	0.999825
474	174	0.999482
474	292	0.999978
474	228	0.999886
474	458	0.99961
474	379	0.999849
474	279	0.999967
474	225	0.999453
474	286	0.999737
474	419	0.9999
474	335	0.999997
474	213	0.999451
474	401	0.999449
474	145	0.999451
474	404	0.999866
474	189	0.999462
474	389	0.999802
474	466	0.999868
474	359	0.999862
474	461	0.999399
474	408	0.999509
474	342	0.999967
474	291	0.99976
474	236	0.999872
474	457	0.999492
474	309	0.999817
474	236	0.99958
474	159	0.999869
474	208	0.999929
474	200	0.999614
474	269	0.999635
474	132	0.999872
474	229	0.999583
474	213	0.999815
474	190	0.999781
474	233	0.999849
474	174	0.999475
474	154	0.999389
474	280	0.999845
474	317	0.999402
474	122	0.999684
474	353	0.999802
474	413	0.999999
474	457	0.999826
474	383	0.99957
474	283	0.999856
474	123	0.999545
474	376	0.999739
474	176	0.999401
474	177	0.999575
474	157	0.999483
474	204	0.999659
474	370	0.999921
474	315	0.999462
474	401	0.999701
474	280	0.999803
474	260	0.99971
474	301	0.999819
474	415	0.999531
474	164	0.999838
474	450	0.999627
474	242	0.999514
474	401	0.999897
474	260	0.999762
474	284	0.999522
474	212	0.999667
474	195	0.999801
474	400	0.999874
474	293	0.999553
474	412	0.999617
474	225	0.999473
474	356	0.999781
474	207	0.999501
474	410	0.999527
474	144	0.999658
474	466	0.999916
474	216	0.999688
474	290	0.999971
474	164	0.999792
474	316	0.999724
474	200	0.999908
474	424	0.999573
474	457	0.999474
474	193	0.999646
474	169	0.999557
474	230	0.999433
474	393	0.99968
474	425	0.999492
474	352	0.999462
474	348	0.999425
474	453	0.999869
474	421	0.999734
474	166	0.99945
474	281	0.99957
474	463	0.999531
474	207	0.99955
474	151	0.999865
474	160	0.999612
474	275	0.999807
474	370	0.999478
474	219	0.999415
474	262	0.999907
474	406	0.999474
474	279	0.999776
474	139	0.999967
474	135	0.999919
474	119	0.999555
474	193	0.999759
474	206	0.999583
474	357	0.999446
474	316	0.999402
474	376	0.999452
474	247	0.999736
474	217	0.999564
474	320	0.999812
474	213	0.999399
474	444	0.999392
474	341	0.99963
474	129	0.999762
474	146	0.999616
474	319	0.999657
474	163	0.999735
474	302	0.999948
474	174	0.999475
474	407	0.999512
474	203	0.999958
474	294	0.99947
474	135	0.999743
474	377	0.999509
474	400	0.999554
474	265	0.999813
474	312	0.999531
474	197	0.999679
474	219	0.99985
474	457	0.999495
474	237	0.999778
474	131	0.999922
474	236	0.999588
474	201	0.999382
474	305	0.999386
474	333	0.999862
474	310	0.999958
474	244	0.999705
474	296	0.999453
474	341	0.999728
474	378	0.999975
474	124	0.999815
474	362	0.999679
474	219	0.999467
474	160	0.999803
474	252	0.999602
474	335	0.999591
474	350	0.999725
474	189	0.999796
474	237	0.999792
474	168	0.999874
474	398	0.999825
474	423	0.999952
474	142	0.999776
474	270	0.999604
474	416	0.999502
474	280	0.999752
474	122	0.999739
474	191	0.999534
474	229	0.999633
474	236	0.999884
474	421	0.999496
474	336	0.999964
474	243	0.999713
474	131	0.999506
474	253	0.999647
474	237	0.999818
474	355	0.999588
474	290	0.999616
474	180	0.99971
474	330	0.999472
474	161	0.99967
474	414	0.99943
474	207	0.999601
474	310	0.999857
474	339	0.999599
474	343	0.999698
474	134	0.999575
474	373	0.999936
474	356	0.999632
474	213	0.99991
474	289	0.999593
474	431	0.999626
474	158	0.999653
474	383	0.999939
474	256	0.99955
474	391	0.999936
474	287	0.99979
474	127	0.999867
474	400	0.999773
474	132	0.999779
474	222	0.999394
474	441	0.999973
474	401	0.999791
474	350	0.999633
474	258	0.999776
474	304	0.999397
474	343	0.99954
474	340	0.999926
474	199	0.999897
474	233	0.999908
474	278	0.999908
474	341	0.999637
474	140	0.999631
474	162	0.999637
474	446	0.999533
474	358	0.999789
474	411	0.999867
474	402	0.999755
474	219	0.999978
474	222	0.999975
474	205	0.999762
474	419	0.99948
474	391	0.999579
474	340	0.999588
474	437	0.999402
474	189	0.999717
474	448	0.999609
474	233	0.999675
474	263	0.999892
474	473	0.999394
474	180	0.999904
474	311	0.999604
474	186	0.999628
474	250	0.999566
474	203	0.999427
474	245	0.999981
474	461	0.999647
474	457	0.999603
474	194	0.999483
474	323	0.999644
474	253	0.999702
474	463	0.999651
474	427	0.999481
474	339	0.999563
474	132	0.999421
474	288	0.999975
474	440	0.999858
474	303	0.999589
474	139	0.999594
474	385	0.999812
474	281	0.999602
474	266	0.999794
474	165	0.999568
474	362	0.999602
474	420	0.999859
474	309	0.99986
474	429	0.999744
474	247	0.999947
474	357	0.999387
474	140	0.999682
474	177	0.999879
474	422	0.999615
474	465	0.999926
474	131	0.99974
474	352	0.999596
474	420	0.999826
474	388	0.99961
474	195	0.999918
474	119	0.999648
474	465	0.999625
474	248	0.99992
474	217	0.999642
474	157	0.999747
474	374	0.999426
474	378	0.999586
474	371	0.999442
474	384	0.999727
474	409	0.999393
474	155	0.999662
474	366	0.999383
474	381	0.999688
474	367	0.999512
474	389	0.999425
474	395	0.99948
474	197	0.999788
474	314	0.999766
474	460	0.999666
474	204	0.99962
474	282	0.9997
474	320	0.999513
474	304	0.999656
474	241	0.99976
474	377	0.999649
474	273	0.999625
474	402	0.999786
474	128	0.999573
474	251	0.99941
474	298	0.999657
474	308	0.999509
474	214	0.99961
474	382	0.999701
474	467	0.999828
474	123	0.999909
474	467	0.999509
474	442	0.999747
474	321	0.999487
474	407	0.999747
474	299	0.999467
474	446	0.999679
474	455	0.999438
474	180	0.999609
474	128	0.999938
474	127	0.999821
474	349	0.9994
474	376	0.999923
474	236	0.999565
474	457	0.999961
474	301	0.999682
474	136	0.999661
474	286	0.999581
474	131	0.99988
474	430	0.999422
474	398	0.99944
474	306	0.999555
474	152	0.9999
474	374	0.999601
474	244	0.999469
474	452	0.999556
474	435	0.999607
474	119	0.999996
474	267	0.999847
474	237	0.999962
474	213	0.999697
474	206	0.999819
474	420	0.999561
474	296	0.999714
474	292	0.999602
474	312	0.99989
474	327	0.999758
474	464	0.999607
474	353	0.9998
474	131	0.999878
474	222	0.999407
474	423	0.999667
474	305	0.99941
474	316	0.999778
474	125	0.999731
474	398	0.999941
474	298	0.999687
474	335	0.999466
474	190	0.999971
474	373	0.999397
474	312	0.999897
474	432	0.999998
474	431	0.99987
474	174	0.999865
474	445	0.9995
474	131	0.999932
474	224	0.999568
474	251	0.999617
474	437	0.999588
474	119	0.999918
474	421	0.999911
474	198	0.999534
474	213	0.999723
474	208	0.999808
474	434	0.999488
474	438	0.999641
474	388	0.999753
474	458	0.999851
474	434	0.999697
474	266	0.999412
474	149	0.999524
474	131	0.999536
474	335	0.999968
474	424	0.999433
474	144	0.999554
474	461	0.999667
474	198	0.999611
474	134	0.999906
474	405	0.999669
474	245	0.999405
474	215	0.999398
474	440	0.999862
474	447	0.999749
474	235	0.999957
474	252	0.999867
474	463	0.999858
474	269	0.999872
474	394	0.999822
474	314	0.999981
474	399	0.99947
474	260	0.999749
474	288	0.999452
474	147	0.999908
474	325	0.999605
474	382	0.999872
474	304	0.999535
474	315	0.999739
474	326	0.999396
474	432	0.999505
474	469	0.999473
474	303	0.999789
474	234	0.999965
474	262	0.999976
474	189	0.999918
474	393	0.999863
474	151	0.999881
474	286	0.999601
474	437	0.999392
474	146	0.999897
474	225	0.999848
474	126	0.999846
474	135	0.99988
474	337	0.999868
474	253	0.999388
474	308	0.999781
474	381	0.99973
474	355	0.999596
474	360	0.999852
474	391	0.999464
474	277	0.999433
474	265	0.999552
474	121	0.999534
474	352	0.999902
474	233	0.999784
474	321	0.999767
474	317	0.999672
474	155	0.999518
474	426	0.999411
474	260	0.99995
474	350	0.999737
474	192	0.999758
474	422	0.999593
474	129	0.999726
474	121	0.999797
474	324	0.999586
474	400	0.999784
474	264	0.999546
474	458	0.999723
474	127	0.999701
474	239	0.99965
474	161	0.999719
474	175	0.999537
474	461	0.999774
474	372	0.999945
474	355	0.99991
474	276	0.999482
474	146	0.999917
474	458	0.99971
474	294	0.999602
474	216	0.999696
474	278	0.999736
474	179	0.99942
474	141	0.999659
474	456	0.999864
474	345	0.999804
474	388	0.999575
474	235	0.999571
474	268	0.99998
474	187	0.999723
474	134	0.999809
474	418	0.999877
474	392	0.999721
474	382	0.999425
474	434	0.999537
474	212	0.999618
474	187	0.999718
474	314	0.999601
474	376	0.999466
474	334	0.999607
474	225	0.999469
474	463	0.999752
474	178	0.999595
474	285	0.999394
474	273	0.999571
474	125	0.99966
474	269	0.999645
474	341	0.999561
474	398	0.999399
474	148	0.999625
474	321	0.999721
474	417	0.999983
474	228	0.999805
474	307	0.999592
474	136	0.999414
474	407	0.999843
474	330	0.999414
474	469	0.999938
474	426	0.999659
474	155	0.999786
474	456	0.99974
474	243	0.999633
474	177	0.999839
474	259	0.999622
474	444	0.999702
474	146	0.99998
474	146	0.999576
474	376	0.999905
474	225	0.999548
474	132	0.999649
474	126	0.99975
474	281	0.999505
474	318	0.99997
474	451	0.999875
474	433	0.999495
474	133	0.999511
474	313	0.999792
474	233	0.999721
474	288	0.999514
474	375	0.999474
474	231	0.999754
474	388	0.999526
474	215	0.99979
474	459	0.999444
474	252	0.999748
474	210	0.999473
474	236	0.999463
474	255	0.999858
474	436	0.999733
474	126	0.999942
474	124	0.999579
474	256	0.999389
474	291	0.9999
474	199	0.999451
474	235	0.999757
474	449	0.999674
474	328	0.999578
474	356	0.999501
474	239	0.999461
474	306	0.999592
474	307	0.999857
474	332	0.999402
474	268	0.999539
474	186	0.9995
474	212	0.999722
474	129	0.99943
474	255	0.999543
474	282	0.999679
474	465	0.999731
474	275	0.999778
474	169	0.99947
474	407	0.999618
474	468	0.999792
474	399	0.999749
474	294	0.99948
474	461	0.999481
474	225	0.999667
474	151	0.999566
474	150	0.999605
474	150	0.999742
474	123	0.99981
474	120	0.999841
474	465	0.999587
474	349	0.999921
474	468	0.999729
474	428	0.999668
474	148	0.999819
474	313	0.999924
474	318	0.999405
474	376	0.999602
474	453	0.999732
474	273	0.999414
474	438	0.999493
474	235	0.999965
474	240	0.99981
474	470	0.999654
474	433	0.999579
474	385	0.999862
474	342	0.999799
474	417	0.999799
474	229	0.999449
474	389	0.999571
474	285	0.999467
474	247	0.999421
474	305	0.9999
474	259	0.999822
474	159	0.999554
474	152	0.999721
474	183	0.999986
474	230	0.999942
474	266	0.99977
474	123	0.999902
474	324	0.999882
474	468	0.999445
474	149	0.999875
474	231	0.999579
474	131	0.999655
474	327	0.999931
474	391	0.999691
474	283	0.999846
474	157	0.999865
474	167	0.999949
474	196	0.999605
474	304	0.999544
474	415	0.9997
474	123	0.999882
474	349	0.999954
474	386	0.999477
474	444	0.999456
474	461	0.99973
474	166	0.999684
474	358	0.999463
474	428	0.999858
474	398	0.999544
474	386	0.999903
474	144	0.999862
474	409	0.999646
474	180	0.999539
474	133	0.999975
474	363	0.999553
474	199	0.999405
474	252	0.999706
474	196	0.999758
474	308	0.999423
474	378	0.999833
474	142	0.999791
474	178	0.999845
474	289	0.999648
474	244	0.999692
474	352	0.999851
474	275	0.999896
474	274	0.999722
474	283	0.999719
474	385	0.99973
474	398	0.999538
474	417	0.999905
474	424	0.999581
474	134	0.999505
474	134	0.999667
474	399	0.9997
474	417	0.999475
474	206	0.999552
474	373	0.99939
474	310	0.999935
474	316	0.999647
474	343	0.999435
474	345	0.999695
474	287	0.99949
474	285	0.999498
474	414	0.999415
474	347	0.999534
474	278	0.999761
474	370	0.999671
474	340	0.9999
474	360	0.999932
474	361	0.999667
474	426	0.999913
474	202	0.999943
474	173	0.99941
474	259	0.999539
474	229	0.999758
474	344	0.9997
474	397	0.999392
474	330	0.999687
474	377	0.999763
474	464	0.999789
474	152	0.999667
474	331	0.999958
474	400	0.999685
474	458	0.999615
474	285	0.999989
474	383	0.999565
474	361	0.99967
474	330	0.999579
474	378	0.999537
474	152	0.999727
474	128	0.999616
474	303	0.999401
474	247	0.999854
474	414	0.999745
474	389	0.9998
474	472	0.99975
474	300	0.999497
474	433	0.999433
474	315	0.999648
474	247	0.999807
474	393	0.99968
474	298	0.99978
474	454	0.999891
474	322	0.999922
474	463	0.999963
474	403	0.999455
474	177	0.99976
474	230	0.999741
474	374	0.999529
474	285	0.999955
474	265	0.999561
474	277	0.999649
474	391	0.999543
474	395	0.999738
474	257	0.999667
474	287	0.999579
474	163	0.99944
474	443	0.9999
474	208	0.999994
474	279	0.999746
474	192	0.999518
474	307	0.999492
474	284	0.99961
474	162	0.999918
474	238	0.99951
474	145	0.999732
474	187	0.999584
474	182	0.999818
474	347	0.999675
474	431	0.999566
474	239	0.999437
474	336	0.999633
474	156	0.999616
474	134	0.999984
474	343	0.9997
474	253	0.999672
474	320	0.999401
474	371	0.999604
474	407	0.999769
474	189	0.999713
474	129	0.999408
474	280	0.999752
474	256	0.999666
474	366	0.999394
474	428	0.999872
474	392	0.999503
474	211	0.999976
474	367	0.999389
474	194	0.999906
474	363	0.999495
474	420	0.999776
474	193	0.99998
474	333	0.999983
474	186	0.999501
474	335	0.999755
474	294	0.999994
474	150	0.999516
474	352	0.999849
474	170	0.999773
474	265	0.999857
474	364	0.999716
474	302	0.999997
474	214	0.999999
474	194	0.999698
474	373	0.999807
474	210	0.999714
474	331	0.999853
474	218	0.999809
474	200	0.999917
474	122	0.999915
474	464	0.999581
474	194	0.999634
474	261	0.999408
474	331	0.999796
474	334	0.999852
474	302	0.999997
474	221	0.999433
474	382	0.999908
474	331	0.999975
474	302	0.999967
474	338	0.999757
474	386	0.999816
474	162	0.999946
474	378	0.999662
474	299	0.999551
474	368	0.999965
474	214	0.99964
474	182	0.999977
474	461	0.999625
474	134	0.9999
474	428	0.999856
474	398	0.999745
474	447	0.999784
474	160	0.999871
474	316	0.999757
474	361	0.999496
474	435	0.999836
474	301	0.999906
474	270	0.999527
474	399	0.999416
474	423	0.99958
474	412	0.999775
474	349	0.999875
474	366	0.999526
474	417	0.999503
474	377	0.999843
474	177	0.999517
474	330	0.999513
474	433	0.999579
474	310	0.999926
474	194	0.99976
474	142	0.999589
474	374	0.999737
474	210	0.999854
474	257	0.999555
474	429	0.999535
474	251	0.999516
474	353	0.999824
474	446	0.999695
474	418	0.999555
474	188	0.999867
474	469	0.999889
474	192	0.999649
474	227	0.999749
474	287	0.999387
474	328	0.999865
474	372	0.999546
474	260	0.999915
474	177	0.999716
474	198	0.999752
474	243	0.999617
474	251	0.999391
474	145	0.999438
474	412	0.999687
474	305	0.999743
474	278	0.999977
474	187	0.999989
474	457	0.999493
474	391	0.999672
474	330	0.999604
474	441	0.999433
474	180	0.999838
474	171	0.999706
474	148	0.999763
474	165	0.99956
474	216	0.999935
474	262	0.999661
474	361	0.999503
474	323	0.999912
474	373	0.999738
474	309	0.999809
474	253	0.999515
474	239	0.999534
474	222	0.999453
474	344	0.999571
474	388	0.99991
474	386	0.999896
474	189	0.999676
474	431	0.999898
474	194	0.999724
474	373	0.999482
474	375	0.999967
474	363	0.999736
474	285	0.999572
474	203	0.999431
474	269	0.999505
474	339	0.999806
474	353	0.999839
474	435	0.999443
474	267	0.999551
474	394	0.999501
474	307	0.999781
474	190	0.999831
474	258	0.999631
474	124	0.99956
474	300	0.999639
474	136	0.99977
474	141	0.999729
474	469	0.999549
474	360	0.999823
474	436	0.999636
474	390	0.99996
474	143	0.999729
474	180	0.999978
474	123	0.999685
474	440	0.999966
474	432	0.999486
474	394	0.999796
474	193	0.999898
474	455	0.999381
474	460	0.999388
474	354	0.999538
474	310	0.999627
474	411	0.999594
474	176	0.999843
474	141	0.999887
474	177	0.999588
474	121	0.99966
474	143	0.999869
474	158	0.99998
474	415	0.999534
474	239	0.999745
474	129	0.999949
474	336	0.999544
474	457	0.999439
474	279	0.999767
474	242	0.999984
474	323	0.99971
474	155	0.999898
474	360	0.999751
474	464	0.999882
474	307	0.999709
474	228	0.99945
474	315	0.999692
474	404	0.999766
474	416	0.999969
474	333	0.999642
474	368	0.99976
474	276	0.999457
474	280	0.999651
474	232	0.999841
474	211	0.999999
474	299	0.999747
474	135	0.999555
474	262	0.999623
474	271	0.999852
474	405	0.999851
474	315	0.999493
474	137	0.999838
474	233	0.999945
474	175	0.999508
474	319	0.999386
474	363	0.999879
474	184	0.999863
474	242	0.999953
474	435	0.999776
474	356	0.999852
474	345	0.999682
474	457	0.999736
474	227	0.999936
474	348	0.999726
474	290	0.999648
474	172	0.999544
474	209	0.999436
474	297	0.999775
474	308	0.999429
474	206	0.999851
474	198	0.999662
474	322	0.999693
474	372	0.999865
474	151	0.999684
474	311	0.999869
474	265	0.999693
474	442	0.999817
474	249	0.999471
474	140	0.999994
474	313	0.999885
474	415	0.999925
474	321	0.999545
474	216	0.99947
474	421	0.99978
474	252	0.999532
474	147	0.999892
474	228	0.999579
474	242	0.999805
474	419	0.999576
474	421	0.999873
474	345	0.999648
474	353	0.999827
474	349	0.999609
474	340	0.99983
474	380	0.999955
474	433	0.999572
474	273	0.999473
474	174	0.999953
474	157	0.999958
474	176	0.999869
474	259	0.999436
474	148	0.999998
474	297	0.999568
474	397	0.999483
474	297	0.999731
474	332	0.999989
474	283	0.999618
474	404	0.999711
474	429	0.99957
474	127	0.999557
474	384	0.999779
474	324	0.999618
474	359	0.999549
474	399	0.999455
474	410	0.999412
474	428	0.999492
474	388	0.999986
474	280	0.999741
474	229	0.999977
474	373	0.999945
474	348	0.999805
474	389	0.999504
474	461	0.999807
474	455	0.999621
474	414	0.999398
474	467	0.999836
474	321	0.999739
474	347	0.999443
474	136	0.999973
474	403	0.999396
474	448	0.999573
474	470	0.999868
474	148	0.999974
474	234	0.999632
474	346	0.999425
474	378	0.999768
474	199	0.999526
474	208	0.999388
474	327	0.99966
474	407	0.999716
474	292	0.999549
474	192	0.999915
474	427	0.999532
474	396	0.999417
474	444	0.999924
474	371	0.999965
474	185	0.99961
474	373	0.999628
474	299	0.999385
474	195	0.999629
474	410	0.99998
474	279	0.999911
474	301	0.999865
474	416	0.999402
474	246	0.999779
474	260	0.999915
474	202	0.999553
474	214	0.999945
474	158	0.999568
474	134	0.999463
474	372	0.999454
474	446	0.999958
474	224	0.99981
474	302	0.999927
474	219	0.999616
474	344	0.999842
474	232	0.999527
474	189	0.999449
474	266	0.999396
474	165	0.99958
474	136	0.999674
474	429	0.999877
474	467	0.999381
474	352	0.999397
474	204	0.999678
474	215	0.999926
474	173	0.999802
474	158	0.999801
474	120	0.999714
474	368	0.999981
474	229	0.999498
474	344	0.99944
474	134	0.9996
474	142	0.99964
474	461	0.99992
474	450	0.999612
474	194	0.999537
474	150	0.999407
474	128	0.999415
474	132	0.999579
474	142	0.999784
474	191	0.999473
474	257	0.999694
474	266	0.9995
474	419	0.999606
474	395	0.999695
474	318	0.999688
474	227	0.999381
474	323	0.999483
474	291	0.999529
474	365	0.999923
474	144	0.999765
474	437	0.999765
474	247	0.999703
474	160	0.999776
474	324	0.999576
474	142	0.999963
474	421	0.999578
474	388	0.999822
474	421	0.999548
474	176	0.999841
474	142	0.999532
474	231	0.99978
474	413	0.999752
474	348	0.999428
474	211	0.999753
474	148	0.999547
474	449	0.999675
474	299	0.999704
474	408	0.999459
474	437	0.999398
474	338	0.999777
474	420	0.999801
474	120	0.999446
474	246	0.999579
474	286	0.99943
474	198	0.999831
474	153	0.999659
474	421	0.999822
474	297	0.999584
474	348	0.999893
474	247	0.999984
474	338	0.999472
474	234	0.999749
474	194	0.999607
474	455	0.99939
474	414	0.999772
474	427	0.99961
474	432	0.999904
474	128	0.999406
474	137	0.999453
474	195	0.999882
474	284	0.999981
474	448	0.999604
474	276	0.999539
474	262	0.999972
474	383	0.999408
474	351	0.999498
474	432	0.99962
474	144	0.999643
474	318	0.999497
474	391	0.999508
474	315	0.999541
474	293	0.999442
474	468	0.999509
474	161	0.999514
474	429	0.9994
474	460	0.999726
474	130	0.999577
474	444	0.999546
474	190	0.999697
474	128	0.999468
474	159	0.999848
474	450	0.999629
474	149	0.999695
474	274	0.999619
474	327	0.999802
474	131	0.999488
474	148	0.999713
474	291	0.999934
474	417	0.999845
474	226	0.999406
474	192	0.999983
474	256	0.999949
474	136	0.999967
474	332	0.999774
474	208	0.999392
474	212	0.999602
474	405	0.999869
474	204	0.999986
474	383	0.999786
474	290	0.999973
474	359	0.999493
474	251	0.999892
474	471	0.99988
474	318	0.999712
474	332	0.999584
474	129	0.999539
474	423	0.999897
474	303	0.999532
474	210	0.999832
474	245	0.999634
474	187	0.999401
474	120	0.99963
474	269	0.999794
474	359	0.999612
474	409	0.999453
474	156	0.999973
474	124	0.999794
474	308	0.999703
474	258	0.999805
474	243	0.999789
474	445	0.999627
474	466	0.99959
474	299	0.99948
474	157	0.999811
474	233	0.999644
474	274	0.999421
474	160	0.99988
474	158	0.999482
474	438	0.999793
474	325	0.999887
474	234	0.999844
474	248	0.999423
474	172	0.999581
474	293	0.999423
474	441	0.999894
474	238	0.999624
474	124	0.999752
474	388	0.999708
474	191	0.999988
474	191	0.999474
474	193	0.999731
474	432	0.999662
474	223	0.999723
474	375	0.999688
474	357	0.999677
474	206	0.999853
474	243	0.999651
474	211	0.99955
474	345	0.999557
474	134	0.999539
474	269	0.999853
474	193	0.999414
474	443	0.999444
474	306	0.99998
474	204	0.999985
474	412	0.999466
474	329	0.999865
474	463	0.999515
474	296	0.999571
474	409	0.999674
474	450	0.999547
474	275	0.999762
474	178	0.999853
474	245	0.999592
474	377	0.99992
474	354	0.999898
474	412	0.99948
474	289	0.999591
474	289	0.999768
474	459	0.999557
474	393	0.999537
474	159	0.99995
474	308	0.999899
474	253	0.999586
474	284	0.999893
474	398	0.999641
474	446	0.999601
474	142	0.999843
474	120	0.999427
474	298	0.999869
474	128	0.999928
474	370	0.9999
474	256	0.999937
474	403	0.999752
474	400	0.999744
474	270	0.999516
474	435	0.99969
474	298	0.99948
474	349	0.999388
474	431	0.99971
474	282	0.999868
474	301	0.999982
474	278	0.999488
474	246	0.999993
474	229	0.999989
474	389	0.999804
474	451	0.999396
474	457	0.999447
474	443	0.999717
474	408	0.999579
474	178	0.999655
474	145	0.999922
474	421	0.999409
474	306	0.999536
474	402	0.999556
474	326	0.999724
474	365	0.999991
474	362	0.999456
474	423	0.999584
474	267	0.999916
474	261	0.999564
474	238	0.999466
474	425	0.999814
474	173	0.999509
474	410	0.999822
474	141	0.999609
474	359	0.999519
474	245	0.999805
474	422	0.999568
474	130	0.999911
474	303	0.999568
474	262	0.999408
474	421	0.999755
474	430	0.999454
474	153	0.999492
474	443	0.999532
474	165	0.999729
474	216	0.999701
474	164	0.99968
474	195	0.999615
474	472	0.999604
474	186	0.999661
474	411	0.999486
474	333	0.99997
474	272	0.99957
474	397	0.999638
474	285	0.999646
474	301	0.999981
474	321	0.99976
474	318	0.999898
474	188	0.999714
474	395	0.999404
474	414	0.999966
474	224	0.999682
474	398	0.999646
474	125	0.999911
474	375	0.999885
474	228	0.999791
474	204	0.999555
474	393	0.999612
474	292	0.999498
474	299	0.999936
474	123	0.999825
474	270	0.99967
474	380	0.999485
474	283	0.999859
474	148	0.999887
474	199	0.999459
474	292	0.999983
474	356	0.999815
474	405	0.999508
474	204	0.99967
474	218	0.99995
474	286	0.999783
474	466	0.999534
474	452	0.999984
474	350	0.999724
474	225	0.999917
474	184	0.99973
474	339	0.999745
474	328	0.999926
474	471	0.99988
474	428	0.999587
474	420	0.999532
474	137	0.999708
474	221	0.999489
474	361	0.999628
474	238	0.999757
474	414	0.999758
474	224	0.999615
474	156	0.99947
474	122	0.999408
474	359	0.999807
474	293	0.999514
474	244	0.99982
474	171	0.99975
474	193	0.999643
474	307	0.99973
474	283	0.999479
474	319	0.999485
474	197	0.999491
474	263	0.999652
474	227	0.999664
474	391	0.999586
474	268	0.999496
474	401	0.999503
474	218	0.999464
474	246	0.99961
474	204	0.999889
474	205	0.999712
474	128	0.999387
474	171	0.999994
474	200	0.99976
474	364	0.999871
474	322	0.999742
474	399	0.999779
474	208	0.999776
474	432	0.999679
474	392	0.999657
474	283	0.999628
474	257	0.999676
474	131	0.999781
474	431	0.999685
474	133	0.999846
474	444	0.999911
474	372	0.999988
474	187	0.99964
474	197	0.999718
474	288	0.999853
474	372	0.999749
474	289	0.999748
474	174	0.999602
474	408	0.999718
474	445	0.999612
474	223	0.999715
474	446	0.999864
474	235	0.999658
474	412	0.999858
474	338	0.999815
474	185	0.999686
474	156	0.999744
474	316	0.999746
474	124	0.999882
474	189	0.999928
474	181	0.999817
474	209	0.999661
474	157	0.999962
474	144	0.999731
474	320	0.999798
474	288	0.999977
474	410	0.999591
474	366	0.999753
474	193	0.999816
474	265	0.999404
474	248	0.999688
474	361	0.999905
474	328	0.999962
474	151	0.999682
474	232	0.999757
474	162	0.999602
474	276	0.999916
474	356	0.999448
474	190	0.999588
474	424	0.999837
474	188	0.999848
474	296	0.999726
474	324	0.999388
474	323	0.999858
474	142	0.999907
474	319	0.999795
474	126	0.999392
474	358	0.999823
474	273	0.999773
474	359	0.999419
474	236	0.999392
474	145	0.999768
474	462	0.999429
474	376	0.999792
474	453	0.999778
474	256	0.999679
474	458	0.999788
474	254	0.999519
474	145	0.999733
474	424	0.999593
474	380	0.999885
474	405	0.999982
474	173	0.99971
474	335	0.999544
474	428	0.999655
474	459	0.999622
474	463	0.999836
474	418	0.999457
474	207	0.999845
474	455	0.999526
474	440	0.999512
474	358	0.999923
474	221	0.999923
474	333	0.999593
474	443	0.999477
474	473	0.99961
474	168	0.999874
474	442	0.999736
474	369	0.999897
474	292	0.999656
474	375	0.99996
474	367	0.99941
474	355	0.999882
474	462	0.999734
474	463	0.999993
474	172	0.999426
474	126	0.999539
474	213	0.999612
474	138	0.999726
474	318	0.999848
474	139	0.999567
474	124	0.99989
474	192	0.99961
474	270	0.999509
474	367	0.999811
474	303	0.999714
474	130	0.999544
474	310	0.999476
474	165	0.999567
474	125	0.999674
474	159	0.999892
474	322	0.999386
474	212	0.999798
474	235	0.999835
474	168	0.99982
474	416	0.999808
474	259	0.999951
474	323	0.999556
474	462	0.999883
474	315	0.99939
474	371	0.999962
474	380	0.999961
474	458	0.999915
474	276	0.999865
474	128	0.999845
474	311	0.999548
474	394	0.99971
474	463	0.999457
474	307	0.999614
474	404	0.999435
474	397	0.999755
474	473	0.999922
474	352	0.999753
474	404	0.999566
474	347	0.9995
474	407	0.999388
474	279	0.99948
474	394	0.999668
474	277	0.999591
474	392	0.999646
474	131	0.999461
474	310	0.999719
474	189	0.999869
474	398	0.999386
474	271	0.999739
474	462	0.99989
474	262	0.999791
474	155	0.999703
474	127	0.999439
474	327	0.999786
474	334	0.999486
474	226	0.999989
474	444	0.999881
474	441	0.999647
474	145	0.999687
474	307	0.999596
474	369	0.999461
474	327	0.999611
474	134	0.999576
474	426	0.999508
474	134	0.999581
474	176	0.999999
474	178	0.999787
474	363	0.999562
474	136	0.999988
474	131	0.99991
474	237	0.99982
474	353	0.999963
474	297	0.999912
474	407	0.999795
474	361	0.999592
474	350	0.999382
474	256	0.999557
474	125	0.999761
474	223	0.999988
474	150	0.999645
474	465	0.999549
474	306	0.999501
474	424	0.999782
474	311	0.999568
474	155	0.999634
474	239	0.999859
474	123	0.999749
474	437	0.999453
474	151	0.999534
474	278	0.99977
474	421	0.999954
474	157	0.999631
474	262	0.999586
474	319	0.999754
474	282	0.999486
474	363	0.999487
474	384	0.999475
474	200	0.999631
474	353	0.999997
474	278	0.999865
474	318	0.999573
474	362	0.999684
474	165	0.999867
474	200	0.999924
474	213	0.999436
474	271	0.999791
474	273	0.999746
474	401	0.999761
474	426	0.999648
474	327	0.99942
474	171	0.999518
474	454	0.999745
474	119	0.99947
474	232	0.999978
474	446	0.999851
474	424	0.999712
474	374	0.999902
474	207	0.999656
474	262	0.999595
474	339	0.999986
474	431	0.999647
474	372	0.99944
474	192	0.999873
474	325	0.999921
474	241	0.999677
474	444	0.999605
474	359	0.999782
474	280	0.999481
474	262	0.999511
474	261	0.999595
474	305	0.999517
474	240	0.999579
474	328	0.999674
474	123	0.999976
474	447	0.999649
474	205	0.999705
474	452	0.999425
474	417	0.999808
474	195	0.999746
474	411	0.99968
474	183	0.999937
474	471	0.999859
474	387	0.99976
474	469	0.999744
474	228	0.999854
474	430	0.999631
474	292	0.999697
474	463	0.999994
474	456	0.999466
474	163	0.999789
474	193	0.999996
474	241	0.999503
474	172	0.999669
474	316	0.999524
474	145	0.99981
474	249	0.999524
474	339	0.999536
474	365	0.999698
474	287	0.999965
474	294	0.999766
474	192	0.999584
474	294	0.999473
474	373	0.999656
474	255	0.999998
474	213	0.999438
474	330	0.999851
474	304	0.999542
474	271	0.999448
474	454	0.999628
474	192	0.99942
474	277	0.999669
474	142	0.99984
474	295	0.99943
474	410	0.999685
474	367	0.99957
474	141	0.999877
474	209	0.999569
474	203	0.999586
474	376	0.999958
474	416	0.999692
474	244	0.999647
474	314	0.999884
474	221	0.999884
474	427	0.999584
474	260	0.999863
474	403	0.99952
474	216	0.999841
474	309	0.999513
474	338	0.999721
474	219	0.999473
474	402	0.999787
474	251	0.999952
474	318	0.999478
474	145	0.999896
474	263	0.999464
474	159	0.99947
474	324	0.999681
474	294	0.999965
474	448	0.999961
474	431	0.999504
474	201	0.999823
474	356	0.999458
474	349	0.999675
474	200	0.999859
474	134	0.999864
474	291	0.999391
474	327	0.999418
474	350	0.999855
474	281	0.999932
474	312	0.999384
474	411	0.999936
474	303	0.999875
474	176	0.999854
474	340	0.999941
474	376	0.99955
474	321	0.999534
474	432	0.999815
474	135	0.999689
474	158	0.999706
474	266	0.999519
474	332	0.999999
474	200	0.999854
474	185	0.999901
474	238	0.999915
474	206	0.999638
474	138	0.9997
474	290	0.999617
474	191	0.999716
474	285	0.999793
474	177	0.999636
474	346	0.999958
474	156	0.99955
474	164	0.999937
474	431	0.999517
474	385	0.999775
474	285	0.999396
474	408	0.999502
474	210	0.999731
474	348	0.999391
474	177	0.999488
474	342	0.999962
474	204	0.999936
474	469	0.999978
474	398	0.999555
474	434	0.999737
474	372	0.999847
474	327	0.999625
474	172	0.999949
474	341	0.99987
474	450	0.999513
474	121	0.999589
474	442	0.999909
474	193	0.999418
474	292	0.999552
474	203	0.999708
474	194	0.999455
474	133	0.999481
474	304	0.999657
474	396	0.999888
474	290	0.999778
474	243	0.999932
474	266	0.999887
474	182	0.999542
474	222	0.999674
474	370	0.999631
474	188	0.999446
474	207	0.999679
474	367	0.999836
474	127	0.999958
474	136	0.999562
474	442	0.999519
474	310	0.999619
474	144	0.999553
474	413	0.99999
474	203	0.999731
474	408	0.999698
474	120	0.999522
474	161	0.999968
474	182	0.999859
474	248	0.999758
474	431	0.999822
474	258	0.999657
474	192	0.999686
474	175	0.999874
474	405	0.999485
474	402	0.999695
474	424	0.999903
474	120	0.999898
474	466	0.999901
474	398	0.999518
474	470	0.999462
474	440	0.999872
474	284	0.999674
474	248	0.999396
474	161	0.999912
474	327	0.999936
474	163	0.999622
474	390	0.999691
474	302	0.999869
474	459	0.999386
474	131	0.999603
474	156	0.999462
474	232	0.999806
474	370	0.999946
474	335	0.999923
474	295	0.999547
474	406	0.999845
474	122	0.999841
474	316	0.999949
474	127	0.999517
474	234	0.999382
474	370	0.999446
474	182	0.999783
474	428	0.999933
474	144	0.9995
474	309	0.999524
474	397	0.999565
474	307	0.999588
474	457	0.99983
474	150	0.999509
474	314	0.999688
474	240	0.999711
474	434	0.999721
474	175	0.999496
474	435	0.999622
474	444	0.999524
474	272	0.999402
474	455	0.999877
474	359	0.999505
474	148	0.999848
474	145	0.999693
474	288	0.999924
474	162	0.999755
474	283	0.999397
474	412	0.999793
474	169	0.999446
474	445	0.999488
474	350	0.999445
474	410	0.99969
474	392	0.999853
474	289	0.999603
474	351	0.999571
474	435	0.999391
474	284	0.999622
474	310	0.999732
474	261	0.999818
474	448	0.999453
474	328	0.999643
474	145	0.999438
474	401	0.999585
474	307	0.999614
474	407	0.999691
474	356	0.999882
474	469	0.999988
474	305	0.999402
474	201	0.99965
474	282	0.999876
474	319	0.999921
474	126	0.999654
474	211	0.999734
474	455	0.999693
474	133	0.999436
474	316	0.999565
474	297	0.999539
474	295	0.999518
474	379	0.999723
474	272	0.999841
474	334	0.999887
474	467	0.999734
474	252	0.999876
474	278	0.999927
474	330	0.999627
474	292	0.999812
474	399	0.999501
474	281	0.999967
474	119	0.999723
474	272	0.999886
474	338	0.999789
474	169	0.999542
474	330	0.999787
474	412	0.999822
474	243	0.999588
474	390	0.999425
474	226	0.999905
474	391	0.999953
474	288	0.999999
474	385	0.999517
474	394	0.999469
474	413	0.999737
474	127	0.999485
474	272	0.999792
474	442	0.999675
474	317	0.999998
474	187	0.999435
474	396	0.999641
474	278	0.999635
474	126	0.99991
474	433	0.999536
474	121	0.999638
474	419	0.999954
474	434	0.999517
474	360	0.999609
474	281	0.999528
474	398	0.999557
474	448	0.99958
474	122	0.999642
474	270	0.999586
474	238	0.999449
474	357	0.999883
474	394	0.999457
474	208	0.999719
474	387	0.999518
474	301	0.999688
474	378	0.999649
474	428	0.999801
474	422	0.999877
474	159	0.999826
474	215	0.999631
474	352	0.999789
474	458	0.999422
474	212	0.999551
474	402	0.999836
474	459	0.999581
474	177	0.999617
474	217	0.999401
474	460	0.99974
474	348	0.999968
474	439	0.999995
474	246	0.999422
474	265	0.99963
474	170	0.999788
474	315	0.999564
474	395	0.999745
474	403	0.999737
474	373	0.999522
474	135	0.999876
474	423	0.999933
474	384	0.999985
474	451	0.99954
474	344	0.999994
474	241	0.999855
474	206	0.99985
474	432	0.999879
474	374	0.999976
474	273	0.999721
474	132	0.999547
474	334	0.999872
474	297	0.999397
474	140	0.999394
474	172	0.999633
474	254	0.999539
474	454	0.999574
474	148	0.999906
474	330	0.999662
474	168	0.999994
474	232	0.99996
474	279	0.999532
474	260	0.999987
474	203	0.999941
474	453	0.999399
474	366	0.999726
474	219	0.999793
474	460	0.999536
474	227	0.999696
474	376	0.999827
474	157	0.999804
474	335	0.999679
474	337	0.999611
474	182	0.999965
474	241	0.999656
474	461	0.99984
474	472	0.999754
474	394	0.999903
474	301	0.999973
474	240	0.999981
474	376	0.999901
474	451	0.999743
474	438	0.999889
474	432	0.999693
474	368	0.99965
474	256	0.999389
474	235	0.999892
474	272	0.999562
474	442	0.999453
474	227	0.999706
474	410	0.999969
474	419	0.999986
474	455	0.99986
474	355	0.999771
474	167	0.999941
474	350	0.999904
474	438	0.999975
474	359	0.999766
474	428	0.999417
474	366	0.999461
474	288	0.999874
474	454	0.99977
474	389	0.999427
474	312	0.99943
474	191	0.999747
474	274	0.999975
474	281	0.999618
474	341	0.999997
474	160	0.999913
474	275	0.99964
474	128	0.999482
474	365	0.999553
474	153	0.999826
474	424	0.999889
474	153	0.999605
474	256	0.999559
474	351	0.999618
474	410	0.999797
474	178	0.999633
474	472	0.99992
474	205	0.999456
474	326	0.999812
474	148	0.999597
474	415	0.99948
474	453	0.999638
474	412	0.999621
474	150	0.999895
474	424	0.999851
474	236	0.999818
474	362	0.999647
474	278	0.999843
474	172	0.999886
474	145	0.999475
474	431	0.999822
474	186	0.999901
474	422	0.999412
474	430	0.999623
474	213	0.99977
474	412	0.999576
474	420	0.999402
474	324	0.999902
474	409	0.999553
474	256	0.99984
474	358	0.999533
474	399	0.999446
474	330	0.999443
474	436	0.999821
474	403	0.999533
474	450	0.99991
474	120	0.999895
474	245	0.999975
474	265	0.999745
474	443	0.999544
474	338	0.999649
474	297	0.99956
474	235	0.999537
474	298	0.999422
474	243	0.999608
474	139	0.99974
474	436	0.999763
474	436	0.999688
474	404	0.999645
474	407	0.999666
474	306	0.999969
474	308	0.999776
474	243	0.999751
474	140	0.999411
474	237	0.999776
474	259	0.999887
474	285	0.999858
474	190	0.999481
474	130	0.999985
474	345	0.999415
474	146	0.999599
474	297	0.999647
474	119	0.999981
474	146	0.999864
474	353	0.99948
474	207	0.999669
474	438	0.999655
474	393	0.999647
474	247	0.999809
474	123	0.999479
474	300	0.999841
474	332	0.999401
474	133	0.999713
474	396	0.999737
474	421	0.999921
474	181	0.999583
474	175	0.999794
474	248	0.999915
474	187	0.999794
474	340	0.999822
474	396	0.999942
474	145	0.999503
474	434	0.999968
474	307	0.999867
474	227	0.99969
474	366	0.99941
474	333	0.999714
474	330	0.999999
474	206	0.999718
474	203	0.99942
474	389	0.999928
474	192	0.999642
474	379	0.999757
474	260	0.999903
474	199	0.99971
474	315	0.999788
474	470	0.999448
474	253	0.999782
474	180	0.999938
474	355	0.999762
474	363	0.9995
474	344	0.999692
474	468	0.999579
474	414	0.999978
474	317	0.999784
474	251	0.999958
474	262	0.999644
474	154	0.999985
474	262	0.999518
474	260	0.99995
474	344	0.9998
474	372	0.999746
474	170	0.99984
474	232	0.999994
474	438	0.999672
474	208	0.999827
474	178	0.999629
474	195	0.999871
474	167	0.999921
474	297	0.999805
474	321	0.999425
474	224	0.999685
474	126	0.999882
474	439	0.999922
474	364	0.999644
474	359	0.999529
474	370	0.999567
474	274	0.999908
474	337	0.99955
474	282	0.999949
474	337	0.999733
474	268	0.999706
474	343	0.999559
474	164	0.999629
474	133	0.999512
474	320	0.999751
474	232	0.999752
474	419	0.999786
474	224	0.999609
474	201	0.99994
474	162	0.999558
474	132	0.999581
474	384	0.999861
474	448	0.999794
474	192	0.999739
474	352	0.999412
474	333	0.999474
474	462	0.999886
474	139	0.999606
474	133	0.99983
474	237	0.999589
474	457	0.999529
474	311	0.999771
474	335	0.999906
474	316	0.999388
474	139	0.999394
474	395	0.999381
474	223	0.999473
474	152	0.999802
474	354	0.999664
474	406	0.999716
474	207	0.999541
474	396	0.999514
474	309	0.99985
474	212	0.99971
474	144	0.999389
474	375	0.999908
474	294	0.999908
474	346	0.999561
474	400	0.999962
474	159	0.999575
474	454	0.999586
474	271	0.999478
474	315	0.999762
474	162	0.999827
474	323	0.999461
474	255	0.999699
474	144	0.999426
474	231	0.999823
474	450	0.999394
474	131	0.999927
474	287	0.999962
474	325	0.999627
474	124	0.999811
474	125	0.999537
474	144	0.999781
474	351	0.999794
474	124	0.99946
474	208	0.999533
474	130	0.999866
474	173	0.999874
474	428	0.999754
474	294	0.999955
474	144	0.999415
474	256	0.999902
474	366	0.999943
474	469	0.999413
474	459	0.999759
474	328	0.999673
474	301	0.99977
474	171	0.999981
474	464	0.999655
474	225	0.999605
474	148	0.999975
474	266	0.999563
474	299	0.999991
474	130	0.999618
474	289	0.999409
474	307	0.999498
474	394	0.999858
474	279	0.999644
474	207	0.999927
474	339	0.999715
474	459	0.999647
474	146	0.999915
474	389	0.999555
474	127	0.999983
474	357	0.99963
474	257	0.999882
474	436	0.999858
474	353	0.999817
474	140	0.999965
474	322	0.999642
474	369	0.999491
474	343	0.999954
474	272	0.999893
474	162	0.999561
474	351	0.999496
474	222	0.999578
474	249	0.99994
474	182	0.999715
474	373	0.999975
474	165	0.999452
474	462	0.999644
474	259	0.99981
474	332	0.999892
474	289	0.99962
474	253	0.999723
474	136	0.999656
474	329	0.999956
474	213	0.9999
474	256	0.999445
474	218	0.999622
474	261	0.999849
474	432	0.999965
474	205	0.999436
474	276	0.999667
474	372	0.999435
474	442	0.999637
474	252	0.999888
474	212	0.999697
474	287	0.999642
474	381	0.999519
474	457	0.999738
474	392	0.999685
474	365	0.999753
474	148	0.999931
474	342	0.999537
474	224	0.999588
474	428	0.999726
474	212	0.999631
474	429	0.99975
474	202	0.999436
474	172	0.999806
474	277	0.999776
474	381	0.999878
474	239	0.999779
474	196	0.999601
474	212	0.999456
474	299	0.999475
474	240	0.999889
474	303	0.999895
474	258	0.99953
474	280	0.99969
474	259	0.999679
474	299	0.9999
474	160	0.999739
474	389	0.999681
474	360	0.999967
474	182	0.999475
474	469	0.999711
474	215	0.999568
474	282	0.999504
474	451	0.999605
474	188	0.999581
474	221	0.999662
474	275	0.999656
474	290	0.999544
474	279	0.999583
474	360	0.999531
474	191	0.99971
474	376	0.999494
474	269	0.999715
474	409	0.99962
474	459	0.99975
474	397	0.999662
474	229	0.999575
474	238	0.999879
474	427	0.999692
474	428	0.999965
474	406	0.999913
474	444	0.999604
474	165	0.999485
474	343	0.99984
474	326	0.99968
474	470	0.999991
474	175	0.99939
474	373	0.999529
474	431	0.999713
474	148	0.999963
474	208	0.999432
474	137	0.999563
474	423	0.999867
474	217	0.999483
474	460	0.999793
474	164	0.999975
474	450	0.999771
474	425	0.999682
474	204	0.9998
474	408	0.999952
474	436	0.999742
474	459	0.999656
474	294	0.999479
474	243	0.999978
474	134	0.999892
474	369	0.999555
474	194	0.999963
474	355	0.999666
474	373	0.999562
474	367	0.999596
474	427	0.999602
474	460	0.999699
474	403	0.999415
474	428	0.999508
474	253	0.999871
474	124	0.999612
474	416	0.999878
474	358	0.999649
474	354	0.9994
474	419	0.999725
474	313	0.999544
474	135	0.999994
474	372	0.999518
474	159	0.999936
474	338	0.999926
474	396	0.99948
474	339	0.999388
474	430	0.999679
474	457	0.999593
474	431	0.999638
474	406	0.999715
474	220	0.99976
474	205	0.999958
474	257	0.999403
474	230	0.999469
474	435	0.999889
474	305	0.999716
474	184	0.999868
474	456	0.999788
474	266	0.999607
474	142	0.999717
474	194	0.999666
474	346	0.99969
474	397	0.999721
474	119	0.999704
474	209	0.999853
474	469	0.999829
474	434	0.999618
474	454	0.999416
474	256	0.999613
474	452	0.999658
474	467	0.99991
474	246	0.999649
474	366	0.999941
474	356	0.999752
474	453	0.999761
474	336	0.999382
474	274	0.999882
474	142	0.999785
474	139	0.999638
474	390	0.999898
474	399	0.999856
474	458	0.999492
474	425	0.999954
474	320	0.999685
474	414	0.999701
474	347	0.999657
474	363	0.999496
474	422	0.99946
474	241	0.999812
474	451	0.999397
474	228	0.999985
474	419	0.999415
474	468	0.999891
474	340	0.999873
474	298	0.999702
474	445	0.999875
474	150	0.999542
474	194	0.999406
474	258	0.999816
474	257	0.999658
474	146	0.999853
474	451	0.999562
474	219	0.999749
474	363	0.999962
474	210	0.999962
474	331	0.999552
474	170	0.999672
474	270	0.999902
474	460	0.999633
474	286	0.999552
474	124	0.999571
474	189	0.999437
474	199	0.999703
474	239	0.999498
474	447	0.999584
474	166	0.999786
474	346	0.999734
474	328	0.999794
474	124	0.999513
474	329	0.999909
474	282	0.999622
474	291	0.999474
474	464	0.999997
474	393	0.999453
474	389	0.999708
474	414	0.999436
474	352	0.999807
474	467	0.999999
474	203	0.99958
474	453	0.999562
474	452	0.9996
474	438	0.999413
474	272	0.999599
474	397	0.999923
474	282	0.999494
474	258	0.999831
474	191	0.999392
474	203	0.999413
474	197	0.999534
474	275	0.999731
474	147	0.999569
474	287	0.999542
474	262	0.999459
474	355	0.999802
474	144	0.999576
474	178	0.999532
474	245	0.999613
474	370	0.999458
474	324	0.999957
474	191	0.999607
474	254	0.999612
474	214	0.999503
474	226	0.999744
474	437	0.999994
474	358	0.999805
474	290	0.999568
474	453	0.999741
474	206	0.999952
474	331	0.99953
474	192	0.99992
474	338	0.999412
474	429	0.999706
474	298	0.99978
474	177	0.999739
474	272	0.99944
474	332	0.999464
474	248	0.999848
474	140	0.999845
474	361	0.99977
474	425	0.999417
474	266	0.999927
474	175	0.999788
474	221	0.999697
474	413	0.999595
474	338	0.999841
474	283	0.99981
474	311	0.999849
474	322	0.999879
474	167	0.999816
474	421	0.999687
474	441	0.999575
474	437	0.999389
474	263	0.999843
474	253	0.999967
474	434	0.999393
474	392	0.999805
474	134	0.999685
474	264	0.999919
474	464	0.999904
474	278	0.999654
474	263	0.999679
474	420	0.999815
474	444	0.999474
474	198	0.999885
474	426	0.999805
474	452	0.999833
474	330	0.999698
474	367	0.999412
474	330	0.999993
474	198	0.999499
474	380	0.99971
474	391	0.999892
474	181	0.999617
474	307	0.999892
474	309	0.999705
474	228	0.999686
474	242	0.999749
474	209	0.999467
474	153	0.999536
474	394	0.999448
474	204	0.999872
474	247	0.999959
474	213	0.999693
474	459	0.999779
474	415	0.999884
474	312	0.99945
474	368	0.999547
474	223	0.999537
474	207	0.999989
474	132	0.999467
474	434	0.999751
474	363	0.999839
474	371	0.999563
474	221	0.999849
474	467	0.999427
474	313	0.999813
474	333	0.999445
474	282	0.999709
474	402	0.999869
474	463	0.999398
474	155	0.999609
474	432	0.999721
474	424	0.999794
474	228	0.99943
474	352	0.999924
474	438	0.999676
474	336	0.999994
474	208	0.999654
474	471	0.999689
474	206	0.999956
474	454	0.999384
474	120	0.999841
474	364	0.999781
474	313	0.999407
474	207	0.999764
474	252	0.999753
474	342	0.999734
474	421	0.99985
474	232	0.999513
474	370	0.99948
474	240	0.999763
474	268	0.999708
474	440	0.999657
474	225	0.999975
474	268	0.999751
474	149	0.999788
474	472	0.999533
474	294	0.999858
474	161	0.999505
474	168	0.999814
474	168	0.999789
474	343	0.999594
474	188	0.999807
474	316	0.999706
474	185	0.999894
474	356	0.999435
474	337	0.99977
474	346	0.999781
474	195	0.999968
474	460	0.999936
474	378	0.999571
474	407	0.999897
474	282	0.999549
474	221	0.999724
474	181	0.999386
474	142	0.999607
474	277	0.999741
474	402	0.999546
474	227	0.999609
474	355	0.999905
474	383	0.99967
474	256	0.999744
474	294	0.999463
474	162	0.999788
474	326	0.999629
474	410	0.99996
474	292	0.999753
474	432	0.999423
474	234	0.999962
474	338	0.999745
474	462	0.99993
474	203	0.999468
474	429	0.999828
474	345	0.999591
474	189	0.999482
474	122	0.999704
474	417	0.999794
474	172	0.999994
474	146	0.999536
474	296	0.999382
474	239	0.999572
474	400	0.999451
474	314	0.999524
474	405	0.999782
474	290	0.999604
474	383	0.999483
474	262	0.999674
474	218	0.999766
474	170	0.999776
474	284	0.999589
474	278	0.999706
474	232	0.999817
474	294	0.999952
474	372	0.99955
474	143	0.999708
474	239	0.999564
474	358	0.999696
474	227	0.999437
474	340	0.999962
474	286	0.999475
474	403	0.999866
474	119	0.999717
474	123	0.999804
474	234	0.999791
474	386	0.999509
474	189	0.999854
474	330	0.999472
474	310	0.99981
474	440	0.99974
474	395	0.999849
474	390	0.999502
474	309	0.999422
474	264	0.999969
474	221	0.999906
474	456	0.999479
474	349	0.999843
474	276	0.999627
474	314	0.999633
474	340	0.99984
474	326	0.999601
474	376	0.999671
474	251	0.999778
474	452	0.999664
474	309	0.999774
474	457	0.999944
474	309	0.999946
474	142	0.999493
474	256	0.99985
474	394	0.999489
474	377	0.999532
474	321	0.99939
474	263	0.999822
474	391	0.999389
474	213	0.999869
474	243	0.999467
474	212	0.999594
474	241	0.999614
474	403	0.999984
474	187	0.999893
474	235	0.999541
474	163	0.999509
474	396	0.999661
474	402	0.999391
474	310	0.99956
474	384	0.999625
474	248	0.999628
474	194	0.999976
474	260	0.999762
474	323	0.999905
474	268	0.999757
474	350	0.999381
474	225	0.999762
474	321	0.999604
474	347	0.999489
474	203	0.999848
474	265	0.999809
474	257	0.99984
474	260	0.999648
474	170	0.999516
474	235	0.999493
474	416	0.999667
474	156	0.999653
474	175	0.999859
474	393	0.999966
474	188	0.99992
474	291	0.99985
474	257	0.999498
474	266	0.999895
474	119	0.999676
474	157	0.999989
474	137	0.999848
474	409	0.999895
474	230	0.999455
474	136	0.999469
474	129	0.999927
474	324	0.999611
474	181	0.999915
474	281	0.999845
474	468	0.999954
474	154	0.999929
474	422	0.999564
474	350	0.999454
474	172	0.999968
474	157	0.99998
474	165	0.999764
474	183	0.999698
474	381	0.999716
474	387	0.999411
474	326	0.999519
474	455	0.999824
474	395	0.999961
474	225	0.999615
474	231	0.99966
474	299	0.999544
474	197	0.99998
474	363	0.99968
474	361	0.999568
474	363	0.999647
474	281	0.999653
474	397	0.999696
474	175	0.999895
474	394	0.999409
474	167	0.999453
474	413	0.999794
474	199	0.999417
474	194	0.999889
474	469	0.99942
474	353	0.999389
474	306	0.999814
474	421	0.999955
474	417	0.999401
474	224	0.999626
474	129	0.999524
474	368	0.999501
474	441	0.999553
