5000
193	88	0.999916
193	158	0.999941
193	110	0.999939
193	113	0.999825
193	141	0.999934
193	94	0.999971
193	119	0.999622
193	106	0.999956
193	135	0.999755
193	191	0.999768
193	115	0.999989
193	155	0.999803
193	81	0.999645
193	68	0.999691
193	109	0.99986
193	101	0.999823
193	66	0.999677
193	99	0.999878
193	165	0.999685
193	89	0.999702
193	65	0.999725
193	81	0.999764
193	163	0.999721
193	168	0.999572
193	190	0.999766
193	190	0.999652
193	78	0.999677
193	166	0.999632
193	96	0.999946
193	77	0.999783
193	171	0.99961
193	169	0.999625
193	75	0.999756
193	96	0.999581
193	190	0.99991
193	169	0.999713
193	188	0.999944
193	169	0.999612
193	186	0.999599
193	72	0.999566
193	96	0.999849
193	150	0.999893
193	157	0.99978
193	147	0.999727
193	158	0.999821
193	121	0.999991
193	66	0.999726
193	96	0.99996
193	76	0.999627
193	135	0.99993
193	66	0.999554
193	167	0.999543
193	158	0.999671
193	172	0.999833
193	159	0.999741
193	113	0.99969
193	99	0.999571
193	102	0.999827
193	110	0.999615
193	84	0.999717
193	88	0.999828
193	112	0.999931
193	74	0.999964
193	89	0.999963
193	166	0.999803
193	136	0.999986
193	137	0.999583
193	178	0.999663
193	147	0.999585
193	184	0.999991
193	177	0.9998
193	115	0.999822
193	80	0.999962
193	124	0.999963
193	185	0.999659
193	170	0.99986
193	129	0.99998
193	159	0.999904
193	147	0.999988
193	192	0.999905
193	150	0.999692
193	126	0.999611
193	128	0.999816
193	169	0.999924
193	89	0.999987
193	155	0.999561
193	62	0.999716
193	67	0.999852
193	167	0.999689
193	85	0.999611
193	131	0.999698
193	66	0.999753
193	113	0.999568
193	70	0.999548
193	106	0.999566
193	182	0.999832
193	118	0.999751
193	139	0.999727
193	181	0.999897
193	160	0.999752
193	90	0.999618
193	108	0.999575
193	122	0.999568
193	183	0.999817
193	178	0.999586
193	166	0.999872
193	187	0.999918
193	129	0.999858
193	83	0.999962
193	105	0.999881
193	187	0.999699
193	187	0.999745
193	154	0.999608
193	82	0.999554
193	192	0.999777
193	147	0.999641
193	166	0.999978
193	62	0.999795
193	134	0.999702
193	145	0.999678
193	118	0.999786
193	121	0.999781
193	92	0.999642
193	67	0.999985
193	126	0.999892
193	146	0.999735
193	129	0.999811
193	154	0.999922
193	68	0.99971
193	69	0.999946
193	129	0.999806
193	181	0.999941
193	93	0.999772
193	175	0.999779
193	169	0.999656
193	145	0.999665
193	118	0.999973
193	87	0.999691
193	102	0.999768
193	182	0.999608
193	88	0.999552
193	91	0.999924
193	87	0.999804
193	188	0.999758
193	64	0.999751
193	136	0.999897
193	190	0.999552
193	63	0.999601
193	136	0.999747
193	173	0.999752
193	68	0.999943
193	192	0.999974
193	167	0.999822
193	96	0.999573
193	78	0.999986
193	73	0.999956
193	132	0.999753
193	162	0.999746
193	150	0.999687
193	124	0.999572
193	129	0.999713
193	146	0.999758
193	95	0.999738
193	148	0.99962
193	105	0.999949
193	165	0.99972
193	96	0.999648
193	144	0.999984
193	63	0.999686
193	192	0.999613
193	165	0.999855
193	169	0.999601
193	72	0.999945
193	84	0.99984
193	141	0.999806
193	167	0.999588
193	84	0.999773
193	146	0.999847
193	97	0.999991
193	166	0.99993
193	87	0.999762
193	112	0.999628
193	145	0.99965
193	94	0.999593
193	110	0.999738
193	180	0.999879
193	90	0.999865
193	93	0.999746
193	190	0.999602
193	177	0.999689
193	187	0.99986
193	178	0.999707
193	131	0.999729
193	81	0.999778
193	154	0.999564
193	103	0.99996
193	111	0.999886
193	63	0.999548
193	92	0.999607
193	184	0.999957
193	117	0.999782
193	162	0.999869
193	72	0.999658
193	191	0.999942
193	127	0.999901
193	179	0.999629
193	70	0.999655
193	177	0.999833
193	165	0.999935
193	170	0.999902
193	177	0.999876
193	100	0.999583
193	65	0.999674
193	186	0.999607
193	98	0.999797
193	79	0.999783
193	84	0.99957
193	109	0.99992
193	109	0.999913
193	123	0.999662
193	102	0.999803
193	86	0.999792
193	120	0.999639
193	150	0.999773
193	145	0.999869
193	143	0.999689
193	97	0.9998
193	70	0.999827
193	150	0.999738
193	152	0.999784
193	156	0.999553
193	181	0.999598
193	109	0.999896
193	157	0.999803
193	143	0.999736
193	84	0.999694
193	66	0.999752
193	65	0.99971
193	100	0.999781
193	65	0.999858
193	102	0.999703
193	125	0.999719
193	153	0.999897
193	87	0.999898
193	93	0.999782
193	62	0.999852
193	191	0.999898
193	176	0.999573
193	119	0.99987
193	168	0.999898
193	62	0.999878
193	142	0.999553
193	107	0.999739
193	175	0.999924
193	160	0.999672
193	95	0.99956
193	86	0.999714
193	95	0.999571
193	85	0.999803
193	84	0.999668
193	185	0.99965
193	167	0.999866
193	69	0.999645
193	80	0.999877
193	120	0.999848
193	98	0.999716
193	188	0.999549
193	62	0.999784
193	77	0.999566
193	70	0.999763
193	160	0.999961
193	145	0.999712
193	154	0.999984
193	145	0.99998
193	127	0.99989
193	166	0.999948
193	101	0.999861
193	181	0.999609
193	136	0.999575
193	162	0.999997
193	111	0.999672
193	130	0.999804
193	124	0.99995
193	114	0.999729
193	160	0.999644
193	178	0.999659
193	173	0.999798
193	117	0.99972
193	141	0.999634
193	106	0.999625
193	83	0.999914
193	68	0.999786
193	123	0.999893
193	99	0.99963
193	158	0.999702
193	136	0.999684
193	165	0.999581
193	183	0.999966
193	155	0.999862
193	108	0.999585
193	185	0.999932
193	91	0.999902
193	161	0.999811
193	152	0.999679
193	97	0.999569
193	190	0.999579
193	169	0.99971
193	176	0.999746
193	182	0.999702
193	181	0.999596
193	68	0.999872
193	143	0.999593
193	131	0.999814
193	161	0.999978
193	125	0.999951
193	180	0.99971
193	152	0.999654
193	178	0.99966
193	133	0.999715
193	159	0.999929
193	99	0.999728
193	137	0.999581
193	90	0.99983
193	178	0.999724
193	113	0.999723
193	104	0.999567
193	185	0.999875
193	79	0.999663
193	98	0.999888
193	103	0.99975
193	175	0.99979
193	168	0.999636
193	101	0.999919
193	97	0.999706
193	144	0.999673
193	119	0.999761
193	157	0.999607
193	93	0.999997
193	117	0.999947
193	82	0.99985
193	133	0.99979
193	63	0.999977
193	129	0.99963
193	121	0.999903
193	149	0.999772
193	133	0.999952
193	160	0.999995
193	174	0.999593
193	131	0.999834
193	121	0.999847
193	73	0.999885
193	160	0.999729
193	137	0.999739
193	148	0.99983
193	182	0.999851
193	98	0.99992
193	184	0.99997
193	162	0.999865
193	123	0.999745
193	141	0.99962
193	129	0.999652
193	147	0.999819
193	143	0.999579
193	141	0.999587
193	113	0.99991
193	155	0.999647
193	171	0.999548
193	191	0.999663
193	151	0.999909
193	125	0.999886
193	66	0.999735
193	130	0.999841
193	88	0.999888
193	168	0.999611
193	167	0.999771
193	73	0.999888
193	164	0.99984
193	87	0.999695
193	107	0.999569
193	96	0.999857
193	144	0.9999
193	179	0.999761
193	77	0.999731
193	190	0.999688
193	65	0.999675
193	102	0.99966
193	116	0.999657
193	74	0.999941
193	63	0.999695
193	116	0.999957
193	192	0.999575
193	72	0.999847
193	109	0.999698
193	170	0.999978
193	117	0.99976
193	152	0.999891
193	80	0.999654
193	129	0.99969
193	88	0.999768
193	83	0.999863
193	86	0.999783
193	106	0.999847
193	105	0.999559
193	180	0.999888
193	122	0.999765
193	176	0.9998
193	139	0.999589
193	130	0.999978
193	146	0.999724
193	63	0.999965
193	175	0.999956
193	185	0.999551
193	62	0.999968
193	111	0.999994
193	75	0.999811
193	182	0.999588
193	159	0.999616
193	108	0.999558
193	76	0.999662
193	140	0.99996
193	146	0.999835
193	116	0.999889
193	146	0.999692
193	191	0.99975
193	175	0.999728
193	153	0.999628
193	169	0.999983
193	114	0.999606
193	110	0.999808
193	82	0.999973
193	105	0.999554
193	176	0.999622
193	101	0.999924
193	104	0.999885
193	105	0.999646
193	107	0.999703
193	144	0.999914
193	89	0.99974
193	76	0.999577
193	158	0.999726
193	108	0.999561
193	169	0.999634
193	163	0.999745
193	156	0.999998
193	117	0.999714
193	143	0.999704
193	64	0.999795
193	99	0.999968
193	143	0.999646
193	148	0.999656
193	68	0.999774
193	132	0.999707
193	162	0.999807
193	88	0.999769
193	143	0.999919
193	151	0.99984
193	88	0.999549
193	81	0.999785
193	63	0.999861
193	178	0.999967
193	107	0.999581
193	155	0.999671
193	169	0.999946
193	125	0.999558
193	137	0.999701
193	144	0.999989
193	91	0.999729
193	88	0.999629
193	187	0.999871
193	120	0.99974
193	144	0.999933
193	64	0.999689
193	133	0.999812
193	177	0.999689
193	152	0.999988
193	86	0.999723
193	93	0.99996
193	87	0.999656
193	69	0.999566
193	75	0.999685
193	112	0.999797
193	109	0.999788
193	127	0.999859
193	114	0.999714
193	170	0.999545
193	64	0.999681
193	125	0.999952
193	98	0.99961
193	138	0.999952
193	167	0.999644
193	112	0.999698
193	176	0.999671
193	105	0.999754
193	153	0.999968
193	192	0.999821
193	75	0.99985
193	149	0.999779
193	182	0.999671
193	102	0.999937
193	186	0.999764
193	118	0.999547
193	152	0.999881
193	130	0.999729
193	174	0.999853
193	149	0.999594
193	107	0.999628
193	100	0.999565
193	192	0.999861
193	156	0.99982
193	75	0.999989
193	134	0.999696
193	92	0.999745
193	108	0.999896
193	107	0.999741
193	93	0.999694
193	117	0.999859
193	183	0.999969
193	177	0.999595
193	146	0.999573
193	163	0.999778
193	65	0.999629
193	64	0.999937
193	166	0.999581
193	176	0.999974
193	76	0.999887
193	121	0.999587
193	166	0.999786
193	153	0.999802
193	125	0.999897
193	138	0.999717
193	78	0.999862
193	62	0.999567
193	149	0.999727
193	134	0.999757
193	96	0.999889
193	133	0.999787
193	160	0.999673
193	183	0.999842
193	123	0.999999
193	81	0.999708
193	133	0.999889
193	118	0.999791
193	182	0.999802
193	128	0.999975
193	124	0.999816
193	141	0.99972
193	133	0.999638
193	146	0.999696
193	134	0.999654
193	145	0.999928
193	88	0.999659
193	182	0.999767
193	183	0.999711
193	130	0.999892
193	140	0.9998
193	81	0.999973
193	98	0.999657
193	179	0.999852
193	120	0.999811
193	104	0.999549
193	187	0.999768
193	141	0.999579
193	82	0.999965
193	73	0.999995
193	182	0.999934
193	160	0.999559
193	148	0.999606
193	165	0.999779
193	173	0.999634
193	65	0.99983
193	85	0.99974
193	84	0.999667
193	172	0.999631
193	192	0.999783
193	126	0.999626
193	96	0.999727
193	122	0.9997
193	184	0.999885
193	113	0.999619
193	74	0.999606
193	147	0.999723
193	129	0.999828
193	79	0.999875
193	94	0.999916
193	90	0.999787
193	116	0.999633
193	100	0.999787
193	163	0.999693
193	180	0.99965
193	70	0.999946
193	133	0.999913
193	100	0.999785
193	131	0.999953
193	175	0.999645
193	155	0.999761
193	93	0.999729
193	152	0.999819
193	69	0.999839
193	78	0.999883
193	126	0.999871
193	129	0.999888
193	187	0.999687
193	88	0.999893
193	184	0.999577
193	89	0.999719
193	146	0.999659
193	86	0.999904
193	192	0.99983
193	174	0.99993
193	169	0.999776
193	110	0.999817
193	167	0.999982
193	166	0.999856
193	176	0.999652
193	105	0.999923
193	85	0.999544
193	100	0.999579
193	101	0.999846
193	155	0.999764
193	133	0.999603
193	133	0.999565
193	180	0.999758
193	138	0.999716
193	137	0.999984
193	178	0.999937
193	159	0.999737
193	167	0.999692
193	188	0.999955
193	75	0.999555
193	169	0.999931
193	154	0.999719
193	184	0.999966
193	113	0.999711
193	181	0.999614
193	143	0.9999
193	63	0.999971
193	88	0.999725
193	63	0.999897
193	64	0.999599
193	148	0.999963
193	78	0.999614
193	181	0.999989
193	126	0.999804
193	77	0.999672
193	70	0.999779
193	171	0.99972
193	118	0.999935
193	130	0.999791
193	140	0.999795
193	78	0.999935
193	77	0.99968
193	97	0.999838
193	178	0.99994
193	102	0.99964
193	126	0.999719
193	181	0.999589
193	63	0.999563
193	73	0.999667
193	152	0.999998
193	65	0.999556
193	124	0.999808
193	101	0.999948
193	134	0.999568
193	151	0.999574
193	152	0.99975
193	138	0.999739
193	172	0.999595
193	64	0.999777
193	84	0.999801
193	163	0.999825
193	116	0.999968
193	185	0.999752
193	152	0.999679
193	126	0.999988
193	78	0.999838
193	183	0.999975
193	116	0.999778
193	69	0.999676
193	84	0.999773
193	79	0.999582
193	177	0.999582
193	158	0.999662
193	168	0.999843
193	158	0.999561
193	101	0.999975
193	166	0.999554
193	68	0.999801
193	96	0.999812
193	87	0.999678
193	164	0.999778
193	66	0.999719
193	184	0.999662
193	157	0.999717
193	66	0.999874
193	86	0.999928
193	72	0.999784
193	71	0.999896
193	79	0.999687
193	160	0.999699
193	173	0.999907
193	80	0.999795
193	162	0.999574
193	191	0.99979
193	86	0.999862
193	115	0.999702
193	178	0.999692
193	65	0.999918
193	152	0.999882
193	107	0.999976
193	100	0.999851
193	91	0.999851
193	191	0.99995
193	129	0.999591
193	151	0.999547
193	129	0.999623
193	104	0.999852
193	152	0.999741
193	128	0.999912
193	148	0.999793
193	169	0.99971
193	166	0.9998
193	106	0.999992
193	146	0.999579
193	139	0.999861
193	169	0.999834
193	165	0.999703
193	179	0.999638
193	122	0.999945
193	180	0.999744
193	159	0.999648
193	118	0.999722
193	126	0.999884
193	163	0.999953
193	75	0.999623
193	129	0.999825
193	155	0.999599
193	174	0.999697
193	179	0.999543
193	76	0.999641
193	171	0.999563
193	141	0.999987
193	113	0.999816
193	82	0.999822
193	74	0.999792
193	76	0.999852
193	81	0.999806
193	153	0.999579
193	91	0.999587
193	133	0.999914
193	165	0.99994
193	86	0.999687
193	103	0.999908
193	114	0.999822
193	64	0.999676
193	167	0.999708
193	164	0.999563
193	132	0.999773
193	188	0.999662
193	135	0.999837
193	177	1
193	62	0.999925
193	102	0.99956
193	73	0.999715
193	192	0.999772
193	161	0.999664
193	181	0.999711
193	162	0.999913
193	140	0.999946
193	171	0.999751
193	167	0.999883
193	176	0.999574
193	104	0.999881
193	62	0.999761
193	85	0.999846
193	183	0.999685
193	155	0.999987
193	176	0.999964
193	89	0.999607
193	176	0.999751
193	168	0.99959
193	180	0.999555
193	140	0.999968
193	72	0.999608
193	103	0.999616
193	137	0.999882
193	147	0.999571
193	125	0.999557
193	65	0.999625
193	186	0.99962
193	112	0.999571
193	78	0.999823
193	178	0.999887
193	90	0.999691
193	156	0.999796
193	79	0.999553
193	99	0.999877
193	158	0.999628
193	104	0.999659
193	99	0.999552
193	77	0.999627
193	151	0.999899
193	152	0.99978
193	72	0.999869
193	87	0.999932
193	92	0.999827
193	75	0.99976
193	88	0.999706
193	146	0.999758
193	132	0.999611
193	144	0.999967
193	78	0.999732
193	126	0.9997
193	156	0.999799
193	71	0.999994
193	144	0.999839
193	131	0.999928
193	76	0.999818
193	192	0.999724
193	111	0.99965
193	169	0.999769
193	104	0.999616
193	106	0.999952
193	87	0.999767
193	134	0.999859
193	153	0.999852
193	120	0.999681
193	159	0.999813
193	155	0.999639
193	89	0.999979
193	72	0.999633
193	121	0.999968
193	134	0.999942
193	142	0.999933
193	181	0.999911
193	126	0.999847
193	171	0.999639
193	165	0.999673
193	191	0.999887
193	67	0.999735
193	66	0.999812
193	140	0.999767
193	154	0.999872
193	140	0.999856
193	184	0.9997
193	123	0.999813
193	69	0.999737
193	99	0.999815
193	154	0.99972
193	105	0.999668
193	162	0.999645
193	173	0.999908
193	144	0.999913
193	110	0.999983
193	71	0.999776
193	89	0.99985
193	125	0.999633
193	158	0.999609
193	190	0.999596
193	102	0.99987
193	135	0.999595
193	120	0.999701
193	102	0.999608
193	172	0.999753
193	65	0.999577
193	117	0.999957
193	175	0.999934
193	106	0.999679
193	126	0.99958
193	104	0.999886
193	79	0.999995
193	157	0.999753
193	73	0.999724
193	83	0.999811
193	117	0.999822
193	73	0.999755
193	184	0.999891
193	120	0.999578
193	173	0.99957
193	140	0.999622
193	142	0.999805
193	110	0.999703
193	72	0.99991
193	91	0.99974
193	70	0.99959
193	174	0.999568
193	100	0.999991
193	160	0.999549
193	93	0.999958
193	74	0.999641
193	163	0.999732
193	170	0.99976
193	180	0.999888
193	135	0.999695
193	86	0.999662
193	102	0.999747
193	112	0.999607
193	138	0.999867
193	115	0.999563
193	147	0.99963
193	75	0.999763
193	86	0.999563
193	129	0.999691
193	121	0.999968
193	173	0.999821
193	188	0.999671
193	179	0.999971
193	132	0.999756
193	91	0.999791
193	111	0.999885
193	119	0.999754
193	102	0.999769
193	145	0.99999
193	133	0.999824
193	123	0.999694
193	192	0.999899
193	80	0.999914
193	116	0.999639
193	108	0.999922
193	68	0.999715
193	139	0.999902
193	67	0.999811
193	188	0.999606
193	96	0.999938
193	96	0.999856
193	126	0.999606
193	155	0.999881
193	165	0.999939
193	162	0.999936
193	140	0.999859
193	100	0.999561
193	78	0.999769
193	116	0.99986
193	142	0.999805
193	81	0.999548
193	115	0.9996
193	71	0.999672
193	81	0.999615
193	160	0.999882
193	183	0.999597
193	174	0.999887
193	172	0.999772
193	152	0.999783
193	153	0.999556
193	90	0.999986
193	66	0.999749
193	157	0.999717
193	68	0.999587
193	91	0.99998
193	65	0.999617
193	107	0.999708
193	77	0.999945
193	76	0.999887
193	183	0.999868
193	188	0.99999
193	122	0.999996
193	152	0.999838
193	183	0.999637
193	97	0.99967
193	175	0.999892
193	168	0.999722
193	186	0.999915
193	145	0.999592
193	162	0.999728
193	122	0.999823
193	173	0.999556
193	121	0.999579
193	190	0.999662
193	169	0.999755
193	147	0.999995
193	149	0.999914
193	192	0.999546
193	111	0.999638
193	164	0.999733
193	166	0.999859
193	75	0.999582
193	93	0.999588
193	154	0.999828
193	191	0.999724
193	152	0.999812
193	160	0.999729
193	163	0.999844
193	189	0.999946
193	148	0.999618
193	109	0.999702
193	107	0.999803
193	117	0.999833
193	175	0.999881
193	123	0.999683
193	176	0.999863
193	163	0.999779
193	101	0.99974
193	70	0.999618
193	71	0.999922
193	138	0.999755
193	157	0.999647
193	94	0.999668
193	92	0.999818
193	187	0.999909
193	133	0.999778
193	73	0.999619
193	132	0.999673
193	121	0.999651
193	127	0.999883
193	68	0.999984
193	173	0.999853
193	161	0.999676
193	83	0.999955
193	120	0.99955
193	71	0.999697
193	98	0.999794
193	70	0.999903
193	72	0.999777
193	104	0.999982
193	190	0.999666
193	155	0.999758
193	142	0.999544
193	127	0.999761
193	146	0.999551
193	133	0.999673
193	106	0.999809
193	131	0.999574
193	144	0.999602
193	85	0.999887
193	94	0.999687
193	92	0.999967
193	181	0.999841
193	63	0.999862
193	135	0.999913
193	168	0.999864
193	101	0.999562
193	165	0.999846
193	78	0.999853
193	181	0.999883
193	173	0.999787
193	174	0.999627
193	95	0.999734
193	169	0.999914
193	137	0.999996
193	97	0.999618
193	125	0.999855
193	104	0.999659
193	69	0.999829
193	123	0.999735
193	97	0.999969
193	144	0.999987
193	150	0.999751
193	183	0.999693
193	75	0.999959
193	182	0.999796
193	77	0.999919
193	176	0.999979
193	179	0.999748
193	95	0.999905
193	167	0.999653
193	186	0.999573
193	155	0.999838
193	140	0.999958
193	133	0.99985
193	175	0.999643
193	118	0.999865
193	103	0.999569
193	105	0.999882
193	89	0.999997
193	145	0.999783
193	149	0.999692
193	83	0.999784
193	169	0.999933
193	115	0.99991
193	109	0.999765
193	86	0.999648
193	172	0.99965
193	188	0.999802
193	80	0.999906
193	110	0.999849
193	88	0.999774
193	120	0.999728
193	192	0.999937
193	111	0.999922
193	131	0.999772
193	89	0.999857
193	71	0.999887
193	124	0.999832
193	143	0.999932
193	175	0.999732
193	123	0.999732
193	104	0.999634
193	190	0.999957
193	142	0.999755
193	154	0.999965
193	128	0.999661
193	106	0.99995
193	132	0.999595
193	106	0.999616
193	101	0.99972
193	180	0.99981
193	105	0.999639
193	98	0.999553
193	157	0.999999
193	134	0.999982
193	118	0.9998
193	142	0.999769
193	87	0.999627
193	74	0.99977
193	145	0.999669
193	156	0.999671
193	134	0.99987
193	69	0.999723
193	106	0.999644
193	141	0.999733
193	133	0.999976
193	138	0.999885
193	76	0.999736
193	69	0.999757
193	70	0.999571
193	168	0.999961
193	63	0.999801
193	171	0.999778
193	83	0.999773
193	125	0.999962
193	127	0.999741
193	175	0.999981
193	148	1
193	183	0.999648
193	129	0.999734
193	106	0.999799
193	143	0.999667
193	93	0.999721
193	178	0.999689
193	100	0.999945
193	88	0.999579
193	150	0.999755
193	140	0.999612
193	190	0.9998
193	103	0.9999
193	129	0.999952
193	148	0.999747
193	108	0.999894
193	92	0.999776
193	91	0.999558
193	117	0.999971
193	105	0.99956
193	182	0.99979
193	109	0.999687
193	185	0.99996
193	144	0.999763
193	190	0.999949
193	161	0.999859
193	96	0.999594
193	125	0.999766
193	190	0.999731
193	109	0.999814
193	87	0.999715
193	190	0.999686
193	80	0.99962
193	170	0.999558
193	176	0.999696
193	129	0.999988
193	128	0.999959
193	190	0.999971
193	168	0.999838
193	151	0.999904
193	160	0.999756
193	90	0.999859
193	107	0.999963
193	160	0.999739
193	131	0.999732
193	162	0.999979
193	124	0.999837
193	130	0.999567
193	67	0.999811
193	146	0.999781
193	118	0.999932
193	84	0.999989
193	71	0.999802
193	162	0.999572
193	148	0.999758
193	124	0.999561
193	145	0.999577
193	135	0.999959
193	115	0.999606
193	187	0.99998
193	120	0.999574
193	147	0.999556
193	110	0.999627
193	156	0.999934
193	189	0.999982
193	108	0.999694
193	76	0.999576
193	146	0.999994
193	63	0.9998
193	127	0.999935
193	88	0.99995
193	171	0.999935
193	90	0.999751
193	119	0.999611
193	136	0.999966
193	159	0.999864
193	109	0.99963
193	67	0.999876
193	111	0.9999
193	74	0.999634
193	192	0.999581
193	169	0.999726
193	188	0.999868
193	164	0.999932
193	149	0.999947
193	98	0.999865
193	73	0.999625
193	64	0.999795
193	122	0.999784
193	90	0.999805
193	84	0.999662
193	148	0.999916
193	155	0.999682
193	163	0.999693
193	102	0.999879
193	143	0.999952
193	173	0.999612
193	141	0.999806
193	190	0.999701
193	90	0.999987
193	74	0.99983
193	65	0.999653
193	122	0.999822
193	92	0.999757
193	145	0.999919
193	178	0.999865
193	175	0.999993
193	163	0.999951
193	155	0.999558
193	124	0.999861
193	139	0.999731
193	178	0.999563
193	134	0.999699
193	164	0.999861
193	175	0.999975
193	71	0.999749
193	116	0.999594
193	128	0.999697
193	122	0.999948
193	65	0.999546
193	167	0.99967
193	185	1
193	111	0.999676
193	158	0.999633
193	72	0.999547
193	83	0.999825
193	68	0.999851
193	146	0.999906
193	63	0.999618
193	95	0.999628
193	105	0.999671
193	86	0.999929
193	64	0.999841
193	149	0.999861
193	109	0.999862
193	81	0.999676
193	139	0.999938
193	85	0.999726
193	192	0.999578
193	175	0.999587
193	162	0.999756
193	77	0.999727
193	130	0.999704
193	169	0.999565
193	180	0.999954
193	78	0.999618
193	90	0.999842
193	93	0.999932
193	183	0.999962
193	147	0.999907
193	119	0.999943
193	78	0.99976
193	161	0.999552
193	167	0.999611
193	138	0.999543
193	147	0.999547
193	77	0.999696
193	78	0.999807
193	143	0.99975
193	62	0.99956
193	84	0.999785
193	184	0.999953
193	80	0.999739
193	73	0.999691
193	97	0.999595
193	126	0.999968
193	119	0.999828
193	115	0.999549
193	72	0.999646
193	108	0.999758
193	108	0.999912
193	125	0.999869
193	87	0.999565
193	187	0.999895
193	133	0.999681
193	87	0.999987
193	156	0.999749
193	174	0.99989
193	177	0.999565
193	135	0.999819
193	131	0.999838
193	190	0.999922
193	72	0.999596
193	183	0.999663
193	136	0.999941
193	70	0.999803
193	75	0.999584
193	84	0.999692
193	136	0.999724
193	162	0.999954
193	110	0.999698
193	85	0.999701
193	170	0.999651
193	111	0.999928
193	178	0.999544
193	149	0.999805
193	169	0.999956
193	118	0.999757
193	139	0.999665
193	111	0.999949
193	149	0.999648
193	102	0.99984
193	100	0.99964
193	101	0.999827
193	78	0.999675
193	96	0.999915
193	126	0.999934
193	148	0.999797
193	184	0.999764
193	101	0.999861
193	85	0.999892
193	127	0.999838
193	188	0.999563
193	167	0.999773
193	154	0.999543
193	164	0.999568
193	154	0.999594
193	150	0.999614
193	131	0.999724
193	187	0.999768
193	155	0.999923
193	151	0.999805
193	88	0.999938
193	125	0.999563
193	74	0.999954
193	174	0.99999
193	70	0.999608
193	168	0.999684
193	73	0.999786
193	185	0.999983
193	114	0.999957
193	176	0.999965
193	65	0.999755
193	134	0.999619
193	134	0.999715
193	94	0.999569
193	186	0.999867
193	180	0.999878
193	85	0.999847
193	182	0.999989
193	104	0.999756
193	185	0.999939
193	179	0.999881
193	96	0.999573
193	188	0.999767
193	184	0.999704
193	116	0.999799
193	67	0.999722
193	148	0.999681
193	143	0.999921
193	142	0.999856
193	181	0.999853
193	166	0.999683
193	104	0.999984
193	150	0.999757
193	84	0.99958
193	115	0.999978
193	82	0.99999
193	98	0.999739
193	159	0.99986
193	177	0.999938
193	127	0.999837
193	97	0.9999
193	90	0.99987
193	64	0.999881
193	167	0.999952
193	106	0.999919
193	131	0.999926
193	149	0.999813
193	101	0.999718
193	100	0.999977
193	181	0.999879
193	136	0.999827
193	94	0.999791
193	141	0.99986
193	101	0.999933
193	64	0.999838
193	62	0.999892
193	122	0.999787
193	167	0.999978
193	66	0.99977
193	134	0.99992
193	111	0.999765
193	91	0.999621
193	79	0.999827
193	107	0.999622
193	90	0.999703
193	84	0.999808
193	127	0.999606
193	116	0.999679
193	97	0.999544
193	138	0.999667
193	155	0.999549
193	139	0.999946
193	175	0.999875
193	164	0.999828
193	186	0.999955
193	179	0.999644
193	180	0.999821
193	92	1
193	136	0.999839
193	150	0.999969
193	90	0.999995
193	104	0.999715
193	113	0.999904
193	177	0.999808
193	161	0.999801
193	120	0.999586
193	126	0.999692
193	80	0.999775
193	189	0.999753
193	100	0.999656
193	127	0.99978
193	108	0.999544
193	64	0.999561
193	136	0.999807
193	70	0.999617
193	82	0.999675
193	111	0.99986
193	143	0.999822
193	112	0.999577
193	147	0.999635
193	101	0.999871
193	181	0.999962
193	126	0.999944
193	133	0.999876
193	182	0.999819
193	173	0.999904
193	133	0.999585
193	67	0.999689
193	178	0.999634
193	173	0.999649
193	90	0.999905
193	98	0.999555
193	90	0.999625
193	153	0.999878
193	189	0.999995
193	172	0.999679
193	81	0.999943
193	97	0.999916
193	140	0.999701
193	81	0.999873
193	131	0.999599
193	181	0.999814
193	79	0.999831
193	78	0.99974
193	111	0.999548
193	165	0.999621
193	73	0.999873
193	111	0.999591
193	145	0.999618
193	128	0.999888
193	139	0.999982
193	152	0.999761
193	192	0.999828
193	121	0.999776
193	70	0.999545
193	66	0.999642
193	111	0.999941
193	135	0.99987
193	191	0.999934
193	142	0.999951
193	141	0.999843
193	155	0.999957
193	166	0.999754
193	158	0.999821
193	128	0.999755
193	184	0.999587
193	156	0.999961
193	115	0.999666
193	141	0.999722
193	89	0.999548
193	135	0.999556
193	165	0.99958
193	191	0.999852
193	119	0.999574
193	67	0.999592
193	135	0.999709
193	94	0.999698
193	139	0.999564
193	124	0.999887
193	91	0.999673
193	162	0.999787
193	132	0.999865
193	100	0.999644
193	90	0.999696
193	189	0.999709
193	66	0.999876
193	82	0.999998
193	173	0.999544
193	177	0.99958
193	102	0.999991
193	157	0.999551
193	159	0.999567
193	92	0.999726
193	179	0.999693
193	192	0.999553
193	145	0.999676
193	126	0.999836
193	151	0.999903
193	190	0.999604
193	179	0.999633
193	127	0.999848
193	113	0.999543
193	151	0.999742
193	154	0.999556
193	141	0.999717
193	98	0.999707
193	68	0.999845
193	174	0.999605
193	75	0.999668
193	151	0.999749
193	82	0.999573
193	98	0.999629
193	96	0.999723
193	78	0.999704
193	183	0.999709
193	155	0.99985
193	188	0.999691
193	63	0.99959
193	165	0.999662
193	166	0.999831
193	65	0.999738
193	160	0.999641
193	104	0.99973
193	164	0.99978
193	90	0.999794
193	167	0.99998
193	111	0.999885
193	77	0.999936
193	93	0.999569
193	165	0.999708
193	72	0.999753
193	145	0.99972
193	118	0.999971
193	120	0.999892
193	83	0.999656
193	128	0.999947
193	180	0.999775
193	91	0.999624
193	83	0.99991
193	73	0.999968
193	129	0.999948
193	75	0.999708
193	105	0.999611
193	152	0.999936
193	134	0.999605
193	141	0.999954
193	92	0.999595
193	171	0.999757
193	188	0.999587
193	104	0.999874
193	85	0.999612
193	162	0.999701
193	177	0.999858
193	77	0.999692
193	81	0.999965
193	77	0.999582
193	183	0.999558
193	172	0.999899
193	87	0.999928
193	104	0.999667
193	73	0.999847
193	187	0.999906
193	173	0.99958
193	191	0.999734
193	72	0.999816
193	130	0.999661
193	120	0.99991
193	88	0.999988
193	163	0.999802
193	160	0.999908
193	76	0.999678
193	126	0.999803
193	177	0.999949
193	65	0.999554
193	191	0.99978
193	69	0.999814
193	115	0.999922
193	154	0.999841
193	72	0.999937
193	125	0.999789
193	120	0.99987
193	130	0.999545
193	98	0.999677
193	188	0.999956
193	107	0.999639
193	174	0.999702
193	152	0.999902
193	83	0.999837
193	170	0.999938
193	167	0.999852
193	136	0.99958
193	114	0.999767
193	178	0.99982
193	113	0.999659
193	144	0.999814
193	110	0.999622
193	81	0.999774
193	171	0.999766
193	163	0.999949
193	159	0.999733
193	177	0.999649
193	142	0.999696
193	98	0.999708
193	83	0.999701
193	79	0.999622
193	170	0.999583
193	174	0.999744
193	66	0.99969
193	117	0.999772
193	129	0.999866
193	173	0.999671
193	94	0.999855
193	163	0.999701
193	183	0.999647
193	150	0.999975
193	131	0.999897
193	182	0.999986
193	156	0.999706
193	127	0.999707
193	81	0.999832
193	176	0.999778
193	150	0.999628
193	78	0.999952
193	118	0.999616
193	80	0.999935
193	188	0.999859
193	105	0.999866
193	143	0.999659
193	110	0.999664
193	70	0.999735
193	148	0.999876
193	191	0.999782
193	121	0.999861
193	187	0.999962
193	101	0.999784
193	136	0.99987
193	67	0.999638
193	87	0.999559
193	188	0.999682
193	169	0.999559
193	171	0.999996
193	69	0.999867
193	75	0.999588
193	190	0.999978
193	182	0.999648
193	111	0.999893
193	145	0.999808
193	73	0.999773
193	166	0.999669
193	75	0.999811
193	112	0.99983
193	151	0.999946
193	131	0.999574
193	183	0.999792
193	172	0.999909
193	178	0.999828
193	85	0.999648
193	70	0.99968
193	137	0.999875
193	145	0.999564
193	74	0.999957
193	106	0.999905
193	179	0.999814
193	144	0.999542
193	79	0.999832
193	71	0.999609
193	168	0.99962
193	83	0.999573
193	115	0.999603
193	151	0.999967
193	102	0.999768
193	121	0.999736
193	99	0.999926
193	123	0.999653
193	80	0.999999
193	74	0.999703
193	108	0.999551
193	161	0.999947
193	145	0.999792
193	97	0.999914
193	134	0.999921
193	164	0.999606
193	97	0.999912
193	123	0.999913
193	157	0.999836
193	187	0.999608
193	162	0.999713
193	116	0.99988
193	95	0.999746
193	125	0.999816
193	93	0.999764
193	173	0.999844
193	145	0.999797
193	131	0.999969
193	191	0.999819
193	116	0.999761
193	92	0.999888
193	79	0.999611
193	110	0.999687
193	118	0.999955
193	104	0.9998
193	176	0.999688
193	67	0.999907
193	126	0.999669
193	183	0.999845
193	106	0.999706
193	101	0.999548
193	105	0.99959
193	145	0.999563
193	90	0.999991
193	64	0.999707
193	184	0.999857
193	178	0.999838
193	169	0.999723
193	133	0.999744
193	103	0.99978
193	87	0.999977
193	168	0.999908
193	86	0.999672
193	102	0.999749
193	183	0.999876
193	85	0.999997
193	152	0.999939
193	124	0.999753
193	113	0.999779
193	150	0.999886
193	174	0.999772
193	119	0.999654
193	105	0.999617
193	69	0.999951
193	108	0.999922
193	161	0.999554
193	94	0.999884
193	172	0.999817
193	82	0.999622
193	129	0.999594
193	117	0.999659
193	172	0.999658
193	90	0.999919
193	84	0.999948
193	184	0.999742
193	131	0.999745
193	118	0.999556
193	143	0.999909
193	182	0.999971
193	106	0.999985
193	185	0.999854
193	143	0.999551
193	174	0.999692
193	146	0.999575
193	69	0.999693
193	174	0.99959
193	85	0.999767
193	136	0.999986
193	64	0.999815
193	62	0.999995
193	170	0.999734
193	109	0.999849
193	68	0.999573
193	156	0.999768
193	189	0.999994
193	76	0.99955
193	161	0.999809
193	176	0.999668
193	99	0.999679
193	116	0.999949
193	127	0.999751
193	120	0.99965
193	189	0.9997
193	179	0.999613
193	154	0.999882
193	140	0.999654
193	95	0.999654
193	181	0.999565
193	78	0.999641
193	175	0.999884
193	118	0.999848
193	157	0.999644
193	138	0.999722
193	121	0.999589
193	79	0.999812
193	139	0.999715
193	155	0.999611
193	68	0.99973
193	116	0.999579
193	71	0.999542
193	111	0.999708
193	122	0.999897
193	79	0.999993
193	178	0.99974
193	112	0.999687
193	119	0.999584
193	130	0.999727
193	87	0.999912
193	117	0.999882
193	174	0.999578
193	180	0.999962
193	123	0.999582
193	188	0.999579
193	173	0.999739
193	113	0.999994
193	107	0.999603
193	92	0.999917
193	174	0.999995
193	101	0.999887
193	126	0.999572
193	142	0.999567
193	125	0.999835
193	90	0.999574
193	174	0.999545
193	108	0.999671
193	188	0.999874
193	177	0.99987
193	186	0.99997
193	85	0.999649
193	189	0.999935
193	163	0.999612
193	139	0.99976
193	95	0.999995
193	150	0.999984
193	71	0.999821
193	70	0.999552
193	74	0.999738
193	81	0.999837
193	91	0.999936
193	99	0.99966
193	75	0.999987
193	126	0.999708
193	153	0.999685
193	108	0.999799
193	88	0.99964
193	77	0.999561
193	138	0.999927
193	143	0.999783
193	173	0.999931
193	141	0.999613
193	184	0.999982
193	192	0.999713
193	70	0.999683
193	151	0.99962
193	135	0.999584
193	103	0.999673
193	127	0.999954
193	159	0.999842
193	75	0.999702
193	87	0.999574
193	129	0.999639
193	188	0.999563
193	172	0.999582
193	129	0.999728
193	97	0.999822
193	185	0.999624
193	156	0.999596
193	115	0.999723
193	96	0.999939
193	179	0.99957
193	107	0.999779
193	188	0.999676
193	138	0.999875
193	128	0.999748
193	127	0.999651
193	167	0.999884
193	169	0.999755
193	191	0.999676
193	173	0.999773
193	112	0.999675
193	104	0.999889
193	64	0.999984
193	157	0.999741
193	183	0.99989
193	143	0.999551
193	165	0.99968
193	172	0.999569
193	76	0.999548
193	65	0.999858
193	85	0.999717
193	131	0.999663
193	106	0.999995
193	187	0.999825
193	183	0.999894
193	138	0.999759
193	133	0.999712
193	146	0.999827
193	121	0.999911
193	115	0.999858
193	136	0.99961
193	156	0.999817
193	167	0.999689
193	174	0.999821
193	98	0.999803
193	161	0.999939
193	141	0.999955
193	122	0.999715
193	160	0.999959
193	92	0.999616
193	157	0.999829
193	189	0.999884
193	79	0.999635
193	141	0.999988
193	96	0.999807
193	99	0.999784
193	118	0.999659
193	189	0.999768
193	66	0.999798
193	171	0.999882
193	109	0.999577
193	168	0.999714
193	182	0.999654
193	97	0.999812
193	125	0.999897
193	189	0.999793
193	158	0.999848
193	68	0.999622
193	111	0.999601
193	176	0.999588
193	134	0.999943
193	111	0.999617
193	101	0.999904
193	105	0.999553
193	167	0.99972
193	74	0.999778
193	121	0.99991
193	116	0.999907
193	184	0.999709
193	133	0.999677
193	139	0.999908
193	167	0.999561
193	112	0.999984
193	147	0.999651
193	121	0.999773
193	185	0.999626
193	98	0.999771
193	172	0.999651
193	126	0.999703
193	113	0.999629
193	176	0.999644
193	126	0.999645
193	136	0.999573
193	104	0.999564
193	131	0.999713
193	192	0.999578
193	74	0.999694
193	89	0.999653
193	146	0.999724
193	91	0.999648
193	164	0.999548
193	68	0.999621
193	141	0.999769
193	182	0.999904
193	125	0.999818
193	162	0.999638
193	172	0.999579
193	101	0.99997
193	116	0.999795
193	111	0.999831
193	89	0.999679
193	140	0.999942
193	69	0.999735
193	94	0.999604
193	126	0.999806
193	172	0.999745
193	134	0.999978
193	142	0.999999
193	147	0.999568
193	190	0.999795
193	167	0.999692
193	178	0.999995
193	134	0.999833
193	168	0.999679
193	97	0.999584
193	181	0.999937
193	187	0.999552
193	104	0.99978
193	161	0.999836
193	93	0.999799
193	191	0.999627
193	130	0.999886
193	179	0.999613
193	191	0.999892
193	163	0.999874
193	101	0.999855
193	92	0.999985
193	146	0.999969
193	80	0.999763
193	89	0.999931
193	86	0.999948
193	92	0.999555
193	150	0.999985
193	96	0.999865
193	168	0.999817
193	103	0.999916
193	157	0.999594
193	124	0.999962
193	186	0.999647
193	150	0.999906
193	120	0.999969
193	83	0.999548
193	129	0.999685
193	162	0.999752
193	64	0.999739
193	102	0.999645
193	131	0.999817
193	63	0.999602
193	101	0.999728
193	138	0.999971
193	90	0.999951
193	82	0.999611
193	126	0.99971
193	154	0.999874
193	178	0.999581
193	108	0.999776
193	120	0.999992
193	71	0.999763
193	107	0.999938
193	112	0.999739
193	167	0.999772
193	80	0.999763
193	122	0.999992
193	63	0.999842
193	124	0.999689
193	69	0.999624
193	121	0.999803
193	111	0.999704
193	105	0.999848
193	170	0.999598
193	190	0.999549
193	107	0.999853
193	103	0.999572
193	121	0.999986
193	181	0.999776
193	144	0.999639
193	178	0.999546
193	158	0.99959
193	175	0.999738
193	129	0.99994
193	117	0.999668
193	190	0.999801
193	159	0.99993
193	170	0.999661
193	135	0.999684
193	144	0.999635
193	113	0.999824
193	134	0.999735
193	117	0.999644
193	147	0.999581
193	170	0.999891
193	171	0.999858
193	165	0.999664
193	86	0.99977
193	186	0.999938
193	97	0.999906
193	104	0.999858
193	74	0.999621
193	76	0.99964
193	162	0.999992
193	175	0.999793
193	178	0.999882
193	99	0.999636
193	181	0.999747
193	138	0.999961
193	115	0.999774
193	175	0.999654
193	73	0.999954
193	82	0.999988
193	168	0.999902
193	78	0.999671
193	115	0.999946
193	122	0.999882
193	96	0.999695
193	94	0.999692
193	110	0.999547
193	186	0.999982
193	146	0.99996
193	66	0.999636
193	69	0.999925
193	169	0.999819
193	156	0.999612
193	191	0.99999
193	110	0.99994
193	146	0.999729
193	175	0.999938
193	69	0.999597
193	132	0.999981
193	155	0.999547
193	130	0.999847
193	86	0.999954
193	176	0.999578
193	133	0.999846
193	150	0.999717
193	136	0.99986
193	62	0.999673
193	160	0.999692
193	144	0.999571
193	65	0.999815
193	65	0.99975
193	105	0.999887
193	191	0.99978
193	92	0.999639
193	119	0.999814
193	148	0.999746
193	101	0.999753
193	74	0.999951
193	131	0.999738
193	97	0.999594
193	93	0.999805
193	191	0.999625
193	132	0.999844
193	147	0.999851
193	66	0.999717
193	71	0.999793
193	173	0.99985
193	156	0.999951
193	152	0.999967
193	84	0.999798
193	146	0.999936
193	185	0.9998
193	100	0.999726
193	161	0.999873
193	154	0.999576
193	82	0.999822
193	111	0.999988
193	118	0.999919
193	138	0.999667
193	176	0.999745
193	63	0.999978
193	88	0.999841
193	146	0.999649
193	64	0.999799
193	101	0.999778
193	153	0.999964
193	78	0.999723
193	151	0.999601
193	113	0.999971
193	108	0.999717
193	159	0.999759
193	97	0.999662
193	128	0.999659
193	176	0.999877
193	181	0.999747
193	91	0.999944
193	188	0.999747
193	163	0.999742
193	93	0.999876
193	167	0.999639
193	114	0.999763
193	99	0.999698
193	186	0.999708
193	183	0.999742
193	178	0.999997
193	68	0.999633
193	140	0.999809
193	140	0.9999
193	171	0.999608
193	103	0.999749
193	84	0.999994
193	184	0.999645
193	155	0.999707
193	77	0.999886
193	73	0.999597
193	126	0.999571
193	62	0.999763
193	70	0.999857
193	191	0.99955
193	116	0.999721
193	68	0.99988
193	91	0.999769
193	79	0.99994
193	182	0.999879
193	157	0.999736
193	192	0.999754
193	98	0.999623
193	123	0.999876
193	131	0.999787
193	94	0.999697
193	102	0.999908
193	74	0.999739
193	68	0.999958
193	93	0.999732
193	138	0.99965
193	83	0.999676
193	176	0.999894
193	150	0.9999
193	154	0.999723
193	189	0.999657
193	162	0.999974
193	106	0.999955
193	165	0.999753
193	138	0.999664
193	145	0.999883
193	187	0.999817
193	75	0.999694
193	135	0.999868
193	156	0.999608
193	192	0.999574
193	165	0.999855
193	65	0.999613
193	118	0.999573
193	81	0.999801
193	93	0.999786
193	93	0.999656
193	177	0.999646
193	134	0.999936
193	122	0.999902
193	67	0.999566
193	86	0.999935
193	187	0.999703
193	113	0.999843
193	158	0.999757
193	150	0.999583
193	106	0.999653
193	131	0.999778
193	98	0.999794
193	142	0.99964
193	72	0.999982
193	121	0.99967
193	105	0.999779
193	138	0.999554
193	100	0.999598
193	70	0.999941
193	137	0.999633
193	118	0.999674
193	151	0.999968
193	82	0.999752
193	144	0.999737
193	79	0.999856
193	123	0.999943
193	109	0.999724
193	183	0.999815
193	81	0.999718
193	181	0.99988
193	69	0.999858
193	68	0.999618
193	98	0.999743
193	104	0.999828
193	124	0.999575
193	154	0.999644
193	94	0.999907
193	138	0.999824
193	147	0.999854
193	134	0.999931
193	148	0.999596
193	112	0.99986
193	115	0.99979
193	162	0.999759
193	68	0.999582
193	78	0.999542
193	84	0.999617
193	173	0.999607
193	89	0.999757
193	134	0.999583
193	107	0.999713
193	137	0.999669
193	111	0.999659
193	103	0.999668
193	93	0.999721
193	89	0.999772
193	102	0.999783
193	115	0.999868
193	155	0.99991
193	105	0.999876
193	105	0.999708
193	105	0.999762
193	70	0.999613
193	132	0.999727
193	103	0.999889
193	179	0.999644
193	171	0.999643
193	130	0.999972
193	184	0.999959
193	112	0.999979
193	70	0.999648
193	62	0.999676
193	173	0.999975
193	119	0.999811
193	153	0.999869
193	151	0.99977
193	83	0.999857
193	129	0.999935
193	97	0.999579
193	99	0.999674
193	116	0.999957
193	130	0.999639
193	124	0.999561
193	85	0.99966
193	113	0.999823
193	97	0.999944
193	83	0.999721
193	121	0.999905
193	165	0.999667
193	76	0.999706
193	158	0.999652
193	153	0.999674
193	90	0.999766
193	131	0.999707
193	76	0.999984
193	141	0.999951
193	158	0.999709
193	166	0.999755
193	151	0.999643
193	140	0.999651
193	122	0.999576
193	67	0.999553
193	164	0.999838
193	141	0.999715
193	154	0.999908
193	140	0.99991
193	112	0.999934
193	135	0.999933
193	174	0.999686
193	130	0.999837
193	64	0.999884
193	190	0.999746
193	80	0.999635
193	94	0.999653
193	87	0.999945
193	117	0.999774
193	75	0.999786
193	160	0.999559
193	132	0.999709
193	169	0.999589
193	79	0.999611
193	113	0.999583
193	91	0.999609
193	121	0.999734
193	177	0.999951
193	105	0.999796
193	162	0.999728
193	136	0.999987
193	99	0.99972
193	191	0.999621
193	118	0.999943
193	162	0.999909
193	70	0.99959
193	136	0.999696
193	106	0.999796
193	100	0.999664
193	82	0.999915
193	161	0.999704
193	64	0.999852
193	169	0.999688
193	169	0.999632
193	187	0.999829
193	172	0.999992
193	163	0.999903
193	108	0.999544
193	178	0.999664
193	150	0.999799
193	69	0.999592
193	131	0.999989
193	171	0.999956
193	86	0.999873
193	92	0.999799
193	121	0.999886
193	141	0.999907
193	133	1
193	191	0.999548
193	130	0.999558
193	188	0.999554
193	186	0.999646
193	114	0.999748
193	172	0.999683
193	173	0.999849
193	67	0.999606
193	94	0.999599
193	94	0.999685
193	65	0.999869
193	112	0.999664
193	103	0.999844
193	167	0.999629
193	90	0.999585
193	140	0.99956
193	174	0.999577
193	191	0.999576
193	164	0.999952
193	167	0.999933
193	162	0.999851
193	90	0.999815
193	91	0.999957
193	158	0.99971
193	138	0.999618
193	139	0.999755
193	166	0.999829
193	170	0.9999
193	184	0.999969
193	150	0.999934
193	163	0.999633
193	174	0.999631
193	168	0.999579
193	174	0.999571
193	152	0.999731
193	162	0.999815
193	129	0.999622
193	91	0.999917
193	122	0.99975
193	120	0.999609
193	178	0.999815
193	182	0.999984
193	122	0.999777
193	76	0.999891
193	63	0.99982
193	165	0.999613
193	181	0.999931
193	125	0.999802
193	82	0.999904
193	147	0.999759
193	159	0.999702
193	166	0.999851
193	140	0.999885
193	159	0.999823
193	101	0.999578
193	140	0.999984
193	162	0.99991
193	74	0.999573
193	162	0.999899
193	124	0.999888
193	81	0.999777
193	129	0.999797
193	110	0.999967
193	67	0.999857
193	99	0.999968
193	113	0.999749
193	117	0.999621
193	164	0.999544
193	113	0.999611
193	117	0.999945
193	147	0.999749
193	70	0.999934
193	86	0.999941
193	169	0.999617
193	67	0.99963
193	181	0.999832
193	177	0.999722
193	178	0.999735
193	161	0.999807
193	88	0.999871
193	148	0.999826
193	115	0.999747
193	156	0.999608
193	126	0.999741
193	92	0.999851
193	62	0.999677
193	96	0.99998
193	102	0.999615
193	161	0.999878
193	62	0.99966
193	165	0.999949
193	185	0.999599
193	164	0.99998
193	87	0.999686
193	158	0.999599
193	187	0.999887
193	85	0.999843
193	82	0.999891
193	120	0.999728
193	128	0.999937
193	101	0.999579
193	88	0.999587
193	103	0.999679
193	126	0.999737
193	120	0.999782
193	81	0.999759
193	128	0.999899
193	124	0.999556
193	106	0.999782
193	62	0.999736
193	68	0.999752
193	68	0.999902
193	102	0.999672
193	176	0.99955
193	168	0.99998
193	163	0.999672
193	78	0.999782
193	73	0.999553
193	104	0.999909
193	72	0.999686
193	118	0.999629
193	76	0.999649
193	131	0.999701
193	70	0.999638
193	66	0.999795
193	131	0.999754
193	163	0.999776
193	161	0.999892
193	76	0.999945
193	122	0.999757
193	79	0.999932
193	119	0.999647
193	153	0.999873
193	174	0.999793
193	81	0.99993
193	157	0.999653
193	175	0.999757
193	150	0.999938
193	103	0.999934
193	150	0.999962
193	122	0.999955
193	111	0.999778
193	71	0.999729
193	176	0.999768
193	176	0.999701
193	156	0.999699
193	133	0.999805
193	98	0.999558
193	107	0.999577
193	139	0.999983
193	88	0.999928
193	122	0.999762
193	101	0.999897
193	169	0.999814
193	141	0.99994
193	109	0.999581
193	118	0.999815
193	96	0.999802
193	172	0.99955
193	67	0.99994
193	184	0.999665
193	125	0.9999
193	179	0.999698
193	142	0.999645
193	128	0.9997
193	143	0.9998
193	64	0.999871
193	85	0.999971
193	90	0.999964
193	78	0.999628
193	75	0.999846
193	156	0.9998
193	168	0.999646
193	111	0.999714
193	117	0.999984
193	172	0.999857
193	66	0.99983
193	157	0.999901
193	143	0.999837
193	83	0.999861
193	108	0.999956
193	112	0.999756
193	80	0.999575
193	127	0.999901
193	70	0.999849
193	129	0.999834
193	137	0.999784
193	145	0.999588
193	130	0.999783
193	83	0.999819
193	104	0.999606
193	153	0.999977
193	95	0.999883
193	140	0.999835
193	145	0.99992
193	156	0.999851
193	162	0.999546
193	130	0.999758
193	62	0.999788
193	179	0.999717
193	113	0.999556
193	155	0.999663
193	82	0.99957
193	159	0.999862
193	188	0.999942
193	170	0.999565
193	181	0.999805
193	158	0.999714
193	159	0.999879
193	173	0.999848
193	168	0.99969
193	89	0.999553
193	134	0.99982
193	170	0.999551
193	85	0.999776
193	140	0.999777
193	141	0.999836
193	190	0.999573
193	88	0.999836
193	184	0.999643
193	142	0.999809
193	124	0.999733
193	174	0.999962
193	71	0.99995
193	136	0.999848
193	169	0.999788
193	183	0.999951
193	150	0.999567
193	169	0.999857
193	97	0.999918
193	89	0.999769
193	78	0.999987
193	182	0.999902
193	176	0.999749
193	131	0.999543
193	151	0.999984
193	105	0.999624
193	169	0.999784
193	79	0.999947
193	171	0.999864
193	177	0.999782
193	148	0.999738
193	105	0.999884
193	155	0.999876
193	171	0.999807
193	129	0.999851
193	170	0.999548
193	186	0.99972
193	141	0.999715
193	103	0.999547
193	185	0.99967
193	141	0.999811
193	155	0.999951
193	102	0.999657
193	128	0.999733
193	148	0.999929
193	111	0.999913
193	164	0.99964
193	115	0.999615
193	85	0.999636
193	181	0.999598
193	115	0.999572
193	110	0.999772
193	115	0.999732
193	66	0.99973
193	173	0.999552
193	123	0.999803
193	159	0.999548
193	131	0.999654
193	142	0.999823
193	100	0.99976
193	187	0.99992
193	92	0.999992
193	180	0.999998
193	153	0.999746
193	171	0.999988
193	66	0.999913
193	63	0.999589
193	102	0.999639
193	136	0.999685
193	92	0.999574
193	141	0.999953
193	87	0.999696
193	160	0.999883
193	150	0.999876
193	98	0.999839
193	129	0.999916
193	70	0.999757
193	145	0.999941
193	170	0.999641
193	137	0.999754
193	126	0.999785
193	97	0.999912
193	119	0.999681
193	87	0.999668
193	161	0.999874
193	77	0.999891
193	169	0.999781
193	128	0.999706
193	74	0.999875
193	176	0.999568
193	129	0.999836
193	187	0.99971
193	129	0.999642
193	118	0.999899
193	69	0.999714
193	178	0.999743
193	72	0.999863
193	69	0.999685
193	164	0.99986
193	103	0.999664
193	79	0.999572
193	66	0.999801
193	89	0.999564
193	137	0.999987
193	118	0.999935
193	173	0.999823
193	99	0.99999
193	143	0.999733
193	113	0.999687
193	186	0.999923
193	62	0.99963
193	144	0.999877
193	162	0.999971
193	178	0.999999
193	169	0.999939
193	173	0.999548
193	65	0.999587
193	103	0.999657
193	112	0.999919
193	141	0.999908
193	179	0.99995
193	111	0.999945
193	101	0.999668
193	132	0.999714
193	84	0.999662
193	154	0.999652
193	157	0.999681
193	77	0.999749
193	133	0.999922
193	144	0.999732
193	179	0.999627
193	146	0.999725
193	78	0.999708
193	96	0.999772
193	150	0.999625
193	141	0.999944
193	64	0.999852
193	146	0.999759
193	128	0.99984
193	97	0.999787
193	79	0.999764
193	131	0.999916
193	90	0.999641
193	64	0.999944
193	104	0.999626
193	136	0.999957
193	139	0.999873
193	100	0.999544
193	124	0.999783
193	167	0.999636
193	131	0.99985
193	95	0.999749
193	96	0.99996
193	116	0.999862
193	90	0.999978
193	114	0.999698
193	154	0.999988
193	169	0.999817
193	143	0.999635
193	171	0.999837
193	88	0.999564
193	72	0.999618
193	185	0.999635
193	115	0.999662
193	174	0.999998
193	80	0.999757
193	103	0.999955
193	73	0.999726
193	126	0.999859
193	161	0.999759
193	171	0.999714
193	114	0.999609
193	116	0.999633
193	164	0.999587
193	122	0.999578
193	73	0.99996
193	109	0.999563
193	174	0.999764
193	105	0.999613
193	82	0.999821
193	106	0.999872
193	81	0.99973
193	172	0.999934
193	101	0.999897
193	165	0.999874
193	180	0.99958
193	180	0.999906
193	87	0.999795
193	131	0.999627
193	74	0.9998
193	75	0.999984
193	177	0.999955
193	152	1
193	78	0.999626
193	174	0.99999
193	141	0.999651
193	109	0.999604
193	93	0.9996
193	147	0.999668
193	98	0.99993
193	103	0.999961
193	120	0.999669
193	105	0.999691
193	71	0.999601
193	191	0.999897
193	69	0.999877
193	161	0.999952
193	154	0.999808
193	79	0.999821
193	66	0.999568
193	78	0.999746
193	118	0.999809
193	155	0.999993
193	126	0.999764
193	162	0.999658
193	168	0.99973
193	155	0.999812
193	123	0.999987
193	103	0.99956
193	119	0.999925
193	177	0.999887
193	137	0.999781
193	157	0.999803
193	153	0.999647
193	192	0.999692
193	103	0.999846
193	84	0.999873
193	107	0.999727
193	68	0.999929
193	164	0.999891
193	127	0.999917
193	166	0.999913
193	71	0.999843
193	65	0.99983
193	131	0.999938
193	68	0.99998
193	132	0.999774
193	139	0.999804
193	157	0.999839
193	110	0.999547
193	145	0.999548
193	128	0.999909
193	165	0.999988
193	169	0.999648
193	69	0.999968
193	101	0.999627
193	108	0.999989
193	126	0.999754
193	144	0.99972
193	79	0.999706
193	132	0.999583
193	185	0.999767
193	73	0.999681
193	65	0.999551
193	187	0.999907
193	192	0.999589
193	112	0.999834
193	168	0.999782
193	76	0.999568
193	151	0.999988
193	186	0.999574
193	99	0.999781
193	185	0.999604
193	168	0.999764
193	88	0.999629
193	88	0.99983
193	181	0.999731
193	179	0.999777
193	100	0.999885
193	89	0.999579
193	133	0.999919
193	74	0.999755
193	75	0.999623
193	169	0.999931
193	145	0.999683
193	65	0.999935
193	85	0.999567
193	68	0.99963
193	163	0.999797
193	122	0.999935
193	151	0.999613
193	162	0.999666
193	151	0.999766
193	148	0.999845
193	189	0.999563
193	106	0.999741
193	104	0.999897
193	62	0.999608
193	115	0.999703
193	155	0.999998
193	78	0.999946
193	140	0.999698
193	142	0.99962
193	172	0.999757
193	171	0.999697
193	165	0.999571
193	75	0.999572
193	123	0.999931
193	95	0.999999
193	72	0.999965
193	110	0.999733
193	135	0.999589
193	166	0.999751
193	91	0.999764
193	90	0.999666
193	89	0.999951
193	66	0.999728
193	146	0.99994
193	81	0.999563
193	134	0.999608
193	91	0.999902
193	171	0.999684
193	83	0.999706
193	67	0.999692
193	136	0.999652
193	79	0.999597
193	123	0.999546
193	135	0.999864
193	170	0.999985
193	191	0.999838
193	166	0.999755
193	94	0.999947
193	69	0.999754
193	80	0.999854
193	87	0.999552
193	64	0.999968
193	175	0.999576
193	159	0.999925
193	166	0.999953
193	140	0.999556
193	165	0.999782
193	119	0.999818
193	189	0.999651
193	180	0.999767
193	86	0.999798
193	91	0.999731
193	105	0.999785
193	101	0.999557
193	190	0.999887
193	113	0.999817
193	77	0.999967
193	72	0.99991
193	185	0.999829
193	97	0.999967
193	111	0.99982
193	147	0.999549
193	145	0.999601
193	182	0.999583
193	65	0.999627
193	114	0.999582
193	91	0.999979
193	63	0.99956
193	167	0.999959
193	66	0.999788
193	172	0.999635
193	84	0.99998
193	125	0.999656
193	132	0.999939
193	98	0.999757
193	64	0.999875
193	118	0.999656
193	96	0.999575
193	102	0.999759
193	104	0.99994
193	153	0.9997
193	154	0.99964
193	107	0.999792
193	86	0.999551
193	143	0.999838
193	116	0.999872
193	75	0.999746
193	141	0.999892
193	157	0.999743
193	120	0.999573
193	184	0.999588
193	94	0.999795
193	155	0.999631
193	74	0.999915
193	87	0.999865
193	169	0.999983
193	95	0.999886
193	192	0.999552
193	66	0.999563
193	136	0.999865
193	168	0.999628
193	64	0.999568
193	142	0.999712
193	119	0.999569
193	85	0.999897
193	111	0.999786
193	176	0.999623
193	153	0.999883
193	116	0.999922
193	147	0.99974
193	123	0.999683
193	93	0.999678
193	125	0.999611
193	149	0.999621
193	77	0.999589
193	71	0.999888
193	135	0.999654
193	113	0.999732
193	153	0.999973
193	82	0.999885
193	90	0.999701
193	149	0.99961
193	108	0.999895
193	147	0.99987
193	189	0.999577
193	165	0.999592
193	126	0.99973
193	129	0.999787
193	143	0.999595
193	68	0.999875
193	188	0.999834
193	81	0.999849
193	82	0.999935
193	178	0.999693
193	90	0.999993
193	77	0.999731
193	80	0.999581
193	69	0.999749
193	157	0.999783
193	177	0.999879
193	178	0.999794
193	91	0.999563
193	139	0.999776
193	102	0.999716
193	89	0.999632
193	181	0.999789
193	75	0.999899
193	149	0.999951
193	65	0.999881
193	62	0.999602
193	108	0.999862
193	136	0.999698
193	130	0.999734
193	130	0.999577
193	154	0.999594
193	173	0.999929
193	96	0.999979
193	180	0.999804
193	106	0.999873
193	94	0.999898
193	168	0.99989
193	80	0.999832
193	143	0.999951
193	184	0.999999
193	62	0.999787
193	67	0.999839
193	85	0.999676
193	176	0.999665
193	82	0.999926
193	186	0.999627
193	92	0.999928
193	76	0.999998
193	154	0.999642
193	63	0.999628
193	121	0.999659
193	99	0.999938
193	99	0.999733
193	137	0.999846
193	89	0.999575
193	127	0.999743
193	176	0.999726
193	84	0.999702
193	120	0.999943
193	135	0.999965
193	180	0.999756
193	78	0.999686
193	165	0.999974
193	121	0.999952
193	173	0.999908
193	78	0.999658
193	147	0.999694
193	111	0.99989
193	184	0.999959
193	120	0.999868
193	117	0.999736
193	131	0.99987
193	79	0.99995
193	180	0.999945
193	107	0.999801
193	101	0.999765
193	126	0.999621
193	186	0.999611
193	71	0.999855
193	143	0.999973
193	106	0.999645
193	180	0.999566
193	86	0.999714
193	120	0.999834
193	88	0.99995
193	156	0.999813
193	63	0.999713
193	192	0.999698
193	94	0.999783
193	84	0.999737
193	92	0.99957
193	106	0.999895
193	103	0.999952
193	140	0.999939
193	149	0.999956
193	141	0.999626
193	99	0.999851
193	121	0.999621
193	65	0.999824
193	177	0.999653
193	102	0.999886
193	113	0.999587
193	105	0.999924
193	87	0.999975
193	67	0.999728
193	104	0.999737
193	188	0.999704
193	146	0.999573
193	131	0.999611
193	188	0.999914
193	94	0.999958
193	116	0.999811
193	97	0.999784
193	165	0.999595
193	126	0.999928
193	156	0.999942
193	127	0.999937
193	75	0.999878
193	73	0.999911
193	143	0.999611
193	152	0.999961
193	165	0.99998
193	63	0.999692
193	103	0.999615
193	163	0.999864
193	126	0.999784
193	158	0.999903
193	139	0.999981
193	101	0.999839
193	115	0.999941
193	156	0.999801
193	75	0.999554
193	184	0.999826
193	94	0.999963
193	65	0.999778
193	65	0.999907
193	152	0.999729
193	153	0.999563
193	155	0.999579
193	141	0.99997
193	156	0.999779
193	188	0.999937
193	65	0.999848
193	80	0.999745
193	89	0.999659
193	93	0.99957
193	148	0.999924
193	71	0.99973
193	105	0.999929
193	140	0.999746
193	139	0.99959
193	158	0.999556
193	65	0.99985
193	127	0.999618
193	123	0.999557
193	169	0.999943
193	120	0.999764
193	90	0.999633
193	117	0.999822
193	83	0.999908
193	68	0.999626
193	106	0.999549
193	90	0.999787
193	96	0.999968
193	77	0.999869
193	76	0.999995
193	76	0.999581
193	71	0.999935
193	175	0.999997
193	65	0.99966
193	182	0.999942
193	75	0.999827
193	174	0.999696
193	102	0.999576
193	76	0.999995
193	83	0.999987
193	132	0.999951
193	117	0.99999
193	163	0.999805
193	186	0.999998
193	95	0.999853
193	97	0.999909
193	109	0.999775
193	114	0.999701
193	162	0.999893
193	191	0.99993
193	185	0.999923
193	73	0.999598
193	85	0.999563
193	185	0.999838
193	124	0.999676
193	85	0.999654
193	152	0.999665
193	181	0.999861
193	135	0.999562
193	80	0.999595
193	142	0.999879
193	137	0.999611
193	81	0.999955
193	126	0.999659
193	64	0.999724
193	98	0.999644
193	65	0.999816
193	126	0.999779
193	112	0.999613
193	142	0.999589
193	143	0.999782
193	63	0.999845
193	138	0.999631
193	128	0.999622
193	88	0.999837
193	124	0.999827
193	87	0.999709
193	107	0.999612
193	142	0.999742
193	162	0.999839
193	73	0.999577
193	171	0.999675
193	75	0.999762
193	146	0.999735
193	71	0.99981
193	172	0.9997
193	130	0.999762
193	97	0.999811
193	98	0.999712
193	93	0.999791
193	65	0.999765
193	114	0.999943
193	110	0.999954
193	85	0.999987
193	73	0.999838
193	184	0.999957
193	173	0.999581
193	181	0.999986
193	178	0.99981
193	74	0.999572
193	86	0.999773
193	116	0.999798
193	124	0.999927
193	66	0.99973
193	110	0.999946
193	139	0.999848
193	82	0.999875
193	105	0.999866
193	161	0.99967
193	156	0.999837
193	170	0.999759
193	155	0.999548
193	130	0.999558
193	189	0.999926
193	190	0.999798
193	160	0.999801
193	64	0.999646
193	87	0.999627
193	74	0.999977
193	188	0.999917
193	106	0.999831
193	190	0.999857
193	76	0.99957
193	144	0.999788
193	173	0.999962
193	126	0.999765
193	136	0.999876
193	154	0.999849
193	68	0.999708
193	175	0.999961
193	78	0.999683
193	106	0.999709
193	97	0.999829
193	146	0.999592
193	96	0.999838
193	139	0.999677
193	67	0.999788
193	158	0.999713
193	121	0.999791
193	81	0.999991
193	189	0.999677
193	108	0.999575
193	88	0.999603
193	96	0.999574
193	85	0.999993
193	105	0.999588
193	114	0.999565
193	100	0.999772
193	132	0.999946
193	124	0.99987
193	136	0.999755
193	186	0.99984
193	118	0.99971
193	152	0.999617
193	106	0.999869
193	94	0.999708
193	176	0.999758
193	179	0.999939
193	64	0.999707
193	182	0.99993
193	104	0.999579
193	153	0.999678
193	94	0.999561
193	174	0.99981
193	143	0.999616
193	128	0.999905
193	90	0.999952
193	176	0.999595
193	143	0.999773
193	63	0.999605
193	89	0.999884
193	175	0.999586
193	111	0.999854
193	128	0.999555
193	165	0.999946
193	139	0.999725
193	68	0.999993
193	128	0.99983
193	120	0.999871
193	162	0.999825
193	97	0.999552
193	77	0.999615
193	182	0.999836
193	94	0.999933
193	80	0.999834
193	78	0.999899
193	125	0.999627
193	143	0.999642
193	156	0.99982
193	161	0.999671
193	84	0.999988
193	90	0.999904
193	66	0.999894
193	96	0.999709
193	163	0.999757
193	133	0.9999
193	100	0.999915
193	107	0.99993
193	151	0.999716
193	123	0.999714
193	62	0.999802
193	100	0.999558
193	125	0.999881
193	165	0.999563
193	144	0.999754
193	182	0.99987
193	136	0.999773
193	100	0.999899
193	158	0.99993
193	77	0.999676
193	140	0.999711
193	167	0.999627
193	113	0.999869
193	178	0.999804
193	183	0.999897
193	167	0.999919
193	76	0.99962
193	133	0.999544
193	77	0.999711
193	119	0.999872
193	190	0.999707
193	94	0.999828
193	123	0.999651
193	128	0.999962
193	180	0.999874
193	150	0.999934
193	150	0.999703
193	126	0.999755
193	96	0.999605
193	115	0.999755
193	124	0.999928
193	106	0.999755
193	174	0.999855
193	148	0.999909
193	178	0.999727
193	181	0.999907
193	103	0.999771
193	97	0.999609
193	192	0.999637
193	86	0.99973
193	130	0.999757
193	107	0.999945
193	98	0.999881
193	173	0.999799
193	161	0.999984
193	139	0.999645
193	164	0.999908
193	170	0.999951
193	149	0.999909
193	130	0.99972
193	171	0.999661
193	106	0.999786
193	107	0.999959
193	75	0.999542
193	102	0.999552
193	157	0.999677
193	100	0.999735
193	110	0.999581
193	176	0.99958
193	142	0.999851
193	149	0.999796
193	73	0.999661
193	75	0.999717
193	76	0.999546
193	149	0.99999
193	73	0.999882
193	98	0.99964
193	104	0.999586
193	86	0.999997
193	81	0.999768
193	105	0.99987
193	125	0.999686
193	77	0.999591
193	181	0.999703
193	70	0.999757
193	161	0.999972
193	106	0.99956
193	75	0.999754
193	85	0.999735
193	68	0.999843
193	77	0.999719
193	69	0.999728
193	149	0.999616
193	125	0.999653
193	70	0.999703
193	97	0.999959
193	71	0.999644
193	152	0.999935
193	142	0.999985
193	177	0.999867
193	106	0.999696
193	119	0.999964
193	190	0.999587
193	106	0.999946
193	65	0.999762
193	176	0.999551
193	78	0.999604
193	63	0.99965
193	185	0.99985
193	184	0.999731
193	91	0.999894
193	93	0.999764
193	148	0.999841
193	103	0.999795
193	83	0.999963
193	166	0.99994
193	79	0.99984
193	113	0.999852
193	171	0.999867
193	79	0.999857
193	140	0.999734
193	190	0.999596
193	176	0.999746
193	141	0.999876
193	74	0.999952
193	129	0.999949
193	151	0.999816
193	93	0.999657
193	85	0.999677
193	92	0.999673
193	142	0.999642
193	183	0.999667
193	105	0.99979
193	163	0.999593
193	69	0.999839
193	78	0.999592
193	141	0.999601
193	105	0.999742
193	68	0.999765
193	148	0.999668
193	134	0.999962
193	162	0.999649
193	110	0.999832
193	126	0.999834
193	183	0.99965
193	152	0.999591
193	179	0.999684
193	173	0.999909
193	174	0.999737
193	136	0.999703
193	132	0.999644
193	80	0.999561
193	145	0.999584
193	87	0.999692
193	92	0.999852
193	155	0.999657
193	130	0.999909
193	106	0.999843
193	101	0.999574
193	83	0.999932
193	65	0.999546
193	73	0.999717
193	117	0.999905
193	148	0.999773
193	82	0.999946
193	143	0.999607
193	180	0.999722
193	144	0.999773
193	111	0.999913
193	83	0.999731
193	157	0.999655
193	160	0.999919
193	119	0.999572
193	70	0.999989
193	160	0.999713
193	73	0.999682
193	105	0.999962
193	82	0.999938
193	87	0.999825
193	106	0.999787
193	138	0.999805
193	63	0.999652
193	68	0.999904
193	152	0.999592
193	162	0.999863
193	142	0.99976
193	185	0.999866
193	162	0.999894
193	69	0.999893
193	71	0.999868
193	121	1
193	131	0.999824
193	160	0.999892
193	161	0.999818
193	176	0.999951
193	75	0.999954
193	191	0.999962
193	82	0.999581
193	117	0.999741
193	164	0.999806
193	107	0.999729
193	161	0.999827
193	182	0.999581
193	134	0.999596
193	144	0.999954
193	126	0.99975
193	76	0.999549
193	83	0.999777
193	89	0.999572
193	186	0.999623
193	140	0.999652
193	129	0.999777
193	128	0.999547
193	166	0.999945
193	81	0.999842
193	102	0.99976
193	63	0.999745
193	167	0.999549
193	157	0.999741
193	85	0.999717
193	159	0.99957
193	91	0.999665
193	114	0.999741
193	162	0.999988
193	170	0.99994
193	92	0.999848
193	179	0.999599
193	98	0.999549
193	99	0.999916
193	65	0.999862
193	107	0.999908
193	135	0.999725
193	164	0.999699
193	183	0.999916
193	183	0.999791
193	161	0.999918
193	131	0.999789
193	116	0.999946
193	92	0.999659
193	166	0.999952
193	107	0.999649
193	190	0.999957
193	65	0.999948
193	163	0.999863
193	91	0.999846
193	163	0.999552
193	70	0.999645
193	150	0.999886
193	134	0.999638
193	90	0.999721
193	131	0.999988
193	71	0.999894
193	122	0.99973
193	127	0.999732
193	187	0.999995
193	172	0.999673
193	157	0.999789
193	157	0.999557
193	81	0.999686
193	108	0.999874
193	154	0.99965
193	134	0.999601
193	118	0.99962
193	69	0.999944
193	164	0.999589
193	101	0.999956
193	153	0.999588
193	104	0.999815
193	111	0.999579
193	140	0.999996
193	124	0.999669
193	87	0.999643
193	117	0.999843
193	103	0.999946
193	174	0.999649
193	118	0.999975
193	111	0.999686
193	70	0.999799
193	167	0.999736
193	175	0.999623
193	80	0.999892
193	81	0.999557
193	154	0.999851
193	112	0.9996
193	131	0.999655
193	156	0.999913
193	97	0.999788
193	70	0.999867
193	146	0.999629
193	153	0.999651
193	105	0.999615
193	178	0.999851
193	67	0.999821
193	189	0.999707
193	127	0.999702
193	92	0.999687
193	184	0.999545
193	172	0.99992
193	140	0.999615
193	106	0.99976
193	79	0.999811
193	163	0.999626
193	173	0.999921
193	72	0.999602
193	172	0.999581
193	180	0.999694
193	128	0.999648
193	165	0.99964
193	163	0.999759
193	161	0.999628
193	82	0.999679
193	148	0.999785
193	125	0.99993
193	82	0.999816
193	70	0.999596
193	170	0.999705
193	168	0.999929
193	115	0.999557
193	85	0.999942
193	180	0.999774
193	152	0.999597
193	146	0.999705
193	120	0.999675
193	107	0.999585
193	182	0.99973
193	81	0.999565
193	127	0.999741
193	96	0.999897
193	130	0.999767
193	172	0.999911
193	70	0.999729
193	115	0.999722
193	83	0.999946
193	135	0.999637
193	106	0.999701
193	110	0.999977
193	159	0.999712
193	192	0.999931
193	88	0.999585
193	123	0.999565
193	114	0.999847
193	114	0.999888
193	146	0.99968
193	174	0.99988
193	119	0.999695
193	121	0.999945
193	128	0.999736
193	94	0.999556
193	176	0.999554
193	173	0.999876
193	140	0.999802
193	168	0.999779
193	63	0.999854
193	82	0.9998
193	76	0.999904
193	167	0.999924
193	171	0.999879
193	159	0.999735
193	95	0.999948
193	83	0.999976
193	175	0.999858
193	108	0.99968
193	88	0.999574
193	192	0.999782
193	66	0.999645
193	139	0.999749
193	127	0.999856
193	74	0.999793
193	133	0.999952
193	171	0.999635
193	75	0.999971
193	141	0.9997
193	86	0.999545
193	85	0.999584
193	82	0.999736
193	173	0.999931
193	166	0.999893
193	143	0.999629
193	126	0.999838
193	146	0.999775
193	64	0.999803
193	190	0.999769
193	106	0.999615
193	164	0.999574
193	158	0.999842
193	79	0.99978
193	162	0.999865
193	161	0.999876
193	161	0.999892
193	164	0.999647
193	82	0.999984
193	124	0.999607
193	184	0.999622
193	77	0.999894
193	175	0.999609
193	94	0.999632
193	108	0.999697
193	154	0.999663
193	166	0.999926
193	114	0.99996
193	100	0.999657
193	178	0.999626
193	64	0.9999
193	152	0.999741
193	70	0.999884
193	192	0.999788
193	129	0.999967
193	113	0.999686
193	112	0.999881
193	76	0.999881
193	97	0.999547
193	117	0.999995
193	131	0.999725
193	183	0.999878
193	110	0.999697
193	155	0.999755
193	120	0.999755
193	170	0.999649
193	162	0.9996
193	81	0.999736
193	63	0.999716
193	171	0.999601
193	77	0.99957
193	86	0.999557
193	114	0.999916
193	161	0.999849
193	78	0.999964
193	175	0.999745
193	94	0.999888
193	77	0.999634
193	63	0.999554
193	111	0.999772
193	134	0.999998
193	135	0.999929
193	114	0.999818
193	65	0.999768
193	134	0.999554
193	129	0.99987
193	145	0.999669
193	78	0.999898
193	116	0.999876
193	78	0.999805
193	74	0.999615
193	165	0.999858
193	130	0.999915
193	164	0.999567
193	165	0.999548
193	100	0.999998
193	152	0.999693
193	94	0.999887
193	69	0.999646
193	135	0.999641
193	163	0.999921
193	68	0.999852
193	169	0.999898
193	139	0.999741
193	132	0.999626
193	159	0.999913
193	102	0.999913
193	143	0.999579
193	153	0.999796
193	159	0.999774
193	174	0.999757
193	152	0.999713
193	151	0.99969
193	162	0.999794
193	164	0.999725
193	108	0.999824
193	184	0.999837
193	179	0.999762
193	95	0.999755
193	107	0.999883
193	167	0.999589
193	106	0.999595
193	135	0.999876
193	165	0.999765
193	177	0.999813
193	69	0.999744
193	99	0.999561
193	100	0.999945
193	141	0.999815
193	136	0.999966
193	69	0.99991
193	152	0.999558
193	148	0.999951
193	129	0.999762
193	138	0.999584
193	119	0.999909
193	184	0.999709
193	176	0.99957
193	136	0.999978
193	114	0.999713
193	116	0.999751
193	117	0.999894
193	162	0.999648
193	120	0.999981
193	93	0.999557
193	77	0.999671
193	105	0.999838
193	107	0.99963
193	127	0.999738
193	89	0.999661
193	112	0.999611
193	185	0.999819
193	175	0.999832
193	124	0.999605
193	117	0.999892
193	179	0.99994
193	181	0.999753
193	128	0.999725
193	143	0.999776
193	123	0.999636
193	67	0.999695
193	155	0.999612
193	162	0.999788
193	109	0.999718
193	89	0.999654
193	127	0.999907
193	173	0.999708
193	155	0.999776
193	159	0.999783
193	86	0.999554
193	142	0.999833
193	101	0.99965
193	158	0.999922
193	103	0.999844
193	147	0.999697
193	114	0.999604
193	118	0.999967
193	173	0.999719
193	167	0.999789
193	150	0.999729
193	171	0.999618
193	62	0.999867
193	184	0.999886
193	185	0.999991
193	84	0.999701
193	163	0.99974
193	104	0.999789
193	156	0.99981
193	181	0.999752
193	110	0.999716
193	96	0.999988
193	75	0.999822
193	70	0.999616
193	150	0.999968
193	128	0.999611
193	151	0.999646
193	159	0.999846
193	94	0.999935
193	129	0.999978
193	78	0.999936
193	144	0.99987
193	167	0.999951
193	71	0.99971
193	153	0.999791
193	139	0.999719
193	178	0.999716
193	190	0.999873
193	91	0.999566
193	115	0.999608
193	131	0.999634
193	113	0.999919
193	129	0.999673
193	104	0.999857
193	145	0.999677
193	102	0.999879
193	138	0.999747
193	133	0.999545
193	189	0.999859
193	134	0.999793
193	106	0.9998
193	79	0.999574
193	99	0.999552
193	86	0.99978
193	155	0.999544
193	92	0.999627
193	125	0.999818
193	74	0.999998
193	104	0.999834
193	69	0.999683
193	146	0.999919
193	149	0.999905
193	140	0.999801
193	118	0.999894
193	185	0.999657
193	174	0.999576
193	189	0.999596
193	164	0.999987
193	191	0.99969
193	129	0.999997
193	169	0.999849
193	129	0.999921
193	155	0.999621
193	117	0.999703
193	147	0.999832
193	119	0.999987
193	182	0.999749
193	165	0.999933
193	101	0.999714
193	101	0.99955
193	80	0.999686
193	63	0.999664
193	148	0.999838
193	96	0.999858
193	146	0.999966
193	92	0.999595
193	173	0.999999
193	113	0.999573
193	173	0.999737
193	182	0.99996
193	175	0.999765
193	155	0.999777
193	138	0.999605
193	149	0.999994
193	99	0.999545
193	106	0.999882
193	190	0.999839
193	84	0.999879
193	179	0.999903
193	123	0.999556
193	100	0.999555
193	89	0.999942
193	153	0.999637
193	147	0.999669
193	136	0.999746
193	104	0.999776
193	116	0.9998
193	170	0.999821
193	149	0.999789
193	189	0.999884
193	161	0.999622
193	63	0.999827
193	185	0.999553
193	148	0.999903
193	67	0.999973
193	119	0.999892
193	185	0.999812
193	138	0.999827
193	148	0.999574
193	184	0.999642
193	157	0.999823
193	126	0.999776
193	81	0.999962
193	161	0.99981
193	83	0.999969
193	73	0.999622
193	131	0.999617
193	192	0.999869
193	166	0.999704
193	167	0.999805
193	116	0.999672
193	172	0.999718
193	170	0.999756
193	110	0.999747
193	116	0.999695
193	98	0.999724
193	112	0.999933
193	109	0.999707
193	72	0.999914
193	98	0.999638
193	131	0.999992
193	169	0.999554
193	172	0.99995
193	84	0.999923
193	76	0.999557
193	133	0.999854
193	87	0.999825
193	74	0.999849
193	90	0.999859
193	78	0.999695
193	157	0.999831
193	181	0.999879
193	139	0.999588
193	62	0.99982
193	137	0.999639
193	68	0.999703
193	78	0.999723
193	169	0.99969
193	143	0.999772
193	71	0.999812
193	192	0.99968
193	126	0.999995
193	71	0.999597
193	121	0.999592
193	147	0.999988
193	148	0.999967
193	96	0.999896
193	181	0.999574
193	100	0.999601
193	175	0.999996
193	178	0.999751
193	172	0.999849
193	93	0.999722
193	71	0.999892
193	62	0.999692
193	92	0.999775
193	88	0.999651
193	118	0.999986
193	134	0.999946
193	156	0.999687
193	89	0.999755
193	152	0.999989
193	142	0.99984
193	118	0.999912
193	167	0.999833
193	166	0.999873
193	113	0.999963
193	77	0.999625
193	181	0.999557
193	95	0.999967
193	101	0.999795
193	114	0.999915
193	136	0.999899
193	90	0.999738
193	156	0.99998
193	162	0.99958
193	165	0.999876
193	190	0.999685
193	135	0.999681
193	107	0.999714
193	89	0.999943
193	116	0.999588
193	72	0.999551
193	159	0.999837
193	88	0.999597
193	133	0.999837
193	130	0.999989
193	67	0.99975
193	94	0.99996
193	111	0.999633
193	181	0.999547
193	118	0.999984
193	139	0.99984
193	112	0.999545
193	134	0.999908
193	139	0.999725
193	98	0.999865
193	141	0.999551
193	180	0.999584
193	146	0.999763
193	126	0.999762
193	72	0.999906
193	72	0.999891
193	160	0.999954
193	177	0.9996
193	123	0.999648
193	81	0.999947
193	137	0.999766
193	70	0.999674
193	147	0.999846
193	77	0.999735
193	75	0.999606
193	72	0.999583
193	179	0.999611
193	133	0.999781
193	192	0.999771
193	90	0.99979
193	190	0.999784
193	151	0.999823
193	67	0.999845
193	102	0.999902
193	105	0.999965
193	111	0.999817
193	152	0.999882
193	192	0.999663
193	82	0.999744
193	136	0.999938
193	155	0.999886
193	84	0.999644
193	70	0.999735
193	166	0.999822
193	154	0.999665
193	189	0.999812
193	103	0.99995
193	82	0.999686
193	168	0.999784
193	145	0.999978
193	171	0.999557
193	146	0.999932
193	126	0.999754
193	70	0.999675
193	62	0.999731
193	78	0.999687
193	99	0.999948
193	109	0.999979
193	104	0.999748
193	149	0.999593
193	163	0.999908
193	89	0.999974
193	101	0.999988
193	141	0.999997
193	80	0.999758
193	86	0.999923
193	119	0.999788
193	143	0.999576
193	135	0.999632
193	86	0.999955
193	155	0.999977
193	191	0.999624
193	106	0.999777
193	127	0.999666
193	65	0.999677
193	165	0.999791
193	137	0.999842
193	191	0.999921
193	63	0.999706
193	65	0.999626
193	160	0.999723
193	180	0.999988
193	100	0.999556
193	89	0.999719
193	174	0.999598
193	63	0.999599
193	66	0.999972
193	113	0.999593
193	77	0.999945
193	148	0.999786
193	97	0.999867
193	70	0.999921
193	117	0.999864
193	88	0.999806
193	129	0.999969
193	177	0.999698
193	141	0.999975
193	128	0.999543
193	62	0.999932
193	66	0.999924
193	182	0.999763
193	154	0.999743
193	165	0.999944
193	180	0.99992
193	172	0.999746
193	101	0.999842
193	192	0.999608
193	65	0.999986
193	72	0.999924
193	144	0.999825
193	69	0.999831
193	169	0.999553
193	128	0.999987
193	185	0.999631
193	140	0.999972
193	75	0.999777
193	177	0.999671
193	87	0.999983
193	143	0.999683
193	122	0.999719
193	103	0.999975
193	191	0.99988
193	138	0.999623
193	160	0.999711
193	106	0.999859
193	185	0.999593
193	152	0.999692
193	124	0.999884
193	185	0.999946
193	71	0.999805
193	123	0.999902
193	97	0.999646
193	127	0.999652
193	129	0.999579
193	117	0.999692
193	146	0.999776
193	81	0.999799
193	110	0.999954
193	101	0.999864
193	172	0.999606
193	171	0.999948
193	166	0.999603
193	162	0.999897
193	76	0.999624
193	161	0.999691
193	105	0.99979
193	90	0.999601
193	183	0.9997
193	191	0.999654
193	178	0.999781
193	127	0.999547
193	66	0.999563
193	86	0.999662
193	86	0.999767
193	98	0.999714
193	65	0.999749
193	188	0.99973
193	97	0.999657
193	129	0.999712
193	82	0.999973
193	72	0.99967
193	101	0.999672
193	137	0.99974
193	172	0.999803
193	118	0.999832
193	114	0.999647
193	66	0.999697
193	97	0.999759
193	133	0.999743
193	82	0.999838
193	63	0.999764
193	137	0.999715
193	136	0.999933
193	131	0.999544
193	173	0.999716
193	93	0.999866
193	174	0.999894
193	63	0.999577
193	116	0.999614
193	186	0.999916
193	67	0.999654
193	86	0.99988
193	78	0.999861
193	100	0.999895
193	64	0.999994
193	162	0.999835
193	119	0.999909
193	93	0.999646
193	123	0.999545
193	147	0.99988
193	150	0.999935
193	184	0.999771
193	90	0.999681
193	77	0.999811
193	69	0.99956
193	136	0.999688
193	105	0.999599
193	133	0.999904
193	107	0.999881
193	74	0.99976
193	175	0.999902
193	83	0.999934
193	161	0.999957
193	184	0.999638
193	86	0.999956
193	74	0.999971
193	192	0.99962
193	101	0.999654
193	130	0.99997
193	96	0.999729
193	67	0.999924
193	101	0.999573
193	67	0.99963
193	138	0.99959
193	149	0.999915
193	137	0.99973
193	124	0.999574
193	120	0.999605
193	113	0.999572
193	146	0.999891
193	169	0.999843
193	129	0.999787
193	85	0.99995
193	103	0.999642
193	100	0.999793
193	139	0.999678
193	184	0.999701
193	188	0.99964
193	155	0.999684
193	139	0.999664
193	115	0.999644
193	143	0.999564
193	138	0.999818
193	182	0.999859
193	178	0.999681
193	161	0.999704
193	182	0.999564
193	117	0.999815
193	179	0.999865
193	155	0.999545
193	157	0.999887
193	142	0.999617
193	176	0.999665
193	161	0.999703
193	159	0.999753
193	147	0.999976
193	148	0.999989
193	81	0.999664
193	164	0.999872
193	174	0.999738
193	153	0.999907
193	119	0.999861
193	130	0.999779
193	142	0.999555
193	73	0.999849
193	117	0.999642
193	123	0.99963
193	99	0.999843
193	179	0.999614
193	93	0.99986
193	102	0.999962
193	71	0.999919
193	171	0.999834
193	76	0.999983
193	134	0.99966
193	104	0.999652
193	85	0.999649
193	173	0.999703
193	175	0.999825
193	137	0.999832
193	141	0.99996
193	120	0.999768
193	96	0.999647
193	168	0.999549
193	152	0.999645
193	126	0.999772
193	91	0.999802
193	182	0.999773
193	188	0.999649
193	183	0.999941
193	151	0.999823
193	90	0.999805
193	152	0.999636
193	113	0.999813
193	163	0.999804
193	104	0.999948
193	183	0.999567
193	170	0.999714
193	70	0.999759
193	184	0.999936
193	81	0.999821
193	129	0.999855
193	120	0.999877
193	86	0.999766
193	68	0.999654
193	117	0.999553
193	142	0.999571
193	126	0.999761
193	145	0.999872
193	162	0.999595
193	173	0.999627
193	164	0.999667
193	109	0.999878
193	66	0.99991
193	75	0.9998
193	125	0.999554
193	90	0.999636
193	165	0.999681
193	117	0.999748
193	81	0.999989
193	170	0.999843
193	142	0.999703
193	169	0.999923
193	103	0.999638
193	142	0.99986
193	140	0.999797
193	85	0.9998
193	146	0.999671
193	124	0.999886
193	69	0.999936
193	174	0.999811
193	174	0.999657
193	152	0.999863
193	178	0.999771
193	153	0.999714
193	181	0.999896
193	123	0.999786
193	106	0.999921
193	185	0.999573
193	109	0.999671
193	98	0.999542
193	175	0.999557
193	140	0.999855
193	98	0.999757
193	139	0.999946
193	182	0.999645
193	88	0.999677
193	68	0.999681
193	172	0.999843
193	90	0.999571
193	149	0.999946
193	79	0.999795
193	176	0.999693
193	65	0.999867
193	101	0.999923
193	160	0.999575
193	114	0.999622
193	158	0.99962
193	122	0.999926
193	89	0.999968
193	97	0.999842
193	108	0.999562
193	133	0.999606
193	152	0.999891
193	108	0.999846
193	180	0.999756
193	186	0.999786
193	114	0.999708
193	141	0.999807
193	164	0.999558
193	151	0.99989
193	105	0.999788
193	143	0.999772
193	111	0.999655
193	72	0.999862
193	117	0.999666
193	144	0.999599
193	180	0.999842
193	166	0.999771
193	126	0.999986
193	192	0.999834
193	124	0.999865
193	134	0.999692
193	112	0.999933
193	145	0.999973
193	131	0.999547
193	67	0.999836
193	66	0.999822
193	88	0.999645
193	81	0.999919
193	73	0.999751
193	171	0.999594
193	178	0.999844
193	188	0.999621
193	92	0.999837
193	188	0.999767
193	140	0.999816
193	70	0.999988
193	108	0.999948
193	139	0.999726
193	128	0.999777
193	187	0.999718
193	160	0.999695
193	128	0.999898
193	140	0.999951
193	106	0.999691
193	127	0.999672
193	133	0.99961
193	146	0.999609
193	152	0.99982
193	80	0.999874
193	128	0.999873
193	90	0.999784
193	72	0.999827
193	63	0.999604
193	181	0.999988
193	112	0.999591
193	65	0.999804
193	178	0.999933
193	125	0.999855
193	76	0.999596
193	114	0.999587
193	167	0.999854
193	180	0.999996
193	64	0.999625
193	130	0.999824
193	78	0.999574
193	77	0.999866
193	130	0.999576
193	81	0.999897
193	82	0.999737
193	187	0.999798
193	76	0.999892
193	100	0.999687
193	108	0.999635
193	113	0.999684
193	174	0.999558
193	130	0.999866
193	109	0.999963
193	163	0.999771
193	184	0.999671
193	119	0.999695
193	72	0.999552
193	163	0.999976
193	165	0.999973
193	70	0.999681
193	111	0.999855
193	161	0.999935
193	185	0.999986
193	169	0.999677
193	102	0.999866
193	180	0.999785
193	141	0.999799
193	144	0.999897
193	166	0.999544
193	150	0.999997
193	99	0.999763
193	185	0.999784
193	130	0.999587
193	166	0.999782
193	90	0.99974
193	116	0.999938
193	136	0.999959
193	93	0.999929
193	180	0.999868
193	177	0.999603
193	82	0.99994
193	184	0.99981
193	131	0.9998
193	160	0.999778
193	121	0.999908
193	71	0.999971
193	140	0.999581
193	106	0.999697
193	108	0.999781
193	174	0.99956
193	172	0.999975
193	81	0.99963
193	112	0.999558
193	113	0.999833
193	191	0.999751
193	145	0.999638
193	117	0.999789
193	79	0.999639
193	187	0.999862
193	150	0.999816
193	109	0.999665
193	64	0.999546
193	111	0.999974
193	105	0.99988
193	78	0.999897
193	112	0.99993
193	125	0.999816
193	157	0.999843
193	62	0.999726
193	174	0.99965
193	130	0.999965
193	133	0.999591
193	154	0.999813
193	91	0.999628
193	90	0.999702
193	189	0.999805
193	106	0.999766
193	118	0.999555
193	117	0.999598
193	162	0.999856
193	168	0.999627
193	180	0.999982
193	166	0.999773
193	80	0.999814
193	100	0.999735
193	99	0.999585
193	166	0.99966
193	168	0.999642
193	92	0.999543
193	168	0.999982
193	114	0.999704
193	74	0.999971
193	166	0.99993
193	179	0.99974
193	82	0.999896
193	121	0.999888
193	151	0.999584
193	161	0.999903
193	112	0.999968
193	164	0.999926
193	135	0.999675
193	70	0.999857
193	81	0.999862
193	161	0.99982
193	169	0.999676
193	178	0.99999
193	120	0.99971
193	84	0.999638
193	104	0.999976
193	189	0.999856
193	147	0.999743
193	113	0.999558
193	140	0.999849
193	123	0.999612
193	71	0.999609
193	175	0.999797
193	121	0.999963
193	150	0.999698
193	71	0.999582
193	145	0.999654
193	121	0.999754
193	140	0.99966
193	118	0.999612
193	102	0.999846
193	181	0.999624
193	93	0.999553
193	125	0.99988
193	161	0.999632
193	79	0.999995
193	71	0.999886
193	121	0.999741
193	124	0.999542
193	121	0.999786
193	126	0.999652
193	70	0.999627
193	148	0.999698
193	124	0.999758
193	114	0.99996
193	167	0.999919
193	156	0.999569
193	120	0.999992
193	158	0.999571
193	149	0.99959
193	185	0.999984
193	144	0.999929
193	120	0.999581
193	133	0.999607
193	159	0.999782
193	66	0.999741
193	112	0.999762
193	187	0.999726
193	164	0.999973
193	174	0.999702
193	62	0.999579
193	65	0.99966
193	122	0.999809
193	65	0.999726
193	138	0.999867
193	119	0.999832
193	96	0.999881
193	69	0.999695
193	147	0.999557
193	100	0.9998
193	151	0.999686
193	175	0.999921
193	142	0.999708
193	75	0.999556
193	165	0.999874
193	102	0.99997
193	183	0.999741
193	89	0.999587
193	94	0.999974
193	151	0.999828
193	65	0.999766
193	116	0.999968
193	107	0.999919
193	160	0.999602
193	192	0.999724
193	114	0.999865
193	109	0.999659
193	177	0.999545
193	160	0.999623
193	170	0.999903
193	141	0.999706
193	70	0.99971
193	153	0.999973
193	138	0.999754
193	80	0.999712
193	175	0.999895
193	154	0.999749
193	84	0.999674
193	64	0.999754
193	126	0.999568
193	101	0.999937
193	71	0.999781
193	161	0.999928
193	74	0.999801
193	102	0.999977
193	106	0.999675
193	104	0.999903
193	174	0.999633
193	184	0.999549
193	130	0.999733
193	63	0.999641
193	156	0.999586
193	181	0.999691
193	92	0.99994
193	87	0.999879
193	109	0.999784
193	169	0.999654
193	136	0.999609
193	62	0.999904
193	144	0.99963
193	94	0.99975
193	161	0.999789
193	186	0.99987
193	165	0.999612
193	90	0.999924
193	158	0.999547
193	76	0.999964
193	67	0.999789
193	101	0.99968
193	190	0.999755
193	109	0.999677
193	159	0.999661
193	103	0.999614
193	146	0.999692
193	180	0.999606
193	101	0.999969
193	175	0.999734
193	73	0.999684
193	167	0.999752
193	63	0.99963
193	106	0.999704
193	134	0.999604
193	73	0.99986
193	165	0.99986
193	168	0.999828
193	177	0.999735
193	145	0.999876
193	183	0.999545
193	83	0.999914
193	152	0.999687
193	148	0.999859
193	85	0.999993
193	118	0.999743
193	164	0.999699
193	84	0.999705
193	188	0.999815
193	113	0.999805
193	77	0.999669
193	112	0.99984
193	119	0.999796
193	74	0.999927
193	140	0.999627
193	99	0.999986
193	146	0.999811
193	142	0.99995
193	129	0.999661
193	119	0.999806
193	77	0.999572
193	106	0.999863
193	77	0.999822
193	88	0.999734
193	160	0.999702
193	154	0.999715
193	180	0.999842
193	130	0.999735
193	105	0.999741
193	172	0.999852
193	174	0.999653
193	161	0.999761
193	76	0.999639
193	165	0.999833
193	85	0.99966
193	72	0.999989
193	113	0.999543
193	168	0.999685
193	192	0.999584
193	175	0.999606
193	185	0.999638
193	65	0.999691
193	137	0.999552
193	71	0.999663
193	91	0.999627
193	99	0.999805
193	107	0.999807
193	183	0.999714
193	159	0.99994
193	180	0.999691
193	189	0.999785
193	69	0.999974
193	176	0.999625
193	117	0.999811
193	162	0.999933
193	157	0.999545
193	144	0.999734
193	117	0.999897
193	183	0.999601
193	94	0.999819
193	88	0.999969
193	134	0.999663
193	100	0.99976
193	170	0.999934
193	159	0.999979
193	137	0.999562
193	149	0.999912
193	192	0.999975
193	86	0.99983
193	94	0.999941
193	144	0.999882
193	163	0.999642
193	100	0.999745
193	73	0.999811
193	192	0.99977
193	143	0.999719
193	92	0.999721
193	73	0.999829
193	69	0.999638
193	66	0.999844
193	162	0.99998
193	133	0.999665
193	173	0.999885
193	116	0.999746
193	172	0.999722
193	155	0.999734
193	186	0.999869
193	87	0.999595
193	159	0.999904
193	99	0.999962
193	85	0.999808
193	147	0.99992
193	139	0.999662
193	192	0.999984
193	163	0.999671
193	130	0.999583
193	101	0.999997
193	76	0.999911
193	118	0.999746
193	69	0.999932
193	144	0.99955
193	173	0.999568
193	178	0.999911
193	166	0.999677
193	79	0.999588
193	191	0.999713
193	149	0.999554
193	116	0.999646
193	100	0.999915
193	168	0.999996
193	177	0.999749
193	101	0.999735
193	95	0.999637
193	78	0.999973
193	85	0.999774
193	152	0.999686
193	88	0.999899
193	154	0.999875
193	117	0.99963
193	133	0.999858
193	76	0.999922
193	190	0.999871
193	109	0.999754
193	74	0.999698
193	178	0.999723
193	181	0.999846
193	87	0.9998
193	129	0.999788
193	62	0.999676
193	81	0.999825
193	176	0.999696
193	80	0.999772
193	120	0.999918
193	107	0.999817
193	192	0.999665
193	175	0.999575
193	122	0.999791
193	82	0.999929
193	187	0.999727
193	156	0.999792
193	79	0.999813
193	71	0.999886
193	148	0.999719
193	117	0.999982
193	83	0.999742
193	175	0.999753
193	129	0.999883
193	149	0.999901
193	152	0.999694
193	148	0.999725
193	178	0.999552
193	112	0.999602
193	125	0.999547
193	131	0.999605
193	62	0.999995
193	162	0.999757
193	107	0.999736
193	144	0.99976
193	105	0.999798
193	70	0.999909
193	141	0.999817
193	80	0.999597
193	94	0.999889
193	102	0.999727
193	116	0.99978
193	124	0.999991
193	96	0.999795
193	180	0.999998
193	141	0.99985
193	75	0.999931
193	182	0.99974
193	128	0.99986
193	141	0.999601
193	107	0.99987
193	147	0.999676
193	161	0.99968
193	96	0.999689
193	89	0.999713
193	98	0.999689
193	135	0.999832
193	128	0.999585
193	124	0.999582
193	122	0.999685
193	132	0.999688
193	184	0.999984
193	165	0.999911
193	178	0.999748
193	132	0.999976
193	146	0.999727
193	150	0.999899
193	167	0.99964
193	91	0.99991
193	157	0.999815
193	137	0.999585
193	151	0.999785
193	175	0.999822
193	88	0.999846
193	135	0.999649
193	167	0.999729
193	103	0.999978
193	129	0.999747
193	95	0.999958
193	176	0.999791
193	154	0.999863
193	172	0.99971
193	182	0.999673
193	104	0.999819
193	138	0.999619
193	170	0.999852
193	70	0.999732
193	148	0.999845
193	77	0.99972
193	111	0.999769
193	122	0.99959
193	140	0.999945
193	99	0.999918
193	165	0.999913
193	180	0.999728
193	164	0.999903
193	174	0.999686
193	100	0.999833
193	179	0.9998
193	102	0.999787
193	77	0.999716
193	145	0.999624
193	129	0.999933
193	167	0.999986
193	78	0.999788
193	108	0.999942
193	134	0.999597
193	130	0.99981
193	83	0.999835
193	84	0.999904
193	103	0.999824
193	101	0.999903
193	88	0.999686
193	63	0.999784
193	84	0.999741
193	119	0.999866
193	191	0.999907
193	81	0.999922
193	94	0.999577
193	115	0.999614
193	109	0.999911
193	179	0.999593
193	151	0.999685
193	175	0.999865
193	65	0.999612
193	161	0.999719
193	178	0.999863
193	132	0.999673
193	96	0.999876
193	175	0.999979
193	146	0.99973
193	95	0.999719
193	101	0.999608
193	87	0.999616
193	130	0.999991
193	68	0.99987
193	109	0.999652
193	182	0.999637
193	90	0.999704
193	129	0.999606
193	94	0.999665
193	81	0.999696
193	146	0.999895
193	128	0.999703
193	87	0.999735
193	170	0.999842
193	146	0.9998
193	146	0.999765
193	84	0.999669
193	105	0.999685
193	167	0.999621
193	90	0.999963
193	186	0.999605
193	97	0.999736
193	114	0.999776
193	128	0.99972
193	68	0.999931
193	181	0.999557
193	182	0.999823
193	68	0.999701
193	71	0.999552
193	180	0.999665
193	118	0.999971
193	183	0.999671
193	174	0.999716
193	153	0.999932
193	70	0.999695
193	81	0.999738
193	82	0.999665
193	134	0.999859
