500
479	198	0.998865
479	292	0.997609
479	375	0.997067
479	368	0.999772
479	242	0.99774
479	161	0.997677
479	434	0.999549
479	432	0.999655
479	448	0.998995
479	393	0.996123
479	392	0.996806
479	438	0.998346
479	195	0.995669
479	264	0.996559
479	262	0.998753
479	273	0.995853
479	372	0.996704
479	252	0.995268
479	288	0.995998
479	409	0.996917
479	413	0.996588
479	429	0.995456
479	379	0.996109
479	383	0.99636
479	444	0.999762
479	180	0.995205
479	362	0.99608
479	405	0.99699
479	252	0.995993
479	182	0.99714
479	243	0.999854
479	477	0.996244
479	350	0.995418
479	431	0.998409
479	181	0.99713
479	193	0.997081
479	434	0.995306
479	420	0.999088
479	178	0.999864
479	241	0.995437
479	344	0.998375
479	221	0.997653
479	453	0.996583
479	436	0.996331
479	256	0.995915
479	419	0.998884
479	359	0.998855
479	439	0.996457
479	411	0.99637
479	191	0.996868
479	455	0.999879
479	175	0.995563
479	155	0.995369
479	432	0.99837
479	430	0.996873
479	324	0.995974
479	358	0.996907
479	290	0.99535
479	208	0.998986
479	207	0.997798
479	409	0.998147
479	417	0.997769
479	331	0.999767
479	318	0.997324
479	330	0.998772
479	164	0.996927
479	397	0.995534
479	395	0.999243
479	318	0.997885
479	263	0.995364
479	397	0.995195
479	188	0.999287
479	424	0.999034
479	192	0.996665
479	235	0.999544
479	183	0.998554
479	367	0.996602
479	383	0.997798
479	178	0.999325
479	205	0.998162
479	307	0.995505
479	424	0.995703
479	229	0.998554
479	388	0.996525
479	197	0.99821
479	268	0.998414
479	426	0.999456
479	283	0.998244
479	269	0.998593
479	472	0.995437
479	169	0.99579
479	260	0.999714
479	189	0.996346
479	279	0.996065
479	294	0.998598
479	355	0.999689
479	374	0.999845
479	429	0.998714
479	177	0.997164
479	216	0.999529
479	160	0.995804
479	293	0.999393
479	216	0.999015
479	321	0.997498
479	336	0.997663
479	391	0.996351
479	454	0.998506
479	325	0.996215
479	289	0.995529
479	405	0.999354
479	201	0.995176
479	288	0.996389
479	396	0.998753
479	219	0.998079
479	228	0.996665
479	226	0.996917
479	259	0.998637
479	165	0.998399
479	158	0.999714
479	345	0.997275
479	417	0.999233
479	253	0.999806
479	317	0.998089
479	367	0.996302
479	247	0.995572
479	394	0.995669
479	458	0.99609
479	227	0.997391
479	171	0.99775
479	422	0.998719
479	391	0.996854
479	158	0.999728
479	450	0.996854
479	442	0.99536
479	285	0.99521
479	175	0.997483
479	226	0.996036
479	200	0.998666
479	396	0.998278
479	367	0.995195
479	278	0.999427
479	460	0.998501
479	423	0.998002
479	408	0.999388
479	413	0.995925
479	317	0.996327
479	186	0.997561
479	422	0.997067
479	379	0.996849
479	208	0.995775
479	150	0.996883
479	247	0.999044
479	358	0.99609
479	157	0.999238
479	350	0.995355
479	159	0.997193
479	196	0.998288
479	387	0.998705
479	181	0.99578
479	280	0.997367
479	441	0.998545
479	273	0.999767
479	452	0.999306
479	344	0.996646
479	358	0.996675
479	431	0.995741
479	220	0.995524
479	195	0.996273
479	173	0.99885
479	361	0.996293
479	465	0.999219
479	178	0.99713
479	168	0.99949
479	353	0.999437
479	275	0.996056
479	281	0.99729
479	271	0.995567
479	253	0.995616
479	390	0.998152
479	253	0.996689
479	288	0.998196
479	279	0.997207
479	356	0.999219
479	205	0.998423
479	244	0.996825
479	208	0.999558
479	306	0.999534
479	269	0.997295
479	329	0.996544
479	426	0.998511
479	338	0.999563
479	456	0.997537
479	446	0.999029
479	396	0.999549
479	276	0.998962
479	270	0.998651
479	186	0.996298
479	290	0.995374
479	406	0.995959
479	182	0.999185
479	177	0.999223
479	428	0.99578
479	328	0.998705
479	378	0.996186
479	437	0.997299
479	161	0.996462
479	474	0.99984
479	369	0.998443
479	355	0.995558
479	143	0.99636
479	152	0.999485
479	375	0.997522
479	450	0.998326
479	367	0.99934
479	153	0.998646
479	263	0.99869
479	319	0.995321
479	218	0.997687
479	164	0.998738
479	420	0.99697
479	369	0.995756
479	387	0.997212
479	173	0.998637
479	310	0.998608
479	161	0.995524
479	188	0.997043
479	308	0.999947
479	393	0.995563
479	406	0.999442
479	370	0.997527
479	272	0.998002
479	374	0.996389
479	223	0.998617
479	165	0.996999
479	150	0.998113
479	453	0.996515
479	402	0.998515
479	389	0.99624
479	199	0.998399
479	203	0.99548
479	240	0.99759
479	185	0.995998
479	327	0.998084
479	223	0.998229
479	457	0.99681
479	273	0.997968
479	393	0.998748
479	470	0.997459
479	175	0.999029
479	198	0.996607
479	350	0.997561
479	383	0.999956
479	273	0.998331
479	414	0.995896
479	145	0.999893
479	334	0.999073
479	446	0.998065
479	246	0.998423
479	456	0.996627
479	297	0.999583
479	143	0.995785
479	360	0.997706
479	154	0.997585
479	174	0.998772
479	302	0.998826
479	401	0.998971
479	322	0.999903
479	180	0.995635
479	465	0.997876
479	246	0.997488
479	269	0.996138
479	179	0.999709
479	356	0.996815
479	259	0.996302
479	379	0.997072
479	185	0.995645
479	383	0.996356
479	398	0.998656
479	188	0.998758
479	150	0.997546
479	453	0.998806
479	464	0.997144
479	270	0.999655
479	281	0.999059
479	472	0.995891
479	350	0.998821
479	370	0.997551
479	205	0.999534
479	326	0.997222
479	446	0.99668
479	206	0.996752
479	269	0.999306
479	388	0.998593
479	270	0.998971
479	239	0.996607
479	341	0.99592
479	228	0.998782
479	193	0.997319
479	421	0.996012
479	432	0.996235
479	427	0.999282
479	160	0.997256
479	154	0.997939
479	445	0.998671
479	279	0.995688
479	324	0.998331
479	290	0.999481
479	255	0.996646
479	314	0.999791
479	290	0.999359
479	330	0.999025
479	165	0.997057
479	164	0.997789
479	413	0.998491
479	349	0.998263
479	246	0.997508
479	201	0.995577
479	466	0.999549
479	467	0.998627
479	206	0.998869
479	266	0.99534
479	342	0.997571
479	214	0.99985
479	431	0.995422
479	391	0.995741
479	143	0.995427
479	429	0.997193
479	208	0.999228
479	246	0.995799
479	383	0.999524
479	327	0.996235
479	423	0.99759
479	459	0.99949
479	388	0.996269
479	406	0.995171
479	351	0.9976
479	358	0.999447
479	230	0.998772
479	259	0.997895
479	458	0.9952
479	333	0.995379
479	170	0.998239
479	320	0.995785
479	398	0.999723
479	253	0.99804
479	441	0.999316
479	257	0.998031
479	144	0.998297
479	405	0.99696
479	276	0.999049
479	202	0.999321
479	199	0.999068
479	449	0.995635
479	290	0.997164
479	281	0.999961
479	145	0.995161
479	417	0.997057
479	332	0.999238
479	316	0.998215
479	385	0.999816
479	337	0.997459
479	403	0.996148
479	246	0.996578
479	347	0.997367
479	258	0.995824
479	205	0.995799
479	275	0.996936
479	181	0.996733
479	224	0.99743
479	240	0.996433
479	364	0.999272
479	191	0.997667
479	217	0.997992
479	364	0.999296
479	280	0.996723
479	229	0.997019
479	335	0.99774
479	355	0.996356
479	165	0.996946
479	193	0.999175
479	311	0.998991
479	188	0.99838
479	295	0.996481
479	177	0.998307
479	340	0.99668
479	372	0.999277
479	233	0.999694
479	263	0.995277
479	399	0.997658
479	410	0.998971
479	195	0.99548
479	369	0.999301
479	470	0.996167
479	462	0.996617
479	243	0.996965
479	251	0.996264
479	222	0.996723
479	236	0.996941
479	245	0.997944
479	307	0.995611
479	358	0.999267
479	306	0.99965
479	295	0.996486
479	148	0.999
479	403	0.995451
479	271	0.998768
479	150	0.996893
479	214	0.997416
479	430	0.995949
479	439	0.995848
479	404	0.999951
479	329	0.998865
479	415	0.996317
479	166	0.996801
479	362	0.998962
479	250	0.997793
479	311	0.997929
479	362	0.99933
479	366	0.998564
479	255	0.997169
479	417	0.999257
479	170	0.996873
479	460	0.997106
479	428	0.997638
479	320	0.999185
479	215	0.999112
479	189	0.996322
479	473	0.996597
479	181	0.99653
479	195	0.997595
479	149	0.99935
479	166	0.999558
479	478	0.998254
479	293	0.999811
479	220	0.997924
479	298	0.997881
479	288	0.999757
479	221	0.995389
479	167	0.996583
479	465	0.999864
479	428	0.995862
479	199	0.995886
479	318	0.998375
479	279	0.999917
479	196	0.995195
479	177	0.997183
479	149	0.995292
479	448	0.996389
479	447	0.996457
479	241	0.997745
479	415	0.998608
479	172	0.995186
479	156	0.997019
479	324	0.995722
479	162	0.999068
479	258	0.995258
479	308	0.999966
479	327	0.996844
479	437	0.997508
479	210	0.99666
479	420	0.996597
479	223	0.996786
479	348	0.997241
479	244	0.997629
479	384	0.997566
479	308	0.996181
479	432	0.99622
479	302	0.998574
479	258	0.998913
479	410	0.996462
479	307	0.998617
479	411	0.99852
479	441	0.996477
479	196	0.995954
479	277	0.996815
479	165	0.999883
479	310	0.999238
479	207	0.995983
479	339	0.995596
479	411	0.996201
479	297	0.996757
479	429	0.99807
479	162	0.998215
479	183	0.999476
479	475	0.995306
479	427	0.999165
479	300	0.996835
479	336	0.997784
479	440	0.996539
479	443	0.999316
479	185	0.998399
479	153	0.998108
479	376	0.998472
479	183	0.998869
479	233	0.99836
479	426	0.99521
479	419	0.999408
479	411	0.999976
479	160	0.997595
479	469	0.995775
