1500
302	29	0.0971122
431	129	0.39503
274	72	0.546636
242	26	0.568007
425	336	0.898413
217	119	0.713764
165	5	0.101117
417	53	0.263002
430	277	0.750643
106	31	0.815446
138	38	0.604188
222	91	0.799782
329	204	0.747022
373	7	0.515936
224	48	0.844616
166	45	0.341344
399	14	0.461502
69	17	0.525807
475	166	0.57901
231	103	0.683297
88	35	0.811951
131	1	0.641761
278	69	0.804025
86	7	0.209315
172	45	0.553402
344	44	0.306754
149	29	0.517731
364	36	0.762211
438	47	0.57271
114	8	0.193892
91	51	0.838999
212	87	0.417054
317	6	0.191205
52	10	0.632072
480	76	0.203132
283	117	0.481513
364	125	0.551481
406	9	0.259235
490	155	0.717211
420	93	0.781321
111	31	0.543848
375	275	0.80612
260	48	0.384651
330	218	0.917786
214	13	0.141343
239	3	0.600644
474	145	0.919432
459	332	0.979772
173	22	0.587903
268	185	0.911869
444	163	0.894071
449	32	0.557373
240	18	0.138383
423	3	0.305841
469	286	0.728504
363	83	0.862254
368	245	0.811897
240	91	0.777696
109	77	0.900355
250	177	0.855976
136	1	0.0180637
200	33	0.440559
128	68	0.641833
216	1	0.01911
164	67	0.543203
187	32	0.37854
436	74	0.276593
182	174	0.975269
130	10	0.25674
449	105	0.532364
117	40	0.708227
90	4	0.348732
285	2	0.188211
334	106	0.37484
486	22	0.217633
221	142	0.976566
215	3	0.559336
279	38	0.189796
206	14	0.146527
124	1	0.184362
371	142	0.394229
293	80	0.475948
273	32	0.767705
235	192	0.91613
142	56	0.579666
479	42	0.194115
165	6	0.712595
470	58	0.289765
262	84	0.505408
101	2	0.0385914
80	0	0.0209867
170	1	0.294828
154	35	0.376961
250	32	0.33632
358	128	0.652172
277	37	0.444365
191	26	0.44711
123	34	0.892723
64	26	0.986234
241	37	0.269893
315	4	0.533194
124	2	0.313039
396	8	0.0342612
254	28	0.754406
332	2	0.0441281
57	6	0.7718
455	35	0.310683
227	33	0.556832
183	11	0.0929839
238	34	0.533602
392	190	0.765335
148	22	0.157966
407	253	0.943063
129	69	0.630005
291	2	0.850443
255	5	0.0201627
422	56	0.172172
374	132	0.588919
155	78	0.614075
333	25	0.885007
110	20	0.622926
383	243	0.935114
261	96	0.663895
183	90	0.597363
462	310	0.96782
208	6	0.282416
154	10	0.45079
249	8	0.241183
187	2	0.0672033
471	0	0.0120931
146	10	0.45589
211	52	0.689931
444	69	0.844818
346	30	0.401811
418	4	0.0584328
119	3	0.0536581
311	33	0.378838
209	103	0.646651
276	4	0.28426
393	7	0.0975698
273	18	0.399133
117	67	0.839396
260	21	0.426578
369	11	0.0428539
257	29	0.909691
401	90	0.578719
346	21	0.198902
450	31	0.0752115
331	71	0.557791
263	3	0.0226463
229	12	0.210593
267	20	0.34608
60	2	0.146494
232	10	0.0629639
497	318	0.902797
336	253	0.876096
322	182	0.832023
200	34	0.89691
183	25	0.903145
159	57	0.392146
461	45	0.495145
304	4	0.132741
407	52	0.626834
497	144	0.350848
263	159	0.735657
322	228	0.787913
370	174	0.576097
350	24	0.763915
306	94	0.582476
402	108	0.763312
370	80	0.573828
330	61	0.338735
154	5	0.344444
387	34	0.734989
371	25	0.126624
276	52	0.200415
467	79	0.511835
414	169	0.912867
134	39	0.313013
438	68	0.449122
405	39	0.720677
490	1	0.855147
434	227	0.982702
158	1	0.0549252
103	50	0.671914
365	85	0.263889
469	378	0.977926
71	6	0.838693
390	10	0.0365537
235	44	0.790255
168	3	0.0331633
431	39	0.177793
136	3	0.257702
131	33	0.395535
82	15	0.199462
490	3	0.273154
63	7	0.748689
299	17	0.36286
462	64	0.284169
298	10	0.440889
428	253	0.892801
314	145	0.466577
110	29	0.334506
387	110	0.509597
483	3	0.350992
467	138	0.392854
74	50	0.721614
74	4	0.166969
456	52	0.54715
318	33	0.260525
215	71	0.652554
178	68	0.533962
71	21	0.829225
307	157	0.793288
326	34	0.688433
233	75	0.353592
455	113	0.91262
276	186	0.735278
253	10	0.0618774
166	87	0.84807
120	66	0.780137
240	37	0.175915
134	3	0.0316495
492	40	0.119883
472	8	0.0453127
221	5	0.725251
451	20	0.057338
161	4	0.138353
126	17	0.141131
311	172	0.703015
255	48	0.311345
466	25	0.109621
182	67	0.591479
468	73	0.172435
213	137	0.984589
462	2	0.116658
355	8	0.215465
340	55	0.294328
222	126	0.863589
239	124	0.656133
63	8	0.648812
412	61	0.509577
340	59	0.173806
453	7	0.0240474
195	87	0.458666
316	11	0.0654224
55	27	0.603873
261	137	0.558788
96	53	0.654369
354	270	0.987217
224	116	0.915
212	105	0.548346
86	2	0.0384122
396	4	0.155386
272	52	0.825598
140	82	0.847575
424	1	0.0330701
258	5	0.255581
83	11	0.759719
338	65	0.252738
485	3	0.0866623
253	216	0.923103
221	27	0.366379
315	0	0.2609
496	156	0.648259
425	127	0.430968
102	43	0.809201
390	1	0.574115
119	13	0.207358
70	22	0.502265
288	28	0.347128
215	20	0.154478
226	75	0.782888
265	17	0.485454
96	1	0.0812732
96	21	0.500699
236	13	0.245447
201	41	0.331313
328	9	0.080167
440	162	0.883094
87	32	0.98419
220	66	0.935052
260	48	0.259867
312	11	0.610162
443	13	0.481208
59	7	0.982104
332	137	0.737951
427	59	0.213553
296	252	0.98643
88	37	0.610038
410	283	0.693682
334	2	0.122034
393	57	0.678698
476	28	0.528498
110	6	0.287393
129	3	0.041458
136	27	0.440375
127	31	0.368751
210	34	0.39913
483	258	0.624712
118	39	0.955665
387	380	0.989944
189	15	0.536461
165	22	0.89232
67	2	0.636549
223	55	0.862598
150	103	0.9197
470	124	0.387269
385	220	0.677361
252	42	0.359986
324	203	0.987757
279	27	0.140733
458	113	0.262099
320	162	0.692578
339	62	0.285012
481	167	0.386567
143	103	0.741605
354	111	0.384956
217	29	0.953016
305	190	0.826072
238	20	0.849502
406	169	0.873689
494	238	0.691127
466	324	0.75087
428	359	0.900106
141	22	0.886883
226	116	0.644076
179	51	0.895421
180	3	0.0357219
94	6	0.268896
372	217	0.595945
450	80	0.832975
57	15	0.891162
162	21	0.149687
444	10	0.924356
325	196	0.848479
492	185	0.575486
122	4	0.401987
156	92	0.638511
194	29	0.15477
391	60	0.525528
299	7	0.235263
137	87	0.911779
471	2	0.0142075
479	27	0.0903796
151	6	0.0976412
227	69	0.88043
373	224	0.847378
289	30	0.246682
456	0	0.0301268
108	24	0.336238
199	62	0.40425
274	73	0.342433
314	63	0.257251
487	10	0.21528
235	22	0.409506
490	145	0.462452
306	141	0.875925
222	115	0.596465
187	84	0.840632
452	7	0.544386
360	83	0.313781
199	14	0.202497
370	82	0.349769
116	30	0.589336
98	19	0.657655
342	70	0.643446
130	39	0.693944
143	22	0.344909
288	2	0.0167582
439	290	0.861304
358	256	0.840027
125	78	0.788968
305	158	0.624243
124	3	0.382984
63	7	0.236567
242	4	0.331444
114	21	0.846664
65	5	0.746845
255	60	0.24711
471	56	0.481076
201	66	0.717609
398	105	0.63521
197	132	0.874327
444	109	0.433597
286	90	0.551783
267	196	0.74115
304	59	0.505162
264	34	0.515953
71	8	0.197407
242	118	0.934871
475	32	0.233408
308	100	0.453456
80	52	0.749014
283	157	0.869367
369	10	0.397161
490	53	0.206822
159	62	0.915475
125	49	0.445489
491	190	0.913609
216	1	0.0361713
94	49	0.730243
330	86	0.662056
300	47	0.246738
134	30	0.903844
204	73	0.982621
295	79	0.287119
398	277	0.77773
79	2	0.285886
334	268	0.846472
437	155	0.740234
373	59	0.264006
301	104	0.515469
206	113	0.86776
168	8	0.103926
324	117	0.917283
446	59	0.708806
471	12	0.0286415
414	57	0.199494
242	40	0.311114
204	102	0.612799
326	225	0.773752
180	61	0.630192
166	17	0.1517
264	62	0.318662
107	8	0.319303
235	132	0.588307
253	51	0.512319
313	18	0.844675
392	17	0.584149
378	33	0.13127
220	22	0.697828
211	12	0.12966
306	92	0.814557
285	60	0.271153
143	1	0.111794
77	4	0.175284
51	10	0.319355
143	40	0.608991
251	151	0.634977
123	40	0.43078
306	67	0.5961
274	178	0.798673
486	139	0.593267
423	19	0.0537542
484	453	0.944885
167	42	0.349609
171	54	0.808733
95	3	0.191331
211	0	0.0927257
97	0	0.855187
172	18	0.230624
55	9	0.228496
455	179	0.672909
326	15	0.82395
314	6	0.068144
233	8	0.262685
311	178	0.918985
80	48	0.732951
302	129	0.534626
67	34	0.805042
323	2	0.0239653
422	109	0.826212
188	21	0.280916
167	2	0.166167
249	1	0.784099
482	58	0.197232
482	299	0.796573
286	29	0.300923
112	7	0.0748241
126	25	0.660943
64	3	0.691962
333	28	0.0982852
65	31	0.668014
336	96	0.618141
85	6	0.755118
268	207	0.805339
121	15	0.475089
342	85	0.412652
381	90	0.758015
239	69	0.577299
178	23	0.236005
67	1	0.349045
326	20	0.340127
480	144	0.589118
326	84	0.27913
332	3	0.0139405
447	19	0.112053
136	21	0.204951
245	3	0.355661
127	4	0.298338
263	89	0.615176
491	12	0.653329
334	157	0.502648
277	106	0.447026
214	74	0.641853
155	22	0.716
62	11	0.226712
176	18	0.690163
394	257	0.719305
366	86	0.786876
364	22	0.567884
342	31	0.10136
116	69	0.663071
303	142	0.547813
432	145	0.504119
180	26	0.232862
220	104	0.568177
102	50	0.516767
358	316	0.907356
450	169	0.87098
392	44	0.353313
204	22	0.418751
363	17	0.0615641
204	129	0.866647
476	150	0.406034
82	10	0.520229
309	163	0.660472
274	122	0.529609
356	17	0.13218
215	11	0.252653
167	12	0.216238
238	57	0.521129
89	11	0.636134
51	34	0.695358
298	29	0.769017
185	67	0.587051
347	23	0.558619
385	144	0.439393
479	298	0.709429
391	113	0.745084
64	6	0.629646
348	87	0.265251
360	18	0.0976331
411	86	0.657105
216	62	0.390725
305	138	0.497107
257	3	0.466052
350	157	0.801981
257	111	0.597103
293	47	0.172069
339	56	0.252003
304	28	0.306024
327	64	0.40366
437	48	0.720045
450	83	0.950557
461	60	0.14141
234	64	0.464172
417	236	0.729076
120	22	0.193169
223	28	0.662393
460	38	0.558034
427	312	0.883398
176	28	0.18844
120	8	0.158826
161	8	0.376258
214	98	0.662691
235	0	0.0293616
124	10	0.178581
299	4	0.140433
122	26	0.28161
437	118	0.457057
69	27	0.509977
334	50	0.23428
118	51	0.568604
252	63	0.39753
453	43	0.19147
386	100	0.269744
123	78	0.721956
459	5	0.434607
82	2	0.0274057
461	151	0.408663
349	15	0.377335
421	43	0.292512
474	14	0.0327128
92	43	0.756664
219	182	0.876329
306	230	0.79434
162	4	0.06833
497	147	0.313993
184	9	0.148225
373	29	0.348293
310	53	0.402704
437	114	0.30094
312	11	0.258962
133	39	0.398428
175	133	0.870661
105	49	0.948179
209	31	0.471328
425	80	0.298091
451	311	0.983362
345	47	0.175954
428	14	0.0628124
104	37	0.832493
265	198	0.828486
68	8	0.289808
125	48	0.83885
59	27	0.868128
205	57	0.434969
450	4	0.0244292
265	110	0.986949
394	177	0.901515
313	76	0.590652
402	27	0.181335
339	134	0.564044
274	0	0.499439
161	134	0.942739
93	22	0.295254
53	6	0.324739
425	8	0.0734974
447	2	0.158427
333	252	0.949513
105	18	0.188126
69	1	0.225656
232	5	0.900316
63	9	0.162649
459	197	0.454169
175	7	0.714934
221	6	0.0588547
222	5	0.312825
127	67	0.6447
329	96	0.304219
441	86	0.414222
500	125	0.735838
192	9	0.4315
450	68	0.228514
91	4	0.0517788
399	226	0.919043
477	61	0.175534
154	45	0.675117
447	291	0.746008
261	24	0.22263
204	2	0.0741889
163	74	0.583622
105	6	0.152065
123	9	0.857388
457	74	0.519595
66	8	0.205186
174	17	0.304328
221	81	0.859452
306	217	0.740914
382	86	0.443416
463	37	0.166455
316	46	0.356258
179	47	0.977408
168	16	0.176424
406	130	0.866335
500	417	0.897692
85	9	0.348593
272	30	0.721933
147	63	0.816399
144	56	0.752405
180	15	0.313127
173	12	0.367056
436	25	0.749932
363	4	0.685735
485	71	0.771449
199	98	0.505491
417	285	0.916907
431	136	0.65015
336	134	0.676339
428	116	0.962099
458	25	0.0942733
432	371	0.879746
93	41	0.596133
331	103	0.733209
116	111	0.980115
368	191	0.521248
268	159	0.756571
228	35	0.189863
164	29	0.55669
108	11	0.662708
470	47	0.187863
329	54	0.554099
246	169	0.88628
412	21	0.59437
410	92	0.715851
315	198	0.813565
231	5	0.0422665
286	32	0.423795
484	126	0.397873
216	82	0.536266
275	91	0.936918
500	179	0.505874
202	28	0.15634
150	66	0.746418
368	0	0.055578
212	111	0.544614
110	43	0.894712
466	143	0.920356
234	160	0.888836
226	104	0.609599
149	123	0.921946
375	25	0.0724998
369	54	0.785508
125	10	0.429777
284	7	0.203965
125	2	0.319706
462	147	0.36289
415	24	0.619099
434	130	0.424801
487	316	0.662416
388	7	0.0417465
185	79	0.985039
386	107	0.405236
316	22	0.12266
229	80	0.940496
465	53	0.156348
466	231	0.598003
196	55	0.568417
492	42	0.882767
458	51	0.818269
139	2	0.0215174
113	9	0.487944
145	15	0.353255
173	17	0.136413
67	3	0.0674408
245	25	0.973878
405	164	0.559562
158	1	0.514879
107	24	0.302782
234	48	0.847149
302	8	0.87182
366	176	0.498673
206	16	0.127231
385	49	0.209126
57	3	0.419706
200	6	0.0757342
116	49	0.781988
248	97	0.908186
436	107	0.977815
351	61	0.410488
293	47	0.38014
127	29	0.387182
299	15	0.0773809
373	52	0.236518
225	1	0.0196528
274	79	0.365935
329	54	0.954912
372	20	0.0649968
145	2	0.168633
274	11	0.911071
138	43	0.382828
314	11	0.27597
91	24	0.458535
209	23	0.130951
442	34	0.17178
282	51	0.215877
108	14	0.400738
241	1	0.218469
483	229	0.924649
405	0	0.0153107
229	39	0.665352
87	2	0.0909007
56	1	0.0863901
325	205	0.709685
404	249	0.632681
367	115	0.391508
300	31	0.220027
474	291	0.739861
345	198	0.743769
366	86	0.720723
368	59	0.240202
344	113	0.520891
404	5	0.0163206
64	11	0.249191
175	43	0.796078
61	11	0.245079
375	115	0.498375
490	50	0.387314
211	26	0.258683
155	5	0.0571631
284	35	0.185321
124	34	0.361492
118	22	0.454174
101	24	0.506004
111	54	0.594578
91	6	0.20148
126	8	0.307112
385	67	0.401119
347	10	0.579224
283	16	0.63184
71	8	0.494672
303	6	0.0346966
259	98	0.96192
192	9	0.06206
464	78	0.389443
328	68	0.912473
422	82	0.589127
234	69	0.314074
290	190	0.809314
283	42	0.758535
324	108	0.898352
54	35	0.852298
189	26	0.418284
444	29	0.173171
352	12	0.130549
265	58	0.708177
408	86	0.745978
88	12	0.421359
363	13	0.0939517
90	5	0.709211
353	0	0.0545558
149	5	0.0647357
130	62	0.819499
371	86	0.25463
58	7	0.487312
456	69	0.508143
212	37	0.288464
133	39	0.820813
278	56	0.210403
379	84	0.326819
266	6	0.364188
378	170	0.912653
485	356	0.94615
143	11	0.474876
68	26	0.896836
217	17	0.565577
242	97	0.4261
160	80	0.680893
487	275	0.929634
213	168	0.910452
263	106	0.839975
144	22	0.450729
406	87	0.240745
500	7	0.85035
116	13	0.13686
150	37	0.650896
449	240	0.795234
493	88	0.206663
475	126	0.566045
151	5	0.0435018
252	123	0.706836
300	52	0.703167
142	69	0.858943
250	30	0.177207
362	110	0.630574
213	3	0.0142548
328	114	0.722848
256	27	0.244416
255	4	0.210305
221	97	0.461456
202	2	0.0336574
250	84	0.469826
88	36	0.600885
108	38	0.367181
69	1	0.70484
414	287	0.960632
79	2	0.0983523
299	3	0.0144684
57	33	0.664155
412	14	0.164669
152	1	0.55236
200	48	0.458781
81	17	0.764208
271	199	0.94331
128	80	0.796378
349	6	0.0512352
142	6	0.302279
264	148	0.95058
471	145	0.377744
210	6	0.0309798
373	30	0.137696
174	6	0.114278
432	97	0.272217
321	175	0.718042
151	13	0.150485
415	6	0.0673
471	187	0.892146
454	152	0.874855
337	52	0.212135
287	177	0.980485
254	129	0.880257
128	27	0.235456
322	182	0.700114
462	7	0.115139
85	20	0.464853
318	6	0.0789881
237	45	0.97031
438	35	0.693566
259	45	0.953472
56	24	0.661526
309	16	0.358486
246	22	0.175889
120	66	0.699936
259	28	0.253306
434	134	0.361307
388	174	0.666611
355	5	0.0366878
186	30	0.607622
480	76	0.67951
82	9	0.189509
244	24	0.889344
191	17	0.6149
103	71	0.934302
435	76	0.231045
127	35	0.376106
108	0	0.0113664
400	109	0.987759
117	36	0.650208
256	12	0.382164
206	106	0.522582
307	56	0.34021
323	76	0.750367
319	11	0.336155
396	239	0.620619
353	173	0.611361
178	64	0.637039
100	4	0.268794
139	55	0.863744
493	239	0.671855
307	231	0.985163
490	310	0.819595
351	81	0.503948
141	42	0.703843
480	279	0.684362
266	47	0.313505
203	12	0.75117
174	32	0.744677
169	35	0.440528
174	10	0.181879
193	32	0.177535
464	0	0.148973
64	2	0.19416
320	38	0.450197
366	116	0.538969
332	104	0.332438
428	22	0.117862
129	15	0.294839
309	36	0.48323
357	37	0.248372
402	70	0.278102
386	295	0.889364
203	31	0.875857
193	38	0.769405
222	126	0.614237
476	122	0.899371
119	0	0.233494
321	126	0.792078
295	6	0.223677
472	155	0.492387
377	20	0.26183
420	286	0.863126
412	238	0.648182
286	2	0.556452
471	89	0.70072
437	65	0.259324
225	87	0.63768
206	72	0.411897
135	24	0.203572
453	10	0.0255243
165	61	0.733855
333	139	0.790452
321	31	0.499588
102	95	0.945181
305	121	0.475009
364	53	0.242348
463	186	0.487579
228	27	0.70688
450	55	0.425973
378	31	0.0956082
120	75	0.78512
156	92	0.862075
173	27	0.454691
369	51	0.48381
163	7	0.0458728
377	45	0.1555
499	33	0.167391
480	293	0.918256
53	32	0.604425
151	54	0.531143
500	142	0.730403
178	36	0.233841
89	36	0.547438
326	3	0.245042
347	10	0.028976
324	216	0.982509
475	35	0.519721
477	183	0.532061
381	187	0.847045
178	135	0.769296
206	105	0.724927
452	32	0.0918824
154	20	0.812094
260	135	0.893575
110	18	0.221734
133	27	0.242601
157	45	0.837495
491	159	0.35525
309	33	0.394835
376	120	0.649898
213	5	0.082795
328	47	0.423411
195	53	0.659176
462	387	0.913572
244	0	0.0241132
439	27	0.293053
374	63	0.173648
340	66	0.70039
128	6	0.341986
224	67	0.404326
57	19	0.985131
329	122	0.4067
211	67	0.375604
246	12	0.0646914
496	305	0.789086
204	54	0.53849
227	34	0.318359
410	83	0.26407
149	65	0.906906
243	48	0.951007
158	25	0.623343
423	87	0.216499
319	82	0.443755
265	74	0.390274
239	45	0.853846
189	83	0.470951
164	104	0.780605
449	18	0.332359
434	85	0.223909
424	144	0.525084
451	0	0.16548
373	209	0.804522
146	18	0.213373
372	80	0.43463
62	15	0.872577
131	54	0.622802
115	26	0.457291
379	186	0.588773
154	11	0.299698
223	33	0.604882
238	26	0.830997
166	18	0.296167
355	90	0.458418
424	40	0.308865
56	23	0.430486
460	11	0.381218
361	179	0.653319
403	179	0.495721
262	199	0.831283
262	111	0.595859
318	45	0.144265
445	89	0.453861
199	33	0.177853
70	15	0.260844
163	76	0.568756
279	70	0.268012
207	18	0.33182
464	77	0.696834
226	58	0.860053
99	21	0.265205
106	6	0.0954266
281	4	0.0998941
58	14	0.573288
102	8	0.237811
167	67	0.889157
62	14	0.24271
147	29	0.419005
151	25	0.777259
267	65	0.686447
310	76	0.43069
364	71	0.515765
350	73	0.269879
292	42	0.546807
431	207	0.510787
162	11	0.51725
488	24	0.342635
64	45	0.90345
498	145	0.526217
329	285	0.88912
367	99	0.590523
136	5	0.377218
356	264	0.98258
361	3	0.0625601
467	94	0.526797
146	70	0.957198
392	29	0.183423
406	113	0.294254
131	27	0.474872
355	163	0.744716
388	78	0.283354
221	184	0.857635
485	6	0.0828866
119	23	0.335785
376	52	0.601032
155	99	0.767066
51	1	0.706591
329	17	0.866356
330	204	0.742774
149	2	0.113267
280	132	0.483592
398	181	0.4824
351	10	0.0630262
289	164	0.618182
95	25	0.779571
471	42	0.132765
351	92	0.830553
156	3	0.348107
62	4	0.443472
451	44	0.458612
318	17	0.310856
143	13	0.183915
206	3	0.0500328
484	21	0.402208
326	72	0.239355
369	33	0.09092
331	74	0.224363
232	4	0.23971
354	1	0.0259146
66	48	0.795416
391	108	0.5415
224	11	0.165384
189	29	0.660784
460	54	0.700968
84	9	0.12307
487	209	0.449881
477	43	0.756045
285	132	0.943186
481	4	0.0368484
127	99	0.915258
110	25	0.486873
454	241	0.708856
100	65	0.880704
285	182	0.676687
170	37	0.369025
443	5	0.0189154
346	42	0.329366
406	37	0.348933
182	19	0.52308
107	16	0.381144
234	43	0.472655
50	44	0.972506
86	3	0.216279
308	203	0.751476
460	92	0.668787
335	233	0.808811
319	14	0.184717
221	86	0.511808
98	10	0.375626
426	31	0.977118
307	3	0.81181
254	25	0.0989483
219	135	0.909094
381	27	0.0966965
274	43	0.680284
207	14	0.503714
487	4	0.181272
224	52	0.262682
303	251	0.872527
334	56	0.198719
376	4	0.429328
428	246	0.977989
269	26	0.694384
372	77	0.439602
166	55	0.473535
388	211	0.710011
394	10	0.0578183
336	285	0.912323
292	158	0.582268
310	107	0.644606
270	2	0.131112
493	94	0.516799
73	4	0.159517
139	26	0.226871
105	8	0.287978
77	3	0.0460641
446	118	0.379472
391	13	0.226571
306	128	0.581217
312	8	0.0744683
407	67	0.518396
224	33	0.879936
152	14	0.569177
227	54	0.843761
150	93	0.896668
58	0	0.312908
441	189	0.910504
217	99	0.735477
345	18	0.0650104
459	16	0.0405732
116	13	0.276978
429	40	0.806005
420	120	0.308597
69	4	0.504341
409	6	0.333089
213	3	0.206426
300	229	0.97075
259	163	0.965183
432	24	0.232559
132	115	0.931468
307	154	0.563194
59	8	0.579525
442	225	0.682881
131	16	0.262363
294	19	0.0763263
272	17	0.522916
371	144	0.435413
121	29	0.332029
149	27	0.191999
211	37	0.446773
307	105	0.808467
437	102	0.260682
486	310	0.705049
171	19	0.15701
290	110	0.645206
406	107	0.42147
50	0	0.0204315
103	51	0.559363
397	62	0.48074
143	21	0.666074
100	27	0.48527
329	23	0.0721826
293	146	0.498936
50	18	0.412323
236	84	0.407208
421	54	0.96027
91	6	0.237086
454	93	0.666833
134	6	0.338
466	210	0.726205
208	13	0.104476
382	59	0.589083
296	121	0.747995
429	276	0.927352
202	18	0.6701
118	20	0.540317
144	71	0.500558
456	10	0.0995949
163	109	0.902582
117	32	0.889415
102	0	0.0376125
346	18	0.0647879
445	195	0.746914
230	74	0.614781
99	10	0.156708
307	35	0.890197
446	24	0.142754
376	37	0.100992
334	170	0.691904
227	3	0.607168
102	12	0.265837
356	102	0.724594
500	273	0.61933
463	22	0.58575
269	78	0.951226
177	7	0.241574
495	82	0.233651
179	6	0.0974018
176	136	0.914091
421	126	0.611678
106	3	0.08683
264	38	0.212562
257	157	0.855844
299	69	0.241359
90	27	0.45573
444	221	0.506627
392	234	0.930171
277	4	0.0149266
54	22	0.491078
378	68	0.477721
391	1	0.104764
473	79	0.903727
297	144	0.914182
326	71	0.37212
82	44	0.903217
312	37	0.328807
314	9	0.0525161
369	73	0.438946
231	49	0.785591
54	0	0.159592
367	129	0.510916
84	0	0.378216
187	26	0.225606
261	17	0.281487
460	42	0.283575
250	3	0.0968403
331	51	0.205568
349	60	0.177784
258	194	0.822565
410	1	0.320482
178	36	0.237732
489	245	0.503443
286	105	0.704608
344	104	0.722437
205	2	0.0825787
352	47	0.85277
388	110	0.329885
176	76	0.802566
161	7	0.861098
432	27	0.16892
266	106	0.494545
57	27	0.477704
197	35	0.739782
167	14	0.423329
167	78	0.768928
166	11	0.203483
104	5	0.0696472
118	2	0.227388
245	46	0.339029
433	6	0.37995
96	12	0.37158
389	23	0.605825
224	81	0.595733
294	244	0.952215
112	10	0.137525
277	83	0.615734
407	361	0.919881
90	40	0.870616
278	9	0.260545
63	20	0.790723
337	54	0.221368
76	14	0.726815
263	9	0.601682
301	30	0.722839
105	36	0.804664
363	173	0.496933
168	105	0.903191
109	22	0.223102
267	181	0.704485
310	72	0.354746
273	17	0.262216
356	24	0.179069
346	102	0.723653
232	104	0.935493
434	93	0.264836
364	111	0.748349
338	244	0.979754
266	1	0.0641057
339	2	0.924081
366	189	0.575589
500	35	0.0820156
122	9	0.172919
174	18	0.330776
136	65	0.799961
130	65	0.664816
437	340	0.945579
416	308	0.757578
460	65	0.500201
181	74	0.567857
260	18	0.0725218
271	112	0.950867
273	22	0.535526
385	72	0.365304
480	107	0.711562
297	141	0.63447
317	13	0.0743731
447	29	0.0753623
458	137	0.912386
475	101	0.219528
354	90	0.482571
230	32	0.462574
472	14	0.195911
489	339	0.856474
201	164	0.924118
157	43	0.680312
116	3	0.141584
197	0	0.0394121
89	47	0.548308
411	146	0.492711
251	137	0.626971
200	19	0.746749
78	8	0.391818
365	14	0.635424
83	1	0.333618
201	76	0.764784
92	14	0.407839
122	22	0.203185
185	51	0.565669
383	182	0.477993
191	29	0.155271
79	0	0.0160199
206	10	0.272205
292	1	0.193592
500	52	0.35517
468	73	0.486413
103	0	0.202919
262	161	0.914659
54	8	0.30254
252	33	0.306697
430	34	0.398889
67	11	0.572867
486	305	0.740227
294	128	0.756034
63	16	0.353735
322	116	0.657129
333	2	0.130446
210	72	0.795686
413	114	0.914588
263	37	0.747794
493	4	0.730565
333	6	0.260399
301	35	0.315826
458	107	0.468937
130	60	0.887803
182	67	0.486443
499	404	0.870416
64	18	0.749777
421	239	0.75448
218	149	0.69119
70	14	0.82659
133	67	0.684376
341	123	0.914139
166	6	0.86688
58	26	0.457977
416	60	0.609076
329	220	0.725926
260	20	0.300043
422	12	0.789366
489	97	0.546138
199	36	0.516965
147	1	0.435027
266	1	0.758592
354	16	0.164923
299	69	0.495647
236	27	0.967592
283	269	0.979372
79	37	0.587902
381	39	0.122681
127	28	0.378921
372	210	0.714196
303	81	0.61592
57	5	0.125356
352	35	0.236802
468	325	0.942902
350	211	0.906677
340	4	0.0128464
492	198	0.595351
129	60	0.981474
200	174	0.927611
449	7	0.882079
173	1	0.049678
371	24	0.250673
197	8	0.89445
484	142	0.396363
441	3	0.0759758
300	142	0.967325
481	351	0.963664
243	17	0.584744
123	71	0.613245
312	71	0.540301
83	5	0.0710113
402	232	0.670902
63	38	0.716304
281	12	0.934915
71	12	0.206667
247	40	0.410028
58	2	0.250909
498	85	0.256074
97	6	0.198105
477	212	0.637282
439	285	0.688723
454	8	0.0916595
202	51	0.504376
77	25	0.424272
444	101	0.457092
255	15	0.103293
138	12	0.179178
245	46	0.230794
186	46	0.268158
153	10	0.165321
417	29	0.532057
212	1	0.138863
81	18	0.472473
420	228	0.794502
280	118	0.61505
445	82	0.863945
212	80	0.670495
80	20	0.736453
222	89	0.897552
310	103	0.341353
127	6	0.268284
383	11	0.0386493
134	73	0.875197
317	159	0.535403
248	2	0.455566
87	4	0.0641172
370	91	0.586277
151	4	0.139496
73	8	0.585535
68	1	0.0187344
314	11	0.0671527
209	3	0.197765
492	129	0.966386
114	15	0.171213
345	91	0.322019
63	29	0.714663
272	4	0.327557
131	87	0.688817
339	45	0.757378
394	79	0.92956
270	147	0.851674
221	169	0.858083
133	13	0.383195
147	13	0.502703
399	334	0.892375
297	49	0.213814
382	98	0.300755
239	14	0.114722
110	6	0.356387
171	44	0.827664
