3000
273	82	0.96968
291	125	0.490297
79	0	0.014628
344	100	0.367471
309	107	0.449866
344	106	0.371631
82	33	0.894015
265	81	0.427325
113	51	0.755642
472	211	0.625362
62	39	0.982383
249	194	0.92108
499	3	0.0555188
299	35	0.516125
204	101	0.733916
74	25	0.731464
108	28	0.333242
108	14	0.519717
303	108	0.426405
265	81	0.968069
99	3	0.290764
332	89	0.290539
330	78	0.437367
95	24	0.654656
402	355	0.945502
482	184	0.722333
112	2	0.168771
274	42	0.375622
123	35	0.480328
87	25	0.968642
236	120	0.65625
404	69	0.441944
446	182	0.627574
77	40	0.587145
98	23	0.365532
90	47	0.800463
482	163	0.745266
448	49	0.151797
397	7	0.776872
121	40	0.953544
77	2	0.0828792
313	37	0.388433
124	75	0.649096
390	37	0.231865
81	5	0.175277
268	159	0.673675
60	4	0.137837
287	40	0.901461
455	277	0.880902
57	10	0.332561
102	4	0.885753
104	31	0.45756
195	134	0.78214
446	126	0.834632
72	14	0.86393
368	43	0.228778
51	21	0.861164
477	128	0.317414
376	38	0.105585
291	27	0.967651
109	56	0.700377
202	20	0.948279
172	2	0.0383702
359	83	0.324091
204	114	0.672647
431	128	0.691948
120	33	0.298807
225	69	0.52772
424	28	0.404666
51	7	0.484416
248	63	0.566884
348	25	0.268274
480	312	0.924778
423	199	0.614131
181	54	0.832698
79	27	0.373339
202	2	0.155706
493	95	0.395209
414	13	0.134466
408	19	0.151508
332	7	0.608633
225	57	0.73818
245	28	0.824269
239	32	0.182663
349	17	0.219181
214	47	0.237234
467	82	0.213674
390	23	0.106574
301	76	0.466428
297	130	0.557245
60	38	0.81207
223	98	0.794205
161	37	0.526621
323	81	0.548335
289	177	0.960412
479	253	0.951245
386	27	0.907419
142	62	0.56591
143	64	0.692913
302	249	0.879314
216	183	0.890817
166	10	0.0933721
492	243	0.64044
493	97	0.565938
67	17	0.834197
157	11	0.823711
289	7	0.8923
279	8	0.402299
441	34	0.0790731
139	8	0.0823832
68	28	0.563778
403	84	0.80556
402	83	0.44704
227	44	0.205243
319	271	0.98287
173	37	0.617311
232	97	0.489875
351	272	0.83818
269	26	0.480714
270	4	0.183998
316	72	0.268392
478	59	0.196974
404	42	0.120187
127	21	0.679986
467	441	0.977208
482	24	0.139443
145	16	0.545309
379	206	0.54361
106	3	0.121669
369	171	0.66537
329	154	0.867149
328	122	0.947683
278	46	0.532958
375	295	0.879282
334	28	0.088496
242	168	0.928686
159	6	0.201002
162	93	0.753246
58	13	0.814731
227	12	0.597404
449	204	0.786861
104	10	0.403131
375	41	0.212553
377	225	0.681656
300	6	0.0228161
344	29	0.281078
477	66	0.95055
156	36	0.340507
371	77	0.514636
119	2	0.134246
114	50	0.523187
258	133	0.974384
334	37	0.184957
398	0	0.229017
455	31	0.290447
192	62	0.760145
148	35	0.38043
377	136	0.565563
437	198	0.633858
471	8	0.64717
420	260	0.737482
133	51	0.424725
219	1	0.756123
394	47	0.146137
126	51	0.855251
327	30	0.159318
289	93	0.566204
462	35	0.184075
181	13	0.516341
353	186	0.576518
358	38	0.418055
443	199	0.548801
163	23	0.455852
439	56	0.201767
51	29	0.89584
400	109	0.47719
274	50	0.304835
490	212	0.654958
379	61	0.453976
328	3	0.88576
302	276	0.919331
101	10	0.667804
247	148	0.912482
343	114	0.624278
419	25	0.297557
373	175	0.591425
451	50	0.195414
398	26	0.63001
407	82	0.82982
245	50	0.79018
274	118	0.849627
341	8	0.0286033
264	14	0.219181
212	86	0.498159
411	226	0.987284
265	16	0.0809028
433	172	0.685678
93	24	0.612851
75	4	0.106709
462	104	0.638844
268	21	0.440878
449	207	0.462785
321	245	0.792531
250	209	0.927764
67	2	0.0304819
144	12	0.258713
376	241	0.756169
145	0	0.127136
272	98	0.64089
61	2	0.146813
124	33	0.694589
313	102	0.808708
334	182	0.675569
341	57	0.24411
133	42	0.320209
478	284	0.745963
489	280	0.580943
163	28	0.250872
210	1	0.182909
220	162	0.827741
487	339	0.872291
122	60	0.620393
465	199	0.577878
148	23	0.308419
221	61	0.751156
282	64	0.677057
240	7	0.226081
411	120	0.295939
199	76	0.977117
444	19	0.0938171
441	218	0.62558
370	127	0.539916
290	16	0.088708
408	74	0.384214
332	25	0.108758
80	12	0.155768
387	95	0.421669
54	44	0.954244
273	0	0.0291699
469	96	0.758243
430	55	0.375162
254	56	0.336364
119	0	0.112906
59	31	0.782617
342	12	0.859555
290	9	0.151483
419	141	0.669561
127	51	0.786732
85	20	0.422021
391	98	0.618915
105	32	0.662504
472	144	0.425988
487	72	0.585757
295	92	0.56548
210	30	0.469701
62	16	0.565671
307	79	0.630228
386	112	0.387065
99	0	0.24668
136	3	0.511276
61	3	0.152266
362	4	0.0516003
473	0	0.0267308
170	18	0.251498
279	82	0.296301
80	63	0.839851
387	171	0.486006
206	10	0.275739
459	9	0.539917
162	30	0.289219
215	89	0.793668
231	28	0.465328
291	64	0.418524
369	103	0.646806
424	6	0.0710442
445	341	0.806161
383	23	0.0605964
113	2	0.0285309
68	12	0.293469
485	63	0.278128
98	30	0.915422
217	19	0.190012
144	32	0.552506
321	53	0.362078
86	3	0.114631
281	3	0.111929
114	11	0.343396
73	1	0.940765
244	2	0.0241369
489	51	0.175903
464	132	0.451706
351	100	0.792954
102	77	0.885183
390	71	0.238417
471	105	0.260973
423	12	0.138462
363	115	0.654867
326	151	0.55385
383	24	0.117658
480	27	0.0586528
106	17	0.931229
163	3	0.15621
289	20	0.0751173
157	78	0.647597
239	76	0.341556
163	50	0.92331
415	20	0.130161
111	4	0.868481
378	304	0.84611
216	68	0.544597
189	0	0.0408513
292	14	0.541653
304	28	0.231414
287	16	0.0564509
195	29	0.210895
302	200	0.736001
360	24	0.0723334
309	55	0.726277
274	13	0.274554
281	26	0.346226
417	3	0.0835951
119	24	0.460363
428	160	0.448862
221	55	0.493322
228	10	0.0971889
363	51	0.579103
115	76	0.871175
104	3	0.0312512
219	27	0.302124
444	7	0.499204
430	26	0.273314
99	7	0.462499
344	221	0.983298
83	46	0.776791
85	0	0.153701
213	54	0.265597
420	34	0.16272
314	102	0.423279
319	91	0.939336
462	168	0.900166
408	239	0.798787
488	20	0.167853
372	172	0.673499
93	40	0.665483
446	26	0.419339
316	9	0.298615
304	235	0.885594
195	3	0.10078
415	108	0.382536
130	13	0.805319
388	143	0.871265
363	134	0.786443
263	38	0.683287
72	26	0.803204
282	80	0.452733
386	122	0.45957
117	81	0.708122
262	31	0.226832
129	2	0.598082
223	167	0.88251
444	66	0.443188
428	11	0.0301985
63	3	0.0610566
324	267	0.895878
482	175	0.705563
340	24	0.343155
153	64	0.860913
93	0	0.0827055
429	21	0.119975
371	49	0.922693
61	0	0.0384169
145	46	0.477871
280	3	0.715787
302	72	0.261342
185	65	0.963225
388	16	0.686121
242	5	0.425545
381	159	0.915392
298	60	0.2784
381	53	0.209455
420	141	0.657392
236	113	0.672793
435	37	0.411913
315	187	0.669218
430	144	0.376209
495	29	0.106717
308	2	0.527428
453	180	0.739687
407	16	0.0833889
368	220	0.908049
230	11	0.0870615
108	15	0.612478
242	39	0.728852
461	83	0.828308
224	101	0.567173
286	168	0.658207
372	143	0.671608
249	5	0.295935
412	259	0.665496
59	10	0.854929
396	118	0.455883
383	37	0.875368
124	18	0.969101
252	2	0.0140019
103	50	0.781558
320	150	0.479846
251	12	0.0915537
89	19	0.514656
405	46	0.179262
456	26	0.216671
474	156	0.351858
413	161	0.401693
201	3	0.707866
498	424	0.873659
486	114	0.284607
72	58	0.83106
401	36	0.259176
277	58	0.485345
492	184	0.38929
53	1	0.124289
438	20	0.0554682
374	1	0.0132295
128	1	0.485181
367	68	0.249371
182	49	0.297604
283	17	0.419129
65	50	0.962312
482	16	0.0599681
351	166	0.513456
396	119	0.445879
284	106	0.49722
324	35	0.110245
135	3	0.0939026
63	13	0.76147
463	113	0.816413
296	80	0.718586
353	178	0.516952
470	97	0.332887
413	272	0.843512
152	88	0.731258
259	101	0.620996
406	107	0.704494
263	92	0.619373
349	152	0.725921
259	73	0.539138
361	291	0.924417
183	57	0.613655
117	0	0.691984
372	75	0.401668
466	312	0.951154
428	95	0.859778
257	18	0.123036
146	21	0.276718
499	79	0.644909
166	2	0.0922865
297	186	0.737766
111	81	0.825899
355	101	0.32954
79	19	0.693818
405	4	0.0321814
200	15	0.77759
60	9	0.313271
130	26	0.490795
61	8	0.847231
192	68	0.694135
499	133	0.351931
189	13	0.128844
341	72	0.706603
324	31	0.193945
408	43	0.260853
287	13	0.983343
76	43	0.984949
331	82	0.488808
342	9	0.0703303
83	2	0.0516246
61	16	0.634046
258	0	0.659946
366	53	0.583087
236	1	0.0141629
493	142	0.339365
83	47	0.77948
227	89	0.882926
242	38	0.826207
89	14	0.438139
225	26	0.484257
317	81	0.349267
291	21	0.0842882
213	19	0.0944063
292	141	0.498144
453	82	0.259057
106	40	0.905367
136	13	0.128641
127	53	0.781044
114	13	0.607779
425	121	0.97403
426	137	0.338844
192	112	0.885839
243	5	0.887041
396	10	0.47459
354	80	0.737188
103	0	0.0389529
436	39	0.0909649
400	172	0.572043
209	12	0.448021
386	99	0.358381
86	2	0.962006
393	0	0.0263819
326	84	0.474883
182	96	0.605661
227	38	0.274202
129	24	0.442339
378	70	0.961647
499	376	0.961525
186	4	0.434096
448	54	0.179922
398	210	0.818918
173	7	0.0980807
448	2	0.0122364
67	15	0.688583
393	74	0.418529
249	173	0.729391
74	7	0.696892
296	212	0.807845
144	3	0.0471154
50	38	0.775144
439	254	0.807148
483	129	0.335989
346	72	0.284241
459	89	0.451913
116	57	0.583172
288	50	0.893102
364	11	0.175234
413	24	0.884383
78	22	0.930935
471	180	0.662603
316	17	0.853429
158	8	0.321186
445	26	0.291948
277	63	0.318398
132	26	0.634358
278	162	0.838457
302	168	0.624335
234	1	0.0336452
372	37	0.101416
122	19	0.196232
115	23	0.639711
395	310	0.885663
482	11	0.524239
230	147	0.739908
266	10	0.202886
456	8	0.0210288
65	47	0.845369
257	15	0.411303
255	124	0.931619
72	30	0.885624
464	388	0.919718
476	14	0.926344
454	408	0.92978
135	62	0.656459
242	64	0.29843
410	14	0.679922
392	68	0.290035
192	2	0.78284
192	92	0.86802
427	98	0.530191
320	240	0.796729
274	102	0.856102
189	6	0.359674
170	27	0.301147
275	33	0.963836
444	11	0.435274
163	3	0.0321102
305	48	0.487141
196	118	0.798266
276	85	0.574423
134	7	0.728063
79	1	0.126516
283	27	0.475524
362	45	0.694701
390	158	0.629337
416	7	0.422105
344	34	0.174827
238	21	0.0886949
332	208	0.967387
140	17	0.296409
202	44	0.44352
148	26	0.285352
428	42	0.8391
113	14	0.688305
327	37	0.426442
427	306	0.894674
360	226	0.868347
77	19	0.295751
273	30	0.56446
229	57	0.724835
441	210	0.655992
448	30	0.505799
150	32	0.596107
497	179	0.781886
268	83	0.376384
488	36	0.170335
380	75	0.857599
471	233	0.587502
305	4	0.104716
111	7	0.0643226
150	90	0.760426
333	9	0.0928627
122	30	0.378299
85	3	0.215695
328	97	0.453958
56	41	0.956225
491	28	0.600761
393	20	0.201626
252	73	0.778587
83	25	0.893103
265	22	0.321636
241	0	0.273131
320	5	0.178378
383	12	0.0592534
478	84	0.367354
63	2	0.385068
182	8	0.0701092
144	45	0.407502
91	29	0.513247
445	13	0.368987
127	11	0.185917
145	0	0.010541
272	70	0.78793
172	19	0.344715
159	75	0.702965
298	62	0.622872
248	93	0.523419
416	155	0.987175
390	148	0.490148
187	24	0.239982
492	74	0.781275
450	10	0.245921
200	98	0.645644
319	151	0.77148
234	48	0.336973
157	77	0.771744
459	237	0.673056
371	131	0.852019
129	35	0.855628
420	17	0.962728
148	51	0.491219
486	364	0.987256
292	135	0.725765
476	110	0.236662
320	113	0.418601
426	122	0.750741
446	170	0.541973
414	5	0.0694661
62	19	0.449482
386	112	0.437639
110	4	0.271049
180	19	0.46947
344	21	0.951173
357	266	0.826116
447	22	0.595065
317	93	0.771202
123	72	0.66926
369	25	0.193439
327	30	0.17221
184	63	0.857767
102	8	0.718269
475	29	0.131888
488	38	0.209446
160	90	0.753568
196	39	0.533964
189	48	0.287838
231	118	0.664633
210	22	0.37202
487	2	0.0223265
234	197	0.895674
309	149	0.651162
201	8	0.0488331
177	25	0.222039
199	80	0.653503
398	18	0.790927
51	1	0.426377
187	66	0.952932
107	33	0.514264
186	11	0.424947
356	209	0.964975
117	24	0.454081
175	15	0.183643
235	117	0.538162
132	13	0.77814
327	8	0.255656
198	22	0.905238
309	58	0.549612
336	143	0.972363
89	13	0.816775
422	289	0.757739
197	15	0.198327
129	9	0.496503
243	73	0.489153
222	130	0.742282
301	97	0.788124
254	17	0.0953878
367	20	0.337597
473	70	0.153965
233	3	0.252625
145	71	0.788328
427	259	0.945356
438	159	0.926504
199	119	0.929463
311	108	0.436108
387	202	0.755128
159	20	0.585318
79	5	0.183079
344	19	0.847373
458	265	0.723829
383	220	0.655851
70	14	0.499193
398	27	0.140281
306	34	0.653545
416	201	0.864738
359	177	0.70307
290	160	0.805382
233	37	0.361455
127	65	0.649714
418	137	0.64909
444	222	0.83885
456	100	0.258707
253	21	0.105162
241	139	0.834904
289	82	0.530257
444	41	0.569916
228	68	0.305767
101	9	0.239219
301	1	0.356022
213	29	0.402915
290	89	0.539612
171	7	0.173863
479	206	0.758392
227	11	0.515319
165	31	0.557413
191	34	0.223602
307	41	0.72067
352	147	0.844878
286	107	0.757234
134	9	0.095291
252	179	0.928754
159	146	0.975141
343	44	0.726909
422	222	0.96932
349	36	0.598302
276	3	0.915161
125	48	0.849588
374	63	0.170827
433	204	0.530908
81	0	0.184646
445	28	0.0942179
187	19	0.836202
68	40	0.913297
316	40	0.350834
215	101	0.503501
291	103	0.573093
296	188	0.933452
416	31	0.23236
351	76	0.373995
359	106	0.968743
378	133	0.401905
418	36	0.1362
261	10	0.0538543
191	177	0.987687
222	92	0.513844
312	88	0.303447
249	49	0.336992
199	31	0.447973
215	9	0.366953
354	264	0.793854
309	67	0.7725
453	55	0.289925
286	34	0.933816
210	20	0.129136
485	72	0.296003
496	372	0.886519
496	39	0.957357
242	33	0.363932
472	18	0.0746996
289	16	0.286707
256	31	0.913664
129	21	0.65972
50	11	0.244521
324	73	0.49133
412	59	0.730465
82	66	0.845154
467	23	0.0513468
62	6	0.400008
246	6	0.116252
261	2	0.0164396
74	44	0.743525
151	17	0.98885
362	36	0.160972
276	5	0.248003
266	3	0.0261333
319	18	0.187248
281	54	0.241547
414	325	0.890684
273	83	0.363345
380	102	0.570886
398	105	0.423027
191	17	0.431033
90	0	0.0189193
223	12	0.240354
124	29	0.524249
223	52	0.842172
125	45	0.803028
319	0	0.248207
207	54	0.372925
205	77	0.657885
96	44	0.71817
465	61	0.421356
410	83	0.300788
167	51	0.327296
465	97	0.47274
281	77	0.885394
124	73	0.624176
115	79	0.884332
239	16	0.170318
449	71	0.572101
385	238	0.803933
169	34	0.634232
313	185	0.777087
95	24	0.715383
440	91	0.513307
168	12	0.361377
62	4	0.0911038
293	87	0.714337
380	209	0.596279
357	59	0.781858
198	104	0.601017
228	149	0.909117
376	79	0.42138
190	122	0.716182
184	7	0.646164
166	24	0.241098
264	41	0.766251
364	205	0.863055
151	42	0.425661
55	1	0.234283
280	73	0.700046
156	11	0.105062
184	108	0.916071
437	1	0.176235
301	76	0.717385
295	45	0.189209
478	80	0.392675
109	34	0.312742
419	120	0.45946
77	13	0.177503
416	111	0.29267
343	78	0.847259
97	11	0.888827
126	28	0.652625
401	152	0.45759
281	72	0.786092
88	1	0.092332
422	21	0.105471
100	32	0.928946
271	77	0.383496
166	26	0.805576
238	28	0.397711
464	162	0.499431
190	22	0.656035
232	22	0.923524
142	9	0.558386
401	3	0.211326
233	98	0.559321
312	9	0.710755
347	45	0.226057
374	44	0.725594
308	66	0.254022
334	168	0.513119
424	242	0.678783
306	66	0.58044
272	15	0.523959
360	57	0.394125
183	99	0.960459
82	16	0.4649
339	38	0.925778
301	80	0.34802
228	123	0.887072
206	30	0.233512
118	4	0.154858
323	163	0.804698
327	74	0.616643
281	92	0.389188
474	214	0.524018
294	18	0.102475
414	39	0.204449
213	4	0.046788
261	12	0.0736734
360	51	0.328152
354	60	0.289696
62	19	0.361824
178	29	0.412864
54	13	0.299735
381	106	0.818665
284	111	0.549909
437	35	0.234338
369	39	0.676714
436	107	0.801802
156	51	0.986107
311	11	0.127283
253	26	0.33615
479	120	0.494315
257	66	0.398142
268	16	0.423266
430	68	0.739486
173	9	0.060349
365	256	0.728053
236	62	0.370715
322	112	0.941079
219	132	0.844295
62	1	0.0541466
241	71	0.434407
313	45	0.731191
125	17	0.404761
270	69	0.53275
129	19	0.170875
379	80	0.357764
198	2	0.632941
317	270	0.886347
127	27	0.685385
80	3	0.693861
203	9	0.808615
243	93	0.418481
176	24	0.138462
460	129	0.488161
134	5	0.0816526
63	8	0.303801
258	8	0.0485525
275	106	0.922888
396	154	0.940607
146	9	0.119312
184	84	0.521691
430	80	0.235498
475	52	0.319174
315	22	0.844535
219	71	0.780803
154	13	0.174687
331	98	0.496114
459	254	0.875949
370	27	0.0902445
250	61	0.357887
81	21	0.979442
201	17	0.271073
320	99	0.473366
52	17	0.92522
294	220	0.93997
458	280	0.763683
327	56	0.653784
404	65	0.928758
137	17	0.14406
297	13	0.287094
484	47	0.131936
355	79	0.926491
291	98	0.933993
90	7	0.615221
92	28	0.629087
65	6	0.586528
344	211	0.787634
272	37	0.384047
479	289	0.648097
75	29	0.670738
262	248	0.977549
473	141	0.473145
349	62	0.842272
142	3	0.611735
181	51	0.311259
225	2	0.011438
96	5	0.0951854
318	7	0.670595
145	73	0.702732
363	23	0.248567
266	23	0.314545
88	66	0.976654
411	55	0.180994
102	51	0.642309
330	100	0.986841
333	22	0.204653
460	72	0.598024
62	18	0.449011
110	14	0.79277
237	34	0.288801
174	3	0.269907
230	163	0.746944
355	251	0.817805
163	3	0.134003
276	57	0.819324
471	4	0.025797
434	227	0.617128
185	53	0.48971
242	42	0.355134
399	98	0.988318
165	61	0.884707
334	19	0.603333
286	108	0.500007
101	28	0.598644
347	3	0.0301902
176	68	0.780002
306	176	0.78916
284	148	0.635649
375	88	0.337649
271	25	0.125215
130	61	0.732844
251	42	0.74938
274	152	0.75597
340	257	0.904367
241	6	0.0946702
330	69	0.376801
133	2	0.483912
160	28	0.280666
89	23	0.331527
181	4	0.812268
200	13	0.0994881
269	67	0.424652
424	103	0.368929
348	6	0.0268136
157	0	0.0256714
195	77	0.42703
183	14	0.173468
267	80	0.81656
415	40	0.293556
299	24	0.169388
246	5	0.155837
390	21	0.301189
132	49	0.692852
210	10	0.247486
184	58	0.519137
285	25	0.13746
367	36	0.414235
160	12	0.12798
404	4	0.528489
273	39	0.716641
182	85	0.77709
104	53	0.593978
471	95	0.735431
140	27	0.414245
209	57	0.902871
443	73	0.410415
69	7	0.365047
92	35	0.680469
62	25	0.472252
302	1	0.133929
88	2	0.129947
277	13	0.0484615
189	85	0.658514
485	312	0.865369
420	17	0.14654
76	8	0.360945
89	40	0.642031
384	11	0.0850976
258	11	0.0639869
136	78	0.952804
395	227	0.707439
366	177	0.87062
250	104	0.667169
62	6	0.520567
457	93	0.623036
281	68	0.266757
292	30	0.346505
140	77	0.640533
277	35	0.164871
367	113	0.538348
183	89	0.953187
76	35	0.568395
157	35	0.428704
243	17	0.581668
81	23	0.398567
74	34	0.488575
177	68	0.432671
396	225	0.673933
469	181	0.550863
265	70	0.640038
432	115	0.286399
160	23	0.445922
123	23	0.53058
112	10	0.134583
473	212	0.709899
297	140	0.611677
342	83	0.517197
107	4	0.265134
202	71	0.358478
68	3	0.0494897
352	248	0.918519
495	178	0.646483
351	225	0.731155
237	106	0.627378
237	208	0.965659
294	8	0.272282
98	30	0.54913
435	9	0.136568
240	1	0.0352704
482	75	0.222286
251	56	0.666712
299	100	0.85694
348	72	0.546566
418	178	0.901288
93	6	0.0784396
271	130	0.673278
317	59	0.770031
72	8	0.534628
210	15	0.451701
102	25	0.42058
492	76	0.270182
492	68	0.178895
153	38	0.363593
467	44	0.18859
356	41	0.13975
197	120	0.982455
64	0	0.0923432
260	79	0.374511
310	99	0.825776
116	45	0.477801
149	28	0.224749
454	53	0.313394
86	29	0.53893
57	22	0.412624
363	150	0.872151
99	30	0.379078
305	36	0.978127
242	118	0.656059
414	161	0.858502
433	107	0.343176
114	3	0.116434
479	207	0.916043
55	8	0.525623
157	7	0.0732306
126	13	0.236515
355	34	0.200101
408	30	0.733483
399	62	0.278574
329	14	0.0984161
139	62	0.807756
423	4	0.0551652
132	4	0.507511
376	158	0.617803
393	202	0.538403
398	22	0.519166
133	33	0.687098
155	45	0.705177
61	48	0.833641
402	60	0.577859
276	252	0.952615
141	26	0.589853
272	178	0.720797
186	86	0.63391
348	29	0.122035
378	5	0.0652605
210	13	0.426927
195	85	0.656646
429	53	0.493216
249	0	0.0147463
58	18	0.348303
324	83	0.303816
295	148	0.65997
436	154	0.870431
200	50	0.445237
404	16	0.0477769
439	2	0.039222
113	0	0.532561
366	2	0.0568122
59	24	0.645963
141	18	0.659463
161	43	0.461269
310	1	0.171194
236	53	0.388508
160	8	0.695118
395	117	0.501753
351	14	0.84223
77	38	0.596158
254	14	0.3908
318	12	0.254992
417	9	0.0398107
425	120	0.677245
447	160	0.545552
420	33	0.217618
469	9	0.670439
157	120	0.811019
169	29	0.466029
413	72	0.621127
87	64	0.837043
189	3	0.0379991
204	42	0.588021
417	381	0.98833
374	49	0.389749
498	118	0.846665
194	65	0.398613
398	170	0.795668
327	227	0.981162
291	7	0.155319
54	26	0.70441
230	3	0.0653577
457	50	0.322214
417	8	0.0240628
91	21	0.747187
249	114	0.501339
116	6	0.870226
239	31	0.394181
461	148	0.34904
215	5	0.307938
92	10	0.96832
415	15	0.229272
153	64	0.55244
474	125	0.624549
431	167	0.896652
107	9	0.115657
342	59	0.261201
61	41	0.932934
445	11	0.140875
122	27	0.252079
62	2	0.0369552
142	107	0.793859
480	186	0.737847
327	45	0.389529
98	28	0.566518
319	42	0.210612
422	74	0.916227
77	21	0.845307
456	2	0.510884
393	194	0.972006
341	13	0.080583
406	29	0.136409
160	34	0.49219
419	74	0.36333
451	34	0.391791
90	1	0.0248471
85	2	0.0785524
118	3	0.169842
462	306	0.948208
199	99	0.501399
117	9	0.713112
177	79	0.940697
267	17	0.670861
315	98	0.789175
355	39	0.285331
355	41	0.878078
251	78	0.464889
462	213	0.63322
324	57	0.216191
122	37	0.935639
170	122	0.960781
154	31	0.323025
69	7	0.427072
156	0	0.0904607
259	59	0.356067
274	100	0.586261
51	32	0.710348
412	62	0.207268
267	7	0.0286717
454	10	0.340842
448	9	0.026864
352	95	0.675247
486	80	0.192774
253	90	0.756721
187	47	0.702561
50	28	0.874872
367	31	0.836098
367	134	0.530252
182	52	0.648936
96	44	0.468008
147	16	0.521047
204	95	0.556255
141	46	0.597081
448	5	0.0122022
198	10	0.38515
334	7	0.0242994
196	105	0.875092
180	64	0.600232
305	111	0.845546
470	295	0.926004
61	11	0.864264
455	12	0.0770247
348	141	0.614559
102	29	0.930012
304	42	0.421547
442	176	0.529094
234	1	0.240348
367	41	0.343478
309	23	0.298104
87	31	0.576451
482	351	0.952743
218	147	0.901526
76	21	0.315129
168	20	0.722149
341	93	0.311207
161	28	0.283653
195	117	0.683872
301	220	0.964715
379	189	0.745285
294	13	0.0841058
88	12	0.317802
368	69	0.578553
84	0	0.0200645
465	288	0.895573
432	39	0.19604
427	17	0.638508
88	15	0.627674
355	195	0.838212
488	95	0.566597
479	82	0.228858
296	14	0.980913
392	3	0.0340995
214	74	0.81688
479	146	0.662258
202	97	0.500738
207	49	0.967258
417	48	0.120153
57	8	0.16765
291	149	0.778025
367	48	0.289191
359	89	0.407386
100	8	0.690646
441	65	0.151301
211	29	0.456399
99	15	0.190844
56	24	0.678118
453	9	0.0718587
419	31	0.296307
266	36	0.137653
488	78	0.270944
322	15	0.598916
433	289	0.839064
430	128	0.705975
193	2	0.0109274
69	3	0.809418
323	108	0.74153
187	127	0.843473
428	219	0.930589
290	4	0.133711
269	1	0.0627627
447	9	0.215994
204	21	0.540422
258	2	0.192963
482	63	0.147007
291	103	0.813333
361	142	0.810941
421	190	0.714261
77	1	0.432319
128	32	0.463968
400	4	0.0820991
495	138	0.4664
426	37	0.259285
129	81	0.853232
271	123	0.511865
448	133	0.5542
443	185	0.545419
416	41	0.988204
451	39	0.747195
389	244	0.704898
314	86	0.50254
146	6	0.889546
485	129	0.954996
203	8	0.601278
220	4	0.819277
169	97	0.80801
383	2	0.0562513
179	77	0.665198
209	70	0.791625
331	173	0.675788
292	200	0.68637
482	174	0.42891
158	13	0.473547
403	18	0.152812
319	79	0.46046
335	55	0.954974
206	27	0.319503
126	78	0.944256
461	15	0.0365548
306	137	0.856942
433	214	0.535161
97	19	0.296532
276	99	0.985395
421	17	0.15731
351	8	0.894921
404	289	0.859031
421	5	0.177568
196	8	0.0906736
424	140	0.343855
66	25	0.691462
201	1	0.425711
437	92	0.390436
53	36	0.77645
219	61	0.281794
132	2	0.129161
192	134	0.716958
129	14	0.211124
494	44	0.817671
393	97	0.665948
282	88	0.579899
273	63	0.68702
335	202	0.786954
347	176	0.960623
367	29	0.311924
309	12	0.238113
308	51	0.455313
149	109	0.807586
430	11	0.116435
365	80	0.690502
72	43	0.622309
434	80	0.742406
475	108	0.253712
189	100	0.604705
204	46	0.450752
108	34	0.821694
64	52	0.899918
469	93	0.418708
138	74	0.800729
284	39	0.447325
369	95	0.269591
107	2	0.989543
470	94	0.437581
423	131	0.916785
379	101	0.671644
490	23	0.392111
159	94	0.802151
301	54	0.414636
304	95	0.56287
305	31	0.979993
326	193	0.802501
496	176	0.938948
314	10	0.0967815
346	50	0.298489
320	2	0.461347
466	13	0.169415
244	13	0.891101
487	177	0.65225
379	133	0.658722
418	26	0.921853
96	57	0.641696
308	169	0.705845
237	8	0.0588751
323	17	0.175489
106	10	0.3155
281	113	0.533068
211	125	0.730281
243	37	0.239599
99	14	0.949307
122	29	0.517217
212	146	0.854829
100	17	0.241063
286	99	0.873305
437	31	0.0861537
211	29	0.214113
334	165	0.947483
272	2	0.0631157
89	16	0.888894
331	93	0.36991
125	38	0.813281
380	13	0.628706
223	21	0.114105
431	125	0.387835
319	161	0.973387
477	12	0.137116
289	76	0.61939
170	2	0.342701
107	5	0.745211
401	144	0.753809
393	21	0.485415
94	6	0.234498
309	2	0.024109
413	26	0.28249
59	5	0.162134
161	8	0.631742
477	40	0.205924
159	65	0.615503
407	27	0.070722
182	36	0.252731
255	120	0.939155
250	107	0.741104
154	2	0.870682
124	17	0.646415
151	42	0.618799
245	65	0.312896
285	0	0.601306
293	114	0.646822
305	184	0.652519
391	36	0.117557
242	4	0.0525189
102	14	0.372861
461	218	0.605969
345	125	0.517677
155	1	0.0147879
269	156	0.736006
257	19	0.232033
298	10	0.0604762
478	184	0.705137
305	126	0.438635
166	1	0.514567
388	137	0.437258
158	12	0.452611
476	241	0.567159
419	89	0.941789
286	14	0.506227
328	1	0.333832
272	40	0.211683
184	1	0.0480398
431	214	0.73208
110	15	0.559276
481	271	0.783416
195	39	0.354
379	143	0.398753
391	0	0.0400961
276	21	0.10564
444	183	0.762728
174	49	0.612716
361	10	0.239244
77	11	0.370946
469	0	0.158288
111	22	0.592364
272	181	0.72951
58	6	0.207193
333	143	0.684089
451	164	0.827581
482	101	0.817863
226	53	0.593913
346	137	0.558935
339	23	0.664586
205	18	0.818431
146	13	0.566631
232	17	0.115575
429	3	0.246695
361	98	0.358164
348	55	0.267524
145	34	0.269468
431	16	0.121928
498	108	0.590185
52	6	0.307905
460	42	0.099148
368	9	0.0247663
92	56	0.839419
275	59	0.444452
447	9	0.0341638
203	36	0.466887
279	77	0.821277
297	210	0.903114
389	186	0.555612
471	9	0.0239229
313	9	0.0417316
206	12	0.0851125
124	0	0.208708
267	116	0.513405
330	85	0.558283
377	4	0.15986
435	102	0.819978
257	48	0.683697
314	30	0.135016
73	19	0.290198
308	296	0.987354
412	40	0.987783
437	49	0.935409
89	6	0.504748
230	11	0.912204
394	200	0.866063
216	34	0.526785
138	2	0.0895285
320	182	0.837947
468	231	0.835215
68	8	0.631915
282	63	0.231271
487	211	0.452917
183	96	0.593226
247	132	0.561193
125	4	0.229969
217	141	0.725276
406	201	0.859317
426	34	0.153509
244	158	0.950771
386	5	0.29426
443	7	0.0382871
340	51	0.565691
69	11	0.345619
366	97	0.630031
77	11	0.577808
139	20	0.417582
159	25	0.467965
340	62	0.233313
238	7	0.214532
216	38	0.790066
92	3	0.0682738
147	65	0.821754
234	119	0.521356
108	43	0.607395
394	137	0.662587
405	11	0.159417
473	334	0.8977
94	48	0.949396
465	136	0.76072
215	13	0.814983
303	91	0.643624
265	19	0.218245
376	7	0.0250061
130	84	0.92753
338	198	0.827574
280	10	0.122983
224	2	0.055639
432	129	0.398397
242	200	0.89132
328	13	0.352274
416	83	0.288782
337	112	0.407241
124	16	0.242718
297	42	0.236807
180	11	0.10477
421	95	0.787563
420	32	0.315363
106	64	0.696348
106	12	0.406771
356	185	0.838293
123	41	0.387092
417	19	0.483229
202	138	0.740837
214	45	0.762098
224	3	0.777791
147	123	0.964477
369	86	0.343285
173	15	0.0986514
76	23	0.926799
95	8	0.969742
105	44	0.473014
387	0	0.0134881
396	4	0.0143356
207	4	0.422498
53	0	0.168451
496	116	0.283329
83	7	0.738134
373	39	0.440877
189	17	0.885646
369	60	0.327206
84	0	0.0470906
186	24	0.390725
330	176	0.874854
201	8	0.25659
325	100	0.448924
216	132	0.688514
252	204	0.862953
125	9	0.105972
452	7	0.126008
175	87	0.517574
462	19	0.330299
96	25	0.611748
488	1	0.584206
212	123	0.902728
140	2	0.52613
186	100	0.91435
340	177	0.683273
101	18	0.192648
142	11	0.266775
377	246	0.861753
223	38	0.914598
474	60	0.266337
356	3	0.0156651
500	17	0.453483
293	224	0.868331
470	28	0.182737
319	92	0.43285
252	19	0.121598
173	13	0.52606
261	62	0.334681
331	62	0.693102
151	27	0.912001
426	55	0.525882
115	56	0.837768
182	15	0.0866089
221	34	0.184425
453	70	0.594663
407	35	0.706173
284	262	0.937884
367	288	0.983733
65	6	0.236345
131	25	0.597775
141	7	0.4674
325	87	0.8793
313	245	0.784581
135	86	0.927318
138	75	0.835233
363	159	0.645019
108	19	0.767901
305	41	0.297536
143	80	0.728198
329	70	0.817701
50	21	0.683916
295	71	0.257135
177	2	0.0439671
478	37	0.593858
63	7	0.727925
230	0	0.44626
142	118	0.938764
302	12	0.0461908
410	130	0.641821
476	2	0.784236
295	196	0.939246
259	45	0.938016
338	103	0.495729
156	45	0.42147
362	98	0.606262
296	105	0.613043
80	13	0.750155
342	26	0.172046
396	246	0.752161
266	86	0.925125
351	295	0.896592
192	45	0.750124
326	94	0.553765
445	90	0.312722
393	126	0.949408
77	15	0.385477
340	124	0.671595
175	2	0.0429312
238	34	0.156835
220	31	0.475008
60	18	0.384233
399	88	0.266334
333	4	0.557566
160	4	0.0444985
483	94	0.417182
446	276	0.698062
399	4	0.018146
106	48	0.857378
328	132	0.812489
407	186	0.953144
151	65	0.443952
129	24	0.675211
442	135	0.320529
455	14	0.962349
66	42	0.730718
335	152	0.672698
194	9	0.607001
359	16	0.133269
317	159	0.988208
93	43	0.53306
293	15	0.0513024
455	78	0.861499
361	29	0.644493
275	45	0.730271
498	45	0.250745
466	14	0.0384249
306	22	0.241311
341	183	0.70165
385	91	0.33387
191	21	0.113808
326	224	0.918279
456	21	0.0799117
227	155	0.853867
216	129	0.719282
156	0	0.139404
448	242	0.567526
151	6	0.148775
431	37	0.6571
412	59	0.848792
179	9	0.858198
139	50	0.651074
139	99	0.786235
473	305	0.894149
424	3	0.68583
188	91	0.873297
210	116	0.605511
115	13	0.242796
429	161	0.592442
94	23	0.251587
259	7	0.451143
124	58	0.839522
95	1	0.0326918
387	219	0.7214
337	12	0.131938
214	105	0.620281
258	69	0.685347
269	1	0.325049
333	34	0.375632
244	90	0.540869
103	2	0.10224
442	33	0.154885
140	15	0.702269
131	73	0.909232
388	29	0.210442
491	240	0.741214
326	22	0.229774
175	11	0.383988
105	6	0.100036
66	53	0.881107
177	109	0.623328
285	203	0.935404
148	12	0.328801
52	11	0.369982
432	134	0.847099
328	119	0.402535
213	13	0.170607
437	104	0.565621
417	87	0.652141
373	40	0.192808
298	59	0.616406
263	3	0.20103
287	68	0.502423
461	54	0.697927
308	118	0.97347
418	104	0.363615
436	41	0.544014
393	2	0.0199739
303	70	0.371202
201	83	0.937055
499	84	0.848701
353	67	0.280115
327	114	0.491405
246	9	0.42477
473	32	0.108467
120	23	0.532669
386	224	0.653388
123	27	0.303969
152	4	0.0727984
360	237	0.730806
157	33	0.517548
299	6	0.0374378
81	18	0.787243
244	8	0.512834
92	6	0.111291
373	149	0.555862
117	39	0.816475
149	65	0.461767
105	0	0.19169
108	17	0.329991
256	76	0.460898
285	19	0.218659
352	45	0.771574
265	6	0.529452
305	25	0.806029
267	87	0.494032
494	165	0.950512
213	61	0.652646
407	79	0.292621
377	147	0.536154
492	24	0.1724
85	36	0.460112
55	24	0.573815
404	9	0.315031
223	8	0.373437
247	19	0.313779
251	62	0.283193
132	39	0.689277
207	21	0.438289
399	362	0.972067
129	0	0.0978156
331	75	0.279415
285	4	0.462898
145	2	0.414519
176	5	0.245721
310	241	0.877962
282	57	0.471968
80	19	0.507756
372	84	0.448167
140	33	0.472935
186	0	0.0888574
303	41	0.715435
170	7	0.0498876
195	30	0.435764
93	14	0.512507
114	53	0.722486
63	10	0.348919
423	6	0.059402
72	32	0.772872
470	79	0.304497
233	206	0.940574
268	134	0.527885
466	192	0.700188
61	2	0.160692
482	48	0.462719
311	179	0.741687
484	169	0.776335
154	92	0.860245
473	148	0.97394
359	150	0.729581
373	27	0.184449
439	90	0.715888
106	31	0.326669
293	229	0.925267
460	155	0.642549
434	287	0.981883
377	52	0.237273
491	138	0.533077
331	58	0.222184
60	14	0.266985
477	176	0.573151
487	219	0.761507
174	51	0.861828
305	183	0.625575
52	39	0.75098
457	46	0.239869
340	5	0.0983924
260	165	0.771019
401	22	0.441495
182	155	0.867992
353	134	0.762466
124	79	0.804668
339	142	0.607495
213	170	0.916194
187	118	0.929447
403	26	0.197803
390	96	0.272624
398	108	0.282894
397	90	0.982691
72	8	0.172229
214	19	0.476789
377	272	0.96863
267	28	0.908239
57	6	0.172458
72	6	0.123841
197	46	0.261019
102	46	0.765648
80	1	0.11893
120	57	0.476957
287	190	0.874397
124	9	0.939753
135	14	0.194708
195	16	0.145843
427	15	0.139607
453	36	0.192903
68	46	0.75472
360	72	0.844868
121	12	0.257205
472	190	0.884359
274	70	0.859037
371	149	0.40768
235	17	0.148293
423	96	0.349792
85	9	0.536221
213	33	0.158038
303	12	0.151684
218	4	0.6766
283	32	0.749938
326	40	0.498287
360	280	0.911948
162	92	0.706075
234	11	0.0949876
470	138	0.568572
116	65	0.784931
479	187	0.491487
418	223	0.583682
210	7	0.525888
326	137	0.769387
315	204	0.671545
276	107	0.761278
322	33	0.241724
59	34	0.62676
199	56	0.311657
338	235	0.708046
320	78	0.80271
294	21	0.188836
448	114	0.504082
98	55	0.879766
417	146	0.490666
184	7	0.0790442
402	228	0.789084
126	7	0.594058
58	36	0.907126
56	21	0.537626
146	73	0.715914
241	1	0.131766
164	12	0.147571
371	283	0.937423
247	48	0.843141
484	3	0.0256972
244	8	0.039406
184	39	0.731092
79	0	0.0813055
310	119	0.640315
172	66	0.726633
261	108	0.530329
456	190	0.494455
134	28	0.332608
472	122	0.793553
197	0	0.15038
458	43	0.879753
268	21	0.830099
128	29	0.238329
159	39	0.693904
397	34	0.177234
423	82	0.264596
324	13	0.0515037
94	1	0.0215413
284	1	0.0171304
495	241	0.588858
260	168	0.799943
300	134	0.674052
345	34	0.12303
230	73	0.965928
329	9	0.648549
374	10	0.761925
65	20	0.571645
477	179	0.684742
84	29	0.71871
202	82	0.506729
468	45	0.244526
336	208	0.761006
197	120	0.704667
63	3	0.149943
385	128	0.961713
198	16	0.585866
491	13	0.600773
493	30	0.0931802
299	5	0.223737
451	75	0.5646
97	12	0.389379
378	115	0.549395
485	137	0.815453
161	17	0.188415
84	25	0.561431
244	24	0.805737
63	23	0.440737
126	12	0.739373
346	10	0.0610924
214	6	0.0518429
82	2	0.118264
106	2	0.465248
153	36	0.947526
246	77	0.784448
68	6	0.736315
243	18	0.133021
89	14	0.333338
269	18	0.387566
101	10	0.11211
461	127	0.411885
485	0	0.112563
77	8	0.112373
164	63	0.747398
433	0	0.754488
306	59	0.771991
276	72	0.298005
62	27	0.536583
445	123	0.297898
98	55	0.913662
254	4	0.0509255
114	80	0.829277
288	183	0.746823
285	42	0.373682
186	31	0.696014
254	70	0.317897
179	66	0.40473
476	149	0.482223
434	156	0.380413
399	50	0.623036
55	28	0.732076
484	27	0.0868344
114	2	0.02651
101	34	0.405767
175	110	0.661016
150	12	0.630668
140	99	0.855947
322	21	0.181095
472	89	0.272063
112	25	0.264531
104	4	0.0853093
468	211	0.715632
456	183	0.76268
420	170	0.801073
333	100	0.697117
165	16	0.261192
88	10	0.197092
390	70	0.5695
150	5	0.238288
395	58	0.153755
321	24	0.95991
367	32	0.301739
288	2	0.14175
134	56	0.742499
437	44	0.183035
262	36	0.155222
292	247	0.940068
423	16	0.346689
100	43	0.709186
325	36	0.476809
65	3	0.26781
302	81	0.375169
470	14	0.0533386
499	86	0.184556
165	105	0.879795
409	2	0.106735
210	68	0.342312
441	163	0.559135
246	18	0.1216
241	21	0.449682
460	53	0.904956
415	77	0.918599
77	46	0.914523
466	321	0.906922
212	103	0.924947
174	40	0.299718
487	401	0.84892
144	0	0.0326598
393	44	0.574834
75	5	0.608499
426	14	0.120356
429	73	0.804588
394	49	0.859555
165	27	0.390597
407	245	0.684401
71	47	0.678518
429	33	0.155897
447	56	0.315763
381	41	0.274254
281	19	0.407786
438	214	0.684426
136	24	0.402399
337	109	0.767322
489	367	0.883595
254	137	0.667381
301	32	0.191583
83	22	0.704451
61	25	0.565508
448	155	0.558171
217	47	0.303257
226	55	0.818892
482	28	0.149713
105	65	0.831849
376	297	0.80574
473	77	0.167845
417	101	0.297956
414	332	0.828913
107	51	0.565788
488	13	0.521887
81	8	0.28074
286	79	0.943644
306	46	0.364784
82	60	0.747985
54	0	0.326304
296	5	0.421651
243	98	0.542604
62	2	0.278495
446	13	0.250854
391	293	0.814184
226	19	0.905327
462	28	0.257421
260	11	0.0784766
154	9	0.119719
350	40	0.224991
252	91	0.396493
75	7	0.17749
313	24	0.0911704
60	28	0.754106
474	74	0.830467
481	27	0.314262
401	96	0.953957
317	30	0.371542
494	171	0.424459
96	1	0.144577
331	218	0.708391
444	189	0.445499
128	19	0.304229
68	10	0.250695
224	13	0.52443
472	323	0.926724
189	93	0.964363
290	52	0.808332
197	13	0.844027
273	7	0.180649
77	3	0.0935933
443	57	0.171459
92	61	0.753541
91	31	0.979672
480	264	0.973848
177	25	0.278658
375	134	0.405343
356	67	0.221462
262	26	0.74873
180	83	0.496653
267	57	0.948352
310	50	0.191555
287	27	0.406559
118	29	0.897642
55	12	0.383177
62	39	0.666514
332	80	0.309888
224	145	0.915033
205	38	0.231301
456	263	0.61106
481	339	0.802222
65	35	0.643923
52	6	0.12039
411	1	0.0201022
345	35	0.215092
358	107	0.80834
491	21	0.13402
221	68	0.316081
136	38	0.817324
265	108	0.989829
400	204	0.859457
361	98	0.885221
171	152	0.905453
334	154	0.545434
215	3	0.513869
230	28	0.123778
211	18	0.984832
157	144	0.930547
478	172	0.391411
339	2	0.426098
205	123	0.68157
293	41	0.161442
465	206	0.61674
460	145	0.461341
402	4	0.0714721
215	25	0.47163
78	49	0.762346
368	90	0.768431
465	65	0.215634
445	40	0.105659
368	113	0.926271
297	97	0.47545
166	3	0.0521117
145	24	0.4547
154	1	0.232078
224	30	0.19655
467	29	0.212937
348	0	0.399622
388	11	0.167796
381	6	0.0758785
74	10	0.782244
57	14	0.464269
360	15	0.357393
163	7	0.807366
252	145	0.788605
307	6	0.0554038
79	12	0.769906
138	17	0.166585
465	397	0.895752
211	3	0.650395
410	18	0.123918
455	126	0.574217
135	1	0.150804
80	4	0.583471
187	52	0.670383
329	26	0.587551
461	104	0.450138
403	2	0.987793
313	14	0.254927
319	220	0.956332
342	78	0.708442
253	146	0.839518
317	14	0.91342
153	38	0.357927
432	80	0.456679
262	42	0.221718
472	34	0.395444
314	7	0.0344916
454	24	0.902632
51	33	0.814302
266	1	0.0175324
120	16	0.792174
356	11	0.102144
439	4	0.0450505
141	62	0.871678
449	47	0.296208
51	0	0.34244
246	0	0.0291421
380	38	0.176915
448	15	0.0606917
233	14	0.762458
211	95	0.473366
498	17	0.200393
489	315	0.899649
453	209	0.79204
154	4	0.401889
122	1	0.0136832
73	15	0.731679
93	40	0.542957
365	24	0.0778679
412	24	0.252467
358	1	0.976862
210	28	0.847633
483	140	0.512927
364	120	0.427541
90	28	0.428205
190	145	0.941456
442	23	0.275042
151	35	0.273264
441	246	0.624684
275	9	0.988875
492	70	0.26587
327	13	0.0433223
148	35	0.266837
355	103	0.348379
226	88	0.488406
275	100	0.413914
241	3	0.0932467
207	32	0.514192
454	141	0.382879
378	54	0.695022
207	36	0.35851
363	239	0.713435
52	2	0.0608146
360	0	0.29493
363	161	0.516959
477	5	0.162037
163	53	0.805867
348	42	0.5987
286	53	0.208129
385	12	0.0381576
172	7	0.460276
195	1	0.550933
361	229	0.872587
270	38	0.241951
79	62	0.843456
309	32	0.329432
412	355	0.872736
500	11	0.216643
288	27	0.124463
480	331	0.805097
232	19	0.541907
402	86	0.224438
449	60	0.276053
317	261	0.845907
173	4	0.613846
461	39	0.573921
273	70	0.481764
66	30	0.638236
242	57	0.532355
260	58	0.562272
453	3	0.541229
331	11	0.735923
305	10	0.0412353
390	12	0.821977
281	35	0.174666
406	90	0.962165
492	35	0.473525
219	30	0.294169
326	85	0.579891
165	9	0.0726084
494	312	0.744171
436	222	0.740993
396	250	0.705899
133	92	0.705021
84	4	0.787384
271	19	0.445161
315	35	0.256273
109	21	0.311989
250	160	0.876002
328	7	0.0676709
480	54	0.252192
325	15	0.332565
493	469	0.977854
321	201	0.789045
113	35	0.552387
296	42	0.683429
357	155	0.614746
217	0	0.876306
268	8	0.10357
419	213	0.534961
348	284	0.850177
426	170	0.761959
258	143	0.647449
311	21	0.0891539
423	284	0.717831
210	72	0.887449
191	41	0.556642
243	113	0.508734
272	124	0.825833
362	29	0.119809
455	65	0.667713
162	35	0.262986
412	15	0.0560356
214	126	0.713283
152	23	0.184595
148	93	0.7132
407	46	0.655285
457	15	0.629234
328	4	0.0265258
278	104	0.507339
347	86	0.590033
246	24	0.382032
480	31	0.110021
223	152	0.989072
294	18	0.525449
276	30	0.592798
121	20	0.643421
242	20	0.300697
486	248	0.617127
400	326	0.917333
211	8	0.216034
137	37	0.425696
281	54	0.898387
117	1	0.0578586
109	10	0.0950985
475	347	0.763231
190	8	0.257527
315	121	0.604378
191	21	0.535793
88	5	0.0889826
202	149	0.748159
391	267	0.736654
112	4	0.163653
369	55	0.212721
164	22	0.163215
280	75	0.329193
185	26	0.18901
118	0	0.0123664
444	45	0.511327
168	56	0.385891
279	4	0.0234247
76	70	0.971995
314	134	0.566316
114	5	0.4172
118	5	0.111834
454	177	0.462789
92	36	0.780998
215	94	0.602948
68	18	0.452505
74	17	0.344356
159	81	0.535689
80	54	0.676927
480	29	0.093459
434	234	0.547697
380	25	0.5888
273	114	0.460077
445	20	0.190928
498	4	0.0338347
358	21	0.100057
244	37	0.405006
331	56	0.493118
478	112	0.646931
299	79	0.877691
330	97	0.351165
332	54	0.410466
403	73	0.299412
50	14	0.552275
316	84	0.435734
188	14	0.429852
128	15	0.554422
284	184	0.786958
393	66	0.517064
197	1	0.0459092
142	35	0.646842
233	49	0.79393
325	69	0.433116
255	88	0.89062
62	46	0.866372
456	314	0.81503
252	62	0.362463
111	0	0.204727
175	69	0.508974
278	74	0.686826
140	14	0.401933
141	24	0.866482
429	62	0.447646
118	6	0.0608628
236	164	0.764068
260	101	0.823549
131	18	0.703637
317	67	0.974978
186	93	0.704422
53	26	0.643194
362	89	0.393625
303	107	0.470344
371	47	0.855723
391	31	0.320134
198	79	0.496607
252	15	0.70965
329	46	0.609128
54	3	0.0600099
228	24	0.846932
55	5	0.333739
103	0	0.0179493
221	8	0.40297
229	139	0.987845
440	70	0.810579
374	133	0.514678
263	0	0.358507
464	236	0.888466
297	80	0.448474
140	4	0.0332822
219	7	0.115016
199	1	0.0213957
426	17	0.102184
170	84	0.71566
264	4	0.0416809
306	50	0.190935
82	58	0.810502
147	81	0.621697
404	29	0.800007
237	14	0.287561
198	47	0.374093
210	0	0.109776
274	36	0.147617
480	167	0.765606
481	117	0.599013
308	260	0.853856
380	66	0.83854
299	44	0.523926
420	35	0.115425
261	1	0.719596
453	357	0.972544
362	186	0.934632
349	2	0.156803
444	338	0.788073
180	135	0.76053
393	30	0.442823
257	98	0.424378
468	212	0.668195
428	73	0.233208
239	168	0.92243
453	30	0.0876958
58	10	0.647933
104	5	0.261066
287	93	0.364827
322	182	0.724311
274	226	0.845421
438	162	0.886848
343	255	0.904851
254	0	0.0160293
366	136	0.591482
194	1	0.186856
282	33	0.962798
364	83	0.355943
465	47	0.102206
330	11	0.268743
271	6	0.0268473
182	22	0.149517
395	135	0.93161
113	3	0.152576
292	47	0.364489
51	38	0.950026
129	15	0.817407
451	11	0.313695
386	97	0.355009
87	8	0.101893
212	18	0.334932
132	8	0.894306
259	47	0.608893
124	1	0.982826
414	96	0.387054
331	18	0.351623
275	188	0.73737
390	74	0.927978
337	38	0.169002
279	24	0.0929249
128	58	0.475788
436	62	0.490376
160	86	0.545278
221	38	0.642364
198	21	0.403112
326	13	0.0407953
155	16	0.156269
408	12	0.0883215
140	3	0.291673
81	30	0.632244
137	5	0.0947559
451	160	0.470406
449	60	0.642713
77	9	0.302793
100	3	0.199406
166	21	0.356422
282	20	0.110606
366	64	0.277815
264	138	0.637824
288	153	0.675677
222	3	0.17933
68	22	0.985706
281	32	0.809466
207	35	0.188308
207	72	0.412887
494	12	0.41322
254	127	0.954765
346	18	0.79344
419	131	0.386849
143	21	0.551667
275	4	0.021152
216	113	0.918217
426	55	0.286117
80	13	0.442211
414	16	0.051687
184	67	0.372514
159	17	0.269924
102	86	0.862819
189	25	0.372207
63	10	0.315253
389	202	0.817222
112	62	0.810656
156	82	0.545889
289	43	0.33595
226	57	0.377575
159	18	0.965339
323	69	0.491829
93	3	0.102743
169	1	0.166891
106	66	0.686632
149	12	0.919356
400	92	0.509822
474	36	0.365072
369	249	0.903296
492	2	0.650006
214	44	0.243475
134	61	0.837849
172	55	0.345663
489	117	0.392471
284	57	0.308472
381	25	0.754802
394	16	0.334226
339	57	0.789785
348	45	0.225884
461	21	0.0831782
372	80	0.446278
483	121	0.745714
226	67	0.447203
476	243	0.636133
259	10	0.0726046
386	5	0.0826679
496	21	0.739112
106	37	0.661025
121	17	0.768523
96	63	0.768773
101	27	0.650235
457	51	0.317499
94	24	0.325167
461	47	0.726716
461	69	0.623818
273	43	0.27812
168	8	0.462865
230	30	0.368311
246	171	0.742224
179	103	0.608066
407	18	0.198839
177	7	0.878664
308	37	0.872171
260	118	0.508915
198	22	0.227294
308	4	0.154819
371	65	0.454373
401	92	0.332694
276	66	0.561286
170	61	0.633235
182	14	0.249348
139	71	0.633803
121	55	0.688517
421	1	0.0186197
147	19	0.222059
350	60	0.438929
324	105	0.41336
285	43	0.216312
133	16	0.244636
152	17	0.123282
353	151	0.432689
274	109	0.742378
374	218	0.840991
295	83	0.379986
465	52	0.385433
391	6	0.0216969
159	9	0.100238
257	39	0.675565
183	61	0.529795
492	211	0.921564
157	30	0.648529
466	342	0.984915
211	37	0.339318
230	72	0.758654
316	28	0.405769
85	37	0.51125
214	60	0.494814
105	9	0.161117
372	34	0.250818
442	3	0.397414
121	0	0.0129777
170	124	0.976453
450	37	0.508608
459	92	0.616806
133	5	0.449565
312	51	0.323007
315	82	0.598455
108	16	0.197104
500	74	0.228123
123	23	0.689316
361	38	0.498393
350	23	0.760431
195	41	0.540337
154	14	0.471985
221	64	0.477549
366	11	0.271434
343	161	0.96016
232	100	0.724004
146	32	0.819979
493	212	0.441572
257	51	0.469777
289	78	0.876196
149	23	0.647146
428	162	0.414676
440	2	0.0106213
277	33	0.172393
87	4	0.394309
207	99	0.511953
68	19	0.388184
487	110	0.390738
425	25	0.239
304	4	0.0150285
224	123	0.831143
403	173	0.619311
345	2	0.0134765
159	5	0.746402
99	35	0.712743
201	154	0.904506
254	21	0.206921
103	11	0.966775
429	77	0.452109
290	209	0.830945
129	0	0.581227
275	2	0.198955
476	254	0.661003
448	33	0.177027
378	159	0.953231
190	9	0.0511737
153	6	0.0492702
128	25	0.482644
299	221	0.974408
124	30	0.947057
297	44	0.281788
54	25	0.898708
165	69	0.986562
335	46	0.324163
194	79	0.759559
255	118	0.502999
497	71	0.188289
391	231	0.69641
60	8	0.436555
98	8	0.245759
180	11	0.0876345
54	26	0.677532
284	34	0.138932
372	144	0.673757
244	7	0.400749
87	16	0.85204
205	22	0.388584
461	162	0.662796
148	54	0.836172
228	129	0.856069
492	106	0.78115
347	54	0.321371
139	11	0.139673
450	32	0.625034
337	24	0.240301
199	7	0.240308
442	23	0.495156
131	22	0.395112
260	45	0.220356
132	30	0.671245
88	4	0.0815855
394	1	0.175186
499	50	0.31649
413	32	0.179537
401	104	0.287368
288	59	0.477835
110	3	0.257944
300	58	0.845974
221	6	0.0366829
338	7	0.0409915
163	95	0.764617
201	9	0.197673
201	125	0.975491
186	13	0.217545
435	162	0.676568
413	56	0.724485
141	4	0.188401
207	112	0.696839
294	3	0.635812
479	214	0.639045
196	69	0.942166
132	5	0.0504729
55	27	0.58789
445	36	0.0942235
292	172	0.86486
140	47	0.84165
359	201	0.63847
140	5	0.383661
380	140	0.833451
456	90	0.207173
294	222	0.964108
222	45	0.636031
365	59	0.796363
290	36	0.975642
309	22	0.0901503
478	248	0.53703
310	13	0.724901
143	57	0.718486
395	134	0.350148
256	10	0.0924572
476	132	0.575177
443	0	0.0277582
372	77	0.218753
281	27	0.266918
431	44	0.159622
184	57	0.568094
463	140	0.505483
244	36	0.164839
258	34	0.340106
444	100	0.269667
137	97	0.953602
390	238	0.931362
188	33	0.308189
392	7	0.645919
290	118	0.504557
432	56	0.291386
82	1	0.0493836
500	195	0.514017
328	16	0.0499511
155	120	0.809379
469	24	0.0586118
351	122	0.845607
130	57	0.543971
99	12	0.381108
198	30	0.367074
339	176	0.539961
181	21	0.402154
101	69	0.74008
96	3	0.305394
121	64	0.645055
366	20	0.750071
284	28	0.599724
125	14	0.154176
232	28	0.353632
53	19	0.688919
134	65	0.541976
407	5	0.789037
147	40	0.534002
81	24	0.387943
206	8	0.346572
69	21	0.588113
211	8	0.447594
244	140	0.598057
279	62	0.863697
368	15	0.481835
265	20	0.815177
301	14	0.111447
284	100	0.566775
366	58	0.40727
231	136	0.727443
224	53	0.621696
417	37	0.267867
317	57	0.212363
426	305	0.930354
327	23	0.378622
342	267	0.925647
148	94	0.937768
57	13	0.318827
302	188	0.821153
171	0	0.0116346
60	0	0.589556
448	7	0.759446
55	20	0.958726
311	36	0.726582
63	12	0.306169
383	163	0.518584
301	247	0.874814
299	79	0.556134
470	154	0.349955
192	52	0.466169
294	96	0.880784
146	41	0.681458
233	53	0.393391
165	13	0.103926
416	292	0.785946
223	135	0.663616
290	6	0.0283543
210	120	0.654202
326	24	0.596622
63	31	0.792457
343	60	0.398298
406	78	0.93431
324	145	0.561965
336	5	0.464069
115	56	0.723178
418	259	0.632055
172	12	0.740464
77	1	0.313816
147	98	0.778151
386	169	0.632735
389	115	0.534115
121	5	0.512741
154	8	0.139865
103	1	0.559193
247	13	0.888176
137	17	0.256542
264	9	0.194267
489	146	0.764007
189	34	0.940633
448	380	0.915684
280	67	0.241554
363	136	0.445365
364	26	0.0923452
128	7	0.108281
306	106	0.48487
252	36	0.954201
447	98	0.378845
152	108	0.97169
157	65	0.613291
156	90	0.710637
116	45	0.841508
477	7	0.0535794
102	4	0.138521
346	170	0.539605
366	162	0.802245
379	5	0.0867211
63	19	0.755213
141	2	0.071317
316	88	0.634289
127	47	0.605714
202	109	0.724286
371	84	0.281104
129	36	0.783735
310	204	0.673656
427	82	0.492707
278	15	0.500561
120	54	0.563263
188	6	0.167991
144	24	0.380582
469	76	0.227678
249	169	0.973493
483	115	0.443804
476	65	0.544825
447	81	0.18785
155	33	0.583814
234	115	0.935264
124	28	0.941528
259	24	0.439593
478	116	0.541659
384	80	0.256832
158	92	0.882891
421	0	0.238627
148	1	0.423636
52	0	0.0922243
168	8	0.5824
252	81	0.420988
435	8	0.989623
451	243	0.596198
158	0	0.181349
245	97	0.851688
247	29	0.663938
292	22	0.119209
245	108	0.66331
103	8	0.985647
406	37	0.11457
452	229	0.848046
498	97	0.841274
153	22	0.263088
315	15	0.0600816
438	319	0.96824
379	64	0.300356
214	4	0.33349
209	90	0.567894
64	5	0.549775
245	20	0.437529
469	204	0.468663
305	161	0.843446
422	57	0.311832
122	3	0.251615
350	121	0.397496
311	39	0.977059
464	26	0.485508
343	206	0.865506
96	23	0.541346
431	38	0.182842
474	43	0.949714
53	23	0.459533
427	253	0.777009
371	8	0.0837948
193	28	0.385036
107	101	0.988708
162	0	0.0465155
375	64	0.198934
58	12	0.214797
368	107	0.844078
484	111	0.478842
225	10	0.161406
345	98	0.400231
295	48	0.441006
445	82	0.404649
491	35	0.248634
185	1	0.235786
311	147	0.927347
224	12	0.697985
108	30	0.406162
306	48	0.407948
155	20	0.545886
468	54	0.545565
124	21	0.823866
201	50	0.555346
108	29	0.62622
391	102	0.351289
214	103	0.672597
254	8	0.143978
146	18	0.130626
240	53	0.625991
314	10	0.0357734
311	34	0.19037
370	82	0.408523
381	219	0.666394
460	31	0.411426
224	20	0.887624
134	7	0.149365
67	15	0.57705
75	9	0.751268
170	22	0.536857
366	103	0.893914
