4000
427	284	0.973408
333	17	0.0587723
110	25	0.837164
119	77	0.682681
255	125	0.791996
228	151	0.820382
213	111	0.813762
440	248	0.944581
172	44	0.305468
470	173	0.409448
104	37	0.363524
401	298	0.843989
277	122	0.453359
172	43	0.369926
174	2	0.160993
499	157	0.317713
74	60	0.929325
322	59	0.466618
386	63	0.986285
318	9	0.0382141
118	1	0.0186715
236	20	0.17879
95	18	0.30757
428	218	0.629902
354	55	0.41857
393	75	0.800261
143	23	0.303209
485	27	0.528076
341	90	0.965687
217	45	0.748957
320	134	0.451921
309	18	0.076888
275	30	0.26871
128	20	0.260919
134	28	0.268004
139	52	0.610293
482	135	0.545566
75	40	0.659229
385	27	0.1153
215	148	0.760035
273	50	0.975201
366	32	0.334046
234	62	0.548878
275	35	0.567483
447	85	0.757471
351	104	0.410279
247	53	0.413061
497	256	0.692915
481	29	0.179275
320	146	0.599922
96	5	0.470506
275	34	0.550004
162	4	0.0415452
189	5	0.0285798
437	21	0.0570352
79	0	0.0759191
159	0	0.0202419
105	34	0.608354
112	4	0.0993304
249	137	0.552768
238	103	0.632993
151	54	0.717636
369	125	0.404504
387	11	0.841645
140	13	0.513325
395	95	0.334567
339	182	0.907672
61	4	0.186016
105	59	0.635431
57	27	0.563654
442	350	0.904075
134	2	0.0997022
450	107	0.307247
184	86	0.794368
417	62	0.3635
275	49	0.218841
398	168	0.919463
179	111	0.70541
487	183	0.784284
412	65	0.426949
291	62	0.535265
105	11	0.975958
438	187	0.967813
312	37	0.17147
226	28	0.842026
430	125	0.454097
217	2	0.0925372
343	133	0.425942
334	47	0.170663
139	44	0.379686
110	10	0.318415
473	94	0.264201
446	5	0.942982
390	95	0.644407
438	19	0.352726
437	157	0.42089
201	179	0.930734
228	88	0.811627
471	72	0.370299
414	96	0.317843
363	45	0.30081
444	84	0.240651
449	55	0.22393
391	12	0.34947
441	20	0.075896
114	23	0.284364
471	43	0.104112
298	27	0.251983
135	25	0.370877
396	78	0.598648
338	119	0.570126
325	92	0.622644
409	40	0.180164
368	110	0.402399
413	59	0.217857
292	70	0.876674
162	23	0.271059
313	118	0.53375
344	221	0.914801
354	4	0.0113309
273	57	0.536695
355	41	0.730628
213	40	0.338392
173	13	0.112442
332	83	0.695228
298	16	0.734674
315	8	0.500357
298	116	0.945951
58	12	0.270241
420	254	0.616278
373	150	0.834735
311	32	0.146697
182	120	0.885829
134	42	0.345478
419	35	0.524003
196	40	0.787676
91	10	0.256249
364	91	0.379586
213	31	0.304896
55	10	0.744537
350	64	0.511112
149	1	0.0150675
397	48	0.377549
79	66	0.957438
242	159	0.984478
274	134	0.684149
124	44	0.434264
466	17	0.193016
148	19	0.813369
156	15	0.184008
127	23	0.504543
327	276	0.926005
473	131	0.588694
463	34	0.957022
53	8	0.316066
220	134	0.955234
182	20	0.129764
142	41	0.901289
402	107	0.505223
265	86	0.687736
211	43	0.35348
238	113	0.663809
489	16	0.118052
431	5	0.182289
279	5	0.229633
452	33	0.236476
127	1	0.551687
459	284	0.859202
410	17	0.199075
223	2	0.114653
139	26	0.509923
470	230	0.555119
61	2	0.713432
461	56	0.520767
323	13	0.172601
451	78	0.987299
492	190	0.50941
425	0	0.14134
389	113	0.656627
106	72	0.707224
68	20	0.657746
116	7	0.0715911
333	42	0.330383
380	69	0.398767
413	37	0.278607
74	16	0.648435
162	40	0.388205
159	5	0.121748
344	112	0.419667
319	81	0.386379
350	7	0.0709709
437	293	0.920379
85	13	0.345178
247	34	0.78627
134	73	0.741049
188	108	0.938841
378	284	0.781493
310	23	0.0965975
251	63	0.823669
221	10	0.0899684
469	201	0.723025
335	292	0.952586
152	120	0.914256
63	13	0.312495
199	94	0.760869
240	94	0.438001
88	23	0.838183
240	36	0.185267
383	175	0.830167
173	30	0.546754
123	66	0.566822
91	7	0.099963
174	131	0.805729
319	76	0.821916
113	21	0.226514
389	112	0.721855
256	233	0.917609
81	19	0.260681
399	254	0.906961
365	33	0.141871
337	45	0.254462
201	7	0.12702
228	33	0.254151
277	8	0.0740756
434	0	0.336074
82	21	0.278596
412	24	0.112398
435	12	0.0763414
71	1	0.0209137
225	0	0.0518393
180	63	0.492883
459	30	0.316428
493	174	0.489131
338	4	0.28143
232	206	0.941996
114	16	0.446358
67	4	0.847052
190	100	0.973669
310	19	0.0940036
117	23	0.513922
418	259	0.760795
274	118	0.817616
290	145	0.606731
423	150	0.554903
289	8	0.0468106
476	84	0.326891
76	27	0.391499
312	128	0.803571
244	18	0.256265
453	97	0.893158
270	86	0.57949
428	81	0.760252
430	193	0.492839
454	116	0.858455
185	9	0.152737
404	188	0.47128
102	2	0.0686286
244	94	0.913979
189	23	0.230471
278	170	0.913047
493	65	0.703155
376	44	0.168582
454	0	0.0432865
158	24	0.154479
494	21	0.376495
120	11	0.381937
280	9	0.0518731
247	3	0.274058
428	84	0.591055
161	38	0.679419
252	46	0.207225
277	82	0.322225
103	26	0.742187
75	42	0.650518
147	20	0.147404
420	80	0.330313
281	47	0.309924
61	32	0.704177
304	32	0.927896
240	110	0.687271
252	115	0.498296
54	8	0.27393
212	57	0.445753
391	20	0.336005
388	4	0.0346654
162	18	0.475772
333	16	0.608452
291	47	0.169629
223	21	0.204892
402	133	0.681607
78	3	0.175868
135	2	0.0247311
392	1	0.479212
257	32	0.308833
67	9	0.67165
450	57	0.937222
259	218	0.944531
224	132	0.646791
457	6	0.22128
415	43	0.271061
133	73	0.793585
123	47	0.496593
338	24	0.2305
494	39	0.162906
245	103	0.480555
404	162	0.405028
108	49	0.549405
230	12	0.107671
425	205	0.960598
122	4	0.0720528
238	45	0.506761
270	6	0.0313301
98	3	0.0490446
460	291	0.845585
461	170	0.420775
463	234	0.863588
192	28	0.265593
368	167	0.51442
444	34	0.38267
63	38	0.907854
489	47	0.29277
332	66	0.232883
461	0	0.172668
143	47	0.378892
70	30	0.627352
330	118	0.73482
112	98	0.922642
182	8	0.58341
479	24	0.318526
208	129	0.768867
108	65	0.651458
72	4	0.127323
78	11	0.928661
211	2	0.238521
470	432	0.921105
441	243	0.64175
60	25	0.769564
387	42	0.615565
93	4	0.855113
266	6	0.138642
216	64	0.40371
211	79	0.696129
499	131	0.518989
232	2	0.316971
289	92	0.509551
157	16	0.337416
349	212	0.714684
397	32	0.460224
439	152	0.422901
354	224	0.723961
71	16	0.333423
56	11	0.970809
390	229	0.759305
138	11	0.333464
487	41	0.580443
241	6	0.12601
340	12	0.0439155
430	7	0.222524
466	75	0.162782
408	48	0.142403
261	133	0.541173
93	30	0.926707
373	38	0.197411
380	107	0.629225
416	123	0.453884
150	12	0.102266
73	3	0.835829
238	6	0.361654
215	74	0.540888
132	5	0.261124
418	76	0.182532
230	9	0.0773249
198	10	0.0509637
270	22	0.153532
321	162	0.744391
213	76	0.547955
286	231	0.84388
184	70	0.874164
81	6	0.0791022
183	175	0.984685
89	18	0.881971
154	61	0.692952
496	144	0.380682
500	107	0.389027
337	0	0.198314
102	56	0.754979
458	56	0.365964
474	19	0.0554227
157	49	0.391453
364	117	0.681752
169	43	0.378288
151	5	0.67631
174	48	0.711868
470	340	0.740418
409	179	0.440114
67	47	0.761906
282	67	0.389375
180	75	0.681439
305	143	0.709926
471	92	0.45179
420	0	0.275925
473	31	0.261347
89	31	0.685579
478	390	0.8245
183	81	0.721317
369	161	0.59903
411	248	0.984651
488	65	0.530375
280	3	0.183847
175	34	0.415112
296	12	0.116901
493	178	0.634402
214	48	0.3012
352	21	0.0613262
218	55	0.298987
151	26	0.508882
449	7	0.717858
188	10	0.533364
187	95	0.814346
353	57	0.248935
122	1	0.0823884
332	51	0.73682
129	27	0.513954
101	1	0.132839
110	12	0.464018
59	14	0.261284
204	163	0.960443
254	121	0.76721
120	4	0.246181
117	3	0.692361
332	3	0.0360915
433	214	0.52916
466	11	0.0968085
411	1	0.166514
307	6	0.0259497
118	21	0.577662
243	18	0.286743
85	4	0.0908831
281	145	0.956233
239	87	0.539079
422	227	0.744134
100	22	0.648773
297	14	0.100976
73	1	0.0172299
462	191	0.841647
85	43	0.570835
353	10	0.207238
457	131	0.7223
286	9	0.134707
132	91	0.907688
229	0	0.032736
366	141	0.811054
229	14	0.0800321
375	26	0.0699307
87	70	0.8424
431	203	0.634487
301	40	0.216635
245	15	0.509686
342	106	0.430698
256	84	0.372515
412	51	0.276594
293	39	0.718074
300	167	0.97401
383	7	0.110612
234	155	0.741815
441	11	0.113542
380	10	0.0559249
432	4	0.028299
325	96	0.548125
171	26	0.429722
233	15	0.273737
377	198	0.83127
487	251	0.853305
284	39	0.219542
271	30	0.211704
144	65	0.451416
188	47	0.374077
183	33	0.246871
466	358	0.857024
321	236	0.901172
272	66	0.684751
70	3	0.249994
366	82	0.432704
84	52	0.933562
293	93	0.326488
154	44	0.366131
105	54	0.521018
370	191	0.657539
209	107	0.562395
90	1	0.100012
384	69	0.224467
370	56	0.270177
436	272	0.669694
395	102	0.329549
84	13	0.209071
172	14	0.093426
356	40	0.249696
376	259	0.931872
225	1	0.247277
379	146	0.488926
498	216	0.820715
452	87	0.944291
327	179	0.914666
369	140	0.756806
442	268	0.669128
424	140	0.698831
413	170	0.839351
426	15	0.200637
58	13	0.284479
188	78	0.860153
408	33	0.200594
454	230	0.981439
181	102	0.963436
294	41	0.346201
148	38	0.678167
270	33	0.132752
85	12	0.326819
136	100	0.88287
107	68	0.859663
117	28	0.613944
489	224	0.513212
319	241	0.840519
263	78	0.692025
133	69	0.634525
416	7	0.0184485
297	58	0.623303
366	91	0.951103
105	4	0.16963
386	35	0.545057
285	18	0.918981
438	2	0.422751
146	3	0.19515
357	111	0.451605
110	13	0.276334
405	26	0.433512
457	166	0.657325
105	17	0.224749
136	27	0.504147
100	7	0.157488
389	127	0.467997
153	6	0.117616
116	47	0.588696
499	184	0.481034
424	236	0.953524
443	129	0.334286
490	13	0.217952
498	271	0.92317
404	13	0.611746
109	82	0.789187
334	166	0.652447
493	50	0.156608
240	146	0.813173
408	49	0.164772
134	39	0.779541
142	17	0.698621
183	28	0.494348
301	162	0.643996
366	42	0.129949
484	151	0.340236
211	37	0.24149
289	175	0.628364
80	13	0.790488
140	37	0.457754
257	6	0.0899271
358	11	0.791892
281	175	0.64365
491	140	0.522932
402	25	0.260755
192	18	0.846446
395	19	0.0756234
260	40	0.442118
315	43	0.207476
150	2	0.987943
124	2	0.205097
470	150	0.347572
141	18	0.697602
79	6	0.306603
64	17	0.682889
160	44	0.52762
337	57	0.7384
236	94	0.489269
253	74	0.493265
70	36	0.978772
136	20	0.819177
409	209	0.927044
374	168	0.478743
233	32	0.973413
102	20	0.800181
383	179	0.769366
103	72	0.905076
386	7	0.462745
390	122	0.563411
345	179	0.829035
345	205	0.879578
110	5	0.130678
224	19	0.686769
185	37	0.267385
476	131	0.915686
385	6	0.0413725
58	17	0.579414
153	64	0.973337
258	22	0.216883
330	161	0.577926
421	19	0.821755
197	7	0.313821
205	11	0.449887
250	4	0.0945505
293	168	0.948246
111	5	0.0895339
281	129	0.948576
342	89	0.273319
323	11	0.0594742
478	69	0.221308
236	206	0.949954
144	119	0.927478
223	92	0.929027
421	178	0.465274
76	3	0.308222
196	39	0.285428
390	48	0.232139
152	26	0.920255
116	5	0.152164
481	79	0.473319
409	62	0.226218
428	241	0.564017
247	19	0.724124
99	32	0.347883
463	258	0.587555
287	101	0.809746
435	107	0.246389
63	4	0.18188
58	8	0.887688
490	75	0.36233
278	90	0.537246
480	51	0.276765
341	67	0.44643
78	13	0.598489
495	258	0.828821
53	0	0.0874059
337	37	0.404231
197	57	0.741498
452	188	0.527651
394	263	0.734642
362	70	0.234123
378	27	0.368534
278	57	0.64101
454	18	0.051549
236	85	0.447201
257	105	0.674067
95	10	0.790339
360	119	0.443824
357	102	0.548158
59	22	0.86251
249	15	0.690148
259	20	0.646084
361	193	0.592699
186	35	0.600651
143	33	0.573207
291	36	0.488595
406	43	0.702457
100	2	0.602318
220	119	0.823182
166	101	0.669228
453	95	0.36205
69	12	0.360119
362	55	0.844295
492	250	0.524938
342	17	0.98527
97	19	0.76276
341	94	0.93299
446	48	0.296389
309	152	0.525684
90	9	0.215839
460	70	0.278796
190	4	0.080554
409	71	0.395051
242	67	0.983601
315	27	0.377951
399	288	0.815959
226	71	0.581535
418	64	0.583066
262	139	0.724305
138	6	0.0832993
343	26	0.482235
463	131	0.939628
272	131	0.553405
476	79	0.547304
220	143	0.92716
215	33	0.869995
234	39	0.351721
492	61	0.674049
256	29	0.138766
265	2	0.0208945
211	125	0.665188
203	36	0.52493
305	61	0.477941
95	40	0.553162
386	198	0.523948
414	53	0.212254
62	25	0.98137
220	39	0.517237
301	20	0.161125
193	70	0.589285
253	6	0.0808925
474	17	0.310296
195	91	0.514579
295	74	0.353952
254	8	0.14169
392	0	0.0446283
118	87	0.739329
321	29	0.13958
310	164	0.756303
478	83	0.737816
500	31	0.582692
202	54	0.688512
51	6	0.679656
211	49	0.509384
303	18	0.560806
444	32	0.428195
129	2	0.030032
280	56	0.763457
184	130	0.71809
254	72	0.837195
412	252	0.961149
494	82	0.50818
447	107	0.847581
214	89	0.44692
413	26	0.161881
104	7	0.0809851
78	43	0.913357
361	130	0.908488
185	24	0.142475
292	6	0.857056
60	4	0.511278
130	5	0.0436717
171	60	0.360683
472	58	0.683996
491	5	0.0503443
384	3	0.0239782
122	1	0.0955096
460	82	0.194677
333	169	0.514436
285	174	0.720255
224	1	0.105144
97	4	0.631027
320	266	0.988506
404	16	0.0903165
112	23	0.776001
448	400	0.956349
498	203	0.923482
294	75	0.270586
104	72	0.866181
348	129	0.747805
166	36	0.488621
499	47	0.776737
295	171	0.688666
146	94	0.765637
237	24	0.179721
245	77	0.592845
291	100	0.380771
112	64	0.586134
115	20	0.508612
157	12	0.805965
477	23	0.65182
290	22	0.500321
89	5	0.113039
250	28	0.144805
236	1	0.0224377
80	3	0.113953
121	3	0.900384
115	73	0.816379
275	257	0.961296
308	94	0.765624
304	178	0.713891
496	189	0.793522
455	153	0.537069
273	14	0.561087
293	156	0.677423
396	285	0.740697
149	57	0.721255
499	222	0.802892
213	16	0.12181
102	1	0.420507
167	1	0.0222551
435	84	0.302971
436	69	0.36496
77	3	0.346822
317	134	0.633305
85	38	0.739664
437	100	0.951013
243	65	0.721478
249	53	0.321359
287	129	0.64662
487	151	0.495228
211	26	0.269358
144	66	0.488495
325	47	0.427681
223	8	0.830425
99	24	0.306589
355	3	0.0263192
330	115	0.569133
350	46	0.33017
187	13	0.195837
211	53	0.752597
92	1	0.0174537
320	110	0.892667
428	120	0.664947
305	1	0.0168724
495	374	0.86664
96	14	0.894062
196	0	0.61377
291	50	0.302341
245	15	0.31492
343	170	0.598187
333	230	0.880505
442	95	0.571649
149	117	0.98355
311	125	0.434186
488	109	0.426076
63	17	0.498577
416	64	0.598469
472	67	0.434557
217	154	0.80526
72	14	0.724824
115	46	0.44445
199	7	0.425039
194	81	0.637704
112	59	0.806493
115	1	0.881711
472	67	0.416276
326	211	0.95068
182	37	0.666922
203	3	0.0345983
450	39	0.125902
455	248	0.639982
433	80	0.229616
100	9	0.109316
56	39	0.9179
363	50	0.2473
433	22	0.43518
460	36	0.325403
395	48	0.302212
424	31	0.465735
183	0	0.135713
84	1	0.734674
392	2	0.12471
146	19	0.212768
53	2	0.561513
222	12	0.722841
123	73	0.898017
398	14	0.522138
201	87	0.748116
59	8	0.153898
118	1	0.0224634
458	411	0.978171
139	10	0.843295
441	28	0.584583
410	240	0.987995
283	5	0.0362978
229	85	0.563419
292	41	0.173272
235	141	0.738688
377	134	0.796029
399	14	0.31044
332	113	0.967325
50	0	0.112469
88	11	0.252663
499	213	0.776084
340	42	0.916065
436	2	0.0178901
375	4	0.334345
77	13	0.587548
320	260	0.816451
181	62	0.69306
90	31	0.494946
308	45	0.265357
177	83	0.525518
262	147	0.748846
52	27	0.620686
62	1	0.0548242
467	122	0.269688
100	52	0.690347
479	4	0.690336
61	5	0.444507
69	1	0.253026
69	31	0.826626
199	0	0.259209
335	24	0.276657
470	42	0.408653
106	31	0.622732
85	53	0.754778
131	4	0.0771039
82	48	0.82949
269	0	0.0223369
346	22	0.332803
150	81	0.640128
363	10	0.307141
87	16	0.669766
120	61	0.759697
214	48	0.564706
185	110	0.658768
199	143	0.719678
64	4	0.0663779
59	2	0.168474
179	45	0.364816
86	15	0.615353
341	36	0.459995
367	54	0.29825
414	12	0.0446151
315	47	0.251086
457	19	0.244645
428	31	0.988044
138	15	0.599124
97	7	0.226921
184	62	0.893985
461	148	0.69043
428	268	0.800046
122	13	0.971031
232	3	0.314911
353	103	0.34972
271	14	0.516425
322	213	0.743751
197	74	0.710583
287	12	0.0806947
340	169	0.501233
158	1	0.918215
448	420	0.940038
495	95	0.474204
305	31	0.339291
396	58	0.465027
447	100	0.307444
208	15	0.958755
488	35	0.847292
159	37	0.942728
116	42	0.430467
96	32	0.896485
325	14	0.321368
493	197	0.566667
219	74	0.643822
456	289	0.939881
181	49	0.473338
131	87	0.665424
99	21	0.259525
90	22	0.948147
347	35	0.69535
200	30	0.771175
374	25	0.424646
371	29	0.144534
228	112	0.570797
406	8	0.407141
224	10	0.284359
211	28	0.596018
339	150	0.976194
90	14	0.160151
241	71	0.530214
169	60	0.433016
390	23	0.351336
280	45	0.279245
449	64	0.221639
449	307	0.886142
446	119	0.821805
104	10	0.822896
350	124	0.578938
287	6	0.0688383
295	0	0.0134517
398	243	0.838285
149	82	0.777083
430	163	0.382653
217	72	0.594187
182	25	0.528724
402	206	0.888387
449	15	0.618619
395	21	0.28067
409	95	0.774021
189	1	0.0896868
309	36	0.182497
201	47	0.417513
380	4	0.560039
494	30	0.625686
464	87	0.261129
354	105	0.335003
67	1	0.678256
375	11	0.0612022
336	41	0.359563
444	226	0.543285
470	53	0.718621
95	0	0.219309
274	0	0.0417797
189	44	0.952017
362	304	0.930592
278	18	0.546894
87	5	0.143769
117	16	0.411212
229	77	0.336355
378	76	0.906955
117	40	0.497734
135	30	0.924642
91	27	0.366557
110	11	0.546473
429	134	0.353354
118	5	0.29848
453	37	0.299075
96	2	0.0398274
234	11	0.42967
281	97	0.725485
107	0	0.335419
377	43	0.234271
206	46	0.271543
395	30	0.462318
368	17	0.185603
311	173	0.71291
487	39	0.240113
261	25	0.22145
201	35	0.610943
74	9	0.123879
331	205	0.786865
389	62	0.599389
359	91	0.511454
147	5	0.0371335
50	1	0.147732
243	12	0.339702
80	32	0.70958
478	307	0.916943
359	37	0.976036
53	3	0.0931461
463	59	0.237006
350	68	0.314169
136	89	0.954559
376	18	0.0980839
68	50	0.966261
381	152	0.82094
360	65	0.595112
126	45	0.803299
248	125	0.884957
461	10	0.0450094
475	62	0.179129
286	2	0.0978255
316	164	0.874801
154	39	0.535775
220	61	0.814008
142	1	0.0109338
445	45	0.119372
148	93	0.630167
456	272	0.934104
104	56	0.637978
337	193	0.601705
115	59	0.849275
216	152	0.713356
175	126	0.895194
464	118	0.793869
137	2	0.199666
277	17	0.111804
108	88	0.928526
110	9	0.227479
97	25	0.855667
140	35	0.678068
66	49	0.935506
488	205	0.526317
56	8	0.247339
250	94	0.734856
198	7	0.315985
263	10	0.744372
80	5	0.0789394
225	39	0.207935
491	107	0.249182
439	14	0.206885
257	68	0.308934
333	266	0.942345
106	19	0.895386
108	5	0.0930323
445	11	0.278639
490	94	0.317385
226	3	0.459165
106	6	0.0812212
191	0	0.0247327
385	293	0.92664
117	83	0.728343
269	106	0.630379
343	32	0.17317
241	12	0.189394
156	3	0.0210249
334	78	0.858398
288	68	0.459724
394	57	0.5242
492	53	0.711917
450	13	0.150904
413	119	0.733658
472	308	0.772952
402	29	0.383358
242	164	0.869551
249	38	0.65222
415	147	0.579653
290	151	0.853015
493	331	0.778032
486	39	0.0957379
467	2	0.0332671
231	2	0.0788809
454	82	0.378568
442	128	0.679237
394	76	0.20678
254	101	0.49293
282	69	0.612517
439	335	0.968807
53	2	0.0879
402	16	0.153844
457	71	0.180145
119	62	0.965787
391	7	0.70477
88	17	0.975788
270	25	0.714186
474	84	0.748115
327	217	0.835198
428	37	0.093582
451	22	0.110911
386	146	0.547684
53	23	0.526008
261	5	0.284222
146	35	0.552659
431	43	0.239576
108	3	0.0462678
448	238	0.968737
159	72	0.780346
451	388	0.933637
356	47	0.141309
371	57	0.219911
56	0	0.0340603
159	8	0.796146
199	146	0.797752
472	158	0.781788
326	146	0.721448
184	6	0.787864
494	64	0.162034
346	107	0.856074
205	1	0.0459454
154	9	0.584874
288	25	0.245859
258	17	0.438571
105	34	0.376521
219	2	0.102899
367	237	0.903532
415	49	0.147011
312	49	0.268451
210	6	0.0551284
170	25	0.584588
204	120	0.782837
462	56	0.282012
83	30	0.540825
275	65	0.252123
295	127	0.597101
151	14	0.193491
281	11	0.310436
471	263	0.658018
406	53	0.436596
117	32	0.699621
195	2	0.0133812
386	81	0.227392
444	260	0.969433
225	23	0.161929
429	15	0.158864
331	58	0.742729
290	90	0.873917
113	2	0.238802
273	19	0.15325
210	19	0.310604
494	139	0.359164
83	27	0.681671
218	7	0.310161
248	55	0.341407
398	218	0.581722
140	16	0.132176
493	28	0.227279
410	79	0.973216
408	0	0.0302158
406	168	0.833341
94	30	0.813505
425	0	0.0523943
420	221	0.585559
303	34	0.907253
449	3	0.0241773
169	26	0.356802
424	100	0.964364
283	91	0.752672
175	42	0.752788
215	104	0.782791
339	7	0.177196
264	37	0.330523
318	54	0.205647
56	22	0.60631
429	318	0.768536
127	99	0.907758
437	42	0.840044
271	43	0.440841
448	311	0.819807
156	126	0.948413
367	67	0.183196
97	9	0.651113
393	3	0.269663
422	18	0.0656912
278	102	0.527633
149	39	0.892338
170	29	0.50158
484	174	0.842163
496	97	0.289895
292	18	0.154472
474	144	0.551073
290	102	0.353458
153	75	0.724138
225	6	0.817219
427	89	0.288189
232	11	0.0963036
426	303	0.786908
111	17	0.288217
363	6	0.0715213
292	43	0.166628
182	81	0.714496
134	11	0.22387
81	33	0.832603
492	180	0.825929
383	247	0.759963
294	31	0.858118
451	36	0.453982
84	9	0.543739
358	17	0.0734608
342	169	0.719953
432	32	0.814035
241	46	0.820938
52	12	0.267971
137	14	0.987912
491	5	0.941202
424	32	0.16084
287	209	0.736379
494	118	0.549805
255	83	0.497193
388	274	0.860765
403	9	0.202624
54	13	0.896178
148	4	0.0865101
453	30	0.0996551
459	40	0.125502
321	108	0.776387
247	56	0.707851
297	6	0.0202073
300	25	0.0899999
341	41	0.18723
237	14	0.0905169
392	17	0.175382
314	69	0.587209
288	142	0.622267
486	0	0.0410035
66	4	0.135783
71	13	0.636888
398	200	0.521804
239	13	0.22859
439	55	0.170839
212	89	0.97229
369	292	0.977456
398	110	0.331389
491	30	0.668657
262	16	0.132032
118	20	0.308555
493	99	0.327384
52	33	0.708481
354	3	0.0128759
424	28	0.0838197
67	56	0.863928
362	97	0.558389
423	224	0.646222
177	63	0.55219
479	41	0.276304
482	341	0.790728
55	23	0.786785
310	174	0.589894
246	165	0.823083
72	7	0.174265
239	88	0.654722
439	73	0.398963
457	77	0.223509
237	23	0.138234
75	2	0.238172
334	44	0.27001
195	110	0.567236
76	44	0.851141
399	126	0.792194
312	263	0.975405
246	88	0.563522
213	7	0.604947
309	119	0.75998
80	17	0.282515
166	12	0.257969
148	19	0.485504
495	81	0.242348
255	45	0.780666
425	212	0.704636
452	44	0.111732
302	159	0.585342
195	0	0.256345
388	182	0.801585
86	8	0.2349
59	18	0.626256
368	19	0.060494
298	257	0.926207
327	40	0.239889
65	14	0.742863
480	74	0.556988
428	75	0.422635
272	24	0.394874
159	4	0.183386
197	93	0.770245
353	139	0.742904
398	224	0.900598
327	1	0.269072
293	18	0.188882
313	180	0.657751
146	31	0.385286
418	17	0.230155
280	43	0.703406
429	215	0.906774
103	37	0.46224
368	103	0.837374
215	17	0.125707
353	26	0.166495
182	14	0.127879
334	272	0.97023
319	59	0.751664
233	1	0.0507846
54	1	0.194912
457	84	0.193573
306	32	0.232529
141	30	0.985425
143	41	0.359195
237	32	0.319272
410	97	0.25732
267	91	0.646317
62	22	0.55946
281	251	0.976093
175	7	0.0508657
300	27	0.102727
250	28	0.507971
126	1	0.647726
316	148	0.69868
60	0	0.127298
238	13	0.0586353
485	48	0.117075
445	83	0.754578
421	77	0.283924
55	20	0.967214
101	31	0.315744
287	50	0.359664
470	49	0.105279
186	6	0.0381576
234	4	0.654229
140	3	0.102055
175	117	0.764582
189	58	0.629786
431	61	0.173592
66	48	0.837738
234	12	0.150758
285	36	0.493963
91	33	0.464711
192	90	0.70285
328	56	0.413169
390	7	0.260353
121	98	0.958759
256	68	0.738188
177	3	0.0480892
434	6	0.0612577
82	12	0.281642
277	229	0.919693
409	36	0.345838
269	53	0.716031
111	14	0.276591
174	31	0.421161
60	1	0.833476
449	51	0.33399
277	23	0.392059
480	60	0.174914
229	0	0.500684
133	103	0.926791
338	191	0.929678
208	8	0.0554901
79	13	0.318364
165	2	0.320136
70	42	0.782015
190	115	0.959903
402	40	0.164871
343	73	0.217306
107	55	0.765308
487	388	0.962303
401	28	0.721561
494	148	0.646208
162	64	0.722862
347	6	0.685656
254	79	0.699047
404	11	0.0804925
142	17	0.244045
351	17	0.138936
197	118	0.650721
453	56	0.220074
498	173	0.45321
205	39	0.245394
286	5	0.0212759
87	18	0.69991
129	6	0.141941
357	103	0.675662
350	24	0.216805
156	95	0.721035
318	33	0.24019
361	212	0.864985
301	7	0.553008
343	152	0.617394
321	64	0.758965
407	134	0.507749
457	19	0.110326
355	72	0.838411
142	60	0.575031
299	38	0.57997
152	8	0.25656
260	55	0.628629
319	27	0.142464
426	37	0.103785
474	169	0.538078
253	22	0.65567
474	211	0.559926
203	167	0.896503
261	152	0.846286
354	55	0.188072
484	96	0.649356
159	15	0.39584
133	26	0.198788
98	8	0.181536
104	35	0.913283
192	4	0.219914
79	34	0.483878
139	52	0.510867
384	7	0.266282
191	36	0.36634
290	24	0.145362
78	17	0.621631
286	183	0.691088
299	14	0.225676
494	19	0.127654
146	24	0.323018
349	84	0.767228
314	22	0.126017
480	1	0.0834158
318	104	0.70439
151	2	0.128932
91	9	0.13134
166	3	0.0467506
179	19	0.413628
393	169	0.616904
187	30	0.269908
429	137	0.52181
140	21	0.262419
171	1	0.013054
389	177	0.678358
414	163	0.406475
255	6	0.392895
59	13	0.552395
283	224	0.870348
485	6	0.401601
299	93	0.883326
286	101	0.448279
432	8	0.12191
388	68	0.24584
404	31	0.876532
261	156	0.681012
84	11	0.498838
427	85	0.549987
419	162	0.452074
259	248	0.968198
301	21	0.0906897
455	34	0.949474
226	137	0.749957
291	261	0.946769
328	74	0.277954
353	24	0.859923
449	75	0.370545
224	161	0.913813
259	11	0.0894962
418	18	0.555
323	53	0.29455
373	147	0.909409
76	5	0.759028
417	199	0.57078
449	49	0.328871
127	14	0.972864
118	1	0.301523
494	124	0.943518
370	60	0.604748
456	69	0.742151
329	63	0.417744
490	191	0.480386
281	97	0.753911
235	34	0.619349
254	80	0.41888
389	93	0.562867
258	84	0.460558
304	14	0.741455
469	321	0.754049
398	69	0.783804
193	10	0.548372
221	3	0.923755
231	23	0.182699
269	3	0.014729
245	166	0.68934
286	109	0.636605
387	230	0.921988
149	62	0.508321
187	9	0.0539584
138	7	0.860646
101	37	0.459856
341	127	0.760042
132	32	0.553648
131	3	0.0942688
199	16	0.116538
378	10	0.0942564
61	1	0.0189939
358	43	0.223361
397	16	0.440972
122	57	0.5116
361	58	0.358459
232	1	0.7605
187	11	0.718342
186	34	0.241125
267	152	0.820519
117	64	0.630194
360	12	0.141531
177	11	0.221266
56	2	0.513185
187	0	0.0460341
102	6	0.704646
251	123	0.841571
297	64	0.49319
88	17	0.215767
73	36	0.55288
400	4	0.783822
139	50	0.825366
457	190	0.971687
195	16	0.373305
232	75	0.711906
395	113	0.314736
367	72	0.218115
178	111	0.964336
306	57	0.338325
263	115	0.529757
389	67	0.199426
53	35	0.789386
185	12	0.724436
167	22	0.300397
153	3	0.755485
199	3	0.296745
155	92	0.655317
119	3	0.209674
351	35	0.576939
400	199	0.686023
317	26	0.234952
311	120	0.473674
219	210	0.96948
375	206	0.756582
327	235	0.732424
415	58	0.273944
91	4	0.256552
261	5	0.0735542
459	105	0.728367
124	44	0.638488
237	53	0.710803
54	35	0.850866
352	198	0.723499
164	3	0.20072
312	20	0.0790592
285	49	0.205685
176	66	0.616029
53	1	0.0263052
306	155	0.546131
239	26	0.82304
73	10	0.713885
213	29	0.754696
283	95	0.39223
254	26	0.142368
487	359	0.843221
65	1	0.0413219
362	249	0.985195
71	9	0.327738
279	68	0.27214
121	13	0.261249
401	37	0.476767
480	10	0.868968
159	50	0.636561
152	13	0.181658
61	7	0.835459
264	54	0.814395
142	60	0.603757
293	21	0.124009
282	240	0.965128
160	22	0.7655
190	126	0.668585
128	42	0.53056
373	6	0.781188
125	3	0.224436
357	87	0.840837
293	52	0.255964
95	1	0.647981
422	3	0.153936
247	3	0.226685
90	6	0.234516
154	37	0.463977
99	3	0.208476
379	12	0.137753
223	54	0.357473
157	34	0.648859
484	37	0.392583
54	8	0.27564
207	27	0.147291
445	103	0.564704
376	16	0.325232
179	22	0.501584
304	38	0.376681
198	23	0.663606
444	83	0.361916
282	45	0.50454
120	6	0.190124
395	105	0.331257
102	46	0.844288
115	39	0.485521
361	107	0.916416
237	26	0.846478
315	219	0.941499
350	31	0.596598
191	20	0.739742
328	3	0.0856738
288	21	0.863428
71	8	0.430806
191	23	0.147421
324	36	0.152959
255	27	0.204494
282	102	0.404628
148	89	0.924354
72	5	0.0847474
310	160	0.713559
223	33	0.399806
392	26	0.58107
96	28	0.304586
273	148	0.790511
348	190	0.901367
308	197	0.74203
357	157	0.953234
434	361	0.897079
308	59	0.4004
352	56	0.269463
316	8	0.249818
185	78	0.74472
112	16	0.271068
253	147	0.934161
351	4	0.0152879
171	95	0.855968
405	222	0.903585
222	58	0.513376
365	320	0.890735
413	4	0.0882315
235	11	0.205486
109	69	0.738991
348	14	0.186826
277	61	0.496857
339	4	0.0119841
203	75	0.675322
285	3	0.0237117
423	61	0.550544
80	18	0.244346
121	25	0.502162
364	21	0.479193
285	13	0.0583114
372	118	0.674693
464	415	0.916749
125	37	0.52712
457	53	0.206988
493	11	0.576608
312	8	0.0384362
174	11	0.313593
421	75	0.525665
279	50	0.432474
93	54	0.74314
222	27	0.450284
293	12	0.0673556
496	297	0.655488
210	23	0.869637
312	7	0.709229
308	14	0.456921
308	4	0.163545
389	3	0.0215352
435	152	0.755375
479	200	0.513529
280	103	0.409704
390	100	0.422973
84	6	0.719826
202	56	0.664739
361	16	0.28215
488	139	0.892053
490	151	0.542867
430	105	0.548514
474	36	0.642532
395	32	0.206331
491	356	0.868456
427	162	0.625713
147	16	0.124823
391	2	0.602833
204	133	0.910655
336	59	0.401772
188	6	0.385627
232	135	0.708793
140	2	0.119689
404	6	0.511235
159	10	0.0912648
464	79	0.275091
116	14	0.169426
474	138	0.534953
329	231	0.838613
472	40	0.413921
196	102	0.556061
110	2	0.0387987
187	52	0.522108
115	76	0.843052
201	26	0.341197
270	1	0.0354691
410	63	0.855033
82	44	0.853387
136	43	0.676565
164	87	0.58913
303	14	0.706303
376	97	0.675161
241	37	0.543653
378	20	0.112679
115	99	0.878937
162	20	0.12557
423	96	0.432312
268	10	0.851012
133	29	0.270518
75	25	0.460449
208	8	0.107989
100	3	0.115651
129	87	0.947073
254	180	0.822137
216	26	0.239427
197	56	0.760829
239	9	0.120524
332	145	0.619526
203	79	0.457032
259	30	0.345921
427	163	0.765937
83	19	0.548625
156	4	0.421541
214	75	0.536642
464	323	0.970433
245	9	0.469516
144	37	0.291962
301	7	0.0242387
199	80	0.729923
428	72	0.753623
386	61	0.281339
54	9	0.607915
67	40	0.677335
186	32	0.700454
163	101	0.791568
499	39	0.928996
420	104	0.613133
458	120	0.708296
404	88	0.389731
119	18	0.794951
120	4	0.19125
116	39	0.477455
103	0	0.341053
409	68	0.553689
235	14	0.229414
178	148	0.887245
362	16	0.501796
479	3	0.153299
216	143	0.891144
122	2	0.621446
235	27	0.678
393	137	0.407492
164	112	0.846924
428	38	0.47637
347	73	0.303245
282	169	0.895957
326	150	0.726551
262	95	0.615976
229	132	0.711253
235	85	0.784868
64	12	0.582643
127	25	0.599354
229	18	0.705229
158	29	0.397553
187	16	0.479425
243	183	0.984527
307	72	0.975812
392	8	0.0436261
113	26	0.874067
118	3	0.143673
95	35	0.756871
178	109	0.931851
338	96	0.35914
336	26	0.103343
153	135	0.933799
399	31	0.430807
463	4	0.0301936
179	100	0.642503
126	18	0.193811
99	27	0.330921
499	148	0.742571
402	2	0.231906
173	85	0.589978
464	28	0.259059
174	132	0.788827
286	230	0.949537
420	177	0.74508
117	4	0.529974
156	72	0.552651
84	5	0.0641244
183	133	0.755647
203	31	0.220303
399	88	0.674793
375	4	0.0188434
489	98	0.25181
325	20	0.702315
263	13	0.67427
229	99	0.861351
50	0	0.121625
340	68	0.252611
315	47	0.867757
305	18	0.0862938
337	1	0.0960741
144	11	0.254946
161	11	0.143833
425	235	0.565849
250	138	0.614992
451	344	0.958649
390	76	0.218233
283	1	0.261215
159	32	0.875007
364	268	0.906139
170	6	0.100307
280	58	0.646645
324	61	0.625422
358	124	0.521745
349	4	0.155249
93	14	0.915978
403	140	0.608832
441	73	0.222498
215	4	0.311633
466	199	0.538485
447	212	0.925644
227	90	0.584052
324	169	0.536652
400	181	0.631395
217	59	0.323628
500	125	0.717702
414	31	0.277129
283	131	0.62609
179	62	0.532704
150	48	0.35853
288	105	0.462236
128	42	0.359848
448	12	0.468412
345	89	0.427364
473	221	0.490698
317	31	0.384091
240	76	0.504971
91	51	0.692452
163	2	0.276132
414	13	0.209656
150	58	0.420601
360	101	0.78875
223	13	0.736909
82	8	0.166859
72	55	0.947466
441	12	0.156094
365	41	0.210937
183	15	0.133064
486	12	0.0911112
135	69	0.663544
279	77	0.452731
461	122	0.664056
84	67	0.955636
220	45	0.223543
482	192	0.517664
454	14	0.0736101
160	24	0.90809
464	237	0.629492
180	61	0.700021
448	159	0.398135
284	20	0.847464
425	120	0.35826
437	169	0.933464
260	108	0.597359
199	164	0.965116
277	50	0.750571
211	4	0.0210518
425	241	0.913175
350	207	0.957393
250	63	0.898413
374	24	0.193288
288	43	0.333758
247	29	0.733257
84	27	0.407778
71	19	0.87721
51	44	0.891477
340	286	0.962361
65	21	0.857375
298	37	0.469882
275	62	0.603677
328	55	0.512054
121	37	0.322411
63	0	0.0209257
229	11	0.207315
144	29	0.29505
127	8	0.394742
160	3	0.623196
75	3	0.79047
207	3	0.576213
117	67	0.595667
118	2	0.0340939
198	112	0.888327
151	25	0.491778
214	74	0.524145
120	5	0.383026
476	47	0.818794
193	50	0.325453
179	71	0.699197
392	6	0.0661052
323	38	0.756942
309	118	0.894465
160	21	0.159156
475	279	0.649017
50	12	0.672998
496	21	0.0626192
426	64	0.205344
490	28	0.128891
497	178	0.853898
54	15	0.835743
180	9	0.400481
324	94	0.558875
398	19	0.830099
102	3	0.406216
373	14	0.0819871
352	138	0.559226
467	32	0.961946
82	10	0.232841
338	4	0.0830096
70	13	0.219563
401	186	0.495411
61	2	0.145721
412	52	0.143559
337	52	0.42385
389	122	0.426112
371	76	0.839975
101	13	0.961662
368	50	0.175133
280	65	0.772287
381	134	0.438893
50	21	0.661295
334	79	0.243442
296	1	0.0602865
262	86	0.593007
161	120	0.772305
497	237	0.494108
332	84	0.953245
464	24	0.100127
272	105	0.463662
266	156	0.852391
61	11	0.365654
472	9	0.18496
486	149	0.535266
332	13	0.279132
272	26	0.101784
108	1	0.446038
235	66	0.527087
487	65	0.608798
126	6	0.840122
84	14	0.170147
318	305	0.973174
219	5	0.0428526
274	95	0.498555
408	11	0.0900605
352	45	0.962512
193	154	0.954314
331	89	0.972371
325	215	0.760158
248	20	0.409917
251	200	0.814342
472	77	0.432184
222	35	0.438886
224	91	0.563508
78	4	0.108577
165	1	0.175268
270	73	0.651265
225	44	0.86261
207	39	0.323522
490	97	0.41937
433	83	0.560273
274	31	0.119044
396	49	0.205609
60	11	0.329678
249	35	0.170078
207	30	0.742561
295	2	0.49745
63	2	0.0382962
236	175	0.763316
463	108	0.28056
175	14	0.647695
317	57	0.181613
477	54	0.876101
230	49	0.308585
256	4	0.0429579
276	158	0.711296
442	90	0.897385
89	21	0.582987
413	200	0.553585
343	64	0.590939
184	6	0.219662
57	21	0.885365
356	1	0.157633
144	36	0.742956
372	161	0.951796
235	85	0.426534
66	50	0.923713
387	11	0.0638801
77	15	0.257389
232	5	0.766457
114	5	0.100499
426	32	0.978367
121	4	0.329614
218	136	0.683588
319	6	0.0228625
116	7	0.0814246
424	76	0.27009
263	30	0.843878
278	82	0.56949
498	113	0.511576
394	18	0.0863132
354	41	0.142685
164	3	0.0455049
416	0	0.812916
180	14	0.129855
172	82	0.881831
85	25	0.342602
371	107	0.418139
302	58	0.214089
321	244	0.970863
315	102	0.709535
496	31	0.319335
445	3	0.103745
348	6	0.394922
414	113	0.415134
134	59	0.735248
186	1	0.0633914
241	14	0.0805383
419	144	0.483095
145	0	0.042166
60	9	0.313746
482	30	0.504351
195	51	0.571215
249	54	0.401646
368	44	0.391716
360	25	0.560669
53	23	0.94542
64	38	0.698495
251	129	0.837158
162	8	0.208573
140	73	0.55316
264	17	0.634642
165	79	0.977438
481	42	0.112128
363	61	0.723725
449	75	0.221882
187	131	0.781714
135	6	0.53057
461	190	0.774113
330	238	0.977877
128	40	0.52014
339	46	0.325254
64	4	0.818864
434	29	0.105981
51	4	0.232989
88	26	0.369963
169	45	0.777334
394	109	0.541017
351	22	0.067524
322	8	0.247916
127	90	0.98609
257	18	0.499333
362	0	0.29834
468	304	0.786491
307	119	0.436202
96	5	0.929549
376	80	0.469132
431	48	0.42394
374	4	0.280121
398	12	0.115528
315	1	0.666253
138	31	0.336295
103	2	0.747103
317	112	0.474707
308	1	0.483533
466	233	0.61697
352	18	0.102186
61	27	0.535663
358	0	0.0264698
96	8	0.950826
346	5	0.0971858
408	34	0.646376
55	20	0.403934
142	40	0.464245
143	2	0.147591
168	76	0.924068
161	90	0.799387
314	31	0.211396
151	13	0.460886
441	98	0.487599
300	13	0.0779328
306	134	0.479612
209	9	0.645957
212	13	0.0816756
312	106	0.87749
366	233	0.706887
464	203	0.898088
168	1	0.0354618
175	41	0.633774
322	133	0.80113
51	2	0.242437
407	344	0.899867
225	63	0.479927
483	25	0.149756
107	67	0.730084
469	23	0.430296
371	193	0.704722
451	198	0.880273
119	32	0.520798
310	60	0.440693
337	3	0.237489
407	18	0.366055
312	69	0.459026
442	1	0.221008
85	34	0.763936
255	152	0.786018
493	3	0.182414
208	117	0.858181
159	14	0.804378
491	169	0.672439
316	91	0.316508
231	170	0.738448
211	83	0.581154
318	96	0.91368
55	17	0.32584
51	2	0.102205
373	67	0.497301
310	26	0.567378
414	96	0.882951
69	8	0.403184
491	53	0.545147
189	18	0.551521
348	81	0.601908
409	97	0.557143
162	74	0.925395
155	20	0.186525
396	67	0.238023
107	25	0.68178
61	2	0.0570845
457	72	0.543241
241	45	0.857483
409	96	0.76687
238	1	0.222009
490	97	0.433246
210	31	0.982475
431	64	0.784574
257	26	0.219433
464	22	0.0995395
241	21	0.258879
498	23	0.675155
57	2	0.0878784
470	75	0.281174
55	20	0.372946
416	41	0.190756
136	55	0.635574
108	9	0.145436
217	12	0.155126
278	159	0.58859
243	46	0.549829
172	106	0.896661
215	62	0.501035
160	32	0.284307
191	87	0.519759
120	0	0.110104
499	116	0.662401
223	25	0.545758
285	21	0.0753834
363	27	0.134878
475	264	0.623314
368	35	0.812047
367	59	0.187426
186	36	0.97949
59	3	0.849355
119	56	0.621219
363	78	0.756232
289	140	0.517012
377	87	0.433875
490	4	0.605958
150	46	0.474989
112	6	0.355353
267	90	0.603696
67	43	0.738515
429	85	0.21997
395	36	0.101291
423	87	0.269941
432	88	0.330075
339	85	0.668323
277	2	0.0385225
449	50	0.258143
460	399	0.935349
124	43	0.916852
438	23	0.464153
417	20	0.566753
115	14	0.284708
259	101	0.812353
389	59	0.776856
330	19	0.837626
449	104	0.37195
393	171	0.439645
121	40	0.45615
78	11	0.378348
262	1	0.046028
186	2	0.0241377
395	33	0.46639
237	1	0.0101787
234	69	0.346282
160	1	0.268363
146	15	0.377822
454	11	0.0698642
306	106	0.723537
311	5	0.0949037
142	11	0.768025
401	313	0.980961
397	67	0.515701
325	7	0.720062
312	40	0.353913
101	4	0.0831908
361	279	0.883012
436	207	0.625114
144	30	0.922998
100	5	0.210281
408	82	0.377296
213	105	0.854442
52	8	0.732216
51	18	0.54743
464	54	0.486315
444	147	0.75158
232	17	0.951983
163	0	0.0380242
145	2	0.10147
279	212	0.865596
495	52	0.315553
334	11	0.232693
180	139	0.821482
433	64	0.493045
354	14	0.462662
174	0	0.0379699
209	13	0.256461
113	46	0.570071
467	71	0.288967
132	37	0.678898
191	2	0.313184
485	122	0.523126
465	3	0.236898
220	153	0.794063
81	1	0.0268171
57	23	0.654077
130	26	0.352817
428	141	0.468354
194	33	0.747959
294	32	0.303607
97	42	0.957907
158	0	0.129045
114	15	0.220963
389	130	0.453259
152	26	0.578756
354	235	0.790765
277	107	0.470488
367	26	0.085417
207	60	0.391622
184	135	0.748186
266	60	0.908189
133	31	0.811686
196	19	0.0986155
426	147	0.442384
414	358	0.878291
187	29	0.190037
235	2	0.0139076
299	25	0.309159
462	31	0.520656
223	6	0.0468334
196	10	0.509107
172	10	0.254266
196	72	0.675402
315	22	0.515683
395	25	0.230581
303	10	0.221385
481	295	0.61453
83	12	0.304787
272	89	0.670868
168	83	0.64354
334	4	0.373062
244	19	0.259821
415	6	0.0165602
315	75	0.823711
248	82	0.586082
376	28	0.115897
371	159	0.44913
123	58	0.525764
251	177	0.906965
199	12	0.0931516
116	22	0.254888
482	117	0.737785
273	54	0.2946
483	176	0.512911
446	141	0.400821
449	88	0.412948
456	21	0.875853
172	6	0.127037
282	111	0.40907
455	13	0.120742
253	134	0.547042
327	12	0.0476656
287	0	0.598648
421	45	0.746803
150	27	0.397713
91	9	0.165903
402	231	0.81652
219	61	0.700775
235	92	0.963842
368	165	0.455558
438	69	0.815597
468	130	0.473512
225	14	0.0678959
305	59	0.504165
466	249	0.77187
202	30	0.968102
264	140	0.672501
140	22	0.179538
450	57	0.12723
275	50	0.823332
52	2	0.21439
193	74	0.955104
391	3	0.302667
180	35	0.227822
261	115	0.593979
95	2	0.777218
50	2	0.0707759
391	151	0.678277
190	124	0.967436
381	24	0.223173
66	29	0.452747
277	99	0.673141
291	192	0.934807
185	3	0.533726
210	18	0.263993
429	70	0.583417
218	44	0.239965
313	19	0.0621865
69	8	0.296428
397	0	0.16557
112	3	0.0401847
477	69	0.988496
70	27	0.630083
326	194	0.632672
176	60	0.628319
242	29	0.387843
173	24	0.191745
471	184	0.439808
201	0	0.0223032
135	1	0.461802
476	364	0.888029
109	67	0.618483
259	8	0.661944
262	17	0.73756
69	27	0.591967
377	84	0.704407
117	12	0.126762
123	5	0.179013
357	16	0.202475
330	68	0.394317
162	115	0.780962
76	21	0.498349
208	77	0.726872
191	11	0.709374
57	29	0.957779
331	46	0.293304
491	280	0.747484
449	356	0.902194
248	52	0.792701
173	29	0.693371
287	45	0.36218
310	72	0.777861
261	42	0.590644
488	418	0.878425
144	34	0.42005
122	85	0.886854
131	7	0.163068
413	334	0.953259
148	46	0.716149
285	59	0.888757
277	134	0.605013
287	29	0.585744
57	0	0.369207
383	200	0.637054
302	52	0.427079
58	37	0.976364
187	8	0.0612142
118	80	0.840929
427	31	0.686435
394	26	0.699307
448	41	0.964482
346	29	0.28416
116	36	0.343877
222	2	0.0524022
167	23	0.217647
276	8	0.11477
500	157	0.425463
406	0	0.0668498
462	13	0.109664
261	59	0.849612
288	189	0.806001
103	10	0.138681
328	12	0.0638231
393	42	0.424387
185	36	0.535385
416	37	0.643743
341	40	0.308569
218	2	0.135886
95	72	0.832873
444	18	0.12119
402	143	0.582432
326	10	0.0451352
277	97	0.531523
111	45	0.487394
441	302	0.888244
241	67	0.36234
458	0	0.786492
212	117	0.872135
276	195	0.844909
248	3	0.106926
465	166	0.57603
132	22	0.328942
350	290	0.862907
58	13	0.226525
400	219	0.948331
166	6	0.0783165
236	50	0.245779
396	10	0.193506
219	91	0.893717
153	52	0.557215
468	14	0.0523398
210	9	0.135135
227	21	0.185383
468	39	0.402023
97	5	0.0791649
364	51	0.181174
133	16	0.148577
285	10	0.918541
85	43	0.839728
175	56	0.706283
457	175	0.922489
379	110	0.574631
135	16	0.154444
332	85	0.509666
489	65	0.735038
219	114	0.634491
386	179	0.760198
159	75	0.666647
263	32	0.531935
299	86	0.480237
154	2	0.672385
142	10	0.870602
410	154	0.503611
85	57	0.785239
423	183	0.509212
98	6	0.0776929
236	148	0.807353
285	55	0.608649
454	299	0.792803
445	361	0.838781
102	58	0.624295
291	68	0.32982
169	13	0.789006
227	3	0.0162071
470	97	0.614413
144	65	0.924813
53	4	0.0912888
366	22	0.240391
316	77	0.288623
229	32	0.15378
122	0	0.0978112
92	2	0.186302
466	32	0.285294
475	14	0.0572531
472	146	0.573866
211	100	0.624686
309	107	0.478165
240	89	0.790934
105	4	0.754739
405	43	0.149046
111	18	0.505987
167	98	0.812211
306	170	0.694687
157	21	0.149349
379	119	0.724077
50	8	0.426539
151	85	0.809768
188	77	0.820105
284	102	0.429675
344	47	0.590187
496	100	0.343994
205	8	0.279568
200	36	0.455075
451	63	0.82899
361	19	0.0776211
391	75	0.495665
59	22	0.799654
131	38	0.526108
449	276	0.631349
250	60	0.513647
247	68	0.39253
94	4	0.193536
329	242	0.977839
356	3	0.136795
283	58	0.31066
416	71	0.457673
97	8	0.983812
486	213	0.58976
262	33	0.150795
65	25	0.882074
392	103	0.41255
332	48	0.475798
497	95	0.547545
182	5	0.439491
177	33	0.861771
417	128	0.330656
293	78	0.480265
467	87	0.246677
429	11	0.467828
391	137	0.381415
354	41	0.12554
484	115	0.297373
55	8	0.160168
470	163	0.382446
407	273	0.681455
121	1	0.204528
289	14	0.125576
122	7	0.405955
150	4	0.801455
468	288	0.987498
89	47	0.663864
469	140	0.652782
402	44	0.240494
288	143	0.509024
336	48	0.188138
117	54	0.484395
254	150	0.873123
172	0	0.0945722
453	290	0.822148
453	96	0.763089
418	19	0.0563994
337	210	0.671118
173	0	0.0177115
456	54	0.156473
148	66	0.544318
353	149	0.588863
234	14	0.216928
409	171	0.455785
126	31	0.442742
280	247	0.90301
413	335	0.859662
406	22	0.456294
498	45	0.603351
483	61	0.286867
366	124	0.530457
196	0	0.202114
202	143	0.815397
468	34	0.979234
489	11	0.0753435
250	50	0.275605
151	12	0.0859986
393	26	0.880168
309	128	0.466509
370	23	0.693945
262	71	0.342736
263	200	0.972114
73	22	0.653705
338	149	0.826482
184	36	0.616812
80	4	0.369954
159	117	0.966046
224	175	0.792696
330	270	0.945986
185	3	0.0250922
177	20	0.353518
331	87	0.330811
56	3	0.743032
438	62	0.316045
186	53	0.910678
222	7	0.136893
316	162	0.862405
281	81	0.496646
183	38	0.85727
78	51	0.713494
299	117	0.437164
160	17	0.762778
420	23	0.883493
374	99	0.271508
109	63	0.875068
276	55	0.727488
419	17	0.161559
320	68	0.287509
319	12	0.586007
215	4	0.302642
146	70	0.735598
462	72	0.270387
396	52	0.240789
438	218	0.540287
80	5	0.543593
476	360	0.851675
188	62	0.680612
201	72	0.850574
360	50	0.269699
139	14	0.269886
418	33	0.3306
244	186	0.934994
426	161	0.825538
426	226	0.640883
394	46	0.37056
423	7	0.261375
312	84	0.890635
446	207	0.699197
444	15	0.298766
78	1	0.0162728
214	49	0.503442
163	9	0.185005
443	6	0.207279
435	43	0.308806
358	48	0.42278
165	43	0.285615
229	7	0.121344
340	14	0.115873
132	69	0.900029
164	3	0.695902
334	107	0.427106
399	51	0.271855
97	32	0.703944
388	53	0.253623
350	97	0.467405
94	33	0.58217
127	99	0.935632
146	10	0.274828
76	53	0.735853
155	12	0.6282
282	23	0.50254
188	31	0.250246
222	24	0.480005
274	123	0.966192
236	5	0.224401
68	6	0.178647
154	1	0.263943
50	2	0.0584771
281	18	0.0957094
319	68	0.315545
59	0	0.447809
290	76	0.515231
128	4	0.116769
200	70	0.790243
189	25	0.155244
261	22	0.160064
489	9	0.110762
256	48	0.82948
149	37	0.599581
351	64	0.425796
298	253	0.971394
146	105	0.970742
238	4	0.807635
158	4	0.231627
213	2	0.417034
387	105	0.783479
332	175	0.862153
467	119	0.906991
54	6	0.267484
67	10	0.276678
164	2	0.286751
237	5	0.0697377
356	109	0.526618
499	101	0.638082
57	1	0.156732
102	50	0.698893
411	3	0.228057
187	55	0.598519
486	17	0.487449
377	2	0.0209597
452	2	0.011728
254	39	0.260934
480	6	0.0699369
339	34	0.918829
285	82	0.692463
250	8	0.295676
386	262	0.76075
194	77	0.643421
174	73	0.979954
84	0	0.800233
407	264	0.872236
166	138	0.947157
370	23	0.220389
192	94	0.563678
382	27	0.326248
74	1	0.0385811
80	0	0.372748
493	327	0.910749
205	4	0.468335
452	221	0.582604
145	58	0.637773
83	52	0.714625
376	21	0.150603
439	27	0.753525
314	93	0.982836
397	76	0.800879
217	55	0.475439
169	19	0.538442
366	260	0.851879
223	24	0.827979
322	285	0.984919
52	17	0.630115
258	2	0.0572857
153	59	0.796972
224	0	0.137045
401	363	0.944764
177	111	0.677569
64	8	0.132689
171	43	0.790649
250	110	0.59483
440	24	0.627434
188	48	0.258741
253	171	0.93816
302	78	0.640686
160	21	0.198793
415	21	0.1137
183	114	0.877089
223	67	0.470211
179	50	0.597225
352	67	0.3188
157	5	0.120311
157	56	0.589451
68	9	0.518688
493	135	0.852835
182	1	0.0670876
342	64	0.462059
460	5	0.016681
316	111	0.399135
346	132	0.918013
268	10	0.927798
340	112	0.564613
120	17	0.458139
106	4	0.172028
350	31	0.441618
81	1	0.940253
112	20	0.297302
104	6	0.42845
209	15	0.485053
117	14	0.87635
200	31	0.176248
165	17	0.266548
316	230	0.791198
305	106	0.468165
246	112	0.577948
135	1	0.0188974
120	8	0.0936809
291	0	0.367628
442	96	0.925724
77	13	0.614099
294	125	0.438626
86	27	0.943279
497	104	0.214396
63	9	0.815134
397	8	0.213118
198	109	0.698463
286	38	0.818076
161	79	0.673377
396	56	0.69185
189	0	0.0618762
472	133	0.563907
378	7	0.543974
251	99	0.937229
189	37	0.538603
275	33	0.723464
438	71	0.950685
94	31	0.50595
325	30	0.41145
212	12	0.207905
128	82	0.814691
384	82	0.755243
212	114	0.559898
469	46	0.325327
122	33	0.458051
232	16	0.0898096
363	30	0.432839
435	149	0.677974
53	0	0.0823121
161	64	0.68811
378	77	0.247333
484	0	0.141299
485	183	0.506397
112	6	0.0675707
172	51	0.405078
156	3	0.407114
181	33	0.403525
312	4	0.138169
300	72	0.782344
134	25	0.710628
167	129	0.887456
197	56	0.941857
382	44	0.2964
271	36	0.172841
294	11	0.304457
417	192	0.859686
127	31	0.305339
122	28	0.457012
240	161	0.790891
277	75	0.675049
477	6	0.080045
355	108	0.65061
292	10	0.598727
349	8	0.0674463
482	329	0.760989
376	116	0.925538
98	13	0.296644
363	28	0.0800476
493	246	0.816419
85	50	0.717272
103	1	0.0390063
169	112	0.825343
98	22	0.230419
84	18	0.722194
474	8	0.0955874
433	22	0.406681
436	57	0.367706
117	3	0.932825
497	178	0.419349
62	16	0.512877
494	291	0.753611
189	80	0.629004
442	190	0.511177
274	5	0.231515
389	91	0.905799
328	23	0.114729
421	58	0.18362
392	27	0.218766
79	24	0.35403
74	12	0.282385
299	99	0.467154
313	4	0.739335
353	9	0.0850721
491	20	0.0739357
180	18	0.221227
97	1	0.0148182
283	80	0.469072
415	89	0.72313
396	11	0.0305357
361	90	0.509478
91	17	0.384281
323	223	0.761105
152	51	0.550789
489	10	0.244673
480	270	0.585451
144	63	0.510378
53	0	0.550311
183	5	0.0762433
384	201	0.686251
389	77	0.58633
474	2	0.279892
138	32	0.471205
173	150	0.971908
272	40	0.829833
340	0	0.0190031
432	16	0.232299
78	2	0.087756
346	21	0.163633
494	321	0.820352
473	16	0.59311
490	52	0.128374
312	263	0.858545
265	22	0.334435
340	42	0.153324
116	47	0.409186
399	98	0.306491
365	22	0.118565
176	10	0.194089
233	81	0.613028
320	251	0.984812
379	35	0.293092
52	0	0.314325
270	79	0.578054
382	33	0.233336
91	0	0.510049
238	18	0.891787
299	278	0.968831
245	123	0.787544
218	77	0.466511
194	10	0.237294
131	4	0.0468275
369	96	0.26359
258	24	0.167896
478	81	0.831799
99	5	0.100434
426	78	0.646902
408	122	0.329686
106	26	0.245378
251	111	0.634268
297	53	0.259389
379	23	0.275978
360	59	0.300341
481	93	0.324106
142	12	0.74035
201	53	0.843235
292	146	0.644953
492	309	0.740066
341	75	0.588346
171	44	0.862222
457	81	0.69994
288	45	0.985826
336	111	0.558125
258	24	0.117081
349	114	0.50859
440	24	0.392272
272	46	0.195161
291	44	0.687333
190	58	0.890334
447	234	0.557691
164	31	0.269987
180	5	0.714015
422	17	0.500242
157	2	0.425846
311	29	0.355049
267	82	0.964111
386	65	0.912324
173	48	0.363883
414	148	0.417704
310	117	0.862009
345	26	0.544484
94	10	0.250802
371	54	0.733227
111	23	0.478698
416	316	0.765759
266	64	0.625822
265	47	0.237687
128	11	0.713887
168	104	0.649158
380	229	0.702596
295	151	0.537643
344	35	0.476432
84	8	0.143357
192	4	0.504324
373	199	0.722466
409	18	0.0724906
382	14	0.0798317
157	16	0.335565
130	12	0.344661
283	99	0.818902
145	58	0.852223
204	92	0.583744
123	67	0.760742
375	18	0.057545
401	32	0.375208
398	172	0.574767
477	264	0.560734
70	7	0.802479
123	38	0.809931
330	202	0.794784
420	98	0.613368
336	89	0.585648
160	112	0.951736
110	1	0.0172552
69	16	0.396998
262	29	0.607672
298	51	0.438172
355	74	0.21335
101	3	0.116774
285	4	0.26795
337	6	0.258094
204	1	0.120422
420	231	0.879656
88	35	0.763621
482	232	0.682234
389	122	0.707419
391	60	0.428332
376	284	0.883219
310	53	0.437276
150	21	0.246672
491	182	0.663777
466	111	0.498243
249	210	0.950573
310	81	0.279015
134	33	0.781685
378	17	0.196483
490	346	0.914135
234	156	0.767965
304	66	0.425404
464	75	0.386546
169	18	0.610671
307	279	0.955855
286	58	0.855574
191	34	0.290376
281	25	0.940746
171	33	0.514017
129	1	0.296178
479	275	0.673382
325	20	0.753694
166	94	0.8024
476	54	0.715147
459	48	0.349561
353	65	0.305062
203	49	0.40456
229	84	0.473329
451	146	0.849485
451	29	0.223075
473	298	0.834092
253	1	0.518584
136	30	0.262743
486	83	0.721042
225	129	0.75517
110	49	0.721137
336	153	0.815044
352	292	0.95021
214	96	0.525198
54	39	0.849878
402	32	0.503351
213	66	0.575184
210	28	0.466008
454	270	0.839621
70	9	0.425333
224	2	0.597155
284	101	0.824592
417	52	0.442488
159	15	0.557838
220	27	0.527005
245	36	0.174003
446	213	0.7252
217	173	0.914309
79	6	0.464578
256	206	0.82904
220	8	0.355616
317	85	0.292369
195	72	0.428855
220	10	0.624466
75	3	0.607733
237	121	0.587266
152	30	0.624044
354	105	0.434609
458	79	0.518541
82	0	0.0144991
327	91	0.886493
470	133	0.489539
452	91	0.267862
418	17	0.104394
203	51	0.846985
327	39	0.711318
114	7	0.561074
469	177	0.67786
83	7	0.10184
153	19	0.37577
386	4	0.0112616
155	7	0.378662
324	0	0.0852791
289	45	0.809651
252	42	0.927776
136	6	0.316243
364	4	0.111237
316	114	0.825468
442	83	0.578588
87	2	0.0336487
408	64	0.451346
146	15	0.54796
328	100	0.497684
271	67	0.840588
435	127	0.814208
485	105	0.300609
416	260	0.667681
425	54	0.215592
149	41	0.399567
386	192	0.590088
296	3	0.0286725
439	8	0.095498
490	262	0.54342
299	118	0.626822
58	1	0.0781421
179	35	0.557572
323	65	0.411047
494	153	0.814804
384	27	0.109817
62	1	0.100142
176	94	0.575256
403	2	0.0432032
321	56	0.342892
333	28	0.108462
121	10	0.112302
468	257	0.69429
452	25	0.233795
227	4	0.347261
285	95	0.568795
471	38	0.900145
440	224	0.644873
307	90	0.577538
475	300	0.688754
99	3	0.42297
161	24	0.884525
248	61	0.338275
442	109	0.391064
194	11	0.342875
366	96	0.730685
332	53	0.304774
359	72	0.62783
402	85	0.422844
409	121	0.379618
300	8	0.445877
65	31	0.777809
270	54	0.749343
243	156	0.653844
150	5	0.197627
414	1	0.769404
283	40	0.205889
200	34	0.34414
113	65	0.634077
392	63	0.357927
482	201	0.590857
301	3	0.496654
101	51	0.705292
127	14	0.141767
478	162	0.464813
207	79	0.521649
135	22	0.415074
189	102	0.766789
122	43	0.821587
341	0	0.170657
419	117	0.742453
111	52	0.557765
258	45	0.469108
117	0	0.43607
196	5	0.0313454
453	16	0.232755
55	6	0.215502
252	60	0.619128
232	168	0.786514
167	48	0.422214
496	175	0.794981
355	13	0.278877
472	71	0.185879
286	41	0.196511
300	67	0.817458
70	4	0.389819
66	8	0.370762
150	32	0.262379
167	7	0.0598704
432	225	0.975323
329	85	0.558615
114	23	0.551144
274	82	0.631096
497	72	0.261028
205	105	0.73863
346	70	0.988079
151	115	0.932444
356	51	0.315598
195	22	0.829141
390	59	0.271033
388	37	0.231911
55	10	0.201197
332	24	0.0977521
343	79	0.445209
171	37	0.787811
122	23	0.301753
141	54	0.769797
430	54	0.245729
351	241	0.798215
266	47	0.754563
260	5	0.0254943
481	139	0.318956
52	2	0.672812
491	50	0.356308
263	20	0.339616
306	71	0.363144
172	55	0.716231
218	34	0.259493
443	36	0.310239
314	53	0.424981
115	46	0.860276
373	264	0.711098
248	50	0.312245
274	40	0.149038
126	70	0.846831
346	237	0.984258
418	34	0.397359
161	31	0.364233
104	0	0.0561819
456	228	0.70278
406	269	0.880218
141	13	0.536334
282	35	0.348097
432	20	0.40765
282	48	0.785933
361	91	0.313634
354	42	0.201697
391	22	0.0669363
142	70	0.951156
275	177	0.867633
271	11	0.0636515
200	7	0.039162
472	11	0.497198
251	16	0.0746082
299	173	0.8459
467	31	0.554234
145	11	0.740795
359	146	0.451252
471	6	0.463711
146	52	0.73608
416	50	0.176467
304	101	0.536685
486	83	0.610332
178	102	0.792565
421	34	0.12338
230	15	0.183262
242	54	0.515522
190	62	0.41618
149	6	0.043189
306	174	0.589108
251	91	0.903649
423	374	0.964765
295	72	0.468087
455	97	0.356474
159	3	0.919062
243	3	0.1236
176	76	0.489536
171	42	0.358164
182	37	0.671412
214	39	0.601124
259	9	0.693249
60	16	0.332213
271	33	0.366573
404	180	0.978329
246	79	0.727638
215	152	0.792938
477	57	0.148854
61	32	0.739786
233	86	0.543419
263	70	0.989826
413	329	0.96631
97	47	0.759768
356	158	0.609436
62	23	0.852704
430	99	0.532118
361	14	0.173906
151	24	0.582849
269	72	0.435809
450	224	0.762083
260	39	0.67079
253	163	0.779301
397	178	0.786511
209	32	0.645449
486	21	0.0433729
329	259	0.98307
235	20	0.113733
475	194	0.637658
492	20	0.475038
427	10	0.555212
88	1	0.460221
127	34	0.775655
445	37	0.529292
357	174	0.69734
441	30	0.32117
344	145	0.648979
355	285	0.974696
430	32	0.0747465
395	34	0.252382
172	105	0.793152
142	24	0.711493
483	12	0.413184
229	2	0.0895134
92	3	0.0339851
356	153	0.508465
393	226	0.967027
247	9	0.350949
293	133	0.542191
428	154	0.849434
472	25	0.188072
239	41	0.425498
80	30	0.566844
423	34	0.187903
436	74	0.289644
327	25	0.935743
229	89	0.687314
402	182	0.836352
297	210	0.895441
230	3	0.352962
328	112	0.572873
370	6	0.0285494
62	38	0.662812
113	69	0.925475
323	66	0.62733
184	57	0.390234
198	88	0.669617
58	2	0.260713
101	16	0.280281
164	16	0.106313
168	129	0.811447
192	3	0.175224
81	11	0.651603
443	22	0.103973
419	196	0.68959
219	42	0.258239
390	31	0.756773
491	53	0.287422
315	131	0.529042
271	7	0.202433
435	7	0.0698707
453	54	0.328976
215	77	0.371856
98	43	0.757822
270	240	0.896766
60	31	0.959159
473	324	0.799746
130	76	0.64394
410	130	0.534948
317	130	0.782901
187	25	0.236373
297	5	0.0183521
421	51	0.440576
199	30	0.228753
398	89	0.403963
61	12	0.874141
280	160	0.864663
430	242	0.816332
117	19	0.511196
453	72	0.450371
311	34	0.921998
411	17	0.307534
267	126	0.751608
354	14	0.195902
469	346	0.897689
481	151	0.442883
397	12	0.0569039
260	13	0.192296
153	61	0.569174
472	87	0.443881
441	197	0.476002
265	97	0.697644
335	38	0.680136
60	0	0.580753
55	8	0.722248
433	2	0.0144401
172	20	0.518058
163	9	0.19939
147	16	0.298405
52	31	0.694308
253	35	0.242226
418	11	0.120804
429	101	0.659393
86	27	0.433796
406	72	0.475806
407	112	0.427478
476	343	0.772513
391	49	0.526338
202	52	0.266263
301	27	0.820872
133	2	0.181727
287	0	0.0847465
233	49	0.30977
384	25	0.20651
450	139	0.475533
200	10	0.473957
56	42	0.811117
212	34	0.746901
133	92	0.906868
467	238	0.761841
440	146	0.611897
430	263	0.790044
190	121	0.87029
330	10	0.691782
472	2	0.427735
329	90	0.642052
249	23	0.46506
431	17	0.110565
264	2	0.242954
59	4	0.203861
324	38	0.218995
444	247	0.922312
149	19	0.37335
434	129	0.860125
376	104	0.399837
196	30	0.810844
412	7	0.0258916
225	10	0.179054
355	96	0.688329
297	50	0.226895
405	157	0.979688
354	226	0.866248
285	8	0.199931
135	42	0.502151
474	256	0.653371
163	14	0.421356
79	36	0.837474
330	131	0.458313
290	95	0.740552
52	25	0.596285
453	46	0.499606
104	90	0.917976
300	68	0.662098
434	102	0.303113
98	9	0.222582
390	6	0.0418133
81	0	0.603941
50	41	0.825669
428	101	0.707699
493	12	0.308695
385	128	0.856265
249	217	0.98222
128	0	0.0836285
101	0	0.829295
492	61	0.585035
64	0	0.138569
377	86	0.280884
291	40	0.229683
468	172	0.751059
450	113	0.414602
489	256	0.753465
103	5	0.910129
496	101	0.412201
205	0	0.0424683
126	107	0.881238
90	18	0.7002
233	93	0.790036
350	96	0.375905
399	0	0.656897
348	149	0.572311
379	24	0.231333
258	86	0.825407
304	108	0.706787
407	269	0.950528
221	147	0.852406
76	2	0.813276
227	16	0.515404
344	32	0.23839
71	17	0.31503
383	132	0.436993
162	81	0.851694
79	50	0.774074
307	8	0.735594
217	118	0.545389
480	227	0.94882
432	185	0.513866
67	30	0.60033
171	32	0.317034
391	128	0.708393
465	45	0.355973
107	1	0.0675041
465	148	0.319797
214	31	0.653567
479	351	0.843631
294	77	0.472839
287	68	0.291753
478	114	0.970624
333	270	0.972163
131	36	0.515486
372	8	0.930925
343	1	0.186561
206	18	0.349382
360	88	0.547014
383	39	0.410288
96	32	0.767098
440	243	0.714474
395	80	0.227917
339	108	0.716471
160	67	0.983824
187	118	0.888349
365	27	0.839481
175	61	0.783779
225	37	0.801888
465	67	0.184874
56	15	0.578132
104	6	0.153852
85	39	0.874213
63	5	0.286495
97	31	0.801017
260	5	0.0210874
353	125	0.389597
368	46	0.182091
476	50	0.484141
336	55	0.208636
327	111	0.637575
395	33	0.108234
450	240	0.703588
132	11	0.178454
445	67	0.19047
253	34	0.3427
145	35	0.418984
426	158	0.689559
55	40	0.831932
326	84	0.379721
172	2	0.434939
494	128	0.965908
376	297	0.828172
151	117	0.940843
127	0	0.282393
331	2	0.139402
188	13	0.467647
391	90	0.566672
53	6	0.427426
145	39	0.398235
55	34	0.766929
420	45	0.31385
160	21	0.871279
196	21	0.638181
354	9	0.278103
387	86	0.460624
226	28	0.15341
464	257	0.56203
62	2	0.25378
469	35	0.158995
286	12	0.598425
400	97	0.495101
423	75	0.594917
465	12	0.0685238
333	28	0.520932
325	14	0.178781
287	6	0.452813
394	42	0.12243
310	92	0.432619
329	1	0.881486
466	74	0.492934
323	49	0.295803
77	0	0.053372
75	27	0.519103
62	6	0.303212
358	110	0.846364
361	85	0.324855
227	47	0.38614
400	114	0.837513
419	77	0.724171
159	121	0.846147
410	293	0.91261
198	66	0.537521
459	81	0.401651
214	102	0.541847
427	13	0.0468944
64	10	0.86503
75	6	0.252146
133	20	0.895681
145	0	0.190918
206	5	0.377761
359	1	0.0519498
325	71	0.369786
179	22	0.287952
264	51	0.867845
74	23	0.570103
200	20	0.260143
463	21	0.372914
470	5	0.623802
485	99	0.559681
421	111	0.655818
235	29	0.455448
205	13	0.297732
334	43	0.906098
304	218	0.754419
377	255	0.721783
140	22	0.505838
71	25	0.697894
480	157	0.531486
365	49	0.154605
139	3	0.366403
217	33	0.169593
66	4	0.0963084
278	188	0.904937
348	237	0.890929
122	15	0.217275
391	4	0.180854
62	23	0.73395
409	267	0.696189
118	16	0.136589
165	0	0.0169265
361	1	0.0264612
346	114	0.493742
361	85	0.323766
111	8	0.608124
387	5	0.049411
485	296	0.744938
309	157	0.813734
336	266	0.889331
181	28	0.221059
102	14	0.190232
79	49	0.952499
188	0	0.381794
461	191	0.650347
85	18	0.286429
122	19	0.263376
83	38	0.595882
340	23	0.0677318
212	12	0.115777
231	57	0.693444
336	96	0.288901
444	93	0.495844
353	248	0.766361
425	37	0.440577
350	47	0.166969
322	136	0.943484
356	7	0.0208068
261	198	0.776511
413	27	0.386662
433	18	0.429702
136	10	0.640414
456	26	0.115383
336	38	0.501287
165	39	0.615185
449	40	0.73796
259	78	0.330331
355	174	0.679999
177	37	0.234853
143	26	0.662045
71	65	0.927586
137	116	0.899158
142	5	0.0420343
253	35	0.144099
366	11	0.101919
74	14	0.985638
111	0	0.0258945
172	15	0.450378
361	42	0.193364
69	12	0.233427
466	168	0.412174
417	173	0.677856
132	83	0.67177
313	59	0.609266
452	170	0.393954
302	39	0.589743
201	3	0.632235
486	90	0.327252
306	42	0.36548
382	0	0.0141923
159	21	0.151854
135	20	0.969832
358	59	0.725677
408	207	0.533354
84	30	0.361622
235	102	0.573292
93	2	0.451586
219	30	0.680126
315	70	0.431672
325	26	0.602379
135	75	0.828876
404	288	0.755177
381	46	0.133305
441	108	0.554899
84	5	0.165711
468	40	0.131569
370	133	0.428917
270	26	0.381383
469	12	0.330346
140	29	0.27952
114	26	0.669458
329	10	0.376119
226	17	0.666479
376	311	0.915607
268	57	0.943912
138	56	0.619175
454	304	0.784916
126	13	0.274254
136	19	0.204725
95	0	0.114489
327	19	0.124777
386	98	0.96019
279	0	0.265542
238	4	0.105853
251	151	0.790416
166	118	0.737755
472	94	0.623507
336	102	0.469777
481	138	0.830547
86	3	0.665883
300	154	0.723656
419	10	0.0289756
143	3	0.104735
81	34	0.786206
379	13	0.665005
111	78	0.936643
454	308	0.850846
50	5	0.14533
173	30	0.32136
396	38	0.523038
428	144	0.74316
276	27	0.931243
446	132	0.363111
115	8	0.209734
68	1	0.0653159
122	29	0.388909
478	116	0.359535
178	44	0.361508
324	57	0.819189
473	6	0.0595559
307	6	0.145416
369	10	0.0494818
381	34	0.309733
369	4	0.0412282
165	42	0.913049
73	8	0.351917
157	19	0.263853
324	2	0.408538
355	9	0.0524236
111	9	0.23035
73	0	0.37298
421	154	0.659775
473	40	0.327393
108	32	0.889103
57	37	0.980322
301	130	0.914914
435	3	0.0396971
466	184	0.803211
181	20	0.357047
263	69	0.327538
64	3	0.104703
409	35	0.173766
184	9	0.764885
422	11	0.0365399
491	354	0.764382
456	323	0.833967
495	151	0.407537
175	40	0.29094
426	8	0.219186
330	199	0.915365
399	26	0.412096
368	71	0.529131
71	29	0.835359
71	7	0.180434
363	223	0.674904
110	6	0.250423
457	12	0.0559715
131	11	0.234158
255	240	0.976146
426	320	0.794956
251	31	0.131008
187	9	0.0947493
456	206	0.639502
273	143	0.695124
196	13	0.586415
414	111	0.823128
142	49	0.75133
366	160	0.630826
74	33	0.896962
384	216	0.610459
301	2	0.267491
102	68	0.794435
206	128	0.856183
289	105	0.943446
279	38	0.702276
119	3	0.935275
499	3	0.432817
57	16	0.634148
248	153	0.760823
77	0	0.0974226
209	17	0.46182
109	28	0.323469
73	23	0.716466
147	20	0.172654
156	26	0.449343
390	63	0.50319
388	52	0.245546
273	109	0.538567
181	62	0.414284
179	9	0.598263
322	129	0.598741
418	6	0.0598853
121	30	0.403584
399	14	0.959612
310	243	0.984313
229	190	0.84868
471	4	0.703365
384	13	0.0662428
130	73	0.775043
265	105	0.586259
269	169	0.872884
177	87	0.818003
297	15	0.689357
328	94	0.327072
185	83	0.689244
239	16	0.273066
471	323	0.853595
265	105	0.433645
89	0	0.10818
171	50	0.336698
86	24	0.484392
430	74	0.375894
271	19	0.206883
115	0	0.0437426
474	297	0.967465
109	0	0.0211636
53	2	0.180645
65	6	0.726748
127	13	0.421516
51	4	0.131741
419	254	0.686313
299	54	0.69979
411	215	0.755046
77	2	0.617068
186	37	0.204995
380	197	0.61236
202	37	0.36327
321	101	0.894759
148	16	0.502778
106	5	0.158935
293	73	0.259472
52	0	0.0369647
483	13	0.623139
313	65	0.310365
167	13	0.578534
416	77	0.313639
235	129	0.665108
277	7	0.163704
453	17	0.393262
305	29	0.22726
237	19	0.19508
154	23	0.641567
435	156	0.66861
342	81	0.428335
358	8	0.0252071
376	165	0.687373
55	6	0.394557
83	39	0.757197
94	22	0.416948
156	83	0.60487
144	36	0.474617
350	14	0.0523947
496	169	0.540735
143	35	0.558874
415	22	0.830803
230	42	0.454623
464	60	0.290874
487	39	0.123578
492	51	0.358519
208	26	0.223945
225	175	0.96941
425	9	0.0371806
196	4	0.0310711
59	3	0.566639
121	21	0.499068
239	24	0.190823
371	8	0.0587751
460	82	0.62772
216	148	0.772627
139	66	0.625141
268	53	0.313643
92	17	0.381296
221	60	0.292911
250	169	0.896029
415	84	0.667654
440	213	0.569223
392	28	0.0736059
184	14	0.0803401
150	33	0.303016
408	88	0.221643
443	157	0.774827
305	74	0.744898
178	31	0.201138
152	15	0.450379
171	52	0.522255
353	41	0.947284
62	4	0.330694
95	15	0.362618
184	17	0.714356
323	43	0.489512
392	187	0.790795
429	83	0.345791
140	0	0.292489
472	9	0.474707
422	4	0.0160612
191	46	0.866161
326	92	0.340841
197	16	0.165216
187	104	0.680686
142	95	0.836553
183	3	0.272431
399	212	0.789457
193	48	0.873597
337	201	0.971565
351	211	0.790604
82	1	0.113169
306	20	0.124979
160	31	0.845039
246	176	0.845005
454	192	0.458635
234	95	0.647123
91	67	0.746137
420	148	0.615502
279	23	0.350333
71	30	0.805428
358	195	0.688907
130	19	0.377496
176	54	0.385039
108	28	0.525958
133	72	0.83111
149	30	0.442881
352	5	0.0233125
204	7	0.110077
91	65	0.876694
153	4	0.0506204
137	57	0.585509
468	29	0.396509
428	33	0.374238
487	222	0.736076
478	147	0.35573
327	65	0.258365
217	25	0.287296
253	137	0.809698
384	113	0.581016
429	61	0.476313
175	17	0.149761
133	13	0.490038
125	4	0.0588351
456	253	0.624307
312	34	0.890687
414	117	0.442188
405	119	0.337024
444	220	0.55776
167	18	0.721408
66	6	0.128198
488	374	0.77162
256	59	0.426788
117	75	0.772102
280	27	0.477005
170	13	0.875603
489	226	0.572196
177	31	0.5549
157	21	0.420198
230	7	0.371482
386	209	0.556675
149	93	0.901274
484	88	0.210369
471	47	0.442207
491	59	0.157922
452	164	0.538909
293	1	0.230064
441	92	0.253443
292	144	0.895136
197	51	0.311925
344	224	0.929131
257	37	0.165377
124	15	0.469303
275	98	0.381251
65	2	0.249804
425	95	0.312498
244	49	0.222339
58	2	0.1909
411	59	0.668913
81	4	0.207647
234	58	0.836496
320	23	0.095171
248	178	0.781407
458	57	0.140984
442	69	0.49018
202	84	0.566649
379	25	0.20879
445	35	0.442725
262	159	0.897641
150	6	0.0463504
209	31	0.36829
65	3	0.253533
186	30	0.335355
355	45	0.651968
432	241	0.641297
94	40	0.658669
207	32	0.328786
319	15	0.0582374
311	138	0.864662
419	242	0.765748
212	150	0.898672
431	145	0.625237
322	160	0.550541
238	206	0.969046
223	188	0.94241
256	105	0.735398
182	19	0.281383
184	57	0.698868
489	16	0.293068
390	57	0.551409
264	0	0.0446828
321	48	0.185221
305	33	0.110499
413	12	0.394424
139	31	0.617133
70	50	0.762173
85	30	0.657601
273	224	0.899413
214	130	0.670019
239	34	0.560176
