5500
59	16	0.634546
422	227	0.605507
293	42	0.342565
166	39	0.609431
131	0	0.0294688
353	42	0.630253
424	41	0.501905
96	53	0.889217
286	162	0.743378
421	1	0.253647
468	27	0.161479
308	94	0.546532
219	30	0.560813
356	149	0.919969
327	14	0.0798077
221	24	0.298462
166	45	0.538854
223	17	0.480005
248	168	0.893708
55	8	0.663937
443	232	0.668279
78	2	0.208228
367	228	0.670281
92	1	0.559289
53	5	0.120121
223	92	0.852642
151	11	0.0820433
241	53	0.368352
349	138	0.507921
155	28	0.250193
81	34	0.455136
341	179	0.673608
63	4	0.984211
427	248	0.653477
418	19	0.0822021
447	135	0.419219
210	77	0.623341
321	25	0.169158
267	184	0.76274
365	151	0.795096
493	210	0.550083
254	228	0.929294
418	288	0.699505
419	15	0.269883
472	4	0.29644
262	77	0.405501
326	67	0.325714
104	62	0.664369
481	8	0.0262146
144	23	0.247006
196	6	0.139004
399	168	0.887731
271	2	0.0131059
438	11	0.667319
250	3	0.0871688
303	21	0.512033
247	48	0.228642
437	36	0.521857
451	12	0.676602
419	233	0.714082
258	2	0.283485
479	164	0.953657
466	13	0.418381
164	13	0.206419
117	7	0.299985
51	1	0.0382866
293	20	0.602607
303	1	0.257154
420	14	0.358749
278	142	0.967541
354	185	0.610496
379	2	0.0178551
450	34	0.176324
277	233	0.865413
144	47	0.939901
67	28	0.527372
251	15	0.122599
305	27	0.215194
246	143	0.851249
397	62	0.256223
374	193	0.781628
494	257	0.577803
232	32	0.565416
98	17	0.790612
175	2	0.336144
437	54	0.575828
167	47	0.872512
455	90	0.579302
382	109	0.285971
500	1	0.119249
300	6	0.0662781
498	7	0.0369701
209	46	0.550547
395	115	0.748614
314	131	0.97135
472	47	0.506399
126	3	0.062959
139	21	0.172091
351	191	0.938258
302	160	0.960018
249	85	0.592339
62	29	0.524444
66	29	0.506603
458	72	0.801192
169	135	0.937101
362	45	0.358937
252	1	0.523748
50	2	0.518765
269	1	0.0115009
226	45	0.779705
100	50	0.969315
79	13	0.555262
256	166	0.726754
242	14	0.304026
299	63	0.228894
330	12	0.0710324
237	4	0.140937
233	108	0.813742
464	90	0.249215
427	169	0.449627
216	5	0.0725468
369	6	0.0430359
407	226	0.970271
189	68	0.596978
224	29	0.387347
276	17	0.0948107
179	103	0.954975
174	2	0.378785
491	275	0.825548
119	31	0.399527
65	4	0.846537
466	6	0.19048
116	58	0.566305
483	340	0.884954
437	91	0.796983
151	96	0.715559
124	52	0.585581
456	162	0.470227
263	14	0.148035
165	73	0.869987
370	97	0.45745
55	16	0.308069
361	76	0.407734
106	11	0.333506
180	7	0.869282
128	28	0.653244
438	13	0.681568
54	3	0.0578708
382	26	0.95496
226	31	0.348798
141	22	0.787645
161	85	0.554789
223	11	0.231747
312	61	0.312394
381	17	0.676138
238	18	0.345926
108	15	0.777135
316	207	0.672381
318	31	0.107024
113	67	0.614002
96	63	0.895132
163	51	0.947383
247	81	0.470014
439	238	0.568199
329	63	0.212896
484	5	0.850564
55	41	0.97005
65	19	0.972011
272	2	0.0605594
211	55	0.424247
152	13	0.614399
381	113	0.404642
294	17	0.0887015
324	49	0.154937
401	8	0.0652778
165	24	0.588018
74	37	0.516471
300	9	0.139859
455	80	0.529118
188	27	0.2985
272	52	0.338969
217	3	0.267147
311	170	0.694437
318	180	0.654034
448	42	0.570955
418	62	0.392018
173	48	0.641755
303	32	0.820548
485	59	0.846995
413	86	0.632538
236	32	0.246943
298	35	0.221763
472	320	0.83012
421	83	0.391895
193	10	0.107288
371	4	0.0654042
152	25	0.821419
105	4	0.0506483
445	35	0.185798
455	130	0.967997
301	92	0.316039
105	20	0.809437
433	125	0.859739
415	145	0.881656
189	90	0.915322
322	72	0.411601
303	105	0.49608
431	214	0.521143
144	0	0.013777
197	14	0.657289
371	19	0.489144
446	13	0.114455
84	3	0.255476
305	62	0.475626
462	130	0.314926
284	185	0.865799
388	4	0.17004
499	312	0.702362
190	83	0.526867
338	125	0.948985
211	96	0.861152
96	50	0.709284
407	35	0.385241
386	28	0.261775
188	85	0.550885
484	340	0.838258
449	193	0.459373
232	25	0.451643
373	221	0.740854
137	5	0.0761873
290	128	0.617167
54	15	0.298881
363	99	0.986193
409	151	0.698937
497	93	0.199957
57	14	0.904449
221	17	0.488596
440	53	0.380465
108	8	0.381022
74	15	0.738927
262	2	0.197393
438	15	0.84751
115	11	0.840288
244	30	0.560918
427	25	0.229006
191	50	0.277117
257	9	0.0352414
104	2	0.975734
459	64	0.266317
241	13	0.694897
222	155	0.746786
247	129	0.914761
365	135	0.787228
383	13	0.101603
342	181	0.810489
423	317	0.812422
250	118	0.662604
381	127	0.976221
334	33	0.609371
415	126	0.506932
130	2	0.0465126
446	11	0.051707
401	18	0.124847
288	121	0.537588
119	82	0.913748
336	52	0.51525
156	49	0.915957
86	39	0.635119
392	25	0.215416
399	37	0.231967
86	31	0.903466
71	49	0.905539
339	45	0.177636
63	12	0.572575
173	69	0.728335
274	214	0.782681
389	22	0.113972
315	140	0.463924
210	41	0.642032
151	74	0.760084
172	10	0.396056
424	95	0.987779
178	68	0.919379
325	181	0.74649
361	174	0.64896
234	67	0.637311
64	6	0.119612
109	43	0.769807
487	64	0.200846
294	34	0.140269
313	97	0.323084
366	179	0.610885
195	22	0.83169
476	0	0.109407
70	16	0.594879
349	45	0.965564
377	71	0.363365
266	123	0.564809
80	59	0.926475
253	11	0.106545
480	337	0.815847
160	2	0.0532503
377	4	0.0604004
80	42	0.819628
402	286	0.870849
441	308	0.830009
185	46	0.382799
323	20	0.214141
183	21	0.215845
244	42	0.9189
360	4	0.146062
453	27	0.0723127
327	35	0.305554
409	300	0.94166
317	35	0.246801
299	10	0.80055
75	48	0.884261
289	198	0.720678
223	3	0.109318
377	191	0.586781
196	12	0.180034
180	114	0.849388
106	58	0.632998
120	32	0.426998
325	32	0.912491
460	89	0.453725
188	91	0.704138
112	67	0.779876
169	19	0.198927
182	17	0.14553
235	76	0.446235
407	177	0.802322
152	2	0.710016
241	133	0.735193
60	0	0.0228972
116	76	0.774983
194	4	0.0962534
188	16	0.244855
399	20	0.791956
220	58	0.635187
319	106	0.516991
216	6	0.650827
481	41	0.10939
419	125	0.469295
132	60	0.95145
321	154	0.699761
360	216	0.867991
454	17	0.0872594
248	85	0.433913
368	79	0.515773
252	3	0.230684
176	22	0.202109
120	2	0.0219971
339	39	0.349137
296	17	0.124947
478	48	0.443799
62	19	0.744331
290	131	0.814979
411	80	0.590749
298	5	0.251819
153	28	0.480454
119	34	0.41877
226	22	0.186833
146	2	0.0604066
292	136	0.941592
287	138	0.872719
446	31	0.576922
169	58	0.352756
302	50	0.429475
184	23	0.527955
364	16	0.239772
453	278	0.967268
407	188	0.910086
386	1	0.0175104
303	17	0.484733
484	455	0.96209
499	186	0.822891
161	69	0.642882
383	179	0.968462
246	6	0.212815
60	1	0.018084
452	285	0.794627
426	239	0.752894
352	69	0.198932
399	189	0.5747
409	40	0.740593
175	14	0.161957
422	31	0.119578
416	9	0.27611
336	37	0.358016
325	59	0.324671
284	65	0.23861
172	5	0.123657
434	209	0.84871
357	86	0.827975
383	104	0.865057
478	54	0.240988
247	43	0.723069
125	28	0.847368
302	29	0.491282
449	97	0.254825
317	30	0.337311
235	64	0.413991
351	38	0.808968
292	214	0.962456
210	12	0.111671
200	16	0.367709
232	215	0.944585
189	40	0.313094
156	52	0.859116
74	31	0.739284
426	6	0.296521
325	10	0.543727
182	17	0.0975521
224	14	0.68571
176	24	0.641873
337	228	0.830768
337	14	0.700961
99	19	0.92578
142	2	0.0831661
410	264	0.916495
100	2	0.350371
313	44	0.418529
497	116	0.396743
77	9	0.255529
426	148	0.686166
280	50	0.185178
440	146	0.667869
64	21	0.369729
383	55	0.175796
433	33	0.153181
119	42	0.602416
177	58	0.442158
222	85	0.951438
136	0	0.165517
87	18	0.773423
391	23	0.0606218
100	2	0.0311307
189	3	0.212887
238	9	0.0466353
129	9	0.121756
464	161	0.518239
153	103	0.796455
246	58	0.743383
162	56	0.479356
374	26	0.151266
275	107	0.389168
73	16	0.598498
259	22	0.506936
342	11	0.34038
462	116	0.537663
323	19	0.168291
369	172	0.621062
411	2	0.0171958
469	141	0.597836
354	113	0.612144
284	133	0.925419
149	7	0.766257
403	233	0.646574
495	7	0.0811056
211	82	0.959764
468	123	0.5755
312	55	0.588338
111	65	0.606601
158	50	0.587179
489	69	0.745021
406	35	0.847824
406	223	0.900632
73	0	0.491842
315	10	0.0816035
254	11	0.0476448
119	42	0.392081
116	45	0.825276
155	6	0.0457834
322	53	0.282871
73	0	0.0185189
328	91	0.910842
297	16	0.173172
225	24	0.25136
139	79	0.570572
221	154	0.801538
167	8	0.139026
360	22	0.112902
212	160	0.862131
494	29	0.252541
208	29	0.623611
236	139	0.630063
81	27	0.850471
66	0	0.0395981
385	3	0.770174
420	108	0.45439
445	1	0.420842
358	54	0.916535
469	21	0.0751607
366	90	0.335806
345	45	0.15116
265	51	0.213151
406	181	0.472999
428	36	0.534934
71	20	0.371732
292	8	0.035425
193	10	0.455881
239	97	0.982082
383	270	0.811227
319	56	0.647313
59	0	0.606433
100	18	0.310161
380	19	0.357037
70	35	0.50721
476	42	0.212294
87	41	0.585467
83	22	0.308337
62	2	0.0770605
481	0	0.104334
322	221	0.953943
296	154	0.85352
389	49	0.389135
378	80	0.923818
362	17	0.329179
66	5	0.278295
274	204	0.796994
433	20	0.253254
377	164	0.619284
434	94	0.533559
162	5	0.655905
415	227	0.805568
214	43	0.693438
441	86	0.448348
300	134	0.722974
341	131	0.414323
170	6	0.274568
471	3	0.0957541
367	44	0.654823
78	20	0.886529
145	9	0.107116
282	32	0.289348
191	15	0.48706
224	0	0.775622
90	0	0.449908
237	6	0.0612995
81	14	0.188029
73	22	0.719743
322	77	0.686776
59	19	0.531679
224	59	0.289047
358	66	0.416131
376	204	0.801003
84	10	0.147868
376	17	0.0689409
271	5	0.791792
475	83	0.186466
131	10	0.23847
275	24	0.125839
317	117	0.804248
91	21	0.23081
418	82	0.254211
388	41	0.24385
132	3	0.241176
79	30	0.623933
175	103	0.72411
463	26	0.0926313
180	120	0.701746
349	30	0.300933
254	5	0.746661
400	90	0.788807
284	7	0.0415409
63	1	0.0303936
71	13	0.407253
383	224	0.873647
61	27	0.487971
156	4	0.193448
314	51	0.513952
357	10	0.0317534
166	7	0.811331
281	146	0.686948
73	67	0.922356
304	18	0.275433
163	26	0.186665
216	7	0.915491
240	7	0.408081
231	201	0.903319
314	31	0.495901
480	20	0.183357
100	38	0.430447
491	6	0.0305937
244	58	0.302601
473	2	0.364497
278	135	0.964888
333	9	0.0385807
309	111	0.380037
191	110	0.845776
372	9	0.652594
285	84	0.543875
137	8	0.238526
350	60	0.776383
248	28	0.18875
204	86	0.62995
66	5	0.749059
272	198	0.80488
52	32	0.849353
174	9	0.274278
465	154	0.626955
389	256	0.799711
235	21	0.111769
110	8	0.404849
481	54	0.211505
175	30	0.886638
206	75	0.741898
198	123	0.699914
416	21	0.225249
327	5	0.0169754
241	89	0.435648
419	8	0.0202339
192	0	0.0305456
367	57	0.925478
60	3	0.582973
219	77	0.933174
357	50	0.948035
498	9	0.319678
72	10	0.408377
461	34	0.253123
78	18	0.5454
452	5	0.208016
409	62	0.817506
464	52	0.30581
198	4	0.0220895
100	0	0.175085
358	48	0.142309
51	1	0.0689793
422	102	0.43601
300	33	0.879595
142	13	0.932775
306	100	0.466578
179	34	0.428707
240	3	0.280505
120	70	0.812459
143	15	0.184585
415	5	0.224998
302	128	0.707886
167	56	0.624783
261	34	0.536259
333	11	0.661356
384	77	0.445826
53	16	0.422544
217	27	0.575783
145	26	0.182355
279	78	0.791171
360	63	0.398354
146	1	0.160086
80	24	0.473163
283	172	0.643633
67	10	0.188416
93	0	0.0693815
479	53	0.154175
258	36	0.428267
285	20	0.492914
237	48	0.207251
83	11	0.284197
239	48	0.309356
366	9	0.0246683
392	21	0.705539
385	246	0.698128
371	23	0.0657736
356	218	0.702135
414	66	0.263102
188	84	0.773833
296	26	0.204864
498	127	0.301317
389	207	0.863255
499	250	0.940771
388	138	0.767886
271	56	0.69974
203	47	0.288144
217	24	0.326093
70	39	0.588938
288	38	0.142232
300	33	0.675279
286	148	0.941884
452	152	0.563754
456	144	0.459793
231	2	0.0506149
236	89	0.618661
209	4	0.20008
306	22	0.743177
310	30	0.752031
435	208	0.679565
491	12	0.103723
432	90	0.766205
298	28	0.33287
394	327	0.839788
84	7	0.509138
341	66	0.813651
100	28	0.487742
214	167	0.863645
61	13	0.40748
247	27	0.147743
449	113	0.682931
474	112	0.641554
483	16	0.410915
438	182	0.825202
473	11	0.112888
283	84	0.302285
58	26	0.647277
415	0	0.0393593
324	6	0.708726
58	3	0.923045
77	45	0.96969
479	43	0.704284
337	152	0.81475
51	29	0.750414
341	33	0.127092
100	2	0.0718757
470	330	0.966925
469	29	0.826736
253	22	0.179569
334	0	0.0925739
361	15	0.0773426
200	153	0.883821
207	42	0.564696
420	5	0.032933
71	27	0.911177
211	37	0.742419
144	14	0.622529
177	70	0.638161
156	31	0.37733
115	11	0.746882
72	2	0.134163
239	138	0.856624
474	317	0.731648
477	0	0.0241335
265	27	0.425211
286	182	0.971982
306	78	0.696527
183	41	0.250483
232	21	0.671923
415	271	0.817095
180	68	0.688032
398	41	0.289698
179	29	0.299731
410	71	0.516048
312	68	0.267366
407	192	0.60847
68	22	0.848416
169	96	0.619114
395	348	0.983692
73	2	0.167926
243	13	0.0724661
176	6	0.363253
216	45	0.700832
266	34	0.950945
221	118	0.665021
230	21	0.137983
291	8	0.0294636
485	42	0.412799
347	26	0.734572
94	8	0.113131
136	19	0.285817
204	77	0.843753
255	85	0.42888
91	30	0.778429
193	5	0.211011
273	53	0.513804
128	30	0.652056
486	1	0.55366
399	168	0.830493
55	9	0.726827
325	28	0.306702
89	17	0.573861
499	386	0.887703
423	70	0.207114
392	0	0.281712
463	109	0.367399
487	32	0.556842
367	4	0.554771
334	14	0.725775
321	44	0.513883
81	29	0.622009
91	15	0.658437
150	6	0.332395
324	65	0.332406
152	77	0.657032
353	122	0.425976
240	100	0.70078
490	42	0.135619
392	166	0.693982
479	18	0.880994
185	43	0.434968
385	33	0.253441
68	15	0.372783
470	50	0.727843
381	278	0.770784
396	44	0.31875
403	27	0.0844994
108	63	0.691866
451	149	0.392678
472	25	0.643059
444	254	0.805852
396	45	0.163703
263	69	0.741054
210	29	0.385324
194	22	0.123179
490	183	0.720329
399	19	0.0672097
234	28	0.28125
133	32	0.348444
191	86	0.506893
265	16	0.212452
260	123	0.757558
60	25	0.42951
187	23	0.150362
79	30	0.719437
381	72	0.28003
394	182	0.527846
431	171	0.844734
442	172	0.670049
181	96	0.874475
150	27	0.68886
89	21	0.273716
186	0	0.671962
156	2	0.0226688
232	104	0.612214
75	23	0.719825
409	70	0.356943
402	102	0.902043
179	16	0.0978019
282	115	0.524722
500	53	0.147879
130	49	0.528958
418	1	0.0356398
376	48	0.189873
255	91	0.967801
159	2	0.331706
141	13	0.362705
374	8	0.0640523
220	71	0.406899
221	133	0.61293
481	51	0.369899
158	60	0.747361
495	68	0.256488
426	87	0.645399
409	21	0.0626159
165	25	0.34739
114	38	0.877338
232	45	0.845419
208	71	0.984861
180	33	0.629565
343	128	0.43335
271	4	0.0150848
270	78	0.551479
326	11	0.512469
367	81	0.431039
366	130	0.986061
340	99	0.401538
283	154	0.781199
75	25	0.461737
493	200	0.941281
275	13	0.483195
269	110	0.909756
283	31	0.758266
131	9	0.160623
271	174	0.770999
74	2	0.716831
100	53	0.661682
444	150	0.468757
385	60	0.199446
464	116	0.414226
202	2	0.0328515
60	5	0.405065
53	16	0.457749
224	151	0.884094
109	30	0.582808
455	247	0.716147
146	36	0.428043
462	189	0.958186
175	35	0.760482
76	0	0.047061
203	26	0.478709
258	40	0.202891
387	106	0.301894
221	81	0.834614
259	75	0.550434
87	51	0.771708
368	63	0.664699
409	48	0.217799
386	183	0.537125
460	68	0.348676
269	10	0.0465358
84	2	0.0889873
450	225	0.529208
449	303	0.831492
434	5	0.0150949
332	31	0.187424
152	35	0.277863
304	184	0.842315
450	0	0.0123231
101	1	0.0925205
381	237	0.765673
306	38	0.58388
203	2	0.730505
185	3	0.278815
329	9	0.0317604
408	68	0.488896
297	12	0.0804684
439	118	0.541567
436	3	0.634805
448	269	0.623235
345	59	0.950223
446	101	0.241172
498	8	0.0782319
352	97	0.369187
136	44	0.355216
281	28	0.264297
464	167	0.384854
290	2	0.027355
101	4	0.190281
482	5	0.194631
131	93	0.806712
357	157	0.518725
412	110	0.546425
452	192	0.523923
160	146	0.922326
350	8	0.129037
118	11	0.488247
325	50	0.187655
498	380	0.776268
491	49	0.253808
490	215	0.527605
342	35	0.17649
429	164	0.447107
93	5	0.159369
323	50	0.461052
238	82	0.613415
155	1	0.046803
272	144	0.803493
448	117	0.318606
412	64	0.545132
366	1	0.936845
286	43	0.520573
377	178	0.606949
54	21	0.671541
357	23	0.421875
364	48	0.431588
202	22	0.154411
303	115	0.663087
406	299	0.966388
143	23	0.321971
457	221	0.750331
461	55	0.377676
145	16	0.110513
274	97	0.540885
142	43	0.71783
301	92	0.526252
244	166	0.971298
332	45	0.463478
193	91	0.671065
102	32	0.59613
215	134	0.985107
123	8	0.318857
128	4	0.194564
359	76	0.262459
121	60	0.706117
471	138	0.363812
410	258	0.644157
318	61	0.557457
410	66	0.164117
330	76	0.23935
303	21	0.106606
58	9	0.454136
408	182	0.861406
323	122	0.423681
154	35	0.495164
278	70	0.425111
455	19	0.230644
398	226	0.585188
284	55	0.355801
330	18	0.102876
126	7	0.142555
289	44	0.759949
239	6	0.0917302
293	16	0.20767
325	78	0.29703
499	34	0.200272
431	6	0.0214491
147	7	0.116965
129	17	0.281
211	10	0.0653305
217	84	0.499018
445	16	0.243212
414	106	0.928189
186	34	0.277463
138	10	0.69656
159	3	0.0369977
56	16	0.866224
161	16	0.102601
497	59	0.141858
199	67	0.638732
155	25	0.209391
369	93	0.380599
378	240	0.85705
273	7	0.14611
343	58	0.280067
379	7	0.132238
397	227	0.901708
356	1	0.0408889
407	14	0.902145
216	74	0.415901
281	9	0.585747
179	36	0.339579
230	29	0.972754
191	69	0.501994
462	9	0.0685156
146	42	0.693882
237	84	0.659113
301	3	0.014087
185	1	0.0265746
257	50	0.30057
468	53	0.629075
96	12	0.421758
216	50	0.238166
192	11	0.273702
387	154	0.917993
314	137	0.550318
103	6	0.136891
117	31	0.770895
325	72	0.338721
345	118	0.491994
240	96	0.5596
190	23	0.765943
252	199	0.978751
154	37	0.532474
175	89	0.951897
210	184	0.913185
122	48	0.870412
125	41	0.370371
77	57	0.854003
465	39	0.611337
239	0	0.0495491
500	35	0.359058
317	21	0.350288
299	23	0.102251
175	7	0.395307
261	40	0.64465
120	34	0.864155
430	23	0.11512
134	42	0.360253
344	7	0.0638479
105	17	0.296778
75	31	0.564736
326	9	0.07849
435	135	0.561812
226	3	0.583478
67	6	0.128179
350	56	0.387605
195	43	0.289052
433	79	0.401277
340	105	0.543864
71	47	0.78862
187	22	0.670038
456	79	0.926748
134	26	0.457316
133	56	0.511504
450	273	0.833962
400	2	0.0473728
250	34	0.929689
323	38	0.137749
327	32	0.104097
378	6	0.0231447
475	76	0.203258
122	1	0.866313
455	170	0.43388
237	160	0.696794
247	1	0.0102558
178	3	0.0531251
306	97	0.93259
377	0	0.264687
409	251	0.918558
211	120	0.866936
500	110	0.408913
203	88	0.776037
213	4	0.496261
370	212	0.80479
221	46	0.339563
186	41	0.340888
88	36	0.965144
362	178	0.507607
284	95	0.784257
481	22	0.156334
393	38	0.313145
282	27	0.887484
411	132	0.334945
478	124	0.669387
270	220	0.911382
477	321	0.966472
66	4	0.0709679
338	64	0.283265
391	4	0.017153
316	50	0.576485
399	257	0.851579
489	128	0.396683
309	31	0.803503
238	50	0.791822
263	10	0.193351
203	4	0.0199848
218	148	0.746546
260	77	0.801572
192	53	0.843885
230	10	0.31467
423	21	0.241844
77	33	0.883457
346	55	0.354378
133	100	0.770046
341	10	0.114743
78	46	0.799323
358	36	0.140338
458	126	0.377047
386	214	0.55849
127	11	0.240833
341	16	0.279259
477	34	0.092268
336	7	0.0509676
244	56	0.369185
350	187	0.536063
81	50	0.807697
174	115	0.834013
272	94	0.676283
459	17	0.110102
354	65	0.511347
347	273	0.888881
304	198	0.898591
462	178	0.486093
446	99	0.703947
85	5	0.0623673
55	6	0.143171
441	40	0.332947
141	8	0.166611
142	3	0.0255632
398	31	0.325843
415	104	0.817829
231	78	0.750355
150	81	0.656193
460	162	0.796237
173	80	0.751869
411	141	0.484435
371	105	0.469405
496	275	0.777288
496	136	0.566368
75	0	0.172422
67	10	0.277311
358	191	0.830686
368	73	0.215843
393	262	0.976525
293	31	0.233405
120	70	0.98285
245	41	0.973745
379	19	0.971672
383	20	0.06844
258	2	0.0108811
284	24	0.0901961
357	23	0.083567
247	17	0.174648
118	26	0.281792
488	317	0.978398
433	61	0.282135
60	2	0.260304
427	3	0.476546
339	32	0.342929
489	12	0.169028
64	26	0.850517
360	47	0.448904
91	20	0.270191
441	241	0.805499
434	174	0.593582
194	35	0.248874
414	124	0.897565
240	3	0.0908504
289	149	0.69791
374	14	0.16365
179	55	0.859187
95	1	0.902754
343	117	0.560357
405	35	0.106588
250	10	0.495079
359	141	0.784837
184	49	0.350188
230	16	0.120717
315	160	0.746203
328	106	0.75738
57	24	0.845587
77	6	0.407533
370	99	0.943127
54	3	0.700995
114	27	0.708665
243	70	0.348722
413	16	0.138134
306	172	0.784972
445	155	0.656222
394	190	0.875793
247	12	0.503709
132	10	0.438861
434	165	0.511852
320	55	0.203144
329	181	0.570601
210	47	0.256027
215	13	0.149217
489	18	0.0469876
351	191	0.692429
201	24	0.338197
234	14	0.077104
303	27	0.820988
143	44	0.318925
134	29	0.376731
53	10	0.381077
231	163	0.956765
462	219	0.700561
373	126	0.7257
163	11	0.459399
97	17	0.257499
184	80	0.816065
184	4	0.0735468
76	3	0.529323
51	25	0.590016
395	36	0.123888
120	0	0.0214148
303	8	0.257683
296	26	0.396146
219	81	0.539838
56	5	0.856882
444	304	0.956422
166	26	0.609401
398	374	0.961588
123	14	0.638059
216	97	0.54969
274	44	0.238978
440	29	0.740964
257	74	0.939031
116	60	0.538152
332	20	0.15283
489	123	0.597136
368	20	0.305541
136	18	0.417702
303	103	0.398658
252	7	0.0758843
109	0	0.0486383
221	5	0.0258135
70	1	0.711433
216	18	0.733645
280	5	0.158827
480	48	0.595065
136	7	0.647752
420	119	0.982015
398	169	0.490458
305	93	0.613005
337	62	0.578056
95	3	0.0356368
450	84	0.83609
453	162	0.52491
254	4	0.849816
393	102	0.407876
477	92	0.195983
269	68	0.503699
496	135	0.65772
334	48	0.376615
452	339	0.96513
112	40	0.795712
171	21	0.407762
493	106	0.640293
386	32	0.289167
369	65	0.262293
83	2	0.304914
467	63	0.365685
54	14	0.784833
169	5	0.231554
148	0	0.180007
271	108	0.514985
155	6	0.122983
224	21	0.118881
132	33	0.42359
284	44	0.400729
107	77	0.880714
166	37	0.431708
188	50	0.401894
119	23	0.253163
247	4	0.158069
157	135	0.983073
445	287	0.716076
273	76	0.472188
472	38	0.748076
340	5	0.791389
315	47	0.373378
202	26	0.223075
361	151	0.494757
72	0	0.0661586
252	71	0.871116
190	2	0.0705671
156	53	0.712691
376	18	0.0499675
249	3	0.352402
404	18	0.0736438
254	40	0.441635
163	61	0.448875
231	76	0.718807
225	36	0.18744
126	70	0.569717
258	32	0.776049
199	52	0.53956
234	43	0.208886
436	68	0.282926
316	17	0.117586
62	21	0.707387
488	56	0.238583
158	29	0.450514
375	298	0.908301
461	297	0.813265
369	204	0.5875
201	8	0.399244
268	36	0.759014
95	10	0.470698
414	172	0.849392
262	128	0.967106
232	71	0.398479
394	88	0.276619
174	44	0.580678
368	107	0.341398
148	22	0.732246
393	147	0.404935
225	61	0.954108
306	179	0.984786
319	71	0.841674
251	178	0.734456
74	29	0.52979
348	59	0.863769
453	214	0.509842
66	19	0.392542
341	69	0.441304
190	13	0.311443
59	8	0.427901
424	45	0.144161
408	47	0.370995
249	164	0.864879
216	137	0.747054
140	90	0.907375
98	18	0.647151
284	40	0.688798
338	63	0.392445
59	8	0.198081
138	65	0.744796
241	92	0.47952
344	218	0.938005
418	53	0.827676
450	51	0.164635
95	29	0.934714
89	15	0.570566
385	136	0.372257
285	51	0.579189
56	7	0.208728
169	12	0.309675
363	177	0.599163
92	15	0.450656
364	0	0.0376775
300	32	0.537006
187	69	0.392792
249	39	0.300024
391	25	0.318603
75	60	0.965388
149	42	0.745624
306	17	0.161814
391	45	0.526234
170	1	0.972708
193	106	0.781856
496	33	0.106722
480	0	0.406133
376	30	0.27868
460	21	0.5651
231	56	0.789811
268	89	0.675016
471	1	0.317364
365	9	0.979665
293	46	0.933372
50	5	0.107096
182	60	0.530804
78	46	0.647301
398	26	0.145416
401	146	0.403646
206	71	0.671291
480	9	0.238962
275	17	0.212065
399	86	0.421192
450	4	0.786737
198	37	0.209001
71	7	0.15307
382	49	0.45712
443	24	0.453577
50	7	0.248675
127	30	0.321946
386	34	0.556828
139	2	0.103267
147	16	0.561509
141	62	0.795104
74	3	0.054331
221	21	0.11152
130	60	0.608911
464	16	0.71593
97	12	0.144722
241	53	0.707417
111	14	0.378399
242	5	0.0236608
213	52	0.799468
331	20	0.0820234
144	24	0.32481
209	36	0.218823
400	60	0.502196
385	3	0.0698587
453	288	0.663563
178	33	0.238933
113	68	0.709931
304	76	0.389372
145	5	0.135752
179	76	0.559449
213	10	0.114446
248	92	0.601287
78	4	0.608568
411	75	0.264454
329	129	0.411747
299	20	0.296629
420	31	0.407811
432	182	0.55784
425	120	0.757341
488	20	0.590387
70	34	0.915945
258	184	0.820863
324	27	0.984904
419	22	0.0639556
242	66	0.401404
480	138	0.721866
99	31	0.83173
419	63	0.178111
101	20	0.219109
405	1	0.0277423
135	7	0.201214
95	63	0.792263
495	39	0.118615
395	154	0.629595
90	1	0.0192824
407	218	0.789757
426	127	0.5601
226	6	0.117877
118	103	0.967536
429	6	0.158377
209	99	0.497653
67	3	0.766165
437	14	0.100242
107	10	0.475607
51	14	0.824096
121	4	0.754992
54	7	0.282994
483	297	0.833065
274	43	0.17345
209	1	0.0224859
410	198	0.48353
273	49	0.660073
399	192	0.937021
392	197	0.889631
77	41	0.973284
356	11	0.220718
203	33	0.209077
474	250	0.552795
426	22	0.353804
331	37	0.230748
281	94	0.521093
436	162	0.938101
208	24	0.129951
120	14	0.509348
236	43	0.240198
264	6	0.0844992
109	17	0.203089
193	26	0.739066
281	22	0.367959
410	68	0.827387
254	27	0.636472
428	312	0.735484
121	31	0.575765
256	83	0.338384
360	31	0.0912444
266	9	0.254255
429	116	0.418797
71	40	0.80177
388	253	0.697688
418	0	0.495787
144	61	0.924369
284	10	0.590819
231	10	0.172799
90	0	0.0446227
253	14	0.0694343
444	37	0.579781
89	6	0.25475
169	11	0.0687275
237	86	0.406241
53	7	0.598638
277	12	0.111068
299	38	0.258004
345	104	0.420746
351	42	0.174616
347	162	0.570509
172	77	0.463395
376	250	0.678619
67	29	0.864896
319	26	0.554393
276	6	0.151568
76	54	0.711464
92	54	0.717114
353	2	0.0320264
216	127	0.887208
110	41	0.450464
373	0	0.361563
358	22	0.199447
230	68	0.350781
302	107	0.554982
453	56	0.327113
478	158	0.908712
136	26	0.857542
267	54	0.239935
279	232	0.966708
243	74	0.582803
276	57	0.470572
192	13	0.15445
361	7	0.592803
492	68	0.359185
375	105	0.733515
148	23	0.240679
421	3	0.379118
319	16	0.858091
235	1	0.686246
99	59	0.674338
97	37	0.936021
229	87	0.476838
296	126	0.742246
73	4	0.106595
56	25	0.928566
176	46	0.299905
333	9	0.0984039
62	4	0.122104
410	103	0.564798
104	83	0.98464
85	17	0.470978
371	249	0.674716
222	92	0.430039
125	21	0.424166
407	93	0.74257
176	150	0.861186
296	116	0.415058
338	152	0.561459
269	59	0.481985
218	93	0.97828
245	25	0.159464
329	263	0.813378
101	11	0.399523
263	69	0.67645
166	55	0.428924
230	129	0.866246
74	21	0.974779
79	0	0.0350684
338	8	0.329804
171	71	0.867337
214	29	0.805885
460	95	0.765675
196	5	0.887069
500	163	0.380273
330	146	0.607088
356	136	0.423073
90	14	0.191533
256	14	0.0627199
330	232	0.790793
385	88	0.250947
91	14	0.237566
466	36	0.105055
286	71	0.403448
112	60	0.944077
381	3	0.490069
456	119	0.598384
343	72	0.272295
292	34	0.950522
200	5	0.402147
311	46	0.266326
472	141	0.434692
227	45	0.725537
274	5	0.460873
459	312	0.702674
456	32	0.213875
54	9	0.503534
404	228	0.651072
338	293	0.924445
357	26	0.248559
236	182	0.798197
61	31	0.81392
75	42	0.801619
86	35	0.557223
171	52	0.367667
334	182	0.924631
140	122	0.913416
288	36	0.430357
171	162	0.954161
324	98	0.52556
173	124	0.984472
374	90	0.944437
381	10	0.0428104
265	89	0.524008
429	253	0.802024
311	13	0.68003
354	187	0.54902
143	74	0.662585
439	161	0.836639
79	22	0.381997
378	49	0.337519
471	113	0.608614
76	24	0.369956
206	10	0.235449
445	37	0.0983605
405	164	0.959396
114	81	0.798859
64	12	0.626605
365	2	0.0177558
219	118	0.553423
201	66	0.648142
185	27	0.218415
464	149	0.582361
229	42	0.24365
497	15	0.277931
106	1	0.820859
124	48	0.865585
387	21	0.0825182
117	19	0.642694
93	21	0.636865
142	25	0.177705
219	69	0.480183
243	4	0.0784358
133	3	0.169682
152	87	0.751782
319	13	0.168459
99	36	0.698379
122	1	0.0537321
234	12	0.572473
361	148	0.722384
54	10	0.678998
252	94	0.695424
154	21	0.820998
239	217	0.958947
322	144	0.870047
286	170	0.906594
439	79	0.867327
149	3	0.0255387
176	19	0.194373
453	24	0.168124
206	88	0.566523
57	1	0.0757324
473	300	0.74114
306	43	0.655993
421	2	0.0277022
97	21	0.836291
429	117	0.608116
386	244	0.839937
295	60	0.241077
299	4	0.150913
262	34	0.81282
120	1	0.0115199
261	10	0.246869
407	124	0.744157
271	19	0.945679
494	112	0.349647
236	17	0.370344
155	19	0.149861
316	20	0.921933
342	17	0.671571
67	2	0.0317747
63	10	0.311517
236	27	0.134159
295	90	0.480761
462	420	0.978477
266	46	0.175963
186	4	0.0636921
57	42	0.869066
378	29	0.173422
77	22	0.502923
118	9	0.0874809
328	126	0.628767
453	250	0.553912
114	20	0.39684
476	59	0.281595
440	33	0.0760313
66	8	0.241523
431	19	0.379273
370	0	0.0266703
95	11	0.344712
494	117	0.526502
221	78	0.647978
388	210	0.554618
403	221	0.942214
64	12	0.514445
353	43	0.122378
343	124	0.431996
448	379	0.939617
461	57	0.409948
263	1	0.0366755
398	17	0.11721
52	2	0.22031
469	40	0.177812
258	42	0.179803
443	73	0.744818
440	82	0.684252
466	205	0.520226
330	116	0.401451
247	36	0.312634
338	91	0.658663
221	8	0.043923
58	8	0.336297
123	15	0.186336
498	3	0.187213
250	22	0.215697
116	26	0.292446
234	70	0.640151
334	191	0.643518
178	31	0.190558
409	10	0.340351
214	21	0.113772
215	9	0.0711935
82	41	0.833574
407	159	0.575438
79	4	0.339813
416	78	0.738464
248	41	0.223311
403	99	0.406768
345	110	0.741975
396	24	0.718594
183	6	0.250635
80	8	0.110875
204	48	0.704157
97	34	0.933956
156	32	0.283144
93	17	0.434403
374	48	0.455189
205	79	0.656984
172	22	0.936003
147	35	0.315791
109	6	0.15116
430	58	0.843565
498	227	0.757303
484	31	0.26596
79	21	0.557477
458	46	0.628042
247	83	0.484719
333	54	0.581949
275	61	0.423582
321	213	0.783722
358	221	0.931009
415	118	0.681035
483	191	0.449808
322	114	0.589221
102	17	0.455107
101	2	0.0462609
66	34	0.675478
228	54	0.938186
275	181	0.73584
411	41	0.281883
169	0	0.0234391
52	19	0.672621
278	17	0.661659
138	4	0.682547
127	11	0.639462
74	21	0.599683
171	85	0.729471
195	107	0.662365
256	165	0.976691
297	20	0.353211
213	70	0.37705
296	5	0.147207
265	11	0.302508
65	3	0.939076
93	6	0.165416
127	43	0.380192
116	3	0.0864168
349	90	0.709606
370	134	0.403476
156	10	0.217599
145	14	0.354075
318	0	0.106115
151	6	0.636046
194	6	0.211904
100	28	0.839884
418	108	0.272145
436	19	0.277633
132	4	0.08456
147	6	0.431613
300	29	0.978562
432	198	0.64446
425	92	0.21902
74	15	0.602385
276	150	0.881551
326	226	0.702031
100	13	0.263534
372	44	0.370334
71	32	0.556484
347	299	0.966942
282	47	0.190477
246	72	0.457631
345	49	0.952771
298	101	0.562248
477	74	0.188449
386	42	0.442698
291	107	0.631175
453	187	0.598788
274	1	0.033445
458	15	0.147411
391	41	0.754745
319	116	0.767469
217	21	0.168239
78	46	0.665778
191	63	0.35767
269	74	0.629743
381	10	0.0541996
344	135	0.735575
244	70	0.401179
268	107	0.480379
423	65	0.660266
348	248	0.790904
216	156	0.806314
129	6	0.151887
348	8	0.253494
333	156	0.759528
142	8	0.106147
152	132	0.934299
186	14	0.094657
331	153	0.471872
87	0	0.0861299
110	29	0.6
314	169	0.75352
399	11	0.0397512
384	76	0.468014
90	15	0.856712
337	50	0.333022
354	13	0.0720347
73	3	0.157885
227	7	0.386698
472	211	0.629986
259	19	0.558919
234	3	0.0555468
196	111	0.79207
111	71	0.681172
157	9	0.570182
387	29	0.611505
422	18	0.611492
308	43	0.509055
107	15	0.416223
233	63	0.310459
136	1	0.124699
494	218	0.826449
170	80	0.924968
96	5	0.281171
365	64	0.218341
357	36	0.234116
374	72	0.363061
62	2	0.398734
487	63	0.295984
464	303	0.655421
312	120	0.681945
284	153	0.817595
113	75	0.732792
299	110	0.53367
277	59	0.408065
428	264	0.849478
76	1	0.0247455
195	142	0.788844
173	32	0.330816
91	8	0.561457
406	296	0.842847
158	98	0.94682
67	6	0.585279
427	226	0.728205
197	37	0.864112
348	134	0.689238
389	64	0.41741
232	53	0.692902
224	90	0.883084
390	73	0.387901
204	34	0.218352
215	35	0.178412
276	142	0.89875
236	37	0.364106
214	19	0.230835
102	37	0.858094
98	39	0.473292
194	2	0.014782
194	34	0.237214
313	3	0.0303532
399	191	0.562682
251	73	0.528382
231	99	0.728868
122	19	0.729527
70	12	0.90335
434	7	0.0219935
257	74	0.766268
393	269	0.85866
319	51	0.375893
121	68	0.671887
53	5	0.964718
203	14	0.195183
258	168	0.933897
243	189	0.80646
63	24	0.921584
373	133	0.888402
497	56	0.124027
369	199	0.743201
278	15	0.640917
282	133	0.594658
377	26	0.088433
365	23	0.081927
456	61	0.378824
303	26	0.299548
422	40	0.971509
62	22	0.592263
306	215	0.799796
221	20	0.130583
101	22	0.376359
427	7	0.467552
466	186	0.944341
481	31	0.374301
384	107	0.336316
366	0	0.0962006
147	4	0.0927204
215	24	0.206387
70	7	0.290272
380	305	0.855209
109	37	0.378708
473	9	0.0627052
449	306	0.798648
116	0	0.0338067
182	127	0.791058
435	67	0.703994
323	258	0.915742
400	29	0.106943
331	231	0.73146
245	220	0.961924
146	23	0.352823
438	124	0.450563
485	105	0.467482
330	64	0.733657
89	4	0.0979669
398	22	0.0797758
383	112	0.361603
211	2	0.0586276
119	17	0.879413
125	41	0.913198
459	27	0.0895353
391	119	0.363661
149	1	0.116738
330	157	0.853045
375	84	0.896973
169	31	0.196758
195	12	0.186634
71	0	0.0729235
101	19	0.192053
92	21	0.317191
358	13	0.139387
305	31	0.224954
99	10	0.320371
252	48	0.374482
219	26	0.131658
187	10	0.0779144
197	46	0.256068
411	96	0.780514
197	6	0.0415496
121	3	0.0790302
465	98	0.287223
360	47	0.136629
497	281	0.984204
199	82	0.482275
346	1	0.224963
500	9	0.0343702
78	44	0.627336
121	66	0.564341
331	109	0.508619
110	25	0.303052
375	103	0.37734
236	20	0.197594
112	0	0.0350329
160	69	0.569738
92	31	0.666302
106	65	0.8107
363	85	0.255648
208	170	0.841082
462	310	0.70323
191	26	0.265055
191	40	0.320961
386	6	0.285184
311	54	0.699366
126	71	0.884659
197	1	0.207884
386	151	0.778261
259	2	0.286726
222	47	0.285212
277	118	0.692221
54	19	0.586689
278	5	0.0548363
148	144	0.976777
295	12	0.671005
332	16	0.211423
348	245	0.83137
157	14	0.374136
145	35	0.747708
91	35	0.451599
277	150	0.688122
87	13	0.922789
381	8	0.0639056
397	189	0.691225
436	152	0.598469
359	93	0.604159
74	1	0.0539709
404	70	0.825663
276	2	0.187607
441	48	0.291997
378	55	0.537377
400	101	0.721295
249	6	0.115018
313	116	0.434217
209	131	0.913896
256	105	0.747968
409	70	0.3148
217	57	0.669296
389	308	0.959693
162	63	0.622893
183	1	0.0109227
152	122	0.834125
186	153	0.955198
69	7	0.1808
125	6	0.344914
292	16	0.0991086
207	75	0.879218
382	2	0.284313
335	192	0.767562
245	67	0.620603
343	111	0.386094
462	204	0.581513
54	23	0.438062
301	110	0.611981
324	0	0.957216
338	204	0.733946
347	3	0.20312
461	212	0.589556
411	31	0.151268
300	6	0.724107
334	59	0.241443
69	14	0.911327
449	169	0.555789
206	9	0.35673
99	43	0.631616
227	23	0.249497
198	15	0.153763
320	203	0.872374
81	61	0.843563
329	53	0.603587
141	9	0.0927235
227	44	0.367191
222	21	0.132746
64	16	0.580835
249	106	0.890052
425	2	0.298257
198	31	0.314887
104	12	0.767892
253	1	0.517884
414	18	0.0996422
281	76	0.684179
232	4	0.314274
51	0	0.0235533
292	47	0.266572
466	203	0.725817
459	127	0.289682
160	17	0.857857
229	50	0.616621
413	38	0.441041
478	81	0.409539
354	54	0.958915
243	159	0.780066
408	191	0.779703
244	74	0.744393
114	19	0.483552
213	35	0.904921
407	6	0.0298476
345	101	0.508417
432	186	0.682387
364	25	0.12293
462	171	0.72812
124	40	0.409309
207	119	0.81632
294	86	0.552652
358	16	0.258959
479	62	0.350794
82	32	0.695631
451	48	0.153151
388	35	0.267627
305	68	0.279344
310	7	0.356463
235	109	0.915507
424	93	0.320406
163	31	0.355669
322	66	0.238398
442	47	0.508266
223	0	0.0973116
336	1	0.309303
100	42	0.830039
450	170	0.385189
172	13	0.491982
378	185	0.889931
499	82	0.864352
403	14	0.388639
267	7	0.779621
71	25	0.740155
174	33	0.586498
162	52	0.582147
450	24	0.184738
157	25	0.404263
59	12	0.969031
445	138	0.475415
232	0	0.570477
68	0	0.263878
418	10	0.0303202
338	109	0.378335
119	92	0.964391
354	5	0.094782
66	4	0.513294
390	70	0.198961
434	15	0.0642425
245	185	0.817119
239	174	0.82924
135	6	0.141141
121	1	0.679624
226	48	0.226929
61	28	0.51019
389	35	0.0996035
460	122	0.76832
223	43	0.7192
229	38	0.421967
416	6	0.0643023
194	1	0.410919
168	0	0.0737466
161	54	0.345833
383	83	0.245301
402	90	0.535611
273	94	0.413377
378	201	0.712807
58	17	0.505068
316	201	0.702449
145	7	0.211367
242	61	0.64803
116	54	0.9855
343	119	0.534504
279	62	0.573557
282	6	0.0342314
392	56	0.648178
267	40	0.420521
353	39	0.339732
496	273	0.658203
486	57	0.182351
115	40	0.974094
190	101	0.802454
380	12	0.147858
475	87	0.42287
489	108	0.363907
119	39	0.596338
440	68	0.192289
336	73	0.863462
69	6	0.239953
469	12	0.447249
192	35	0.291798
441	2	0.153923
87	27	0.8843
500	8	0.292213
276	99	0.491869
240	12	0.612432
307	20	0.724763
344	79	0.527983
342	254	0.828935
341	112	0.675577
99	33	0.693633
289	43	0.653068
229	17	0.0748487
225	13	0.203653
309	78	0.806782
121	29	0.38841
455	7	0.783464
169	22	0.365315
76	12	0.871552
147	68	0.585407
471	97	0.883808
377	80	0.526862
110	3	0.0505732
199	35	0.20285
295	106	0.364245
470	7	0.135143
170	31	0.344427
245	12	0.411232
333	41	0.143123
400	30	0.112068
315	72	0.385068
204	11	0.111054
394	134	0.788589
112	20	0.839274
327	7	0.418886
490	22	0.0809856
253	173	0.802839
241	93	0.435075
473	98	0.836916
171	37	0.498667
463	68	0.160307
280	7	0.624541
371	13	0.899268
359	92	0.570222
385	79	0.331524
229	52	0.662699
153	11	0.262228
477	5	0.163254
357	39	0.751343
205	10	0.0815827
190	10	0.104225
170	62	0.894446
222	199	0.988757
184	15	0.142728
234	32	0.872821
258	7	0.228956
76	52	0.970959
251	93	0.796577
442	29	0.0850706
239	2	0.848594
86	6	0.128141
229	3	0.0577384
409	289	0.893755
270	217	0.888327
273	7	0.0463544
312	161	0.697674
411	136	0.638426
452	9	0.60316
176	54	0.75561
197	0	0.279026
366	6	0.0530666
407	3	0.011059
443	198	0.988995
381	82	0.76544
269	34	0.206997
242	74	0.316113
360	16	0.615282
443	26	0.0590154
391	93	0.673796
134	0	0.376454
389	96	0.61988
192	66	0.467636
349	229	0.77702
131	29	0.228783
203	37	0.305207
136	25	0.418584
230	16	0.193381
397	16	0.0625096
120	59	0.5789
437	31	0.350781
419	153	0.820935
470	311	0.823796
235	80	0.940825
386	134	0.895332
296	44	0.428614
146	44	0.369129
361	14	0.627214
459	105	0.533786
161	9	0.101067
311	18	0.152883
433	243	0.692689
65	31	0.983428
50	7	0.480827
149	23	0.248341
121	39	0.951297
192	14	0.369809
242	12	0.0509405
422	0	0.727982
266	1	0.101814
152	55	0.36745
457	334	0.846516
148	1	0.135558
304	85	0.657324
57	30	0.606817
441	119	0.984518
147	17	0.837935
409	207	0.591894
130	6	0.133516
218	37	0.317374
186	34	0.298152
380	7	0.145326
459	138	0.518575
197	9	0.125121
92	6	0.124546
227	20	0.213332
126	21	0.46443
110	3	0.412737
395	311	0.914533
177	53	0.367598
196	149	0.844093
154	9	0.133199
139	19	0.187044
50	15	0.82757
455	49	0.209661
161	17	0.108486
243	52	0.263291
308	2	0.38955
214	29	0.160441
477	33	0.17196
313	281	0.928735
78	1	0.922135
171	2	0.108719
176	12	0.533477
471	83	0.417741
290	218	0.918301
162	37	0.698687
309	0	0.187011
442	97	0.427538
214	109	0.638961
156	83	0.760314
312	5	0.0689295
234	47	0.531492
481	260	0.789091
138	1	0.0698536
489	29	0.243166
391	31	0.119763
308	110	0.372506
239	30	0.217342
130	53	0.583888
337	56	0.419926
421	119	0.863836
491	241	0.932201
400	0	0.450942
122	26	0.339514
421	13	0.698828
478	121	0.459669
247	128	0.558393
432	176	0.541615
191	43	0.30148
230	181	0.82116
294	192	0.988048
124	54	0.692591
138	21	0.380466
337	7	0.388513
93	12	0.202672
225	152	0.77541
347	3	0.56229
223	208	0.935649
440	7	0.0226884
157	4	0.193183
103	12	0.388733
271	76	0.440237
107	10	0.112036
430	178	0.763395
174	64	0.447845
51	9	0.771891
102	13	0.56101
237	55	0.340048
73	29	0.945804
360	90	0.391765
299	52	0.183974
445	124	0.314015
422	163	0.528176
83	11	0.442747
228	3	0.0627946
468	262	0.69652
231	20	0.0931182
57	2	0.539093
216	5	0.773298
267	144	0.846599
459	6	0.0898561
223	32	0.495504
67	3	0.368175
443	86	0.300436
182	109	0.818645
475	30	0.321298
281	31	0.424171
284	8	0.233675
382	252	0.691588
474	87	0.266559
71	8	0.891331
225	63	0.70387
105	11	0.639346
310	52	0.55807
246	2	0.769421
404	53	0.154104
242	52	0.222575
91	27	0.393142
425	83	0.883364
379	181	0.507985
343	31	0.639934
485	201	0.718273
421	54	0.778901
307	25	0.308758
222	14	0.131807
199	5	0.176811
380	23	0.19369
412	263	0.811556
307	2	0.157875
233	16	0.506519
439	1	0.0193814
245	15	0.799607
161	3	0.0305589
241	138	0.740815
128	61	0.954089
282	188	0.767119
373	31	0.417538
369	121	0.350576
360	80	0.831303
260	35	0.592395
259	45	0.982551
247	53	0.575216
183	4	0.86052
262	157	0.862634
373	10	0.089904
437	16	0.169862
65	39	0.884549
112	11	0.222499
150	15	0.350459
149	25	0.171822
210	12	0.934116
301	21	0.225552
458	68	0.690757
225	10	0.366891
188	3	0.190382
331	74	0.527079
378	107	0.690607
348	1	0.0405191
113	1	0.372571
418	373	0.971183
237	99	0.981805
456	108	0.951023
124	78	0.831774
442	34	0.288651
307	43	0.325161
385	313	0.942587
51	6	0.70114
228	0	0.775097
246	70	0.81408
213	68	0.49067
302	102	0.878937
370	190	0.894401
131	40	0.727141
298	89	0.30241
261	25	0.988846
68	29	0.637839
134	26	0.934456
295	81	0.871235
359	29	0.57981
244	70	0.852858
278	64	0.514559
435	165	0.902029
284	176	0.704998
148	2	0.0582097
221	41	0.729136
150	49	0.549442
241	70	0.507957
176	61	0.743457
112	49	0.484825
346	30	0.240723
443	24	0.0792496
460	144	0.949409
130	20	0.919413
451	32	0.192871
169	39	0.282173
213	185	0.985081
495	363	0.79044
333	196	0.807051
348	8	0.946363
319	156	0.790456
468	31	0.377806
367	26	0.854192
55	17	0.79037
490	173	0.545005
391	158	0.616785
410	44	0.314574
322	91	0.45264
290	4	0.410999
429	29	0.281004
398	179	0.545039
347	9	0.0365025
416	306	0.887238
462	285	0.967613
324	12	0.192434
110	44	0.693765
61	24	0.564179
456	188	0.835387
473	178	0.51775
276	17	0.271193
72	27	0.638209
455	167	0.444203
237	113	0.809305
240	97	0.55008
273	217	0.813729
419	62	0.334587
138	0	0.222538
76	10	0.631762
319	65	0.485369
253	109	0.561486
425	74	0.473185
288	76	0.378513
282	28	0.132796
497	93	0.581184
197	82	0.931957
453	77	0.801306
455	81	0.429613
428	365	0.89517
216	11	0.173595
408	11	0.64457
395	349	0.97139
174	5	0.195155
245	49	0.800205
219	123	0.715909
131	32	0.272269
99	7	0.260497
170	55	0.873428
221	21	0.405237
175	4	0.799863
285	28	0.310849
106	2	0.0628051
412	139	0.63327
295	125	0.461491
75	3	0.94578
438	190	0.814497
138	110	0.841532
458	5	0.104033
129	49	0.440783
235	96	0.825714
450	1	0.0111185
383	254	0.832634
296	3	0.49582
228	181	0.944156
497	3	0.0395075
139	26	0.199825
193	2	0.129892
473	50	0.817591
128	21	0.292578
298	40	0.166363
370	131	0.880705
122	11	0.185366
259	56	0.375649
179	93	0.782331
279	18	0.214911
111	48	0.915711
225	20	0.614532
269	51	0.547981
368	106	0.374444
388	123	0.37781
123	10	0.105084
487	180	0.709077
386	144	0.577141
405	58	0.337674
131	8	0.73754
142	59	0.909165
118	10	0.104043
305	151	0.556912
53	6	0.25562
166	2	0.0313467
434	106	0.274025
243	125	0.766305
338	3	0.313945
389	125	0.617087
326	27	0.380433
398	106	0.368938
81	21	0.681501
307	171	0.976364
108	1	0.742313
141	69	0.654502
263	22	0.192573
115	12	0.147515
77	28	0.485967
224	68	0.395427
122	54	0.81343
467	38	0.230541
335	11	0.275813
391	123	0.478511
444	27	0.28037
477	314	0.922144
474	9	0.752014
220	52	0.495935
112	36	0.363944
342	63	0.288053
468	89	0.510224
338	12	0.219242
407	25	0.0896692
119	1	0.0455782
157	25	0.24068
136	3	0.0330472
112	16	0.331352
294	18	0.145844
435	48	0.300915
435	15	0.230797
466	162	0.899193
149	47	0.704707
203	45	0.653118
167	1	0.0399261
66	40	0.855017
212	69	0.656474
457	77	0.981305
64	26	0.67583
283	69	0.329721
234	8	0.340943
483	18	0.11684
155	63	0.949904
322	113	0.606519
53	1	0.574879
261	23	0.116542
393	77	0.223005
93	4	0.464672
127	8	0.274831
400	89	0.886899
403	219	0.861361
190	37	0.261928
366	104	0.446973
125	109	0.93064
485	364	0.826338
402	6	0.066865
108	34	0.339986
222	62	0.749082
225	40	0.304089
271	162	0.87266
479	77	0.293382
468	92	0.660276
103	49	0.902208
59	28	0.799609
124	20	0.5577
320	66	0.570104
454	24	0.827118
329	278	0.890789
407	60	0.454112
247	41	0.73664
280	165	0.671405
114	1	0.55542
421	158	0.512283
54	17	0.391945
363	6	0.0342716
273	12	0.0877596
164	29	0.883298
180	21	0.457137
499	82	0.540622
491	38	0.120254
451	99	0.475076
201	63	0.811397
171	13	0.335296
434	190	0.74107
478	107	0.340652
479	82	0.328444
247	4	0.0230918
93	9	0.547651
72	4	0.116365
254	82	0.433821
437	61	0.294909
170	17	0.260157
174	49	0.483238
193	76	0.825474
373	30	0.161217
293	26	0.0888309
450	210	0.543638
104	82	0.968806
496	81	0.248473
386	13	0.157421
339	101	0.308653
312	15	0.0530689
108	19	0.843651
313	48	0.59913
100	31	0.649732
445	35	0.299827
424	6	0.539122
197	77	0.828669
100	4	0.0563314
113	34	0.532099
211	15	0.397935
251	147	0.971467
229	20	0.15202
386	284	0.954311
443	103	0.946473
368	23	0.513163
125	6	0.0755794
484	22	0.744483
116	1	0.0463107
380	233	0.638428
105	51	0.56978
145	30	0.385659
215	38	0.848714
70	4	0.17554
118	3	0.132903
194	55	0.371478
438	174	0.657841
78	18	0.311111
80	41	0.829017
452	50	0.45747
207	60	0.330195
460	57	0.635586
436	53	0.282134
418	15	0.0373535
209	31	0.626078
434	39	0.714267
50	26	0.718774
221	24	0.301506
205	2	0.0230352
411	110	0.891068
287	22	0.45053
163	36	0.282505
183	14	0.193707
409	28	0.927962
403	41	0.245371
209	82	0.732493
224	3	0.297571
179	2	0.349137
344	26	0.924443
207	20	0.327354
262	86	0.338186
214	12	0.0637143
423	166	0.481175
156	4	0.238932
361	322	0.90834
140	38	0.350778
420	10	0.339199
84	2	0.0602394
316	26	0.430839
78	35	0.702954
128	49	0.471442
490	40	0.0828529
110	48	0.709435
471	53	0.347911
329	83	0.566676
128	17	0.599001
138	30	0.339066
216	47	0.391692
65	22	0.359157
183	3	0.0303982
440	135	0.823904
291	116	0.692274
306	126	0.421723
400	60	0.844944
123	68	0.709736
178	9	0.0974731
468	60	0.215264
57	1	0.345495
495	287	0.79676
227	3	0.609636
416	12	0.202127
368	66	0.317457
469	220	0.744783
395	7	0.512053
123	8	0.339727
249	10	0.218869
332	18	0.112603
379	154	0.717318
420	146	0.761236
187	0	0.270415
441	15	0.133123
464	179	0.594668
434	283	0.884846
280	37	0.669546
307	61	0.210279
253	50	0.598602
474	14	0.301215
399	4	0.055957
428	226	0.970847
199	73	0.544574
110	29	0.783931
209	73	0.427854
374	282	0.924792
254	62	0.301064
329	120	0.523592
396	143	0.481448
390	29	0.198266
116	10	0.200819
301	113	0.64617
227	73	0.33314
316	22	0.0971252
354	16	0.108648
132	0	0.116604
65	20	0.751908
69	10	0.163099
251	158	0.645004
377	131	0.977006
334	117	0.660287
231	42	0.233488
72	18	0.716525
487	38	0.144315
66	58	0.948706
130	35	0.468239
430	106	0.532306
262	7	0.188917
451	14	0.477547
435	77	0.546747
366	217	0.721621
199	74	0.596315
395	209	0.70978
341	141	0.504105
243	0	0.0231824
414	15	0.0400197
362	152	0.646398
402	19	0.205823
96	2	0.0308983
221	9	0.173053
172	44	0.417908
446	124	0.59141
476	376	0.947935
195	84	0.702921
116	10	0.235126
216	196	0.970293
381	67	0.442442
476	18	0.80593
57	0	0.0207156
459	245	0.548118
296	10	0.390057
235	171	0.895898
60	27	0.551882
495	4	0.0380827
440	232	0.76946
259	180	0.941806
79	2	0.118165
164	0	0.73351
98	12	0.185056
472	152	0.806803
121	69	0.619657
126	17	0.591038
323	74	0.524887
344	0	0.171461
189	46	0.421726
350	15	0.291179
390	321	0.959718
375	230	0.620763
403	235	0.628019
181	42	0.808073
381	36	0.968648
115	6	0.0618705
182	41	0.244802
369	31	0.813338
418	2	0.0348112
99	14	0.715832
177	58	0.482825
499	294	0.631352
362	0	0.0208138
457	72	0.448396
134	43	0.475386
418	172	0.989115
135	27	0.22081
387	40	0.325785
483	5	0.159024
118	64	0.869928
72	0	0.086158
350	1	0.266352
290	5	0.0434113
410	24	0.804259
165	7	0.699324
51	5	0.941708
124	48	0.56821
415	11	0.123542
276	45	0.494643
143	13	0.540775
227	44	0.207209
308	4	0.308511
56	22	0.977349
70	5	0.22002
474	22	0.186513
494	125	0.625517
387	19	0.239402
467	69	0.208332
303	109	0.534178
249	28	0.440595
457	205	0.50362
352	26	0.480189
492	41	0.445819
91	69	0.771214
226	54	0.603605
401	192	0.790639
446	159	0.976375
412	15	0.195882
237	28	0.636191
493	264	0.874483
196	12	0.484003
441	18	0.0508808
193	51	0.348389
293	15	0.277432
241	1	0.221042
142	115	0.822321
63	7	0.588284
109	7	0.849227
87	39	0.551023
160	24	0.747693
286	0	0.0762449
297	154	0.816563
470	25	0.148976
230	29	0.310837
245	96	0.947633
186	25	0.646744
79	11	0.330528
113	11	0.57993
395	10	0.949461
391	10	0.0412772
388	251	0.867854
169	14	0.204758
146	50	0.629166
454	2	0.0451389
159	37	0.370882
354	15	0.0606548
183	34	0.296797
221	19	0.806148
183	1	0.0244294
218	3	0.238714
349	160	0.494432
58	31	0.797045
114	29	0.665242
484	398	0.975537
78	4	0.0830614
189	50	0.722195
248	3	0.143521
194	62	0.809606
237	8	0.463859
491	79	0.412055
325	49	0.822737
447	179	0.815297
242	66	0.582881
90	25	0.962772
131	4	0.647778
134	14	0.865682
458	128	0.778683
414	304	0.922943
474	231	0.856505
87	4	0.0525286
296	26	0.378721
486	308	0.897779
195	77	0.532489
495	139	0.466727
375	46	0.685707
374	46	0.360841
320	80	0.851436
236	38	0.837262
169	43	0.505034
133	53	0.60607
401	172	0.979796
344	119	0.836782
462	89	0.581868
364	232	0.686072
282	49	0.267545
130	18	0.179309
455	46	0.583684
177	99	0.897162
114	59	0.596282
444	6	0.768801
250	44	0.240365
305	42	0.189217
294	94	0.337376
351	142	0.776566
290	77	0.554701
400	32	0.101203
193	0	0.0556668
478	44	0.535309
143	18	0.529428
305	75	0.466803
350	16	0.953284
393	62	0.200744
258	17	0.357426
416	86	0.214846
239	112	0.82903
482	269	0.684496
219	72	0.651569
476	231	0.686365
384	30	0.558574
361	17	0.137812
150	47	0.526057
226	16	0.315778
169	93	0.896213
90	10	0.274102
320	14	0.0588385
372	89	0.347708
237	15	0.477389
317	44	0.814662
398	74	0.251216
103	25	0.354734
71	5	0.763636
271	127	0.47912
445	383	0.883334
381	118	0.583452
180	25	0.742075
50	22	0.977398
128	38	0.911762
83	2	0.309005
184	142	0.816537
419	390	0.950645
85	9	0.924303
254	94	0.789388
94	17	0.420445
114	43	0.409972
95	0	0.103813
152	85	0.827151
299	31	0.463769
299	135	0.821335
253	49	0.358144
211	58	0.732997
456	0	0.0135003
226	10	0.206561
456	34	0.10694
438	154	0.631289
147	3	0.0451161
112	59	0.960104
194	40	0.921797
463	32	0.274345
212	56	0.283878
241	9	0.307331
114	11	0.125364
300	163	0.921074
290	48	0.301015
247	36	0.847401
372	95	0.899333
467	86	0.751723
411	121	0.332705
216	46	0.769122
241	192	0.861445
219	31	0.268927
154	63	0.639008
220	43	0.478117
294	119	0.682072
129	78	0.753459
239	4	0.0492151
408	346	0.939726
83	24	0.62787
126	43	0.844218
411	7	0.303154
211	9	0.346303
262	0	0.410776
173	3	0.0937952
215	4	0.043504
236	21	0.512967
374	4	0.199888
484	136	0.621246
227	61	0.288747
85	2	0.0613428
409	109	0.773859
294	167	0.853556
221	14	0.241063
207	50	0.556806
252	51	0.593581
461	72	0.178807
451	13	0.593289
154	42	0.792008
425	33	0.913866
253	109	0.83355
65	20	0.452898
289	38	0.299037
376	40	0.163823
50	0	0.0879334
393	172	0.778211
341	192	0.722307
483	192	0.584319
347	224	0.956928
373	32	0.292113
69	21	0.528506
113	59	0.834556
165	37	0.495972
445	87	0.636748
326	23	0.314463
436	189	0.590866
225	13	0.112564
381	83	0.389587
438	47	0.328689
139	42	0.795858
64	30	0.479374
220	26	0.634819
435	246	0.771979
376	149	0.425002
188	36	0.226751
332	110	0.374068
253	40	0.437717
254	14	0.6455
85	40	0.918863
359	62	0.567034
244	78	0.965976
285	32	0.590432
250	2	0.39693
427	120	0.396545
262	4	0.269828
294	213	0.822461
376	12	0.0323384
383	133	0.542732
205	81	0.737569
369	28	0.248614
435	268	0.619299
479	8	0.576151
114	18	0.383529
368	239	0.746649
323	192	0.709099
67	22	0.534357
146	86	0.81025
138	19	0.505798
234	16	0.527727
104	1	0.390601
446	71	0.820406
231	4	0.097021
89	25	0.826316
72	9	0.125358
59	5	0.152312
87	27	0.593978
499	16	0.312366
437	387	0.987209
130	2	0.170264
151	21	0.221504
222	23	0.534224
132	55	0.735026
90	47	0.535887
394	29	0.126717
398	106	0.76773
152	7	0.915195
424	13	0.532039
281	105	0.984057
86	6	0.102137
403	72	0.712749
81	49	0.779211
70	14	0.628296
289	121	0.710146
481	6	0.0126031
249	2	0.0963081
441	256	0.91681
376	228	0.756166
495	123	0.821005
428	10	0.294772
281	95	0.442554
243	87	0.78258
171	78	0.709589
83	36	0.655359
381	115	0.629561
331	24	0.305691
222	9	0.218251
55	24	0.74259
371	70	0.601164
199	35	0.314458
78	7	0.0901826
340	25	0.150814
348	96	0.437511
457	27	0.434624
258	10	0.94685
494	183	0.706058
332	4	0.873022
442	129	0.345396
436	174	0.813863
367	27	0.127508
65	1	0.184792
369	72	0.262412
351	22	0.132685
253	109	0.656511
472	66	0.152817
75	8	0.946724
395	143	0.975321
164	17	0.202774
245	19	0.103019
190	142	0.967216
212	0	0.019692
55	13	0.345439
374	6	0.168548
396	160	0.652949
196	100	0.683654
156	9	0.112936
397	139	0.424515
403	32	0.225494
200	1	0.0147972
393	70	0.884467
109	21	0.770157
106	46	0.7771
338	156	0.513867
273	23	0.477909
176	19	0.235167
416	131	0.904359
298	256	0.923348
104	26	0.817528
354	255	0.864668
131	72	0.947107
133	85	0.758646
475	70	0.218183
336	125	0.698283
420	13	0.504831
286	18	0.188122
210	75	0.814131
177	34	0.306239
309	74	0.536497
457	345	0.892091
269	23	0.104554
138	27	0.656586
257	11	0.122353
346	83	0.561601
429	169	0.468761
423	32	0.935735
260	14	0.09226
252	84	0.594727
323	7	0.941333
396	206	0.924078
236	52	0.529198
495	17	0.153404
85	24	0.285477
113	6	0.368664
417	299	0.909139
307	61	0.36567
245	5	0.262281
290	53	0.243318
348	27	0.365168
338	47	0.514733
386	255	0.953297
382	20	0.940683
265	30	0.213488
388	6	0.015666
376	23	0.227202
420	260	0.97692
333	177	0.603058
164	130	0.904647
221	16	0.922607
316	104	0.746688
243	144	0.899501
128	63	0.514745
75	14	0.269798
261	148	0.723424
51	31	0.669478
498	85	0.348405
414	5	0.101569
484	57	0.926198
220	7	0.100535
89	31	0.455785
183	149	0.944852
383	135	0.685107
244	62	0.963293
420	243	0.836758
86	65	0.831761
293	11	0.277542
298	15	0.36262
106	52	0.816944
423	229	0.720596
159	36	0.461926
104	28	0.414972
227	147	0.844369
385	63	0.747746
487	215	0.651549
461	188	0.594836
186	111	0.738599
105	10	0.457794
63	28	0.902593
400	244	0.645159
257	14	0.959064
199	13	0.906911
101	13	0.458559
388	136	0.417626
362	211	0.977031
96	5	0.276366
108	83	0.911368
358	6	0.0285225
362	18	0.658115
173	0	0.0538159
171	117	0.970104
125	3	0.445541
75	48	0.830138
323	2	0.174139
461	39	0.223253
448	0	0.017405
116	30	0.417816
329	111	0.516726
460	56	0.274404
110	68	0.957233
296	36	0.295385
155	42	0.743537
83	2	0.12882
231	1	0.0657107
144	54	0.543424
198	25	0.187337
63	11	0.551819
354	6	0.289829
413	178	0.935358
99	44	0.773511
221	158	0.888272
377	49	0.665311
69	60	0.985373
276	22	0.452392
235	79	0.46075
152	12	0.16092
474	18	0.177341
75	26	0.840192
458	206	0.81202
69	20	0.6366
465	127	0.386621
317	138	0.848682
248	15	0.68312
247	19	0.107017
178	54	0.869571
121	11	0.627449
292	54	0.608754
180	3	0.174034
195	108	0.746823
354	19	0.494
67	25	0.674379
287	20	0.094508
256	10	0.489761
102	11	0.135695
392	27	0.458004
312	82	0.510745
442	9	0.0618642
183	29	0.351369
149	58	0.918664
212	20	0.330945
399	72	0.267716
293	23	0.0802491
293	7	0.55315
319	180	0.742027
415	45	0.230645
242	23	0.196329
397	55	0.763624
440	212	0.62399
430	309	0.902046
399	136	0.731252
117	9	0.219719
477	45	0.167759
176	92	0.594729
143	54	0.679837
273	23	0.590776
302	95	0.403247
471	95	0.906598
466	1	0.239284
237	28	0.151583
226	49	0.222065
463	60	0.605582
202	8	0.08951
74	28	0.910849
334	4	0.0123218
257	0	0.497937
216	57	0.302702
243	65	0.399822
123	38	0.811443
182	4	0.0318346
233	83	0.717719
273	189	0.719731
499	134	0.494245
131	19	0.159882
488	218	0.661109
193	33	0.392983
212	22	0.670187
299	55	0.669644
415	117	0.808871
393	179	0.598267
122	12	0.716678
183	164	0.983597
488	271	0.826061
284	140	0.495546
64	55	0.956101
448	74	0.584517
86	25	0.584314
123	44	0.401314
477	152	0.699964
104	47	0.763897
216	169	0.953099
367	70	0.206286
263	21	0.498227
471	156	0.41703
91	23	0.303623
340	51	0.175486
112	89	0.873887
475	80	0.426298
443	135	0.444519
229	8	0.168196
151	5	0.470502
139	45	0.406552
498	102	0.28209
497	205	0.504323
166	24	0.570608
123	70	0.930587
333	183	0.936689
226	4	0.104152
361	96	0.542752
113	8	0.0888875
275	153	0.604542
113	40	0.718987
107	72	0.715864
268	62	0.367071
212	52	0.456313
104	27	0.558594
356	3	0.0628151
85	1	0.120938
304	153	0.543305
126	52	0.489851
375	101	0.74469
394	31	0.231525
483	160	0.369926
479	48	0.429318
112	34	0.411727
238	37	0.732903
306	144	0.808561
116	56	0.57396
402	77	0.56157
453	158	0.59387
374	192	0.701848
340	19	0.445911
185	35	0.213545
149	42	0.643937
275	177	0.653211
366	33	0.112694
64	1	0.419447
375	135	0.430774
94	5	0.0736384
496	120	0.61482
479	139	0.932569
439	5	0.0150609
242	212	0.897088
423	18	0.0782818
398	109	0.573424
204	7	0.469154
86	0	0.405268
455	177	0.686703
429	245	0.901123
382	101	0.561628
87	32	0.729309
205	5	0.040861
338	121	0.36211
294	23	0.104929
244	116	0.599388
360	196	0.876361
241	46	0.805872
364	30	0.168787
348	158	0.526197
208	0	0.162767
215	5	0.210023
209	119	0.835159
474	31	0.235697
467	0	0.134041
377	110	0.296601
260	63	0.250468
123	4	0.688323
100	5	0.85675
64	5	0.405492
126	28	0.329588
364	12	0.0591291
381	198	0.603358
472	125	0.689383
439	20	0.0961729
462	90	0.36937
310	157	0.654872
458	25	0.231358
482	41	0.383529
420	90	0.781022
306	59	0.328681
154	14	0.727352
469	70	0.409996
490	46	0.957839
379	19	0.798231
139	99	0.815758
383	129	0.619534
402	51	0.254509
159	20	0.558499
405	192	0.821213
491	288	0.714989
54	5	0.659111
301	34	0.514196
405	249	0.934499
352	151	0.562295
384	212	0.701281
293	21	0.71628
359	26	0.318139
127	95	0.888339
290	38	0.449025
488	32	0.46469
429	18	0.268643
120	27	0.763888
174	18	0.146736
172	123	0.892563
499	91	0.222436
106	15	0.144069
72	47	0.730012
308	3	0.013478
175	104	0.674301
426	145	0.531838
456	39	0.157619
95	1	0.0336301
496	272	0.563299
383	320	0.9863
287	172	0.657017
348	52	0.608094
316	151	0.612992
451	332	0.83177
408	79	0.525116
353	100	0.395726
167	16	0.10406
391	180	0.691391
383	93	0.281854
495	6	0.109649
191	2	0.0245133
158	23	0.810697
302	5	0.92866
489	110	0.250964
100	1	0.0545322
224	177	0.873653
321	260	0.981112
246	47	0.976447
246	140	0.818035
217	43	0.209252
188	104	0.580698
467	2	0.72727
410	86	0.291651
397	22	0.126723
480	3	0.621068
255	95	0.778481
192	18	0.528417
330	105	0.696955
172	1	0.162495
84	67	0.961281
210	142	0.913988
426	36	0.216724
468	288	0.699603
212	44	0.859173
485	6	0.831665
470	168	0.758108
384	62	0.281975
331	77	0.465673
237	170	0.938658
248	71	0.960219
369	8	0.162816
135	7	0.286636
338	36	0.694241
268	3	0.151035
104	14	0.347631
433	60	0.284925
401	82	0.274121
206	12	0.682221
83	6	0.944957
227	42	0.793759
71	16	0.606346
121	32	0.602903
412	55	0.729157
94	33	0.534072
315	59	0.206104
133	24	0.44937
99	27	0.459944
170	15	0.555006
301	134	0.626977
304	25	0.530434
361	305	0.848556
173	22	0.334429
440	77	0.816343
135	58	0.638669
370	42	0.438372
315	20	0.734033
289	19	0.966544
488	0	0.0115888
457	129	0.723999
255	14	0.590531
270	45	0.37663
203	61	0.512792
255	5	0.0336981
310	10	0.0362542
460	18	0.0409124
336	38	0.147858
404	37	0.782044
262	53	0.487389
386	100	0.815044
341	36	0.659484
108	59	0.80884
412	10	0.539746
150	51	0.4915
496	108	0.692415
259	119	0.707452
107	25	0.2907
162	97	0.758652
429	80	0.199173
419	30	0.285334
453	9	0.26597
153	0	0.43134
275	10	0.110689
327	74	0.818627
67	31	0.522868
441	12	0.649961
441	31	0.132545
162	23	0.287212
366	14	0.332469
396	59	0.333301
86	42	0.499934
102	39	0.394059
258	23	0.186661
332	64	0.723707
500	34	0.254086
284	182	0.737285
242	6	0.0977572
337	137	0.439637
230	48	0.705235
146	62	0.424859
176	4	0.126436
286	5	0.247221
383	26	0.124485
100	1	0.278347
149	18	0.430103
220	1	0.532572
73	16	0.771874
236	55	0.56243
257	38	0.148185
340	43	0.430962
301	227	0.807509
368	29	0.136863
361	83	0.553183
131	3	0.57914
323	8	0.235031
379	168	0.869793
423	105	0.404581
263	12	0.16375
468	46	0.758131
298	279	0.963038
160	9	0.355605
248	4	0.0243449
184	79	0.796073
170	18	0.671802
398	100	0.317034
200	4	0.150759
366	7	0.801401
162	27	0.451807
99	12	0.17887
301	34	0.686534
93	0	0.0521065
130	6	0.0897916
212	59	0.409247
280	103	0.705966
479	14	0.0509096
108	0	0.233502
216	166	0.965189
224	144	0.884487
321	232	0.961701
74	2	0.664871
429	96	0.618315
261	57	0.619692
476	89	0.230091
420	29	0.451008
166	19	0.12457
453	172	0.434121
370	294	0.906283
457	42	0.104466
388	263	0.820485
467	185	0.843634
233	51	0.487014
75	3	0.756299
147	66	0.46821
286	150	0.657078
257	102	0.411479
226	145	0.720718
385	40	0.355261
435	371	0.895912
258	12	0.392326
498	362	0.739197
498	76	0.188037
319	132	0.567159
359	59	0.389975
231	51	0.944343
251	112	0.460809
490	27	0.157953
207	0	0.0397178
475	7	0.197459
430	197	0.920958
464	55	0.120366
152	140	0.955013
196	126	0.808499
237	0	0.280563
61	8	0.13333
354	26	0.311242
241	92	0.97076
143	104	0.857459
265	15	0.785878
264	27	0.141042
145	11	0.878992
388	222	0.911112
337	162	0.499134
430	19	0.259245
403	21	0.221047
202	44	0.971426
213	3	0.265971
440	56	0.270638
444	86	0.23624
117	53	0.774096
192	4	0.808815
108	8	0.0744458
231	114	0.928364
407	312	0.794321
158	37	0.610569
172	124	0.856363
240	40	0.203582
392	34	0.130746
246	1	0.0119129
316	174	0.803548
120	29	0.559243
127	7	0.251824
304	10	0.308839
275	16	0.0728673
172	32	0.269049
181	96	0.682719
204	22	0.317175
132	0	0.0725486
229	19	0.346267
62	20	0.61
167	31	0.363127
348	35	0.177513
338	5	0.0365738
227	92	0.448403
333	36	0.158849
417	37	0.141376
346	68	0.265115
377	25	0.41644
274	0	0.0359859
324	92	0.38371
179	96	0.912465
194	11	0.060867
364	48	0.185983
431	115	0.915072
387	65	0.299068
258	1	0.0282282
60	53	0.89803
422	232	0.937804
154	67	0.958809
359	13	0.0753366
102	83	0.960749
339	177	0.722821
273	91	0.469719
357	184	0.757205
462	124	0.390072
103	19	0.846071
453	83	0.434916
381	117	0.389857
62	7	0.402012
143	45	0.371225
497	9	0.314665
411	0	0.0173305
252	40	0.467251
281	80	0.497534
326	162	0.557114
203	93	0.560644
323	2	0.0392418
125	18	0.814772
81	0	0.439435
98	5	0.205596
407	114	0.36806
300	32	0.136365
295	114	0.559909
453	14	0.0533695
113	1	0.274588
252	2	0.127571
453	215	0.941584
356	6	0.399039
190	43	0.387203
467	92	0.210598
300	172	0.859635
81	27	0.334299
463	108	0.323806
261	1	0.0200887
144	48	0.65126
162	11	0.438451
321	171	0.932449
489	22	0.154727
233	12	0.251861
173	22	0.4914
334	202	0.850676
125	39	0.463881
92	8	0.267755
483	6	0.0237757
58	3	0.377529
322	58	0.607775
312	6	0.679475
174	42	0.892849
87	20	0.584883
455	55	0.303667
88	19	0.869134
169	26	0.17394
84	2	0.39895
495	224	0.68507
142	23	0.583003
136	120	0.981209
469	3	0.789568
205	56	0.422805
442	140	0.378356
313	27	0.531019
93	13	0.400948
429	32	0.105169
439	74	0.585446
74	2	0.173255
396	263	0.840014
230	38	0.510523
376	37	0.60546
61	29	0.75631
177	0	0.039826
405	45	0.123255
474	151	0.365923
188	53	0.301251
333	184	0.807327
439	288	0.964099
142	9	0.287889
174	13	0.086348
187	81	0.481636
312	18	0.121253
222	5	0.162193
377	252	0.790009
142	50	0.810126
174	114	0.706531
136	75	0.694221
172	26	0.279311
491	43	0.65033
301	36	0.23244
429	150	0.441145
233	11	0.233155
114	15	0.324339
276	12	0.0637286
284	95	0.483885
408	133	0.793303
477	26	0.0610546
384	7	0.0196061
212	98	0.779121
476	4	0.524343
284	219	0.988602
356	81	0.980532
487	26	0.475469
474	15	0.645181
332	10	0.0817297
161	1	0.0158173
107	79	0.989556
472	88	0.766471
158	69	0.508
447	122	0.678811
162	38	0.976296
310	32	0.445791
175	10	0.274548
159	39	0.398164
296	152	0.776526
151	14	0.918114
97	12	0.375797
324	157	0.712984
477	185	0.802707
390	22	0.473508
492	44	0.419
483	112	0.487766
252	26	0.919445
242	13	0.242734
286	49	0.284481
262	127	0.724196
91	19	0.3575
194	1	0.0901733
486	34	0.205246
332	0	0.305986
415	22	0.51418
338	65	0.266581
405	139	0.394801
329	71	0.321458
344	93	0.599999
216	71	0.847185
166	22	0.433727
352	10	0.0702255
350	86	0.567085
167	2	0.822541
279	3	0.779794
260	89	0.599898
420	77	0.484806
428	62	0.460644
99	36	0.514093
258	2	0.0360397
140	13	0.849178
444	143	0.569929
485	68	0.367036
56	14	0.272955
285	250	0.882978
341	100	0.55124
476	207	0.660019
492	1	0.0423569
82	1	0.505889
428	68	0.958134
479	81	0.618466
344	87	0.349652
181	92	0.707983
69	30	0.468304
89	9	0.211474
371	24	0.164417
421	173	0.823968
134	1	0.338279
371	185	0.63
396	186	0.545689
215	7	0.242617
168	105	0.904927
91	52	0.613717
425	143	0.63548
190	12	0.0740073
416	315	0.809262
259	13	0.0765318
56	5	0.0898545
193	101	0.630248
185	5	0.14598
391	267	0.932625
465	188	0.533235
67	56	0.943467
55	5	0.39793
361	16	0.753523
55	13	0.292828
307	31	0.298565
494	18	0.354566
108	14	0.570506
402	4	0.0241063
157	10	0.712586
387	18	0.936559
447	174	0.480324
182	7	0.0879602
382	92	0.512493
375	58	0.201789
104	62	0.910454
372	20	0.907917
447	212	0.653051
231	99	0.523546
220	103	0.98966
57	8	0.164703
304	239	0.910555
219	47	0.600678
256	168	0.729523
188	16	0.112976
496	427	0.926576
289	96	0.362376
387	43	0.52557
434	77	0.762117
418	26	0.613419
306	11	0.0450823
372	16	0.969266
55	2	0.0466324
273	13	0.465061
153	21	0.758927
412	58	0.4658
295	199	0.792913
347	72	0.235616
237	0	0.117927
170	49	0.364245
392	275	0.732811
58	5	0.123013
352	70	0.784331
93	0	0.106997
241	7	0.537484
218	10	0.0470233
115	56	0.770281
410	16	0.157094
394	3	0.231478
466	147	0.912995
296	39	0.435699
394	32	0.531302
133	43	0.730983
427	101	0.55859
435	47	0.458169
250	116	0.782902
384	27	0.209331
219	7	0.265756
303	64	0.558425
474	198	0.621652
313	12	0.311304
216	119	0.634201
76	32	0.775368
320	44	0.23124
82	12	0.710213
282	112	0.5239
243	38	0.530817
376	185	0.538067
269	58	0.258004
332	200	0.851339
168	5	0.0531463
312	157	0.682096
330	83	0.51749
199	9	0.103672
430	251	0.90574
313	80	0.930061
242	5	0.326559
395	39	0.227498
389	0	0.0822988
407	208	0.525706
482	79	0.314081
418	139	0.379305
360	50	0.175149
330	106	0.93464
135	1	0.1394
189	19	0.243373
333	136	0.437775
255	89	0.46366
184	12	0.545535
233	33	0.185084
474	49	0.452224
67	16	0.969469
416	37	0.66378
487	2	0.222581
298	2	0.131069
411	82	0.33541
260	75	0.366483
428	162	0.447381
133	20	0.525324
112	40	0.80273
405	119	0.535598
412	6	0.250339
236	10	0.257144
79	21	0.329024
244	109	0.807164
142	12	0.104583
344	256	0.81866
63	19	0.734134
228	8	0.236607
408	37	0.616003
310	107	0.744025
203	42	0.701981
167	152	0.974982
321	58	0.579473
228	0	0.0397726
149	2	0.14592
156	22	0.916322
111	37	0.453321
190	4	0.0618184
352	79	0.285963
372	102	0.378251
197	41	0.279019
430	74	0.367009
72	41	0.85315
63	7	0.942628
94	1	0.149327
108	60	0.847191
484	422	0.987019
59	21	0.728964
280	8	0.187362
471	122	0.561515
338	9	0.732
346	31	0.22004
121	12	0.156204
273	27	0.879253
112	73	0.767087
218	0	0.222434
454	15	0.443033
465	110	0.900679
312	1	0.838631
101	14	0.938248
200	97	0.514188
180	33	0.750189
195	22	0.13193
328	34	0.5709
472	383	0.884064
250	66	0.482842
85	55	0.697296
246	60	0.282315
165	10	0.0979197
448	7	0.565388
282	21	0.140631
284	180	0.835922
222	33	0.699041
487	65	0.383529
168	0	0.0925686
355	95	0.379872
329	103	0.989931
334	2	0.0234048
250	36	0.791846
159	6	0.491652
438	144	0.83185
228	13	0.377864
284	133	0.960021
293	4	0.0760223
285	15	0.0710564
304	3	0.795683
232	120	0.76244
436	113	0.432438
92	52	0.622294
72	22	0.843691
165	26	0.501238
226	129	0.94325
374	10	0.0582748
494	246	0.952688
452	253	0.768815
372	31	0.81239
216	183	0.852345
100	13	0.617397
51	43	0.92516
119	16	0.466514
87	9	0.156618
92	19	0.360134
114	79	0.878298
407	14	0.437811
472	20	0.848665
134	30	0.542958
245	103	0.812368
336	25	0.554745
301	105	0.92879
135	16	0.148089
435	133	0.642227
146	0	0.228999
136	16	0.1238
109	58	0.822529
293	18	0.369929
487	43	0.284664
227	26	0.590867
149	3	0.536395
64	6	0.130757
329	99	0.335375
171	9	0.217268
330	124	0.850634
155	96	0.775832
429	36	0.124949
413	8	0.181716
108	12	0.250249
254	122	0.717048
336	2	0.0377619
421	227	0.554288
306	20	0.370651
138	41	0.592065
326	7	0.0998642
195	0	0.0609818
446	223	0.510888
207	42	0.273961
335	116	0.578853
276	53	0.689603
396	9	0.184121
217	34	0.337208
401	346	0.909658
471	114	0.611361
144	33	0.363045
270	18	0.411485
229	6	0.16795
458	44	0.174144
370	27	0.913369
171	37	0.257512
208	3	0.111418
107	19	0.224088
487	259	0.610637
110	3	0.522157
173	96	0.559362
438	18	0.185942
331	59	0.928202
497	404	0.878562
146	112	0.917213
311	113	0.663565
330	23	0.243025
320	69	0.266622
141	3	0.0460783
414	144	0.90615
279	4	0.905434
428	21	0.0654702
440	39	0.209623
500	88	0.441291
431	43	0.541751
439	76	0.479496
432	228	0.839676
489	41	0.863924
172	115	0.874029
295	53	0.301747
255	75	0.739069
79	27	0.533168
143	15	0.729281
388	311	0.907212
277	73	0.873173
257	222	0.946697
102	23	0.640902
314	114	0.826201
227	2	0.0168291
238	66	0.403367
113	7	0.0879809
325	118	0.644491
389	169	0.45188
329	211	0.847804
64	10	0.359302
186	26	0.615927
254	28	0.340282
122	22	0.681484
322	2	0.149025
424	247	0.968529
409	13	0.127239
255	1	0.20362
308	71	0.799939
117	15	0.404563
342	206	0.82971
266	140	0.927797
51	2	0.165801
107	35	0.419569
139	47	0.382811
348	206	0.835886
230	122	0.716324
255	32	0.639188
477	58	0.185592
500	194	0.528969
500	36	0.463531
326	7	0.187153
103	4	0.132638
208	48	0.365751
82	9	0.633337
177	14	0.386526
94	13	0.474808
402	87	0.958358
457	5	0.0280711
266	145	0.96563
167	79	0.636429
439	94	0.727469
56	1	0.925371
225	39	0.636092
338	4	0.0269361
108	49	0.968845
442	6	0.315653
54	6	0.225431
462	56	0.576623
393	167	0.481701
347	208	0.773915
108	25	0.828267
63	46	0.959443
488	192	0.767425
294	227	0.897335
382	114	0.505737
345	1	0.250725
113	7	0.489611
316	40	0.52274
300	2	0.0790643
76	2	0.0626728
372	12	0.879587
401	92	0.638916
273	193	0.958155
295	26	0.457742
479	203	0.55272
414	50	0.35044
264	94	0.671193
244	25	0.158862
218	73	0.706407
203	5	0.281992
68	25	0.661264
236	19	0.231597
302	37	0.414978
279	21	0.11604
202	20	0.161134
98	1	0.104933
264	198	0.951507
494	6	0.0180286
325	4	0.0372002
463	187	0.44836
377	200	0.833372
66	10	0.177061
462	20	0.152639
473	331	0.709526
246	14	0.0824071
431	210	0.922436
187	13	0.370458
104	2	0.0892801
315	2	0.732228
77	1	0.0375149
149	18	0.590886
108	76	0.770246
382	348	0.983154
480	85	0.245354
292	17	0.846855
436	34	0.110413
481	10	0.0265736
335	9	0.0385412
205	183	0.957257
224	57	0.940559
171	5	0.0804272
105	7	0.750692
337	27	0.12624
469	147	0.609346
135	15	0.725454
86	10	0.129093
409	34	0.234262
135	0	0.466506
95	4	0.401386
430	261	0.635306
256	63	0.493685
461	16	0.72112
153	57	0.696105
156	72	0.506702
230	45	0.985225
408	8	0.0380773
387	8	0.235312
281	203	0.86042
341	37	0.236054
455	16	0.136481
130	70	0.771147
418	118	0.473631
99	27	0.651973
247	8	0.0713363
77	5	0.0847728
315	56	0.521507
422	186	0.950286
114	26	0.716912
288	170	0.698918
411	95	0.477156
64	14	0.563385
278	181	0.662452
251	6	0.0413974
191	0	0.0102763
78	12	0.284196
236	98	0.803721
94	75	0.814517
150	20	0.171458
51	15	0.354493
146	15	0.129814
296	15	0.184345
474	234	0.495272
175	94	0.77316
91	2	0.027985
60	26	0.47659
79	25	0.506345
464	100	0.609621
341	84	0.56669
111	8	0.669342
338	19	0.342505
489	53	0.346072
148	32	0.39119
304	14	0.701633
356	264	0.883222
323	66	0.337082
420	87	0.233946
80	21	0.935539
97	5	0.368557
493	134	0.928487
422	10	0.0341976
439	233	0.95023
208	41	0.207271
301	56	0.30371
260	191	0.889739
413	227	0.602006
374	20	0.987282
293	14	0.0917749
327	231	0.75111
163	6	0.132506
202	8	0.358079
207	152	0.923101
167	13	0.123833
171	46	0.909924
328	159	0.722112
359	323	0.930735
144	1	0.0124861
146	12	0.103784
475	6	0.0184223
217	43	0.221881
311	59	0.191591
471	27	0.296357
295	13	0.154818
155	97	0.642264
155	39	0.376564
210	141	0.96521
101	22	0.270052
495	233	0.555459
237	194	0.986947
404	133	0.900501
184	6	0.187293
227	82	0.825439
255	5	0.0583963
188	26	0.194318
105	34	0.422904
339	95	0.687304
367	9	0.237154
252	12	0.613849
155	9	0.115958
460	252	0.89252
342	78	0.934344
408	79	0.643635
259	0	0.011299
126	28	0.442559
223	122	0.713126
88	13	0.152189
372	110	0.330457
193	12	0.121499
318	48	0.300913
254	11	0.253907
341	24	0.0712093
450	6	0.0346549
238	11	0.234599
81	1	0.0746842
328	137	0.820317
355	150	0.523767
149	31	0.529205
233	102	0.482534
368	34	0.507175
345	52	0.5354
312	50	0.228218
294	74	0.665931
275	64	0.359397
399	2	0.126507
368	74	0.761644
292	30	0.212889
156	2	0.62842
227	106	0.709501
332	12	0.563742
116	1	0.0347678
261	29	0.190193
287	12	0.285415
255	213	0.989759
429	85	0.400065
214	6	0.265327
483	133	0.471359
229	108	0.547733
347	28	0.235841
91	11	0.145067
483	5	0.0212119
275	42	0.296505
494	15	0.100997
230	7	0.0475115
262	80	0.652155
251	10	0.231483
233	47	0.523434
420	58	0.193855
161	9	0.0570027
437	129	0.515755
207	29	0.3444
194	29	0.365968
174	59	0.528643
243	11	0.141302
290	10	0.532203
403	33	0.636441
117	4	0.420389
416	133	0.412107
474	409	0.958005
81	2	0.322377
441	313	0.733373
180	87	0.603011
120	8	0.303017
151	112	0.894074
341	149	0.439636
72	9	0.496797
103	29	0.373211
462	56	0.43372
448	174	0.860493
194	53	0.735709
292	8	0.027476
337	41	0.279632
117	8	0.189141
424	25	0.193578
155	46	0.965309
265	60	0.924055
310	125	0.957876
368	137	0.761362
485	15	0.0375701
289	5	0.169296
101	54	0.734235
283	65	0.660324
382	293	0.812333
364	216	0.726399
188	49	0.365903
473	96	0.975277
177	109	0.739253
91	9	0.398532
146	55	0.537256
199	22	0.661531
56	7	0.588425
145	27	0.334134
307	24	0.101498
139	25	0.186884
237	95	0.547212
229	91	0.502894
395	57	0.457323
375	227	0.847669
452	278	0.631866
93	13	0.35478
305	18	0.352122
444	35	0.191007
315	27	0.797258
447	10	0.156121
477	4	0.756885
388	73	0.504941
362	44	0.803609
348	76	0.367502
112	4	0.156899
174	79	0.63836
238	0	0.801146
426	296	0.805178
265	3	0.0305228
323	116	0.611665
155	2	0.63769
469	125	0.883805
83	4	0.667164
231	195	0.9079
89	11	0.595092
205	51	0.295248
105	7	0.695327
254	141	0.93739
332	46	0.175728
259	7	0.0796192
157	39	0.300964
468	258	0.646233
362	7	0.519667
384	77	0.711491
312	73	0.475364
369	47	0.28618
431	7	0.528348
252	125	0.898545
78	12	0.218748
295	46	0.337584
379	42	0.4072
479	118	0.564615
248	84	0.500424
379	28	0.626784
61	24	0.841931
188	19	0.630451
379	300	0.957205
117	1	0.0154313
112	47	0.477933
112	14	0.168995
339	41	0.466683
350	93	0.551928
256	46	0.188517
345	12	0.132295
420	196	0.51536
328	10	0.213272
286	45	0.165777
310	9	0.360757
398	83	0.369819
249	166	0.766516
307	98	0.444327
467	114	0.859428
269	11	0.119997
118	19	0.200483
226	162	0.917508
173	19	0.420544
208	60	0.628752
149	48	0.463096
448	275	0.76963
198	42	0.28606
397	35	0.372721
116	73	0.712183
67	0	0.647159
373	120	0.497636
385	77	0.322565
293	159	0.566606
402	101	0.8698
207	24	0.251745
247	159	0.707472
345	57	0.877628
362	12	0.0408335
257	33	0.537154
99	0	0.0226891
270	98	0.48706
180	8	0.229872
370	19	0.148733
396	38	0.191602
118	37	0.487954
231	40	0.561779
226	6	0.209114
161	88	0.828075
188	178	0.947834
78	0	0.904128
260	44	0.70347
318	153	0.763295
398	53	0.145556
318	2	0.525306
88	16	0.213915
162	0	0.326312
470	99	0.336225
52	1	0.101758
263	73	0.539315
201	11	0.116606
213	46	0.360955
294	91	0.668267
310	13	0.333003
343	137	0.565996
496	358	0.966264
359	29	0.364684
426	5	0.0676803
128	41	0.93909
476	154	0.852885
331	1	0.0279556
435	87	0.260802
119	9	0.591993
490	62	0.140585
264	58	0.294009
154	59	0.425939
187	11	0.151961
436	148	0.389134
391	344	0.889796
262	1	0.536541
269	22	0.256902
378	231	0.679484
493	49	0.325975
334	68	0.766748
107	21	0.418018
375	22	0.476624
483	0	0.0120659
171	27	0.236998
216	102	0.546841
140	2	0.464467
362	257	0.976515
474	104	0.494903
311	21	0.269243
358	248	0.692821
200	51	0.323125
429	197	0.917783
87	5	0.151751
55	28	0.696069
413	311	0.891293
208	32	0.564791
119	18	0.322579
205	115	0.607642
237	46	0.354993
54	2	0.0870078
338	39	0.765629
376	37	0.911073
61	18	0.357781
249	80	0.338931
334	122	0.481208
418	13	0.0569323
223	64	0.447051
350	53	0.269643
144	7	0.146713
305	61	0.40901
196	20	0.599896
446	18	0.0658808
326	17	0.0719415
131	12	0.133726
143	16	0.421027
436	106	0.248698
175	132	0.93372
415	25	0.06567
50	28	0.796674
127	49	0.477031
421	190	0.529056
159	4	0.0518416
328	94	0.814248
396	37	0.88334
93	19	0.918349
341	36	0.575283
121	9	0.226635
230	29	0.88288
410	150	0.411977
406	42	0.202253
492	3	0.133305
259	21	0.927116
406	84	0.69409
131	46	0.583375
221	30	0.1483
226	60	0.457572
268	39	0.279686
264	22	0.207928
488	67	0.137866
349	303	0.948183
234	36	0.548378
371	139	0.790896
208	2	0.884141
104	63	0.723868
136	25	0.337301
347	243	0.734623
79	45	0.807854
160	44	0.443694
260	68	0.370966
59	1	0.256344
434	11	0.408195
190	72	0.51832
323	84	0.458505
60	30	0.920644
408	139	0.587742
360	32	0.601338
178	62	0.415892
184	67	0.786663
179	136	0.907358
493	74	0.485892
471	404	0.912048
220	98	0.925178
246	3	0.0133114
121	45	0.607998
301	49	0.194057
415	12	0.90949
362	192	0.543855
114	5	0.657458
431	25	0.199423
256	2	0.501256
217	121	0.692317
332	16	0.82886
173	28	0.217761
186	53	0.669923
456	153	0.865865
77	7	0.103583
480	89	0.632589
272	210	0.793842
303	46	0.952951
249	10	0.777509
242	80	0.580298
251	113	0.673782
81	51	0.751848
229	0	0.0191289
283	33	0.123594
295	8	0.0660087
60	4	0.22056
332	5	0.0564879
313	38	0.288196
87	36	0.619875
454	72	0.207508
259	2	0.0164629
148	122	0.981378
322	33	0.367514
245	19	0.0832034
94	6	0.0867394
96	4	0.117912
189	14	0.164168
144	50	0.920464
360	104	0.298786
327	52	0.164584
428	323	0.837772
389	33	0.22205
70	47	0.765829
280	160	0.871695
254	17	0.228035
138	19	0.150844
260	10	0.0497381
282	151	0.968063
163	40	0.655728
97	37	0.943065
121	17	0.216261
143	9	0.202666
118	35	0.358665
64	11	0.724624
207	103	0.656451
192	53	0.406374
116	3	0.306408
154	17	0.373738
459	170	0.733113
459	66	0.751464
363	1	0.030215
434	64	0.154152
476	86	0.527737
321	4	0.432745
394	53	0.840051
439	179	0.818657
284	25	0.322608
105	43	0.695155
317	182	0.740565
287	107	0.499215
50	2	0.0919296
274	20	0.234957
379	1	0.246859
207	2	0.40467
499	256	0.712129
357	216	0.628033
483	155	0.368684
170	99	0.818932
444	72	0.627516
228	0	0.708911
192	2	0.275464
362	28	0.146372
71	6	0.0971403
427	74	0.617394
74	13	0.338726
230	3	0.135595
365	14	0.122948
364	94	0.433628
118	11	0.666816
61	14	0.406995
350	21	0.407188
220	11	0.19238
371	291	0.949436
364	3	0.0290854
217	13	0.377669
163	40	0.457306
278	198	0.899183
242	110	0.83146
434	46	0.285742
50	9	0.182008
302	112	0.417578
473	1	0.0532091
362	9	0.751307
211	174	0.841889
123	41	0.590677
483	35	0.148579
428	5	0.250655
238	6	0.794039
419	179	0.774587
498	313	0.677444
207	54	0.882552
469	28	0.180645
251	111	0.534856
273	25	0.120695
367	44	0.445072
293	179	0.680342
442	41	0.144094
150	5	0.0611198
385	66	0.526201
267	11	0.207134
466	11	0.0644835
497	126	0.2998
242	37	0.173365
141	2	0.742607
205	27	0.151599
452	83	0.444979
453	61	0.563965
98	24	0.267982
477	21	0.0497669
278	14	0.123434
59	32	0.709335
109	0	0.0745437
147	2	0.371418
67	12	0.504416
496	235	0.98545
415	46	0.120005
394	59	0.410636
385	32	0.442601
495	45	0.130787
404	79	0.219889
314	35	0.29006
63	6	0.285947
127	7	0.235979
251	27	0.117498
200	11	0.954366
297	28	0.435128
60	1	0.318576
346	236	0.714576
350	85	0.244609
149	0	0.714656
378	127	0.80592
209	71	0.859451
297	98	0.776136
66	5	0.154715
56	10	0.423212
245	0	0.700271
127	78	0.778977
129	7	0.0995169
94	10	0.394172
138	22	0.169111
117	23	0.389772
60	11	0.454873
272	130	0.549349
204	120	0.769768
164	9	0.890277
205	38	0.335558
441	126	0.288303
499	30	0.466044
145	1	0.0167928
291	10	0.927926
389	21	0.967756
410	192	0.499018
175	115	0.900476
114	28	0.607718
496	76	0.850191
275	0	0.178738
226	141	0.735612
485	67	0.187934
329	73	0.944371
332	40	0.890701
484	105	0.225579
478	176	0.812063
478	2	0.189426
178	12	0.07992
316	28	0.157343
270	28	0.314478
212	72	0.739183
294	81	0.365742
436	182	0.820456
139	25	0.373319
405	119	0.709677
163	6	0.128243
466	68	0.166329
343	11	0.108634
264	59	0.595955
359	185	0.677016
429	259	0.839419
420	36	0.161958
200	135	0.968174
266	37	0.863319
229	130	0.795026
416	261	0.729635
427	267	0.718055
486	20	0.412007
302	78	0.850835
426	180	0.850612
69	5	0.113815
429	130	0.552595
114	12	0.276071
170	5	0.142185
108	12	0.475129
399	195	0.867443
215	11	0.0702204
258	12	0.292683
490	2	0.218611
213	36	0.836053
311	151	0.622443
182	22	0.554043
340	196	0.838786
152	27	0.503685
173	75	0.809648
366	184	0.78572
475	96	0.347766
54	1	0.0522575
352	45	0.434446
429	104	0.797991
423	293	0.921125
402	44	0.140125
204	21	0.474783
119	9	0.874112
199	1	0.0384623
149	130	0.891406
276	160	0.822424
225	34	0.419546
284	98	0.482235
435	31	0.125758
153	71	0.845197
130	72	0.742689
135	49	0.705974
267	6	0.0226601
304	98	0.487558
60	6	0.334885
382	151	0.603571
158	0	0.032276
417	128	0.428559
357	231	0.787611
310	10	0.053172
137	22	0.891289
287	131	0.542915
227	2	0.0334395
327	10	0.843939
352	61	0.760504
193	63	0.331024
216	17	0.186758
138	9	0.76378
90	3	0.602782
373	101	0.840766
175	48	0.833365
226	5	0.0563098
188	15	0.5536
409	285	0.709686
352	295	0.982729
266	134	0.58674
113	16	0.272771
244	14	0.256891
116	61	0.611917
421	25	0.380751
275	1	0.024181
219	25	0.93212
421	192	0.802441
267	178	0.932354
398	177	0.694567
110	63	0.625083
117	11	0.289976
326	60	0.387208
151	84	0.86308
330	93	0.881479
100	7	0.16722
475	32	0.303598
85	9	0.956452
472	56	0.186141
312	58	0.226451
348	8	0.151697
467	124	0.379433
167	11	0.405305
219	64	0.448637
312	45	0.163452
135	55	0.732828
343	177	0.728421
73	12	0.31663
467	270	0.678156
190	4	0.0893115
222	93	0.73117
99	4	0.0787786
447	83	0.634773
116	16	0.278436
179	57	0.557385
212	3	0.0459758
323	55	0.313405
269	30	0.230498
78	0	0.342892
74	12	0.176224
130	9	0.257882
95	2	0.741563
85	16	0.571385
139	49	0.84993
430	114	0.727856
424	114	0.779794
293	55	0.285065
138	4	0.0789344
443	45	0.496461
141	61	0.589716
287	101	0.728425
444	55	0.430801
308	25	0.299202
343	59	0.807123
244	36	0.396296
149	61	0.454054
341	161	0.58092
235	21	0.147371
323	28	0.404723
324	210	0.941071
482	69	0.242927
267	8	0.233834
451	429	0.969932
326	4	0.295673
71	4	0.887249
337	67	0.49105
448	216	0.531705
425	97	0.293555
143	67	0.481558
488	313	0.968644
496	55	0.176708
96	67	0.849671
109	0	0.022598
413	52	0.593795
298	58	0.224773
472	43	0.232001
366	2	0.0928315
333	89	0.321016
226	29	0.162443
353	130	0.473474
335	14	0.251847
86	10	0.180921
454	11	0.119356
118	45	0.736914
288	139	0.885171
229	185	0.877419
91	55	0.636144
337	85	0.400514
444	33	0.156144
363	145	0.926892
350	2	0.0542264
194	61	0.392133
124	16	0.290497
325	186	0.696694
352	16	0.521345
136	21	0.562959
485	16	0.0569892
213	36	0.715277
227	1	0.0816038
364	75	0.892211
194	64	0.459529
91	8	0.698825
121	40	0.527946
67	1	0.0505016
80	40	0.650453
446	38	0.372734
51	5	0.102112
394	199	0.922532
300	1	0.250576
426	4	0.0208673
443	90	0.87036
362	282	0.913047
251	12	0.622475
97	5	0.414485
377	185	0.714466
160	45	0.63161
100	15	0.666911
143	20	0.159025
192	3	0.0310869
82	38	0.473919
169	11	0.532067
217	4	0.829681
242	52	0.412082
480	108	0.830188
231	61	0.802282
215	20	0.287813
263	10	0.058815
178	37	0.54874
258	46	0.48869
161	108	0.74509
220	156	0.715638
145	34	0.609041
252	74	0.608187
291	3	0.0228911
327	69	0.96837
404	17	0.167074
69	9	0.752104
282	38	0.987551
114	57	0.863249
326	8	0.254652
326	16	0.0997491
339	21	0.132979
177	0	0.376874
126	19	0.810699
384	113	0.310865
79	12	0.286726
317	40	0.144453
440	164	0.660949
415	98	0.300385
207	35	0.864026
124	86	0.908372
348	150	0.573417
430	65	0.299637
438	198	0.654328
355	12	0.240273
273	77	0.642159
196	52	0.389184
218	0	0.455667
351	134	0.635993
218	4	0.078115
221	6	0.700039
142	5	0.0471934
345	29	0.0954198
485	362	0.772477
390	181	0.543145
173	46	0.426657
315	146	0.897757
277	39	0.243799
422	4	0.0138456
101	16	0.370709
129	0	0.0130677
385	183	0.666954
478	207	0.508765
343	292	0.886853
313	131	0.927404
333	151	0.798525
270	49	0.556043
299	88	0.900624
267	20	0.498862
471	89	0.411114
302	192	0.74908
146	104	0.948175
77	60	0.919373
251	147	0.782682
475	250	0.674692
274	32	0.412569
448	131	0.336321
233	203	0.961378
362	251	0.91715
199	1	0.0356072
103	13	0.799386
126	4	0.322141
229	7	0.936969
66	0	0.213763
194	33	0.675041
447	2	0.017357
125	27	0.951482
293	71	0.536353
185	48	0.344099
207	125	0.802615
258	29	0.783321
475	29	0.799553
308	58	0.794286
317	0	0.018927
98	3	0.222226
270	116	0.603653
50	35	0.822692
83	0	0.634911
315	154	0.584018
438	89	0.29529
486	245	0.911939
471	244	0.781908
231	21	0.129345
495	61	0.334022
276	62	0.578049
131	18	0.23293
323	39	0.125159
220	24	0.412708
133	4	0.4232
135	8	0.168907
76	18	0.617312
69	17	0.590173
363	10	0.404172
216	22	0.503396
487	243	0.647785
240	34	0.522481
174	28	0.28619
169	17	0.640963
218	36	0.173435
369	47	0.196594
253	34	0.352205
193	65	0.488977
109	24	0.283854
489	67	0.304503
100	21	0.545207
473	9	0.132799
387	139	0.601664
484	240	0.885482
423	0	0.0728815
251	105	0.491515
191	93	0.777108
112	44	0.644292
392	91	0.814074
138	38	0.314951
76	31	0.737493
420	42	0.463767
457	56	0.2752
173	69	0.854318
464	7	0.516003
84	3	0.943368
351	6	0.732615
310	25	0.191526
203	32	0.488307
313	8	0.772715
360	43	0.770833
104	6	0.0767876
125	32	0.396589
385	44	0.530638
142	11	0.0876368
300	29	0.940982
60	1	0.0185242
433	92	0.96047
275	2	0.510955
100	12	0.272652
326	119	0.497218
411	21	0.637774
469	4	0.011283
364	163	0.563343
131	0	0.256166
59	1	0.0208536
240	94	0.805853
330	121	0.370774
380	204	0.631589
415	154	0.429074
338	79	0.333764
120	5	0.0833951
342	29	0.233454
327	115	0.378548
121	0	0.120121
407	131	0.822363
338	197	0.850527
146	71	0.791543
402	105	0.696461
421	118	0.403109
367	71	0.255032
410	30	0.53379
251	124	0.820626
345	207	0.628565
179	14	0.151712
208	74	0.380487
383	77	0.476345
353	2	0.244968
465	1	0.163997
67	62	0.937371
142	17	0.837842
244	38	0.623874
451	157	0.521324
321	80	0.667973
295	22	0.105511
493	101	0.372585
301	1	0.0812611
484	33	0.285849
100	45	0.612908
369	36	0.214541
54	6	0.62973
413	77	0.228885
88	25	0.379792
425	215	0.525815
293	51	0.345983
234	52	0.36804
391	34	0.462927
273	48	0.235424
345	46	0.869707
267	54	0.462862
359	20	0.0580672
127	41	0.406556
56	13	0.256079
288	41	0.464088
404	146	0.504296
418	35	0.515369
194	120	0.836124
196	6	0.241688
309	117	0.638612
354	141	0.55012
462	168	0.525698
67	5	0.183248
330	91	0.455176
126	5	0.287254
442	35	0.261798
61	10	0.926379
441	7	0.753871
324	2	0.0395947
426	220	0.827359
411	58	0.838972
286	47	0.354361
134	69	0.659378
141	62	0.660032
206	0	0.72669
289	77	0.450933
285	4	0.0982987
487	237	0.604402
127	24	0.613525
314	11	0.0607856
149	18	0.788561
108	62	0.880977
241	56	0.55657
188	48	0.827186
463	4	0.109531
278	198	0.752929
254	0	0.63664
245	3	0.0798424
293	38	0.321667
160	32	0.535431
160	27	0.666399
118	16	0.193607
106	33	0.383126
478	15	0.472788
294	174	0.834504
203	67	0.81773
147	33	0.39445
308	118	0.801826
346	25	0.0767813
218	83	0.408014
89	17	0.477113
216	55	0.30001
93	20	0.624147
260	64	0.946787
61	35	0.726641
282	19	0.413901
287	31	0.108419
383	47	0.162901
138	12	0.204318
377	219	0.693844
320	0	0.168307
317	57	0.189148
237	148	0.661095
460	13	0.05221
134	13	0.725416
467	7	0.0907624
455	6	0.916325
476	11	0.782134
298	5	0.0452976
228	122	0.814898
59	38	0.663595
461	42	0.64139
478	105	0.347644
226	23	0.657613
425	48	0.331149
397	0	0.0135639
90	19	0.347968
376	96	0.26023
426	134	0.866547
55	1	0.344469
377	360	0.986959
211	30	0.389092
418	32	0.139835
206	7	0.0487122
166	8	0.688033
422	132	0.972989
248	32	0.174929
367	56	0.685975
418	22	0.605024
95	26	0.451973
323	145	0.915503
472	41	0.668842
387	143	0.490139
117	9	0.247805
66	25	0.42778
277	15	0.100594
414	64	0.309929
83	6	0.787243
365	47	0.631141
433	12	0.0858409
156	48	0.369488
94	0	0.77387
311	136	0.97771
396	62	0.575638
234	31	0.761486
411	89	0.223442
461	86	0.4992
121	19	0.437932
339	15	0.10414
176	25	0.810926
266	132	0.557161
489	214	0.93828
297	89	0.560715
115	14	0.246581
111	52	0.817162
284	22	0.0794957
114	71	0.85421
184	10	0.177424
184	127	0.924645
394	13	0.0489155
466	111	0.667584
434	108	0.646517
420	267	0.763877
64	51	0.925806
120	21	0.274154
269	57	0.932099
342	105	0.770077
385	52	0.218406
382	118	0.842114
153	0	0.460253
176	40	0.472699
290	31	0.279506
401	27	0.757443
440	50	0.369126
353	23	0.0935031
308	23	0.122654
143	3	0.0210075
158	0	0.0661693
178	52	0.453189
428	14	0.778891
260	62	0.26186
425	130	0.530773
446	287	0.64526
342	14	0.506235
306	1	0.0144415
381	285	0.829457
485	33	0.189319
79	23	0.37303
265	41	0.451853
385	20	0.248022
146	93	0.692657
493	31	0.152089
408	57	0.794072
137	2	0.0260091
410	62	0.334113
384	27	0.0945391
325	4	0.247705
418	272	0.709203
115	7	0.244276
427	16	0.618775
98	2	0.0453501
161	22	0.911528
469	59	0.660367
290	193	0.848271
394	12	0.694349
464	267	0.8414
254	22	0.893392
467	51	0.673584
432	57	0.268324
363	25	0.24984
396	6	0.143655
171	23	0.757986
387	21	0.164117
421	285	0.803806
412	3	0.919333
254	57	0.381277
109	29	0.5682
316	41	0.152569
367	319	0.925257
492	15	0.103831
285	7	0.869391
386	243	0.79121
398	50	0.240205
215	71	0.712793
55	6	0.132495
240	18	0.230181
415	272	0.984946
342	101	0.346286
387	94	0.326102
391	53	0.191217
159	17	0.141524
454	8	0.0292553
397	304	0.918014
312	16	0.745593
66	15	0.912822
387	103	0.88443
59	6	0.10596
286	211	0.935565
485	24	0.167213
338	59	0.228113
236	50	0.858254
346	6	0.121469
398	69	0.217121
330	57	0.601926
99	32	0.423363
211	28	0.183756
412	86	0.56001
316	31	0.408326
323	30	0.754096
238	97	0.444684
186	29	0.276424
440	183	0.517163
286	67	0.318022
280	27	0.499836
269	60	0.342048
145	34	0.834159
450	161	0.407751
163	75	0.812404
70	15	0.79061
430	52	0.130093
326	238	0.908034
341	274	0.86338
493	255	0.517838
265	26	0.301672
295	161	0.640429
127	75	0.703078
367	34	0.796555
410	42	0.165537
130	0	0.740014
448	43	0.205148
359	117	0.481841
57	3	0.19193
56	0	0.110285
227	33	0.154043
376	80	0.403638
451	300	0.705045
154	7	0.123913
466	5	0.0500172
56	15	0.741993
432	307	0.83289
231	41	0.280304
342	131	0.604453
454	119	0.597424
475	107	0.225795
234	92	0.778118
426	29	0.215009
488	160	0.757215
420	147	0.474731
482	268	0.65673
360	88	0.89937
112	32	0.666441
497	166	0.70566
105	62	0.862515
324	4	0.0334388
326	14	0.218579
99	72	0.780931
348	19	0.754881
490	98	0.288272
494	46	0.141424
290	53	0.448304
210	53	0.773069
422	73	0.253419
87	3	0.791345
384	18	0.119187
396	220	0.567287
156	7	0.0567897
65	24	0.809055
184	6	0.0443714
92	3	0.757488
162	19	0.678032
244	2	0.0580437
480	100	0.389626
103	47	0.737772
154	7	0.119015
269	102	0.512224
268	13	0.0534119
113	45	0.579931
280	8	0.183554
411	294	0.774939
195	45	0.945827
101	12	0.81713
336	3	0.0527234
252	178	0.862043
212	156	0.858226
214	77	0.643894
420	327	0.877536
137	24	0.780521
