6000
217	67	0.824234
486	110	0.52157
220	23	0.983398
426	164	0.466402
116	29	0.881485
486	124	0.93984
135	17	0.285516
343	6	0.122171
315	104	0.907302
471	72	0.229945
73	8	0.515376
289	57	0.218408
327	87	0.492671
387	95	0.29099
303	85	0.919107
149	38	0.481738
319	16	0.094853
174	88	0.518692
85	12	0.255401
75	11	0.560071
494	403	0.860207
284	209	0.736396
459	59	0.264308
475	87	0.184884
496	103	0.796468
154	32	0.811642
465	115	0.590606
225	30	0.770256
211	4	0.422771
126	85	0.809059
85	5	0.254795
124	23	0.530704
363	15	0.0974989
207	143	0.718143
423	373	0.92957
128	22	0.427259
118	39	0.391696
337	34	0.133323
286	79	0.742414
407	24	0.177899
431	95	0.543761
458	0	0.0320135
123	38	0.79994
331	235	0.92856
148	11	0.66606
469	2	0.0769858
125	57	0.61484
269	67	0.931547
212	29	0.548102
378	7	0.0392904
198	26	0.208547
53	10	0.54498
65	4	0.304081
323	127	0.424469
95	2	0.307755
290	34	0.813304
134	73	0.838868
84	25	0.61555
68	7	0.176886
286	2	0.0286813
229	51	0.356976
486	317	0.711345
332	38	0.444796
370	18	0.936415
462	1	0.920297
241	85	0.415732
269	63	0.895172
203	11	0.591099
191	20	0.529968
211	98	0.840871
351	130	0.469001
390	44	0.23879
115	28	0.854975
420	55	0.35319
328	148	0.612276
321	62	0.751808
419	6	0.0707274
116	16	0.203294
63	8	0.180312
386	1	0.103874
73	20	0.622868
236	25	0.161857
344	160	0.893554
200	31	0.484344
233	43	0.252985
253	106	0.563459
490	2	0.494232
500	36	0.246503
433	93	0.365752
127	17	0.364559
287	197	0.915288
237	5	0.0229253
55	15	0.80209
71	3	0.58699
268	29	0.529309
160	86	0.894377
279	156	0.862285
63	45	0.750487
170	57	0.538442
313	14	0.0828436
321	16	0.962853
387	336	0.945691
168	3	0.032094
230	205	0.95274
90	25	0.307212
135	28	0.449166
156	5	0.210872
241	174	0.790654
252	75	0.336998
164	109	0.66504
331	103	0.521827
159	43	0.557326
256	45	0.63815
273	93	0.69765
238	105	0.618766
152	95	0.665079
127	64	0.932014
330	10	0.0584309
313	24	0.505502
218	23	0.333706
396	143	0.440251
316	8	0.101082
101	15	0.321135
156	5	0.0954286
188	32	0.224651
435	47	0.950893
307	171	0.954343
396	70	0.73213
403	19	0.197855
157	42	0.962743
401	0	0.027132
212	9	0.943525
386	114	0.487032
348	96	0.401916
62	14	0.265944
145	15	0.148462
416	182	0.583417
339	169	0.568196
317	20	0.1935
282	143	0.833787
485	149	0.359773
204	68	0.571768
351	158	0.517644
472	242	0.691065
178	16	0.138753
230	68	0.794083
341	165	0.961065
293	133	0.559855
408	136	0.357542
173	26	0.302609
231	54	0.432607
75	15	0.678325
392	130	0.539491
427	39	0.74381
333	3	0.0241958
353	153	0.535795
465	87	0.397548
356	20	0.808582
244	68	0.865799
61	6	0.118474
365	34	0.0934995
214	15	0.200408
361	65	0.650696
341	86	0.810125
416	19	0.478545
60	11	0.635771
194	124	0.920387
284	17	0.0968353
64	5	0.81956
395	131	0.362276
162	22	0.229288
63	10	0.622863
105	18	0.489138
123	59	0.690273
291	53	0.214073
226	52	0.3203
427	253	0.829024
485	11	0.287251
97	1	0.21386
61	15	0.841767
186	76	0.810263
275	29	0.260508
294	132	0.512391
183	4	0.270545
287	109	0.545142
133	53	0.952504
114	2	0.0419846
422	165	0.558624
445	79	0.342154
338	109	0.324771
381	277	0.889849
490	63	0.15194
176	53	0.416103
252	9	0.288931
277	3	0.0117493
490	56	0.49401
134	88	0.952825
368	144	0.720658
476	92	0.579352
257	33	0.869787
426	0	0.747522
320	31	0.413273
113	24	0.622269
136	0	0.52513
172	19	0.338944
122	6	0.176195
96	1	0.0682111
272	7	0.0445353
370	84	0.694078
481	112	0.327718
184	82	0.71711
213	43	0.472942
294	7	0.38376
222	137	0.735732
317	41	0.207802
299	97	0.341903
321	49	0.262694
74	6	0.545635
56	26	0.751862
237	28	0.129099
112	25	0.72132
311	35	0.535765
428	278	0.840889
315	89	0.908065
80	18	0.270525
243	52	0.22912
402	256	0.654086
393	207	0.564344
426	89	0.255746
134	74	0.761433
308	14	0.647111
223	66	0.310601
284	22	0.151239
120	2	0.176924
327	127	0.855264
323	41	0.202143
462	57	0.228397
445	176	0.806017
345	62	0.702202
423	78	0.280377
296	214	0.982756
54	11	0.840111
70	48	0.770439
257	208	0.818017
226	2	0.348923
278	85	0.723093
444	40	0.374879
318	170	0.81256
323	143	0.925796
255	35	0.874031
175	86	0.581942
297	9	0.143881
66	8	0.652244
164	64	0.639874
374	32	0.401822
209	156	0.955635
359	86	0.54856
66	16	0.526213
108	9	0.14472
368	280	0.906768
136	75	0.886842
85	39	0.731387
379	133	0.362315
418	15	0.394194
396	146	0.569367
78	2	0.548419
219	125	0.845952
159	115	0.940961
478	13	0.287457
268	6	0.323993
405	114	0.382014
450	175	0.615692
196	9	0.940369
336	48	0.591452
453	33	0.146043
105	31	0.459362
243	59	0.534186
424	16	0.133021
255	91	0.642531
72	64	0.890506
157	13	0.254247
151	3	0.0225814
133	12	0.22457
460	348	0.970896
89	33	0.701268
488	64	0.502127
357	7	0.469498
164	9	0.157851
179	14	0.106306
323	13	0.0808512
166	52	0.621541
478	0	0.181315
196	3	0.0833627
443	61	0.171387
143	28	0.424077
301	56	0.41781
482	97	0.670986
310	63	0.394518
374	69	0.414673
473	231	0.776807
61	18	0.347961
483	182	0.551616
96	52	0.545968
402	260	0.95355
107	53	0.731945
373	142	0.474609
399	242	0.850379
424	6	0.0490761
236	2	0.0365593
462	194	0.420498
141	2	0.0207384
117	26	0.286557
286	82	0.387409
167	11	0.128929
197	97	0.538512
382	98	0.812941
354	96	0.301835
113	59	0.862993
300	51	0.906795
469	313	0.90483
469	97	0.606779
219	69	0.418622
228	32	0.187006
255	0	0.117754
371	139	0.538751
243	10	0.187499
400	230	0.717987
123	7	0.134156
313	17	0.282022
347	76	0.638531
234	56	0.295519
129	11	0.202738
363	95	0.55026
420	60	0.691434
411	113	0.923024
218	19	0.0987139
197	87	0.611676
337	273	0.918652
419	27	0.208304
342	178	0.67159
175	82	0.561103
424	135	0.537853
461	33	0.383583
363	39	0.263897
297	236	0.917964
68	4	0.630385
474	21	0.188748
287	72	0.25728
320	8	0.962937
240	52	0.528404
495	31	0.166358
257	79	0.589341
223	77	0.40955
240	13	0.590023
192	40	0.390306
336	39	0.17526
198	98	0.518652
153	0	0.447607
269	207	0.821772
184	22	0.761719
336	91	0.889543
83	2	0.125266
275	157	0.731813
204	26	0.427338
495	130	0.796806
224	85	0.567279
427	33	0.512693
499	135	0.812037
136	11	0.179293
411	98	0.344841
449	166	0.664877
314	25	0.114507
203	47	0.734879
129	38	0.385666
317	34	0.230842
378	245	0.969485
247	26	0.625837
256	72	0.305714
207	34	0.317757
160	133	0.978386
87	18	0.393875
272	2	0.0121629
184	29	0.364331
399	0	0.125754
244	32	0.395776
134	5	0.119487
333	166	0.929193
316	8	0.252847
277	25	0.77334
172	41	0.351205
249	29	0.145863
138	69	0.61816
201	2	0.23267
184	4	0.127524
382	19	0.457758
57	35	0.733584
104	27	0.380955
83	4	0.0538548
339	61	0.263656
99	0	0.544839
144	10	0.0728405
391	76	0.212029
198	68	0.438215
66	2	0.750718
441	11	0.414072
417	165	0.396321
341	56	0.767689
498	381	0.871625
119	46	0.62847
230	68	0.432417
242	12	0.775203
320	77	0.265735
310	25	0.285529
113	68	0.960324
178	23	0.528364
180	39	0.275049
86	12	0.164539
137	42	0.477103
449	204	0.602219
170	2	0.0384836
320	85	0.330722
438	79	0.335207
344	45	0.243947
179	9	0.38569
293	1	0.0211206
306	121	0.684883
297	79	0.419951
362	193	0.561562
190	16	0.134916
167	57	0.96273
384	23	0.141863
436	15	0.170833
289	54	0.210342
95	77	0.916521
360	214	0.928425
373	123	0.471646
343	0	0.770555
225	14	0.146135
310	43	0.359764
97	6	0.15501
444	52	0.987312
67	10	0.255585
411	102	0.276613
397	18	0.0987888
358	3	0.0205129
186	127	0.756408
250	41	0.178341
482	51	0.338148
281	20	0.953443
358	147	0.522198
227	3	0.166664
69	23	0.436103
282	26	0.504489
388	340	0.887679
162	24	0.538501
193	3	0.0202091
323	39	0.396799
439	60	0.355168
182	78	0.685525
373	137	0.452572
193	7	0.579449
132	57	0.547568
477	144	0.353967
192	29	0.979597
366	2	0.0466059
320	5	0.301243
60	46	0.824217
174	19	0.634929
127	92	0.849323
470	11	0.157511
439	102	0.256805
387	84	0.713476
362	80	0.533963
181	83	0.578739
277	33	0.631792
69	27	0.500826
431	169	0.412901
236	70	0.931354
239	11	0.616463
119	8	0.164377
330	103	0.642185
363	272	0.894608
64	11	0.950733
384	2	0.965613
212	31	0.537508
271	142	0.656632
296	72	0.858477
396	51	0.140052
175	51	0.381115
379	72	0.211395
402	4	0.752137
236	104	0.492429
280	96	0.3835
199	43	0.571366
377	12	0.674076
154	18	0.147128
370	5	0.0986159
447	1	0.0121702
217	5	0.981749
121	42	0.508771
399	43	0.48958
80	17	0.214452
260	5	0.722132
115	45	0.677077
137	25	0.677108
298	114	0.463548
134	6	0.938201
245	6	0.587101
341	7	0.302599
201	0	0.141353
266	34	0.198438
444	205	0.567722
417	12	0.0560164
474	40	0.327105
424	182	0.654574
82	34	0.565909
465	117	0.275042
415	15	0.720675
466	27	0.212865
82	16	0.928635
191	12	0.218175
97	88	0.934825
136	7	0.212743
342	275	0.948827
211	97	0.573401
351	86	0.484164
297	30	0.191232
126	2	0.198498
423	193	0.820703
93	4	0.0992302
264	35	0.464254
392	216	0.748036
97	60	0.837462
120	7	0.106757
186	37	0.81439
396	68	0.182972
219	15	0.148443
146	1	0.0558678
220	8	0.260629
139	27	0.848575
284	45	0.180175
255	20	0.322587
335	121	0.431531
405	191	0.81236
230	17	0.468266
397	15	0.201257
113	35	0.500363
155	8	0.0633981
453	312	0.811064
312	3	0.711926
458	0	0.0701899
452	307	0.946377
261	4	0.021955
302	8	0.0960863
139	0	0.206771
236	89	0.97197
55	13	0.539222
307	9	0.181735
156	94	0.844471
256	69	0.280988
86	76	0.943592
257	20	0.267647
195	54	0.364118
128	3	0.339999
441	193	0.734773
129	29	0.458777
332	137	0.654593
331	2	0.0194001
464	116	0.934348
298	1	0.33252
142	48	0.86628
261	43	0.349342
399	107	0.87104
332	258	0.885416
258	45	0.373963
85	0	0.467341
122	14	0.604687
466	67	0.825489
208	6	0.336856
410	165	0.426592
336	26	0.713186
333	175	0.830029
103	23	0.948909
250	14	0.797662
192	48	0.376528
375	12	0.184052
149	73	0.586729
478	98	0.773167
252	63	0.272122
200	19	0.95656
324	126	0.512412
75	21	0.86672
409	31	0.237585
269	37	0.262473
230	35	0.416033
259	41	0.303752
400	99	0.541938
205	57	0.506727
329	5	0.0246282
72	13	0.188308
128	6	0.204603
429	7	0.863974
495	133	0.742476
408	81	0.568964
280	162	0.947258
278	19	0.551146
395	191	0.620776
153	12	0.0806773
336	51	0.463959
406	12	0.100523
490	102	0.89984
452	145	0.786564
272	177	0.763265
264	243	0.970642
165	0	0.0504626
169	11	0.075021
216	2	0.368161
426	0	0.191125
427	141	0.848549
313	41	0.176412
229	118	0.799928
359	34	0.274037
387	87	0.755797
464	187	0.692398
227	20	0.0995641
430	15	0.188709
347	200	0.616945
106	68	0.837861
157	35	0.599283
347	7	0.183109
206	64	0.492524
109	23	0.541873
141	14	0.34987
455	139	0.806768
291	41	0.770921
386	143	0.76221
312	25	0.456516
377	42	0.11257
421	66	0.521297
345	0	0.0136953
186	15	0.21541
202	70	0.380906
347	8	0.106821
221	65	0.817793
178	6	0.0447858
105	31	0.671071
150	2	0.0625854
179	13	0.179645
436	165	0.67336
181	108	0.647965
260	0	0.0727606
308	11	0.607339
301	21	0.245773
51	20	0.539264
76	32	0.444842
139	51	0.816448
400	78	0.234696
363	65	0.685416
424	289	0.807763
183	52	0.367299
461	122	0.289772
191	46	0.655411
383	67	0.444883
119	0	0.166469
302	45	0.354936
402	151	0.889991
285	130	0.484783
419	19	0.494039
427	54	0.779847
293	117	0.656805
386	154	0.457058
289	1	0.244068
97	9	0.303853
87	10	0.196968
272	17	0.410272
347	144	0.642875
183	24	0.259071
276	250	0.959573
56	5	0.553761
222	123	0.782263
132	0	0.0253618
218	116	0.599851
302	152	0.6231
339	46	0.229015
418	22	0.0710902
236	20	0.192608
267	15	0.259363
71	3	0.792016
150	32	0.278563
150	15	0.58783
421	198	0.646684
381	12	0.0810617
282	13	0.711703
93	14	0.932581
246	59	0.504984
429	25	0.455779
287	32	0.685244
98	22	0.641933
490	358	0.961267
177	5	0.0776238
212	96	0.771039
317	192	0.753491
371	74	0.232139
212	26	0.489017
383	89	0.470042
447	36	0.222565
269	69	0.773597
111	5	0.394102
476	183	0.503651
471	3	0.011043
370	16	0.277667
206	129	0.881669
470	135	0.329545
350	82	0.790862
350	9	0.0285652
430	6	0.320521
277	36	0.295345
427	166	0.40516
184	44	0.448491
138	70	0.773589
169	39	0.922367
399	61	0.377983
303	43	0.812289
192	15	0.332907
175	16	0.352933
201	116	0.708856
64	38	0.654098
490	34	0.260698
179	10	0.627758
370	34	0.10007
265	5	0.0607393
106	34	0.547961
60	50	0.951395
305	42	0.850508
438	80	0.641847
315	127	0.713987
272	114	0.578148
379	322	0.973459
109	34	0.621406
375	211	0.595556
399	138	0.812817
218	7	0.200339
86	5	0.220988
101	51	0.584781
461	25	0.177716
495	270	0.564474
164	32	0.253894
407	39	0.59237
336	117	0.472532
133	40	0.40586
151	5	0.202123
440	201	0.572127
463	143	0.373397
207	56	0.279554
188	51	0.507214
263	226	0.865211
194	18	0.338207
185	31	0.827467
472	257	0.694528
80	2	0.0498183
266	118	0.621155
421	96	0.4439
152	59	0.790181
105	52	0.602666
412	151	0.84253
207	18	0.338146
283	40	0.789392
339	114	0.366111
318	14	0.636408
286	34	0.534554
377	271	0.748756
449	216	0.89821
126	48	0.548002
102	61	0.625869
394	217	0.873221
400	157	0.926732
490	253	0.81921
156	50	0.361586
198	127	0.922084
452	36	0.530324
471	51	0.754929
494	13	0.493092
139	6	0.0950843
115	69	0.617032
355	43	0.145359
351	224	0.982985
489	195	0.577573
375	48	0.819485
321	311	0.973479
287	188	0.806382
126	17	0.142818
423	40	0.18837
468	274	0.935854
423	74	0.450928
294	36	0.705454
152	48	0.719421
252	113	0.607351
370	55	0.731123
291	91	0.469571
160	33	0.598413
500	111	0.412819
262	181	0.782529
134	42	0.607316
395	16	0.139808
251	49	0.260932
484	111	0.874872
498	33	0.11514
77	9	0.783885
382	239	0.706397
334	75	0.31322
413	25	0.196603
347	19	0.0843173
496	24	0.190172
64	18	0.285632
232	42	0.267646
362	57	0.407702
140	17	0.178835
213	42	0.394077
157	74	0.810681
248	7	0.101685
189	13	0.203378
53	28	0.676995
283	71	0.79672
477	51	0.367348
417	132	0.860428
497	24	0.0954984
217	100	0.56758
315	59	0.946369
152	4	0.16147
116	30	0.490302
397	107	0.505929
353	125	0.359701
245	22	0.702109
170	70	0.918092
263	20	0.130429
422	35	0.147452
320	223	0.699346
341	237	0.71795
250	17	0.42665
134	80	0.66202
133	44	0.413643
494	40	0.321566
472	36	0.152065
72	34	0.622019
224	26	0.314195
437	209	0.719742
239	30	0.951604
437	10	0.708188
431	28	0.778319
203	169	0.877613
350	147	0.617987
231	103	0.701559
280	83	0.449092
243	131	0.567656
225	13	0.398067
94	5	0.86212
378	62	0.782434
175	5	0.0535958
431	75	0.470437
112	12	0.17939
137	64	0.473095
161	18	0.420759
138	100	0.911579
87	29	0.504247
442	34	0.157281
267	68	0.424627
221	55	0.271635
375	81	0.340319
159	4	0.059291
448	7	0.0426821
404	64	0.446966
235	53	0.707187
490	35	0.594468
71	62	0.943215
172	68	0.973739
381	21	0.333508
240	108	0.973731
60	26	0.691839
428	12	0.623672
163	7	0.633106
341	29	0.531621
469	14	0.0482647
231	4	0.134402
141	70	0.931043
451	332	0.804475
85	16	0.690502
473	41	0.183718
81	0	0.0476892
410	9	0.0301544
259	0	0.0460202
352	69	0.500946
252	64	0.288003
63	17	0.398728
293	87	0.539625
494	92	0.941898
350	43	0.252741
444	7	0.910505
395	193	0.820393
245	50	0.337476
78	6	0.631074
150	56	0.965516
381	7	0.552062
385	156	0.626943
349	143	0.716715
385	143	0.921774
89	43	0.567653
146	26	0.310187
344	120	0.874595
361	57	0.866901
301	216	0.865587
359	70	0.19995
337	35	0.311373
389	49	0.36147
340	122	0.47536
325	97	0.606195
435	47	0.404328
366	110	0.310863
166	77	0.500071
100	39	0.595627
440	148	0.714268
400	129	0.428361
163	36	0.469335
164	8	0.826167
354	2	0.0624377
87	10	0.36183
196	162	0.975945
217	38	0.203215
311	149	0.82625
258	144	0.908628
87	1	0.0912974
365	41	0.477526
404	111	0.354573
357	77	0.871684
300	8	0.0726205
177	10	0.0724657
471	3	0.0326683
164	70	0.62831
496	25	0.686762
467	144	0.987668
413	33	0.172808
118	3	0.0885952
448	19	0.176025
349	92	0.771483
144	9	0.217111
390	15	0.24047
124	1	0.468847
418	133	0.548052
242	30	0.20052
235	6	0.435111
164	133	0.962136
308	208	0.882506
410	63	0.433307
270	61	0.551428
63	4	0.189661
305	64	0.387606
354	53	0.475122
59	32	0.63818
80	34	0.519726
231	19	0.184759
321	67	0.624105
414	145	0.572888
271	64	0.41405
99	65	0.873664
213	69	0.414711
60	14	0.293833
275	105	0.835363
215	11	0.169692
288	30	0.150918
187	32	0.240121
367	99	0.65593
256	12	0.602359
62	7	0.221628
328	8	0.768882
157	62	0.498236
109	33	0.319034
329	272	0.981042
112	15	0.18076
258	72	0.406157
494	278	0.970178
260	7	0.212215
449	216	0.522346
94	51	0.765743
165	18	0.314438
200	85	0.647109
321	53	0.404303
337	73	0.545867
429	266	0.686211
244	101	0.910604
424	283	0.706586
438	338	0.89912
240	32	0.951942
216	4	0.261682
267	112	0.486361
50	19	0.458814
90	32	0.403673
157	26	0.270763
66	12	0.490677
275	23	0.133574
320	291	0.912389
334	104	0.696739
474	59	0.349035
167	73	0.602977
261	9	0.0655368
278	47	0.270082
218	11	0.295549
333	34	0.536396
55	4	0.607509
466	181	0.960646
184	23	0.248289
71	1	0.944133
291	29	0.415989
199	73	0.845582
306	166	0.567267
228	0	0.0493178
427	1	0.0537583
153	1	0.595576
452	379	0.873777
331	257	0.781363
229	69	0.579799
438	57	0.42439
304	86	0.398278
432	122	0.441815
138	4	0.133486
193	86	0.581787
59	16	0.359546
150	36	0.735833
402	20	0.857432
168	69	0.477097
306	46	0.5371
236	8	0.0694404
176	19	0.985815
381	4	0.939226
359	160	0.546593
365	144	0.875651
465	75	0.746412
466	267	0.893915
442	3	0.165997
122	85	0.720719
454	45	0.455082
201	37	0.455896
146	2	0.0718307
461	308	0.712113
415	79	0.223471
196	49	0.588657
76	53	0.848435
431	19	0.173889
57	11	0.558207
348	67	0.268472
124	7	0.166996
59	43	0.740134
187	8	0.707416
416	105	0.269861
377	42	0.390558
403	105	0.767834
412	19	0.703526
309	73	0.46608
167	2	0.0674368
437	11	0.0272083
481	165	0.632433
157	46	0.726182
482	20	0.285575
188	63	0.47349
184	82	0.486754
210	94	0.763711
66	12	0.184325
247	72	0.744397
456	193	0.805651
102	12	0.22394
189	71	0.946178
114	1	0.506453
255	35	0.656356
346	101	0.31537
309	58	0.870631
205	126	0.944559
482	8	0.0463845
324	75	0.838737
119	1	0.263889
104	59	0.632613
269	84	0.429985
214	2	0.057226
169	66	0.550702
74	42	0.704335
386	25	0.33138
78	1	0.101755
311	4	0.044463
94	17	0.185718
290	84	0.807671
448	0	0.0125912
332	11	0.352841
196	53	0.322918
490	361	0.870062
161	11	0.095542
413	49	0.550604
368	215	0.861963
329	140	0.808082
185	103	0.797863
261	41	0.276969
161	2	0.362246
366	26	0.812835
372	51	0.150685
244	128	0.812936
73	8	0.557123
57	25	0.517651
451	53	0.900799
293	0	0.0100971
172	22	0.1443
312	55	0.196134
262	81	0.682402
327	224	0.85289
312	4	0.510351
275	1	0.423788
288	73	0.405344
499	222	0.575082
235	46	0.245031
109	71	0.795882
404	48	0.191523
194	76	0.538864
275	160	0.640699
229	14	0.709576
172	7	0.265678
233	92	0.51211
461	31	0.718828
271	80	0.416444
168	66	0.46406
340	211	0.738553
195	92	0.553671
175	18	0.307413
255	48	0.498306
57	13	0.361727
237	5	0.0465721
87	7	0.197114
251	76	0.361739
222	20	0.142519
443	106	0.474524
499	58	0.396404
258	98	0.609915
247	49	0.222373
179	9	0.458481
132	77	0.961713
231	120	0.553066
381	17	0.675374
160	11	0.765399
408	212	0.986769
405	111	0.295323
272	51	0.290124
64	9	0.356159
442	183	0.853417
359	6	0.0265675
146	11	0.147985
394	39	0.440289
242	110	0.60445
392	134	0.419837
356	148	0.932336
277	73	0.907186
280	112	0.733996
297	61	0.780796
283	91	0.557089
469	78	0.202836
160	1	0.554321
266	69	0.332264
437	202	0.679556
86	0	0.0694568
75	1	0.366427
294	67	0.834299
159	2	0.224651
336	137	0.504838
198	1	0.0248099
358	120	0.501203
404	3	0.741774
110	26	0.585884
398	69	0.932958
308	2	0.251432
222	116	0.954748
149	6	0.0593024
262	41	0.877372
181	19	0.183312
352	86	0.277535
477	169	0.835307
326	0	0.155938
176	42	0.356052
246	38	0.33888
426	2	0.0370241
160	23	0.205993
238	2	0.140677
268	68	0.773921
150	62	0.446313
128	22	0.233788
55	4	0.907883
93	8	0.775868
271	40	0.156102
272	24	0.164536
212	155	0.903383
195	29	0.178094
433	47	0.376001
331	213	0.9355
193	24	0.912658
415	8	0.0251166
209	33	0.467005
422	13	0.0391402
122	78	0.685554
498	54	0.151897
62	12	0.20646
474	81	0.253986
350	53	0.266731
64	9	0.447792
116	2	0.0475534
468	9	0.493364
125	16	0.923168
62	16	0.756962
88	6	0.0786778
52	3	0.136982
432	293	0.903247
109	37	0.751679
141	12	0.665329
190	94	0.824815
322	162	0.6356
202	5	0.11311
125	26	0.38833
248	80	0.370053
115	42	0.984751
346	109	0.392589
381	46	0.906499
181	28	0.214055
430	251	0.587039
427	176	0.534382
164	16	0.507629
474	70	0.222065
113	8	0.13332
167	142	0.967243
373	40	0.701443
459	11	0.824212
378	128	0.440142
289	3	0.0703598
189	16	0.113058
410	155	0.49164
81	24	0.938864
113	9	0.151996
485	120	0.796345
425	213	0.605324
470	15	0.069568
446	202	0.737665
385	237	0.967716
258	85	0.798779
68	8	0.271919
366	3	0.811699
372	31	0.656544
233	76	0.421174
305	227	0.827794
391	61	0.907862
487	33	0.344237
461	43	0.386023
127	41	0.688463
490	9	0.0450963
90	49	0.7327
498	129	0.318503
465	0	0.0563222
268	83	0.559544
142	72	0.723573
401	25	0.980177
482	309	0.819361
334	13	0.346449
293	104	0.532063
224	80	0.477975
162	5	0.118486
185	93	0.677865
346	159	0.553062
302	144	0.781545
493	5	0.366346
250	16	0.100814
480	68	0.316196
316	123	0.441947
275	6	0.0288774
207	88	0.545258
228	101	0.454683
301	259	0.885883
433	52	0.747443
359	62	0.257506
143	85	0.626657
497	81	0.314231
403	66	0.361726
459	1	0.0238951
70	14	0.323435
455	35	0.201991
293	14	0.061399
462	43	0.302177
375	225	0.896691
289	79	0.666612
415	239	0.887084
361	216	0.905902
185	89	0.611865
493	216	0.78254
355	53	0.398375
362	288	0.825288
84	5	0.470498
326	10	0.0763808
56	9	0.35151
455	56	0.305396
413	5	0.708976
126	1	0.0567809
102	3	0.298244
107	12	0.137649
188	71	0.466405
394	173	0.541995
418	2	0.292514
188	24	0.350972
360	86	0.573974
401	5	0.329013
210	42	0.510073
376	19	0.299207
400	20	0.252808
288	223	0.85611
318	121	0.740364
258	65	0.549333
269	12	0.0962672
126	7	0.124755
420	49	0.912828
284	6	0.0298356
399	206	0.545352
229	28	0.662122
238	9	0.496677
378	23	0.212527
302	247	0.950006
178	34	0.681046
365	75	0.725008
445	18	0.192431
391	59	0.546354
431	9	0.788721
77	3	0.270006
80	29	0.599433
400	66	0.594874
220	7	0.0475479
178	10	0.411735
112	34	0.731763
232	131	0.61687
128	77	0.739657
258	58	0.790544
126	13	0.672927
299	156	0.542998
344	62	0.329856
261	65	0.615937
448	220	0.755675
402	191	0.718052
94	26	0.296276
394	178	0.57625
54	21	0.414842
386	83	0.549024
154	5	0.0772013
494	58	0.164048
422	5	0.0245879
447	301	0.694034
269	12	0.106833
406	298	0.747776
261	212	0.920196
157	90	0.703057
83	9	0.619376
168	13	0.374972
70	0	0.0432248
274	188	0.958861
157	76	0.674643
492	189	0.940084
495	196	0.606781
194	0	0.964754
417	23	0.130545
470	60	0.260107
168	3	0.20134
410	24	0.714394
119	6	0.738765
435	156	0.637889
375	175	0.973458
298	9	0.392077
77	0	0.179983
276	53	0.535215
213	21	0.529318
81	61	0.979597
216	67	0.380723
499	187	0.532978
169	28	0.44789
174	29	0.601954
334	33	0.171781
93	18	0.359783
480	74	0.184605
450	26	0.543527
152	67	0.96875
74	58	0.969052
152	4	0.0572241
333	152	0.885252
143	35	0.971628
492	101	0.470346
195	77	0.408687
192	79	0.751235
99	25	0.27842
168	10	0.837866
153	5	0.264112
259	21	0.344346
344	2	0.253933
143	30	0.722596
287	20	0.891881
207	34	0.719889
401	208	0.868279
287	5	0.884278
394	55	0.595753
102	2	0.0638412
285	160	0.635344
119	24	0.629296
499	33	0.344557
129	68	0.541261
186	5	0.804998
359	202	0.586945
410	190	0.64777
485	62	0.565484
193	40	0.26143
90	6	0.467737
185	24	0.274969
434	20	0.680122
341	4	0.913722
348	83	0.788595
162	5	0.796836
436	385	0.88978
315	43	0.544173
409	17	0.15671
266	15	0.463455
91	66	0.741769
406	103	0.750099
155	10	0.180315
381	158	0.664905
366	17	0.177698
399	4	0.0842703
59	3	0.236949
471	8	0.855399
233	116	0.688772
192	119	0.669551
393	280	0.820171
477	19	0.603508
421	41	0.821142
438	29	0.709961
341	124	0.854502
320	78	0.675336
170	41	0.317234
478	208	0.720695
469	146	0.625555
466	6	0.0346601
237	19	0.423936
491	199	0.40596
223	99	0.687774
186	30	0.18309
367	0	0.05133
238	65	0.383123
275	48	0.250886
174	51	0.500353
341	312	0.971682
280	7	0.0742319
440	0	0.506066
158	15	0.404817
494	42	0.217221
260	191	0.969122
406	48	0.137015
325	117	0.525394
298	37	0.731217
461	3	0.0410464
335	11	0.3327
160	68	0.879174
209	7	0.0338328
64	12	0.413005
107	18	0.324503
364	101	0.553166
276	98	0.408483
332	67	0.777287
138	14	0.404442
226	20	0.0987286
374	184	0.906548
277	157	0.748186
97	33	0.443611
165	3	0.0269505
409	66	0.928447
457	12	0.399832
346	4	0.0654359
229	98	0.562383
500	218	0.513511
195	34	0.198828
457	5	0.0854226
496	223	0.532732
248	140	0.8331
109	8	0.177197
50	10	0.335146
343	193	0.801929
117	46	0.720489
110	35	0.348119
325	16	0.256378
187	103	0.926258
489	28	0.55356
169	100	0.732458
112	5	0.421476
443	219	0.707801
394	261	0.956618
247	104	0.431094
413	32	0.799188
210	98	0.962456
284	200	0.794091
106	44	0.800456
225	26	0.713711
288	15	0.581271
423	173	0.850917
236	10	0.165162
450	160	0.4319
70	8	0.131582
375	3	0.219848
331	276	0.912868
87	3	0.0668682
386	82	0.247398
286	51	0.509386
248	3	0.312641
258	75	0.966919
472	9	0.0226642
345	149	0.855196
461	24	0.0657234
363	111	0.480744
171	4	0.0649811
178	86	0.501479
300	171	0.690124
65	9	0.18548
289	190	0.731654
246	130	0.573212
316	92	0.788635
77	20	0.319829
219	1	0.103437
324	90	0.681852
330	130	0.888143
268	1	0.092862
204	18	0.343998
171	111	0.978444
408	181	0.705419
352	67	0.763239
451	34	0.756404
391	38	0.111697
390	9	0.40939
390	115	0.951599
174	19	0.482664
198	2	0.662761
309	144	0.721492
301	116	0.866232
457	334	0.873428
72	6	0.135927
87	5	0.541648
379	20	0.212722
64	38	0.939118
213	139	0.706869
396	288	0.974338
322	129	0.462302
341	37	0.36996
437	186	0.610856
254	129	0.588772
75	10	0.717084
449	22	0.154711
394	88	0.309962
99	66	0.729629
308	123	0.570638
430	62	0.16012
399	249	0.880282
245	21	0.43976
64	4	0.682205
89	42	0.541021
78	22	0.300523
385	60	0.210243
386	86	0.523251
453	216	0.711912
377	43	0.664417
238	94	0.883463
284	24	0.123119
102	27	0.886975
222	40	0.571644
110	1	0.0346833
343	40	0.358278
181	15	0.285965
371	5	0.303938
159	0	0.338047
79	17	0.766217
482	63	0.970045
424	84	0.528768
150	31	0.311862
412	96	0.890623
251	144	0.701952
387	129	0.557342
479	110	0.506487
132	34	0.64051
191	109	0.723237
240	40	0.185676
305	1	0.491253
191	30	0.41936
292	69	0.356152
216	1	0.314534
403	124	0.373554
331	42	0.133666
197	26	0.281428
284	150	0.722429
474	31	0.14866
327	22	0.559064
299	127	0.669611
445	400	0.966727
440	373	0.914032
487	282	0.599214
498	374	0.828741
469	28	0.848674
441	4	0.628218
59	15	0.44457
291	1	0.0698934
309	64	0.379271
268	14	0.560445
270	51	0.211229
366	28	0.0839075
376	90	0.287138
387	75	0.281027
387	124	0.737574
104	8	0.898028
138	0	0.453523
303	128	0.712785
51	0	0.0250492
271	148	0.55893
125	16	0.32506
260	44	0.408206
355	9	0.0812865
388	39	0.229969
496	164	0.445693
242	34	0.17408
154	20	0.402263
459	391	0.94316
213	116	0.90151
499	40	0.628378
429	187	0.58842
374	116	0.652304
138	80	0.637736
197	12	0.583577
369	45	0.129348
402	108	0.569145
202	58	0.363437
210	42	0.568874
57	18	0.687484
205	46	0.269815
276	67	0.793153
199	65	0.435551
390	119	0.675966
267	1	0.0903273
267	79	0.644046
233	30	0.358715
407	65	0.359188
166	120	0.742066
291	32	0.607916
254	180	0.819581
401	123	0.808948
148	59	0.510565
295	110	0.453898
74	11	0.319541
428	76	0.732865
438	105	0.307868
435	6	0.0684108
498	115	0.559677
472	168	0.394962
213	62	0.620336
326	18	0.770776
306	117	0.554117
158	65	0.592752
425	66	0.218997
256	10	0.0403702
438	102	0.591657
149	22	0.479604
285	52	0.71826
364	35	0.36828
299	128	0.852179
196	122	0.875406
456	187	0.599985
155	57	0.879051
209	150	0.718527
381	43	0.247084
462	133	0.550016
98	38	0.547259
360	1	0.0136177
222	117	0.554065
311	62	0.258931
58	35	0.849907
292	101	0.658357
296	62	0.636614
157	1	0.631291
423	2	0.0149526
339	24	0.147099
486	58	0.142242
186	29	0.967762
124	14	0.122652
322	57	0.349247
269	195	0.972961
346	58	0.586691
455	57	0.269339
189	40	0.237912
269	73	0.723392
243	13	0.164887
115	66	0.590441
221	45	0.322043
153	60	0.452527
184	11	0.41118
198	12	0.256786
500	14	0.623508
368	110	0.571937
349	165	0.825925
109	19	0.290354
496	366	0.779743
444	197	0.863082
156	22	0.647704
433	167	0.685108
92	49	0.57256
106	15	0.588015
112	5	0.227304
382	290	0.878343
374	100	0.483038
458	170	0.703981
164	17	0.680361
183	18	0.293885
462	9	0.0836411
316	34	0.755113
105	99	0.958491
404	70	0.803629
267	6	0.430934
448	3	0.0240372
378	148	0.914703
191	33	0.251236
366	261	0.890509
479	141	0.695007
231	66	0.702596
340	227	0.849591
56	28	0.865371
280	156	0.940054
311	168	0.604122
447	412	0.956045
310	60	0.224495
466	308	0.904092
480	72	0.750533
186	166	0.985899
137	4	0.0554777
132	8	0.276867
388	214	0.980418
194	7	0.902494
276	20	0.150512
169	116	0.812043
384	244	0.691473
478	302	0.777898
67	23	0.628264
204	73	0.90382
289	5	0.0489689
471	27	0.943867
192	89	0.621248
150	28	0.846781
306	20	0.409308
118	50	0.48819
132	37	0.397975
114	2	0.630953
474	273	0.606365
373	313	0.863306
452	25	0.159858
462	51	0.415081
390	117	0.344932
329	22	0.194613
295	111	0.874374
327	66	0.516305
67	7	0.477693
346	14	0.975364
274	22	0.167088
499	15	0.0769639
327	9	0.0580395
304	13	0.117414
490	106	0.356153
104	29	0.628362
474	9	0.17972
479	123	0.842258
301	39	0.297648
252	176	0.977845
346	86	0.513398
57	1	0.238417
467	0	0.634351
146	8	0.258062
387	39	0.128382
337	68	0.444617
312	133	0.81495
230	49	0.376995
275	178	0.944809
354	96	0.713158
242	26	0.113013
89	10	0.925817
267	171	0.648194
288	10	0.0910573
425	111	0.38627
424	94	0.4033
161	21	0.319438
92	7	0.114267
464	138	0.389764
81	0	0.228124
342	43	0.260007
129	8	0.0902782
276	39	0.310791
162	1	0.360099
262	168	0.943455
111	41	0.406882
227	122	0.649129
207	30	0.14846
266	11	0.407168
365	184	0.868469
136	5	0.507873
74	55	0.833847
295	107	0.455116
468	144	0.941518
387	109	0.858169
348	196	0.731541
186	58	0.492884
441	10	0.825443
110	14	0.163599
52	4	0.506279
403	18	0.563223
54	10	0.484254
118	20	0.782714
126	77	0.834547
78	1	0.328526
165	22	0.310144
161	4	0.0484543
370	10	0.0292224
148	67	0.814699
407	0	0.0214214
472	6	0.0392436
336	123	0.398772
315	1	0.399642
212	20	0.16635
340	148	0.472299
440	266	0.665778
260	56	0.484174
419	180	0.441233
360	204	0.570172
80	17	0.214119
344	181	0.87406
260	138	0.854439
279	5	0.109305
294	143	0.972181
301	110	0.538678
441	305	0.779392
229	151	0.70529
186	107	0.594301
246	22	0.200508
150	121	0.9753
92	71	0.808081
380	28	0.168631
343	36	0.238402
489	325	0.739136
487	25	0.110168
122	61	0.662541
72	19	0.367617
286	167	0.624291
215	6	0.586791
299	16	0.765349
436	92	0.225669
157	60	0.593165
97	56	0.760864
218	15	0.0997091
183	0	0.225004
306	95	0.863092
380	76	0.284727
279	44	0.180415
316	285	0.908922
202	4	0.115901
356	230	0.953896
167	11	0.20248
227	63	0.468365
127	36	0.819083
414	8	0.277016
442	126	0.854261
243	129	0.645943
204	37	0.240393
108	16	0.439453
304	34	0.21701
384	55	0.19068
149	79	0.920895
193	52	0.299291
142	89	0.68781
153	28	0.738264
260	15	0.848065
500	113	0.244393
486	85	0.269648
94	0	0.131041
449	94	0.840928
438	54	0.326385
379	14	0.39132
214	1	0.0104766
191	110	0.817397
173	3	0.0910582
256	49	0.353343
484	77	0.200612
216	81	0.398329
201	187	0.983457
145	112	0.946811
51	20	0.638789
296	161	0.733692
280	156	0.913519
380	136	0.791224
370	66	0.340905
332	43	0.338591
256	24	0.548022
356	9	0.14992
458	192	0.577879
372	292	0.88128
216	44	0.557744
494	164	0.564224
458	262	0.894172
54	8	0.312612
119	74	0.712104
414	257	0.907574
104	0	0.0528232
359	52	0.435655
157	34	0.348935
432	5	0.0165897
269	106	0.987267
170	20	0.144109
261	0	0.582367
81	3	0.339383
318	131	0.781237
52	8	0.476663
290	3	0.683216
479	219	0.607982
399	146	0.610698
81	9	0.163879
362	86	0.593963
422	5	0.0167188
477	23	0.481794
366	47	0.393513
433	109	0.39391
200	110	0.900509
243	157	0.892466
274	110	0.475101
226	36	0.305541
307	136	0.689891
365	133	0.455998
358	106	0.508129
462	334	0.785926
193	87	0.856057
298	112	0.574974
254	3	0.336833
295	1	0.16257
239	0	0.0244463
60	8	0.308142
357	20	0.609055
437	40	0.723686
293	20	0.422063
143	16	0.180383
282	47	0.665241
488	36	0.435631
102	13	0.256878
152	13	0.187225
267	5	0.461849
167	5	0.0489221
246	71	0.948565
324	0	0.0610972
195	16	0.508772
327	153	0.515851
500	30	0.425476
164	36	0.32207
321	193	0.749352
458	80	0.669483
152	3	0.393336
434	31	0.482435
78	21	0.386842
265	23	0.155399
448	1	0.42418
359	151	0.890511
264	9	0.746402
279	41	0.381351
435	237	0.807587
274	134	0.646012
152	6	0.27525
472	74	0.231236
76	18	0.659905
217	39	0.188463
284	97	0.789593
201	63	0.769092
110	33	0.425313
415	5	0.089003
420	157	0.436883
356	76	0.485656
72	19	0.942993
323	237	0.853525
398	189	0.506006
232	96	0.891817
369	242	0.734497
244	5	0.750271
175	79	0.518261
216	29	0.226065
144	47	0.625492
145	52	0.63592
445	52	0.756092
478	247	0.790858
439	112	0.504329
317	143	0.909574
371	18	0.720381
249	4	0.0966608
426	33	0.657892
465	36	0.206271
194	35	0.189862
306	32	0.307052
318	158	0.580432
162	74	0.617473
99	25	0.453192
232	70	0.815839
494	17	0.0731653
90	28	0.84881
134	8	0.22928
375	235	0.674789
466	257	0.832003
118	12	0.891702
402	53	0.320621
411	224	0.630566
417	64	0.755283
274	201	0.833673
248	79	0.806797
83	24	0.565848
391	152	0.753861
54	2	0.813949
217	197	0.961063
299	203	0.891828
238	124	0.755915
365	24	0.129611
282	29	0.249952
112	79	0.826233
276	13	0.218885
174	8	0.466231
401	220	0.619576
155	49	0.349851
301	1	0.0155528
295	139	0.816527
187	4	0.0505046
205	34	0.41926
191	42	0.415925
447	3	0.331831
394	28	0.0801193
430	96	0.795811
225	6	0.0413239
188	45	0.331364
390	59	0.235545
471	8	0.151253
256	34	0.643611
258	59	0.28285
389	37	0.118865
77	25	0.955804
91	34	0.375844
226	53	0.539999
280	59	0.689399
266	148	0.753508
63	12	0.272781
313	22	0.137042
150	12	0.191726
237	24	0.135217
147	127	0.967968
105	27	0.455012
404	255	0.817344
360	54	0.609798
328	38	0.305627
272	11	0.105064
435	54	0.349125
477	22	0.409281
111	3	0.103135
232	127	0.61893
178	54	0.422105
243	162	0.721252
255	75	0.29515
118	49	0.960559
300	44	0.628173
136	30	0.281392
97	25	0.975794
209	7	0.769274
165	84	0.569903
161	119	0.813842
260	3	0.382157
137	18	0.627743
339	10	0.932395
76	45	0.610971
456	134	0.406884
267	7	0.485615
248	3	0.564882
98	18	0.457427
253	10	0.21743
64	29	0.989523
65	11	0.727216
424	84	0.199133
123	36	0.389092
390	160	0.945023
174	9	0.713849
142	115	0.830986
250	70	0.63738
420	251	0.843009
224	24	0.233538
82	78	0.98341
308	41	0.220522
270	71	0.343284
492	3	0.17688
82	46	0.628409
337	246	0.801975
179	1	0.273252
383	35	0.495428
359	76	0.30158
149	42	0.659712
243	104	0.459001
170	104	0.850345
323	108	0.595987
179	33	0.26083
415	39	0.24423
222	65	0.563516
443	16	0.0897958
167	143	0.860084
379	43	0.398597
95	35	0.983724
89	26	0.532573
153	6	0.379022
287	119	0.670618
117	3	0.269182
159	48	0.334303
468	250	0.733521
51	12	0.945635
325	129	0.443065
420	38	0.510388
66	22	0.821938
141	100	0.913018
68	7	0.236867
431	10	0.0512937
332	20	0.0764298
276	90	0.555193
50	25	0.961146
433	101	0.252183
174	61	0.755912
134	35	0.871465
200	78	0.842217
495	200	0.728087
348	115	0.364552
452	136	0.542699
418	17	0.124208
263	111	0.793426
130	1	0.393109
487	107	0.631272
432	119	0.352371
179	23	0.292305
308	1	0.180893
158	3	0.0429538
193	117	0.619351
63	46	0.962294
369	162	0.643326
243	57	0.325759
173	47	0.831694
379	77	0.731002
465	208	0.736555
202	39	0.971951
409	45	0.605247
500	365	0.841532
281	49	0.451801
252	3	0.54656
251	26	0.374344
249	80	0.861748
263	169	0.725212
429	332	0.859331
470	1	0.0183766
281	65	0.433789
487	174	0.781482
226	21	0.386154
297	142	0.978187
377	18	0.0527978
262	164	0.717695
409	56	0.258804
348	52	0.547492
241	7	0.802164
57	2	0.0439345
67	10	0.280191
462	107	0.394861
408	164	0.514996
200	7	0.0426846
426	231	0.921728
59	0	0.326168
451	119	0.323929
181	39	0.221188
420	86	0.806086
75	10	0.580942
118	12	0.663584
324	131	0.489702
281	101	0.615343
485	45	0.856163
103	33	0.804196
329	36	0.211506
374	78	0.300387
134	74	0.616657
359	98	0.700647
281	134	0.562845
140	7	0.0611876
408	42	0.287852
481	105	0.355417
363	128	0.600171
145	41	0.433143
171	8	0.0687883
209	4	0.236827
102	27	0.531488
321	276	0.937516
161	101	0.657631
252	28	0.195925
448	183	0.477233
421	11	0.981546
215	44	0.78549
384	95	0.395529
416	140	0.516726
485	302	0.700758
426	214	0.814367
257	77	0.611387
249	81	0.978525
101	4	0.0418581
358	188	0.593227
283	102	0.84014
154	58	0.616611
492	80	0.211183
54	44	0.872027
400	12	0.0738931
121	1	0.116145
72	47	0.748716
308	0	0.0887635
243	55	0.23619
56	6	0.357493
399	112	0.470532
352	86	0.356045
442	78	0.299836
422	125	0.623037
138	5	0.654952
186	55	0.324375
100	3	0.0450822
100	18	0.42977
327	83	0.631519
289	167	0.742396
126	15	0.154757
310	59	0.892921
345	68	0.284021
243	23	0.527099
161	46	0.541874
119	41	0.57425
76	14	0.578306
262	28	0.301322
224	110	0.747002
288	123	0.79371
430	48	0.20972
313	44	0.148528
127	16	0.156686
88	25	0.556139
454	70	0.300626
436	5	0.212917
373	6	0.205392
293	108	0.445811
345	13	0.241889
442	56	0.526017
320	108	0.783894
308	34	0.207584
164	56	0.618751
364	12	0.0946674
128	37	0.526642
492	4	0.350135
379	1	0.176464
63	54	0.886543
498	103	0.411929
87	20	0.269237
252	74	0.438018
359	227	0.66109
137	20	0.147502
288	77	0.658025
472	7	0.147514
424	69	0.56905
430	109	0.982596
345	68	0.372361
325	40	0.129035
332	7	0.0299914
352	25	0.239032
161	14	0.167251
200	82	0.556887
450	90	0.415321
240	94	0.959143
137	12	0.594156
103	48	0.756045
287	78	0.710434
219	14	0.600672
396	307	0.956788
82	18	0.484035
408	22	0.0656218
74	42	0.665937
141	62	0.478111
493	90	0.38767
409	342	0.84997
307	139	0.774185
373	24	0.189591
148	34	0.854637
399	49	0.347067
287	154	0.579716
105	4	0.059333
254	24	0.520202
365	55	0.459637
160	12	0.253954
191	1	0.118355
366	112	0.689981
219	10	0.412521
368	10	0.681045
278	77	0.631974
249	19	0.824201
406	86	0.310728
346	49	0.325668
387	61	0.696958
180	2	0.247483
89	0	0.0160229
392	18	0.246619
110	56	0.886217
78	13	0.175526
66	16	0.941214
123	95	0.817718
441	98	0.984057
68	5	0.62857
305	185	0.719997
404	0	0.132056
331	284	0.879352
492	29	0.26402
130	16	0.409613
376	168	0.494673
197	13	0.230173
410	216	0.568042
379	173	0.629131
201	34	0.174722
285	29	0.498811
410	11	0.862285
373	177	0.564096
85	18	0.77942
381	8	0.14336
127	33	0.325985
80	35	0.442212
467	69	0.269082
445	16	0.104094
458	27	0.621902
460	7	0.642316
113	38	0.560419
342	33	0.842814
273	7	0.704043
138	12	0.166513
396	66	0.863544
298	116	0.76688
144	65	0.880752
114	34	0.381877
54	5	0.958877
332	37	0.784726
383	180	0.697147
292	126	0.440406
480	92	0.38284
249	89	0.878741
379	126	0.340152
210	47	0.359068
493	228	0.581492
352	186	0.789695
421	78	0.202622
231	45	0.42194
210	19	0.132269
108	35	0.72966
124	46	0.845302
62	2	0.0486973
231	124	0.608056
390	0	0.0125324
128	30	0.33331
342	53	0.644573
496	171	0.878872
116	40	0.817507
313	92	0.513376
164	65	0.558977
245	84	0.494195
354	40	0.699682
209	66	0.582915
188	11	0.373808
284	30	0.223292
129	81	0.705803
485	83	0.702775
335	143	0.919736
50	22	0.676987
326	15	0.112085
467	324	0.857857
226	97	0.562173
187	32	0.79097
205	38	0.211273
449	247	0.579485
362	169	0.778662
50	31	0.657771
135	70	0.862452
382	62	0.255051
85	27	0.652929
347	128	0.46735
140	2	0.134983
442	70	0.902582
188	133	0.878917
160	30	0.685438
71	33	0.500131
327	142	0.538948
241	7	0.811903
266	27	0.337718
491	204	0.452533
383	122	0.813324
370	21	0.251746
72	5	0.803958
292	47	0.810334
475	248	0.864119
198	27	0.144973
316	226	0.95763
78	30	0.89922
459	215	0.623933
123	15	0.206198
393	17	0.0746891
215	161	0.838743
392	11	0.0286285
330	4	0.0123624
207	15	0.60295
301	82	0.732814
266	94	0.534235
72	5	0.607897
149	4	0.0356257
484	100	0.261317
95	0	0.116637
123	68	0.807881
356	21	0.714936
378	34	0.564706
205	40	0.378846
336	16	0.0530601
176	67	0.714239
495	30	0.0612415
480	31	0.206386
267	44	0.385945
184	30	0.553277
350	3	0.473937
317	219	0.833837
304	17	0.122512
462	28	0.475362
443	47	0.409453
196	4	0.0670566
300	10	0.189677
362	160	0.6261
430	281	0.7228
412	236	0.749575
137	81	0.690031
218	6	0.0296308
219	115	0.919652
199	112	0.903234
111	26	0.252285
441	103	0.81496
466	41	0.120606
294	55	0.219071
289	37	0.206318
497	344	0.778449
180	65	0.551628
410	110	0.639864
246	49	0.708069
415	63	0.955515
214	7	0.0362014
319	120	0.506295
127	98	0.83756
271	38	0.939016
269	114	0.505806
97	44	0.561081
144	50	0.822329
492	48	0.700321
480	197	0.678229
499	86	0.710966
348	30	0.48279
412	15	0.231497
486	50	0.206726
114	27	0.670389
193	114	0.679809
224	68	0.823845
53	13	0.469344
406	227	0.847545
224	75	0.503263
285	111	0.477905
495	15	0.248424
227	72	0.849995
110	40	0.797
261	138	0.885005
355	195	0.780453
216	38	0.440354
318	183	0.981395
456	70	0.236907
215	54	0.453695
496	356	0.813688
90	33	0.445897
140	10	0.347539
109	88	0.919257
270	23	0.144424
422	354	0.878957
94	5	0.278107
342	118	0.659244
287	95	0.470718
443	70	0.887321
190	33	0.26596
54	12	0.233043
237	39	0.250244
102	36	0.359
157	20	0.142756
366	9	0.0299212
444	0	0.0757525
306	209	0.749982
287	18	0.0763467
236	30	0.378814
51	8	0.46204
218	63	0.375978
313	145	0.468519
482	219	0.962207
318	0	0.719205
83	1	0.50764
75	29	0.586215
426	94	0.663117
458	18	0.807965
331	38	0.68579
281	18	0.212297
301	23	0.300211
67	24	0.95769
215	44	0.275655
389	29	0.345119
466	115	0.680238
127	1	0.0672406
199	50	0.345036
100	0	0.526238
216	109	0.982286
137	47	0.441042
458	82	0.282788
112	24	0.367319
355	2	0.0707422
216	7	0.465699
437	34	0.168952
378	111	0.557921
232	141	0.652326
408	145	0.465991
141	0	0.0354486
198	67	0.61903
74	21	0.715366
235	20	0.319236
371	182	0.836719
248	144	0.660581
441	116	0.685932
356	0	0.114818
413	9	0.0303461
358	199	0.910079
415	65	0.788222
323	159	0.682553
410	130	0.592278
196	126	0.726515
353	235	0.809117
272	6	0.344523
276	15	0.0713396
383	153	0.711351
274	23	0.20033
433	70	0.236752
412	148	0.730053
180	22	0.780953
137	66	0.727172
495	106	0.304261
270	140	0.604716
300	160	0.545721
487	14	0.139963
365	145	0.658259
450	212	0.769123
352	73	0.907583
467	75	0.620866
322	108	0.89065
251	88	0.5343
260	84	0.868823
316	56	0.37491
364	20	0.386969
67	2	0.170848
283	95	0.593758
434	104	0.626866
402	151	0.470922
393	120	0.593586
405	61	0.44401
363	1	0.894832
115	87	0.901186
80	5	0.67734
340	239	0.837077
122	109	0.898351
440	99	0.264446
288	46	0.946475
358	181	0.564333
442	44	0.201739
248	1	0.363567
103	41	0.731132
332	66	0.278296
257	64	0.57081
208	14	0.97006
306	61	0.456881
489	120	0.267317
404	161	0.980865
325	187	0.697847
444	105	0.407238
428	162	0.529083
52	7	0.423368
389	49	0.266006
494	170	0.405728
288	114	0.605851
177	90	0.532716
308	43	0.549455
272	82	0.400836
94	7	0.208423
225	27	0.212745
490	106	0.238039
285	22	0.336148
70	5	0.443135
196	18	0.191339
492	99	0.323324
369	141	0.413241
263	49	0.226614
465	62	0.575762
179	73	0.596326
277	2	0.0390144
107	18	0.789943
426	77	0.319412
225	35	0.734171
248	55	0.809417
85	0	0.0957101
489	38	0.116653
308	55	0.4471
305	14	0.871113
264	85	0.608722
174	1	0.1103
160	13	0.980861
253	65	0.383575
418	222	0.559548
372	75	0.542228
436	122	0.654946
58	5	0.188521
349	60	0.245067
106	18	0.380375
210	103	0.826598
389	23	0.149209
411	9	0.209516
286	6	0.416726
276	45	0.586732
245	98	0.52918
175	60	0.366392
243	51	0.495359
310	87	0.852889
339	69	0.972958
114	39	0.360626
163	30	0.252607
292	17	0.458907
254	4	0.814452
85	1	0.0248615
195	11	0.201007
154	44	0.45199
354	154	0.57225
176	146	0.931072
367	33	0.115527
395	0	0.226596
370	112	0.911699
175	55	0.869879
56	14	0.677021
407	297	0.750137
417	132	0.403471
469	6	0.358934
414	15	0.30876
418	200	0.989752
425	303	0.858275
129	74	0.945649
52	28	0.582747
415	7	0.0707288
154	55	0.471712
100	1	0.0119136
248	36	0.262948
63	31	0.705775
500	241	0.599179
479	192	0.524966
247	100	0.868651
290	107	0.53584
365	57	0.715236
100	6	0.486767
320	81	0.609909
148	35	0.308281
143	11	0.107637
114	17	0.170374
400	171	0.888847
456	77	0.947771
106	2	0.114902
92	18	0.338637
380	36	0.610963
128	70	0.576332
123	40	0.837111
90	24	0.34419
419	2	0.126235
106	11	0.126596
121	9	0.228622
176	150	0.970413
216	9	0.645017
338	4	0.0524248
102	0	0.120328
171	0	0.0247605
146	19	0.234499
337	141	0.535732
164	13	0.433219
172	0	0.365423
325	44	0.691125
417	62	0.278566
402	98	0.367771
156	22	0.360136
71	1	0.100078
94	21	0.231813
289	7	0.0388465
448	156	0.837135
384	280	0.916897
399	301	0.815988
306	37	0.234371
176	32	0.768209
168	15	0.0914866
422	285	0.851225
116	44	0.938255
404	45	0.929939
109	9	0.653006
427	11	0.113766
348	23	0.0684567
236	116	0.800099
166	72	0.441718
118	22	0.430324
101	38	0.877308
364	239	0.698053
82	1	0.0997644
191	29	0.250463
447	25	0.685385
300	4	0.739058
338	19	0.182348
449	25	0.0626329
137	0	0.898746
68	7	0.191867
224	1	0.0125335
447	79	0.177402
53	1	0.0682982
106	17	0.259025
419	64	0.782624
209	1	0.0130477
78	51	0.791871
410	26	0.110062
420	3	0.0116244
256	5	0.0307786
463	49	0.13905
244	8	0.0928303
353	30	0.450585
188	12	0.350904
340	121	0.454597
122	17	0.688666
115	17	0.167987
409	97	0.896101
320	108	0.884531
135	19	0.323553
327	4	0.0280188
390	171	0.462057
148	5	0.0460398
232	11	0.321069
476	207	0.680113
159	5	0.0323314
377	10	0.629327
381	89	0.356246
68	13	0.501403
420	294	0.863081
92	3	0.0368609
118	21	0.586805
86	76	0.98001
292	144	0.745463
341	160	0.611415
153	19	0.179235
118	24	0.528031
343	159	0.603582
188	30	0.317545
168	19	0.662147
121	12	0.709057
394	86	0.368315
61	18	0.963669
448	16	0.216869
100	86	0.880667
401	29	0.137942
328	67	0.386083
304	3	0.0106525
272	4	0.365037
191	59	0.485109
231	39	0.416839
327	83	0.538481
210	13	0.0702441
338	34	0.419385
107	10	0.146252
422	143	0.348482
311	41	0.306766
104	15	0.38026
310	42	0.420504
343	106	0.939273
254	99	0.395904
339	55	0.6195
215	49	0.951712
108	15	0.571938
423	226	0.55073
448	172	0.656271
100	1	0.0742922
320	2	0.60954
195	173	0.944187
119	12	0.262295
439	42	0.598601
174	69	0.775564
409	10	0.0362855
198	21	0.610439
256	11	0.0539642
484	173	0.576656
337	34	0.348886
335	228	0.916787
54	26	0.73047
251	56	0.575328
411	3	0.0230261
310	50	0.560787
385	15	0.129013
102	78	0.807938
148	1	0.017531
178	54	0.365116
303	20	0.772736
69	43	0.70827
392	9	0.230757
160	3	0.678479
421	8	0.142198
205	14	0.101144
218	39	0.430922
469	175	0.389689
192	14	0.114272
93	5	0.295506
323	14	0.163449
82	6	0.763024
175	17	0.266227
146	29	0.382275
441	141	0.642085
62	1	0.140524
302	197	0.856913
224	45	0.275967
289	21	0.0888882
433	141	0.543902
223	74	0.74287
145	15	0.207337
150	45	0.80417
299	26	0.659275
284	114	0.823523
358	13	0.451597
383	92	0.70183
332	284	0.921232
292	24	0.206026
105	19	0.343126
433	3	0.046429
184	2	0.162914
292	223	0.957334
277	56	0.802529
419	33	0.429238
260	26	0.878963
328	207	0.946709
175	131	0.880651
472	21	0.0499216
341	29	0.380954
227	9	0.376494
245	4	0.801137
418	7	0.0646124
93	1	0.125024
421	79	0.490052
105	29	0.842106
233	86	0.574251
465	8	0.181968
178	41	0.404783
463	141	0.853773
65	34	0.716676
438	209	0.767556
363	126	0.39928
299	277	0.974928
59	11	0.391612
242	147	0.643325
268	26	0.741213
428	42	0.63423
345	314	0.975035
315	93	0.695974
209	33	0.239785
478	66	0.752161
170	56	0.539503
354	127	0.882722
476	102	0.619303
184	19	0.227101
435	35	0.174007
379	283	0.869866
356	3	0.0719183
77	13	0.989233
197	107	0.807263
187	17	0.0921816
430	24	0.221369
312	57	0.453612
340	109	0.773544
89	8	0.880967
296	157	0.632768
355	42	0.256751
364	13	0.252456
78	22	0.3672
277	53	0.732773
463	79	0.192878
121	9	0.177815
79	23	0.517967
206	99	0.957595
308	225	0.810246
376	194	0.631058
379	91	0.240491
270	90	0.806679
146	37	0.518725
113	19	0.411837
413	55	0.579342
203	27	0.897318
67	4	0.700792
92	62	0.906649
91	60	0.759318
478	33	0.384316
381	88	0.635862
274	47	0.648455
55	14	0.785475
325	56	0.341098
63	4	0.241425
413	36	0.0949066
119	22	0.195963
324	109	0.86298
422	110	0.737967
86	2	0.0556761
432	207	0.744861
110	27	0.465957
139	42	0.614552
63	5	0.175849
467	52	0.976118
341	88	0.473539
449	129	0.731297
76	20	0.275085
295	36	0.330844
333	19	0.16194
140	67	0.861098
250	101	0.5493
297	232	0.801134
313	153	0.578764
196	54	0.835322
462	4	0.0708942
495	69	0.194294
160	2	0.650297
168	2	0.0828019
439	34	0.408473
189	86	0.609443
284	211	0.791261
355	71	0.730827
284	183	0.8489
403	133	0.880794
129	19	0.258953
320	1	0.127608
96	44	0.649951
186	13	0.0909502
442	32	0.279443
76	10	0.197804
98	38	0.802887
100	57	0.594712
109	3	0.140006
58	16	0.500229
442	7	0.0779798
63	16	0.716317
294	0	0.0302908
295	7	0.0881656
149	112	0.815684
458	40	0.183345
267	125	0.682035
424	5	0.639364
495	42	0.29191
66	14	0.862525
89	6	0.0749966
318	85	0.500243
161	5	0.14363
350	143	0.46627
387	24	0.167042
442	312	0.743973
50	8	0.251364
493	181	0.407947
293	20	0.331758
493	183	0.954503
158	58	0.6945
110	38	0.37911
446	159	0.612929
492	123	0.511034
279	49	0.22678
129	41	0.627895
315	28	0.946646
71	10	0.801963
162	119	0.905077
315	11	0.480901
279	36	0.54843
350	277	0.978142
380	3	0.268213
66	26	0.839727
129	11	0.173278
285	0	0.0780124
484	94	0.512779
119	26	0.872627
421	0	0.0118224
479	28	0.702471
408	142	0.895026
319	44	0.28456
111	56	0.68695
410	281	0.879907
211	112	0.758878
268	10	0.0725307
217	199	0.930228
135	27	0.656094
342	99	0.734238
183	118	0.819111
500	9	0.566675
261	19	0.79763
86	5	0.658701
376	6	0.178305
239	15	0.158456
113	3	0.18215
333	264	0.889728
79	34	0.54661
423	72	0.660142
72	3	0.543519
242	129	0.587708
351	9	0.111625
70	4	0.477393
162	8	0.32256
55	15	0.58972
430	104	0.771645
262	64	0.409841
154	9	0.613682
420	1	0.759408
301	10	0.0514775
110	30	0.636402
319	79	0.382369
96	0	0.093163
312	170	0.86224
286	24	0.125629
94	23	0.575126
152	74	0.550122
309	28	0.420905
459	27	0.0592556
336	175	0.652152
333	3	0.0854663
301	10	0.102754
376	69	0.971402
307	87	0.894111
182	14	0.12247
77	2	0.0271623
290	50	0.795454
96	10	0.381725
362	124	0.418345
71	44	0.640218
492	158	0.370409
251	18	0.51739
94	5	0.0926513
402	86	0.262472
443	226	0.590017
385	275	0.960868
343	27	0.0892737
226	139	0.799
215	77	0.412306
170	15	0.868035
51	2	0.480047
139	63	0.81178
154	3	0.0211707
132	83	0.740483
184	45	0.270427
268	51	0.385499
213	60	0.297938
472	217	0.501895
197	46	0.908845
196	3	0.0807665
149	66	0.951028
207	27	0.581668
298	82	0.851048
236	65	0.291782
358	276	0.859725
318	19	0.242742
74	49	0.913869
396	37	0.865037
408	221	0.960273
127	21	0.455781
412	77	0.631863
465	20	0.276838
92	2	0.216509
337	164	0.642434
460	80	0.536325
383	10	0.0891933
71	8	0.699587
476	118	0.455202
472	118	0.692082
423	170	0.613217
428	81	0.525262
441	1	0.125074
277	33	0.610847
268	81	0.589923
175	23	0.162412
106	4	0.249965
291	12	0.172104
320	267	0.957754
328	8	0.874492
309	16	0.0946132
55	2	0.13853
237	5	0.0310167
433	62	0.560593
476	62	0.308517
96	31	0.549265
439	51	0.448001
229	48	0.58727
487	50	0.362862
139	38	0.55076
456	43	0.173551
442	167	0.531993
303	60	0.452069
64	1	0.221231
472	7	0.307191
498	88	0.245136
290	34	0.624212
137	16	0.186373
481	67	0.751339
189	28	0.637394
262	73	0.55779
187	8	0.302074
386	5	0.0306203
323	162	0.872948
333	198	0.955698
223	81	0.980185
398	168	0.633911
70	39	0.608285
450	4	0.335686
64	9	0.191762
177	23	0.541402
389	46	0.192393
477	323	0.825983
406	35	0.376732
93	19	0.427291
244	34	0.664609
469	6	0.567854
255	26	0.25276
284	45	0.56777
308	188	0.93329
360	131	0.82895
240	18	0.238231
441	19	0.0538673
419	13	0.0725785
359	42	0.659577
106	4	0.0977348
101	19	0.814379
476	45	0.22158
219	85	0.93773
364	113	0.502969
172	21	0.742943
411	156	0.400829
106	12	0.149614
97	77	0.862807
443	88	0.308972
209	0	0.529542
336	21	0.728912
333	107	0.73451
91	15	0.742049
208	46	0.596389
108	1	0.74614
258	1	0.133036
283	98	0.404606
474	138	0.330018
426	0	0.785515
83	32	0.851402
460	80	0.850019
459	32	0.0728303
178	33	0.755013
369	43	0.166005
319	261	0.839219
482	81	0.346388
317	159	0.913747
291	32	0.449401
89	24	0.466164
382	29	0.337389
377	176	0.754782
475	164	0.753152
363	76	0.290897
102	18	0.60085
347	240	0.885457
341	36	0.228202
246	82	0.895438
413	230	0.782159
227	143	0.839488
295	3	0.18343
61	22	0.371313
274	36	0.280241
63	7	0.157995
495	72	0.458067
72	7	0.164822
441	49	0.712447
149	0	0.252685
208	11	0.0663862
55	7	0.138873
346	68	0.967389
72	4	0.345651
217	38	0.409168
458	52	0.624851
358	19	0.677381
488	131	0.759327
500	31	0.901442
99	14	0.663949
200	11	0.0591367
172	89	0.80096
213	3	0.0754928
57	19	0.972332
81	8	0.124923
284	126	0.895028
299	67	0.374885
207	12	0.120274
123	5	0.744469
414	26	0.102419
176	17	0.435964
376	305	0.903476
272	58	0.25136
271	93	0.45979
169	10	0.0766999
259	85	0.410779
170	28	0.430665
470	305	0.703555
347	205	0.724238
173	63	0.439835
136	19	0.44133
229	16	0.210376
82	26	0.722169
332	229	0.865464
186	58	0.369493
381	22	0.522132
272	181	0.798897
381	4	0.474251
194	156	0.833277
406	353	0.948674
339	50	0.413974
496	60	0.417866
393	30	0.863001
448	0	0.550238
176	15	0.526291
350	99	0.547845
172	34	0.61127
224	13	0.0803536
235	0	0.120127
384	189	0.561147
56	15	0.353937
94	63	0.904258
382	20	0.514414
460	226	0.641429
212	2	0.161257
241	92	0.679788
473	10	0.0476395
75	48	0.648162
66	10	0.478732
337	6	0.664502
330	133	0.667397
132	10	0.170902
181	117	0.655241
154	23	0.437501
442	7	0.817405
183	11	0.0608885
193	39	0.277899
448	5	0.0718098
203	57	0.880699
327	6	0.488034
244	89	0.825383
462	147	0.374723
219	12	0.584811
168	70	0.717912
64	5	0.0893983
83	3	0.0388611
72	23	0.967563
129	35	0.319544
323	178	0.977177
459	115	0.799516
115	53	0.637052
422	214	0.880239
354	9	0.0349353
221	30	0.974406
396	8	0.0720811
86	23	0.669156
383	44	0.125821
448	39	0.438784
57	1	0.0218816
187	108	0.618776
268	54	0.208487
203	1	0.143919
149	2	0.113559
469	144	0.425786
264	83	0.916807
307	76	0.832987
320	39	0.488634
223	16	0.144728
415	5	0.0173567
350	86	0.847842
411	48	0.185934
382	88	0.283321
196	28	0.248826
325	38	0.264329
434	365	0.957719
117	11	0.219228
382	79	0.211056
287	2	0.0980755
449	24	0.173491
85	34	0.973152
52	22	0.920496
158	99	0.915555
442	187	0.427961
455	77	0.197795
407	135	0.356948
159	45	0.309233
309	91	0.637173
406	117	0.882763
310	26	0.980964
430	286	0.80968
285	126	0.774814
92	5	0.686571
280	35	0.895172
257	221	0.911259
278	23	0.343706
224	75	0.336316
205	25	0.600134
63	36	0.810357
369	21	0.409583
275	7	0.893877
425	41	0.579252
203	116	0.767466
80	26	0.862779
126	103	0.826637
174	1	0.0333843
56	16	0.500912
387	32	0.103724
198	111	0.597471
282	31	0.188783
380	4	0.0437022
492	75	0.444712
416	246	0.952658
345	23	0.261473
210	67	0.74676
392	110	0.360158
498	20	0.109751
295	90	0.324017
284	162	0.590764
301	157	0.707561
152	10	0.41696
487	78	0.283567
306	14	0.0565834
491	4	0.655706
339	15	0.399397
225	5	0.158706
436	207	0.614964
214	33	0.422145
340	10	0.658953
320	16	0.678975
295	69	0.649001
143	74	0.961344
234	45	0.198699
225	55	0.557711
326	64	0.273211
174	1	0.702305
479	211	0.913953
99	22	0.268105
463	17	0.0768126
187	16	0.284565
217	14	0.281536
347	87	0.280344
400	148	0.44352
162	51	0.446694
54	3	0.151003
324	183	0.958072
333	99	0.674198
160	44	0.372076
212	3	0.143229
60	3	0.266488
192	26	0.604994
249	117	0.920021
351	31	0.194507
318	34	0.617413
161	58	0.547212
398	148	0.862724
399	107	0.94106
499	374	0.839282
369	27	0.0872075
482	317	0.811669
177	23	0.455125
320	76	0.377162
188	150	0.850804
179	74	0.418516
268	100	0.466925
192	14	0.911859
387	22	0.0574397
381	124	0.5308
325	37	0.147601
221	79	0.576052
82	60	0.809458
198	4	0.0366665
308	140	0.704403
217	3	0.602265
211	53	0.593776
416	94	0.280565
132	1	0.0115324
243	83	0.439013
85	3	0.518449
302	283	0.968067
120	18	0.216045
347	2	0.731529
406	86	0.939768
380	10	0.122389
310	66	0.269728
61	1	0.0237714
101	1	0.315694
395	0	0.168014
310	162	0.899311
478	240	0.789525
142	19	0.767742
257	69	0.730553
98	44	0.528907
103	3	0.28207
150	98	0.892683
259	20	0.665966
111	39	0.794078
67	4	0.832515
447	18	0.269526
373	107	0.492477
92	36	0.924327
364	62	0.21249
185	6	0.759972
305	67	0.469897
189	163	0.869611
457	263	0.858124
166	96	0.884886
138	18	0.799328
191	66	0.487981
126	11	0.158517
169	126	0.753988
181	9	0.525964
196	3	0.63554
455	53	0.245131
135	19	0.157063
184	28	0.948681
77	12	0.717018
267	203	0.857082
247	70	0.694572
193	9	0.084152
255	3	0.0209939
430	127	0.460417
75	14	0.205142
339	82	0.440661
61	30	0.663993
219	35	0.813001
416	42	0.263882
257	45	0.260668
309	10	0.156139
198	32	0.901693
245	67	0.841119
236	102	0.672053
409	39	0.263011
386	213	0.619215
134	0	0.0493556
125	103	0.974453
307	124	0.625092
315	107	0.528074
114	13	0.829942
142	12	0.686598
340	33	0.526686
139	46	0.557566
286	0	0.0367619
409	29	0.341554
383	26	0.643586
366	10	0.0527985
93	17	0.749967
50	14	0.74594
456	12	0.521857
412	95	0.442691
375	15	0.166894
174	37	0.534756
156	1	0.0290245
51	5	0.979829
117	12	0.951618
143	14	0.136961
461	95	0.297237
389	16	0.899748
422	46	0.605143
471	67	0.977996
70	12	0.251669
423	205	0.523246
396	25	0.32362
191	37	0.274108
270	3	0.186515
169	68	0.491855
260	120	0.862397
58	32	0.559877
308	116	0.522592
137	34	0.801583
454	27	0.199279
206	1	0.0146205
167	151	0.988391
312	153	0.881683
148	75	0.649913
67	25	0.578229
335	66	0.891475
172	72	0.572228
337	302	0.930952
149	8	0.0791348
283	21	0.131631
273	21	0.268341
293	37	0.142511
124	52	0.53516
284	63	0.236455
439	151	0.788219
337	56	0.494205
139	5	0.377433
226	14	0.898775
445	284	0.875278
162	3	0.114865
360	61	0.956171
413	35	0.200207
491	93	0.320219
209	68	0.593848
372	152	0.539182
450	65	0.253109
271	94	0.580127
458	187	0.894212
127	13	0.345128
487	123	0.470758
60	6	0.275046
160	6	0.701118
482	117	0.305587
326	128	0.776221
447	5	0.13934
107	15	0.778124
157	77	0.799164
357	45	0.173097
443	3	0.155264
154	22	0.968312
87	5	0.0779861
480	197	0.713049
119	7	0.0752737
371	15	0.0454143
434	51	0.629408
114	47	0.464566
441	26	0.743751
232	1	0.420625
272	53	0.244491
136	61	0.551494
481	159	0.435178
184	165	0.972167
362	68	0.447129
102	13	0.896373
95	6	0.638676
306	93	0.937315
56	9	0.595986
105	7	0.481949
406	58	0.709338
196	11	0.134466
357	11	0.0813333
164	122	0.785593
186	4	0.220666
295	26	0.33366
406	96	0.788728
490	45	0.968603
232	83	0.56479
245	150	0.816675
460	168	0.91317
302	169	0.63761
339	222	0.704356
376	81	0.451702
271	0	0.0465773
323	178	0.752955
367	22	0.138286
495	31	0.228232
120	1	0.139099
159	22	0.187315
438	240	0.682846
118	7	0.220249
143	79	0.931588
120	34	0.730651
350	34	0.610841
356	3	0.0208473
487	114	0.340108
338	13	0.128218
421	126	0.320456
93	8	0.104702
195	45	0.436086
226	5	0.0934686
82	13	0.210262
173	87	0.682709
98	23	0.675936
273	125	0.95359
289	50	0.405497
259	6	0.0376361
404	153	0.844037
96	33	0.359666
207	106	0.79672
76	30	0.772133
440	0	0.0109917
323	2	0.0132019
120	6	0.610094
191	64	0.701699
346	219	0.846971
446	95	0.645099
304	282	0.946818
267	32	0.262827
197	5	0.0285669
126	4	0.574535
404	124	0.563881
373	72	0.813641
199	32	0.336796
132	42	0.821794
447	308	0.976284
150	23	0.390408
295	49	0.783669
273	13	0.0812764
100	56	0.567915
353	2	0.176345
327	86	0.68732
333	229	0.986628
235	177	0.906335
416	69	0.403282
152	14	0.970683
363	6	0.0389866
118	37	0.74216
457	190	0.961779
65	60	0.932326
473	98	0.524309
310	58	0.187098
76	57	0.869002
155	17	0.51255
333	225	0.779848
302	121	0.753905
431	126	0.492823
171	8	0.0612957
323	198	0.802145
227	1	0.812929
219	51	0.928414
496	17	0.295225
161	28	0.23519
460	118	0.594207
403	131	0.795009
74	10	0.136007
464	86	0.738174
490	157	0.733227
383	43	0.121288
106	82	0.835166
410	71	0.198
185	16	0.617598
65	8	0.776385
209	3	0.225715
256	22	0.922468
263	10	0.102036
371	189	0.835501
386	137	0.708452
394	84	0.223167
197	46	0.396022
430	3	0.471079
291	3	0.758901
439	311	0.892219
358	163	0.517862
396	28	0.120846
110	88	0.841175
475	95	0.362894
357	270	0.953729
94	4	0.847432
473	7	0.100835
293	9	0.148587
147	50	0.439211
86	43	0.507215
235	1	0.203327
187	133	0.885341
385	15	0.213172
336	122	0.852766
396	80	0.918051
468	252	0.759453
301	226	0.921051
364	116	0.357949
290	193	0.669174
336	0	0.173205
394	0	0.820013
350	12	0.0354493
202	144	0.875877
385	38	0.209363
160	8	0.987888
474	295	0.969031
262	10	0.343549
384	16	0.921993
229	68	0.454434
102	71	0.713174
324	163	0.657617
398	40	0.781795
310	101	0.467243
382	208	0.575682
121	19	0.374787
90	22	0.487115
251	11	0.0591911
269	108	0.772957
419	149	0.888155
95	29	0.605999
338	121	0.399502
189	2	0.253097
226	12	0.0610609
277	57	0.214652
367	183	0.775826
97	63	0.822981
147	65	0.607339
128	18	0.418082
317	63	0.76254
377	22	0.281757
288	5	0.0419497
59	40	0.83697
264	136	0.551553
234	8	0.186768
309	48	0.309927
411	15	0.0940971
207	3	0.327422
261	117	0.747004
98	54	0.573406
264	6	0.146258
383	150	0.83187
68	13	0.402975
374	46	0.238044
301	69	0.374514
194	32	0.204785
409	218	0.966106
170	39	0.229999
149	25	0.684718
284	102	0.40651
344	27	0.470245
57	42	0.897537
489	115	0.462143
411	189	0.702623
398	124	0.674003
399	140	0.645463
154	1	0.698405
262	91	0.421756
409	40	0.32402
411	51	0.581795
102	11	0.425906
362	95	0.737968
458	10	0.0870125
50	34	0.945353
468	9	0.0562722
268	14	0.177705
352	20	0.12707
144	9	0.0820757
64	5	0.211371
477	0	0.0505043
55	3	0.07634
323	89	0.300624
220	16	0.195795
353	204	0.807207
423	39	0.397997
295	93	0.618791
256	106	0.49665
472	272	0.699422
131	32	0.2517
106	4	0.24931
341	1	0.0451537
466	405	0.942872
462	149	0.392307
255	127	0.797107
73	0	0.271029
56	3	0.675797
434	97	0.404886
486	164	0.520044
335	69	0.287831
395	32	0.266587
236	8	0.823639
256	0	0.229872
459	44	0.272807
225	23	0.232243
288	235	0.979134
321	12	0.0468892
452	68	0.169544
463	128	0.306571
310	124	0.945104
465	83	0.649065
191	3	0.3085
361	18	0.960887
189	64	0.652237
371	52	0.189144
232	7	0.112441
64	14	0.418271
295	119	0.789984
473	211	0.844336
427	51	0.734785
299	57	0.594422
118	16	0.171732
326	32	0.719354
146	22	0.372559
467	113	0.493324
228	24	0.223221
99	18	0.369061
192	89	0.965563
375	145	0.49861
117	5	0.0487994
500	145	0.817702
447	17	0.684572
407	22	0.0723336
159	138	0.894958
219	67	0.438081
197	30	0.191402
301	25	0.612434
306	116	0.537054
291	1	0.0454452
367	11	0.15015
268	22	0.488468
66	20	0.583494
330	85	0.326654
360	96	0.789552
324	40	0.310096
259	3	0.850284
84	12	0.315607
216	4	0.0249218
262	6	0.0656054
272	57	0.492361
112	4	0.132403
276	65	0.905147
488	54	0.214089
158	15	0.101793
261	15	0.703361
359	153	0.635334
443	313	0.904197
62	12	0.289634
85	44	0.703865
160	4	0.726031
273	80	0.604267
408	27	0.44992
72	55	0.873257
88	34	0.402647
94	45	0.858676
117	19	0.490764
141	18	0.130134
273	96	0.469326
148	41	0.32398
477	68	0.222823
478	33	0.962907
244	187	0.813353
123	37	0.563227
224	19	0.516066
277	13	0.0737531
429	178	0.559181
92	53	0.930263
465	238	0.567356
302	94	0.699317
105	14	0.297407
103	10	0.131914
91	3	0.049903
136	13	0.460457
50	4	0.121967
74	24	0.655279
316	47	0.179367
130	35	0.292374
456	110	0.490919
294	188	0.839681
70	0	0.100836
449	217	0.836497
301	69	0.704537
321	227	0.766663
103	35	0.904336
284	41	0.218429
443	131	0.428412
385	9	0.272165
289	148	0.629132
446	91	0.323598
311	146	0.504909
98	17	0.865585
116	18	0.286041
457	48	0.215989
425	157	0.414133
324	90	0.362031
494	310	0.79882
282	27	0.262763
105	17	0.384664
434	370	0.892391
378	171	0.509932
263	42	0.350807
441	146	0.815912
398	238	0.797645
476	360	0.881907
453	171	0.721591
162	57	0.686662
174	12	0.203041
251	8	0.72297
88	16	0.780991
490	95	0.96359
160	33	0.765453
194	26	0.74861
178	19	0.565054
73	10	0.816912
321	51	0.361875
181	60	0.802394
159	41	0.385466
362	2	0.32197
199	49	0.293939
437	83	0.254797
65	1	0.645892
220	11	0.124896
486	249	0.537197
168	39	0.317055
464	70	0.754166
487	94	0.723495
442	102	0.488216
237	90	0.6791
265	61	0.272089
358	55	0.27234
285	23	0.622461
214	39	0.701273
327	6	0.768535
483	226	0.525227
300	178	0.752908
202	47	0.596288
113	42	0.43599
308	32	0.814155
183	68	0.815252
178	16	0.20913
323	142	0.627926
298	101	0.36843
372	31	0.21475
216	2	0.640493
202	1	0.234185
364	113	0.492339
314	84	0.391697
457	153	0.507917
431	35	0.182887
436	208	0.697126
292	107	0.677877
333	5	0.801674
386	17	0.467525
259	56	0.286461
205	79	0.77924
201	157	0.809216
74	8	0.296039
342	34	0.212227
205	5	0.162666
230	44	0.861886
274	122	0.868965
402	127	0.387637
68	8	0.828737
450	122	0.476603
148	50	0.420958
249	108	0.559014
137	45	0.649795
354	58	0.776358
405	162	0.436848
70	2	0.647228
229	18	0.197506
490	21	0.104296
249	3	0.371043
170	65	0.391429
241	6	0.0759783
371	90	0.858865
374	77	0.218859
248	130	0.964692
97	11	0.170165
230	4	0.120683
456	199	0.471072
213	66	0.653977
231	161	0.85559
170	10	0.131805
466	77	0.876404
483	60	0.209969
128	55	0.466737
144	102	0.800644
352	36	0.230282
163	20	0.287616
69	8	0.161228
311	17	0.546797
159	3	0.0373463
337	148	0.964313
167	15	0.546946
284	97	0.400625
100	37	0.522166
185	23	0.624441
168	95	0.921385
64	3	0.0487444
409	245	0.839865
297	188	0.805562
153	12	0.120958
467	73	0.68171
432	91	0.504378
492	36	0.670504
218	126	0.897289
318	8	0.131359
153	58	0.966252
420	4	0.388799
116	7	0.80347
64	22	0.943164
176	43	0.352132
205	0	0.162778
483	202	0.576475
200	10	0.053807
381	22	0.138708
180	26	0.890781
115	9	0.541954
466	145	0.738621
372	54	0.219684
230	33	0.389855
423	55	0.539983
117	7	0.339736
233	41	0.487196
71	47	0.752788
64	9	0.496037
108	15	0.638876
198	23	0.31932
96	80	0.93772
394	177	0.901724
161	63	0.805619
193	8	0.0522194
144	15	0.161516
209	125	0.863124
326	0	0.49538
68	28	0.796265
308	48	0.807036
289	219	0.766083
344	9	0.0752934
222	31	0.849164
118	4	0.661832
342	48	0.293944
355	115	0.861541
167	59	0.504896
418	5	0.261502
444	32	0.168867
369	47	0.277867
261	35	0.72918
370	36	0.516344
94	49	0.620219
312	2	0.569187
366	92	0.456479
486	34	0.660849
236	51	0.314362
51	2	0.572175
157	83	0.613607
322	290	0.913389
495	87	0.494808
74	25	0.622692
73	61	0.941149
391	5	0.0391864
93	3	0.364452
143	0	0.0428454
81	3	0.329347
95	15	0.189751
117	4	0.524938
84	31	0.400675
265	0	0.379473
403	198	0.700481
71	17	0.903656
395	3	0.452307
336	9	0.0723841
319	5	0.046131
262	152	0.640291
273	32	0.210308
90	0	0.179532
134	16	0.411069
261	1	0.168182
94	83	0.900592
385	34	0.343164
215	3	0.0552209
445	4	0.129415
138	25	0.306496
348	62	0.313734
432	286	0.809988
161	49	0.724247
99	31	0.716556
414	265	0.927816
410	105	0.450671
381	94	0.573953
348	182	0.965858
53	18	0.828573
281	2	0.881065
218	120	0.88874
395	76	0.338413
197	62	0.346598
410	112	0.303019
322	7	0.774639
50	25	0.797204
326	238	0.739605
317	21	0.522875
320	63	0.715371
109	10	0.239742
186	49	0.313637
212	16	0.101468
410	176	0.740319
243	62	0.318343
457	253	0.871539
226	26	0.142969
131	9	0.14195
421	133	0.388357
230	53	0.400919
204	130	0.854735
433	33	0.183831
401	194	0.960755
71	4	0.064971
172	107	0.652274
475	70	0.292184
455	278	0.637185
64	3	0.294396
164	0	0.0103024
386	8	0.217738
336	73	0.667799
199	50	0.443388
224	13	0.358641
346	262	0.962866
56	0	0.226323
260	123	0.579882
51	10	0.228417
143	30	0.256446
214	109	0.681669
140	71	0.758578
409	3	0.411774
162	14	0.200623
377	23	0.842692
460	33	0.149179
70	46	0.870246
445	116	0.424469
442	161	0.486878
249	23	0.305562
391	47	0.503359
62	4	0.381353
66	7	0.161358
455	18	0.824068
246	92	0.550648
317	44	0.158395
119	14	0.14675
122	51	0.622884
167	11	0.074054
269	45	0.229899
209	8	0.735559
68	8	0.496518
275	55	0.422087
207	17	0.800274
427	75	0.253854
422	57	0.379186
404	13	0.961487
469	306	0.733205
167	32	0.715275
415	76	0.476247
473	27	0.367802
460	188	0.418118
246	3	0.0270506
220	24	0.642503
78	10	0.522543
84	4	0.114888
69	6	0.271567
301	30	0.401549
129	31	0.89979
429	54	0.885548
392	200	0.707768
169	89	0.948603
450	32	0.395461
495	70	0.427287
156	1	0.613737
397	85	0.738291
481	9	0.0820169
395	22	0.508558
156	121	0.821975
433	154	0.493471
372	220	0.677407
307	208	0.735393
411	34	0.609547
450	133	0.673961
404	100	0.511456
90	12	0.48577
62	19	0.898043
475	20	0.499423
50	6	0.140338
397	9	0.0271952
206	147	0.797215
477	0	0.459201
371	207	0.652138
418	32	0.448908
409	6	0.118906
249	117	0.753175
401	256	0.712016
386	27	0.0842235
278	27	0.11914
69	46	0.765614
359	8	0.37876
467	111	0.305586
157	38	0.262933
69	60	0.870719
207	19	0.1129
155	27	0.180224
381	72	0.467827
420	313	0.913963
419	7	0.0273027
82	16	0.324005
96	5	0.104626
423	16	0.0559843
474	152	0.606664
429	22	0.209515
269	22	0.341448
460	210	0.822846
450	224	0.968471
96	12	0.383092
429	1	0.0643437
454	33	0.144544
411	158	0.978114
120	19	0.296333
332	2	0.102931
170	76	0.589223
131	64	0.765248
93	47	0.97724
153	4	0.326794
405	47	0.598378
228	121	0.820281
191	24	0.242164
406	18	0.0661841
133	47	0.915071
136	22	0.177615
104	14	0.422436
338	41	0.355823
450	163	0.810095
250	6	0.928939
143	34	0.464149
284	141	0.938334
402	109	0.356001
171	8	0.909501
175	73	0.531228
404	180	0.511758
421	118	0.666847
318	17	0.0575243
356	51	0.456994
448	63	0.908096
174	13	0.525807
280	141	0.77799
291	114	0.765377
113	1	0.926767
308	104	0.393003
191	72	0.424872
198	61	0.908611
182	19	0.121658
443	61	0.155441
421	242	0.834312
153	74	0.508379
245	65	0.536404
55	0	0.576219
495	58	0.447551
173	78	0.562688
106	9	0.566999
268	37	0.299187
198	34	0.367589
405	130	0.536982
403	28	0.262969
217	74	0.667334
197	7	0.45548
333	33	0.738864
358	76	0.252239
136	1	0.930749
457	2	0.0729171
360	60	0.821257
334	133	0.615774
390	34	0.826767
369	78	0.521661
408	151	0.568611
296	7	0.0237006
80	45	0.800638
462	225	0.857219
310	16	0.169981
251	22	0.746196
379	59	0.15823
265	157	0.826034
223	2	0.123227
122	34	0.799795
147	2	0.0749297
151	47	0.687191
398	209	0.552903
271	89	0.489519
140	44	0.482281
311	68	0.284855
249	55	0.453444
336	54	0.288819
73	16	0.257465
328	55	0.339383
118	65	0.649066
411	2	0.610591
105	82	0.843128
474	60	0.15087
103	23	0.634896
118	50	0.602683
422	92	0.609079
243	54	0.27534
279	88	0.804153
179	73	0.428174
54	6	0.732581
247	13	0.470104
491	113	0.551609
99	18	0.288876
179	22	0.810546
283	173	0.635529
246	33	0.222483
277	179	0.82123
408	0	0.771051
472	36	0.433903
410	106	0.737706
257	193	0.924514
333	194	0.794827
470	255	0.837351
349	17	0.201783
333	49	0.858951
459	237	0.873086
77	37	0.609205
169	39	0.64904
421	7	0.0469109
140	27	0.338803
178	38	0.405905
327	61	0.24939
452	252	0.970054
271	52	0.657994
56	45	0.852129
329	36	0.132196
400	298	0.824633
160	39	0.313701
456	40	0.868268
318	72	0.319565
252	57	0.590006
226	43	0.352167
500	162	0.697962
104	3	0.0381948
443	72	0.527977
366	121	0.820046
420	47	0.758186
364	2	0.474867
343	162	0.815355
429	208	0.592037
84	65	0.84255
147	16	0.117602
356	18	0.859316
182	36	0.365974
169	140	0.923677
274	195	0.748179
176	19	0.189659
295	72	0.917858
217	14	0.203786
309	60	0.218814
167	3	0.0258751
252	46	0.198645
144	90	0.800849
97	11	0.532142
309	239	0.806247
119	28	0.855696
278	69	0.968724
495	130	0.76068
415	79	0.504494
463	37	0.7179
60	3	0.21227
290	80	0.735119
306	41	0.206603
249	27	0.109636
395	269	0.6815
185	65	0.663912
262	85	0.354888
472	211	0.867436
346	115	0.356015
403	201	0.582332
446	147	0.395971
342	46	0.303736
274	1	0.0121272
218	11	0.200452
356	72	0.665495
149	3	0.72196
470	4	0.0169768
241	11	0.194505
53	4	0.113001
238	133	0.909334
58	14	0.770878
315	109	0.742655
442	281	0.732351
367	23	0.847323
250	140	0.838335
467	122	0.896623
74	14	0.41214
410	27	0.26735
194	21	0.914198
452	325	0.937487
489	71	0.192398
379	135	0.855008
445	28	0.204034
447	134	0.621083
373	71	0.618088
415	0	0.0287781
481	15	0.215978
346	15	0.5384
408	28	0.354211
326	90	0.315845
264	197	0.859909
315	12	0.640822
141	5	0.697646
89	26	0.577336
150	23	0.18298
320	238	0.969861
80	16	0.510739
202	37	0.454304
313	34	0.937043
453	92	0.260578
135	74	0.634577
254	141	0.631445
273	2	0.122681
463	10	0.238933
213	3	0.510554
171	25	0.352233
340	77	0.722607
381	54	0.856753
288	118	0.644579
350	114	0.486464
479	90	0.251062
415	45	0.566892
171	44	0.553862
231	1	0.0176415
59	8	0.27699
292	142	0.59473
119	77	0.87928
76	5	0.263923
241	69	0.432161
246	42	0.273245
261	115	0.53684
213	32	0.197577
212	13	0.440113
324	47	0.214759
344	163	0.621886
226	160	0.938142
202	17	0.373596
481	272	0.686487
439	339	0.955838
404	211	0.721562
316	9	0.771109
53	42	0.820849
392	51	0.243198
77	31	0.917889
269	216	0.953455
146	74	0.675921
376	7	0.0306816
497	13	0.0654389
244	52	0.743775
435	73	0.920356
167	52	0.488995
403	16	0.237374
277	21	0.551746
268	114	0.761934
439	61	0.652097
200	127	0.861864
445	54	0.522511
364	129	0.37098
437	23	0.26856
493	261	0.605302
331	95	0.444764
101	6	0.261769
492	287	0.671855
391	9	0.0449972
346	264	0.98575
144	53	0.968196
242	90	0.650446
268	36	0.137468
115	36	0.903273
456	258	0.962025
498	237	0.802031
54	6	0.222533
147	13	0.390237
331	73	0.3268
420	57	0.213724
186	40	0.234446
212	165	0.918933
178	108	0.80457
194	1	0.077199
251	4	0.088949
494	288	0.744475
265	162	0.807663
355	27	0.313597
268	6	0.843267
116	14	0.535411
488	302	0.929419
486	213	0.478758
387	54	0.807834
453	296	0.774787
444	220	0.541741
191	149	0.795406
210	22	0.11363
268	122	0.544793
233	80	0.430416
201	11	0.145926
107	63	0.95035
182	65	0.73311
164	19	0.141715
257	2	0.518225
302	3	0.0506135
78	27	0.770898
244	25	0.305734
164	31	0.190482
249	87	0.702086
493	177	0.658783
491	79	0.429402
441	64	0.598441
355	194	0.595089
239	193	0.973018
154	7	0.0777825
88	17	0.455313
138	5	0.300195
316	22	0.089834
426	16	0.560286
84	11	0.27332
429	3	0.0634065
342	7	0.116641
350	90	0.302217
379	72	0.306922
363	268	0.906429
80	14	0.354516
444	384	0.924737
114	10	0.111183
284	62	0.96663
393	25	0.146979
228	202	0.963659
398	22	0.175776
495	23	0.650004
112	7	0.429538
324	21	0.85078
355	22	0.370805
481	58	0.252395
206	22	0.429737
425	156	0.747184
129	72	0.686698
64	8	0.698778
474	309	0.711539
478	227	0.715517
427	6	0.291681
240	77	0.545018
248	53	0.280876
253	44	0.315956
412	5	0.303035
132	22	0.176139
151	11	0.149709
79	9	0.613989
328	283	0.917206
171	55	0.691984
482	147	0.72941
103	12	0.96892
302	199	0.961424
84	4	0.0913834
146	22	0.35816
221	67	0.451925
331	127	0.6038
209	18	0.263189
406	22	0.517415
375	114	0.471002
153	18	0.494238
258	4	0.0592775
220	192	0.926855
458	24	0.291543
104	39	0.402885
56	25	0.60083
344	35	0.678985
177	7	0.0449835
468	37	0.229356
153	34	0.312757
240	11	0.556272
257	10	0.082922
334	142	0.910142
258	106	0.701166
90	10	0.221947
345	164	0.988904
426	1	0.0331493
455	280	0.633356
109	18	0.773479
491	169	0.457316
148	68	0.93596
381	42	0.496219
291	27	0.492899
313	3	0.478136
359	21	0.161304
177	8	0.108268
434	34	0.977266
285	26	0.512043
425	279	0.957217
459	99	0.553714
267	29	0.947663
196	62	0.420481
485	34	0.71068
239	1	0.1132
390	46	0.605708
211	27	0.888042
74	28	0.441981
67	29	0.524329
221	13	0.545358
191	2	0.0967007
163	16	0.105747
116	8	0.0773047
83	12	0.482193
475	119	0.369905
376	130	0.431002
238	22	0.537204
153	51	0.571077
275	15	0.195428
356	30	0.95754
156	54	0.466657
91	16	0.235236
330	164	0.509254
76	6	0.194669
79	43	0.826053
147	1	0.107163
58	7	0.709964
454	130	0.464457
211	4	0.963664
210	32	0.171414
443	387	0.881737
374	199	0.82089
170	8	0.0883031
326	5	0.276882
128	50	0.664701
243	5	0.196619
321	14	0.0814848
178	74	0.884855
450	310	0.831422
346	95	0.783201
408	60	0.246058
263	31	0.127693
51	6	0.151497
254	26	0.332149
440	33	0.435478
314	50	0.938185
474	141	0.844231
423	50	0.136365
331	48	0.581552
331	91	0.703262
354	57	0.196618
406	6	0.370441
165	68	0.726209
77	16	0.449345
310	119	0.614834
324	62	0.224784
117	80	0.911407
61	27	0.612813
241	217	0.908105
363	140	0.497313
133	10	0.414221
73	21	0.528446
375	180	0.767591
320	43	0.140077
78	16	0.34345
187	105	0.885769
116	8	0.669626
382	15	0.109022
428	77	0.203275
142	34	0.916743
311	9	0.0438821
102	23	0.734991
387	1	0.0461611
468	88	0.689882
230	40	0.351186
327	28	0.500362
418	116	0.58814
100	7	0.220062
462	391	0.985144
288	215	0.776852
66	6	0.351231
444	110	0.392795
291	86	0.554161
131	40	0.307104
201	3	0.19826
252	17	0.11451
197	6	0.137058
305	8	0.0335161
302	60	0.900709
300	62	0.713869
176	28	0.191502
316	78	0.468452
367	234	0.729288
468	173	0.844682
470	186	0.433299
157	8	0.110348
375	159	0.504282
137	7	0.293748
498	30	0.160454
160	19	0.183316
472	2	0.0162843
190	92	0.493315
340	6	0.027791
453	53	0.250025
296	3	0.0439102
317	130	0.952283
66	12	0.393507
394	81	0.426106
436	186	0.597013
182	71	0.78418
151	21	0.24942
341	61	0.500232
333	18	0.218729
221	29	0.759677
278	196	0.889624
391	59	0.329835
129	89	0.730286
120	9	0.250008
96	86	0.92896
262	25	0.216018
245	153	0.904528
301	97	0.674486
307	69	0.330861
390	26	0.388409
119	24	0.302977
193	19	0.275326
336	260	0.840503
357	13	0.253108
103	65	0.773772
422	287	0.900322
159	0	0.913261
225	4	0.454183
478	211	0.874869
134	29	0.483769
436	164	0.880004
50	6	0.295738
405	91	0.415279
123	12	0.663225
307	188	0.873068
241	92	0.496774
203	146	0.910053
96	67	0.854081
130	13	0.181219
300	21	0.0736702
499	427	0.886147
355	14	0.0699721
82	7	0.149722
433	52	0.412327
445	46	0.348277
174	2	0.755705
415	57	0.378036
359	192	0.601393
139	50	0.735045
95	6	0.484432
304	85	0.36813
415	46	0.421511
323	79	0.765465
410	139	0.561207
103	5	0.0791951
231	57	0.859438
477	148	0.39231
473	57	0.533079
385	376	0.97901
169	132	0.822683
229	160	0.923979
119	45	0.516573
194	17	0.947647
395	112	0.371661
188	122	0.729073
352	73	0.620905
298	66	0.482186
56	1	0.927513
208	45	0.350701
284	33	0.680077
245	114	0.481441
204	4	0.917074
180	82	0.793723
303	67	0.304007
87	18	0.308953
125	24	0.285761
348	112	0.708115
119	1	0.0491491
218	106	0.869606
65	8	0.958459
197	35	0.515982
101	24	0.799098
469	82	0.422993
227	151	0.700755
433	2	0.435518
408	8	0.0542453
482	69	0.240209
425	308	0.872445
313	235	0.902663
100	37	0.473494
416	86	0.295774
354	197	0.714334
333	36	0.29642
311	166	0.827766
357	15	0.100812
395	60	0.209589
475	263	0.815927
171	23	0.60506
476	255	0.559441
366	113	0.313973
249	149	0.984012
198	12	0.518079
300	7	0.0507291
311	44	0.764393
83	6	0.578773
90	6	0.465459
181	19	0.41361
432	66	0.3713
444	208	0.917291
411	34	0.635801
85	6	0.136538
79	7	0.744922
168	2	0.0835596
357	188	0.750415
255	33	0.523678
455	51	0.551447
268	55	0.973647
135	111	0.954769
342	50	0.305423
95	17	0.205449
122	28	0.378645
65	32	0.571312
125	18	0.283655
348	25	0.0760825
52	0	0.289743
163	52	0.546861
279	15	0.0779123
428	63	0.347734
409	182	0.884895
317	238	0.965442
405	1	0.203868
337	117	0.389639
345	23	0.379067
410	6	0.144748
58	28	0.532085
446	34	0.97605
176	11	0.459533
459	169	0.571434
232	13	0.177286
59	2	0.0918531
167	111	0.713126
374	331	0.98793
217	86	0.747794
437	65	0.166673
61	1	0.621437
140	2	0.0522895
230	44	0.409446
201	56	0.713346
184	34	0.315584
219	45	0.682862
190	54	0.818222
63	11	0.257334
229	6	0.0262963
132	79	0.631974
193	48	0.369275
207	111	0.669716
312	29	0.528783
229	8	0.834776
192	32	0.723886
364	9	0.089203
213	4	0.154545
310	100	0.353143
153	3	0.234015
138	6	0.153931
53	1	0.0869584
280	10	0.473157
190	3	0.986647
338	86	0.952646
205	129	0.705421
249	160	0.652149
375	3	0.307928
298	39	0.430289
440	73	0.614937
59	14	0.74244
383	200	0.565972
438	28	0.164174
59	9	0.501305
122	46	0.942237
460	70	0.652563
407	42	0.231484
91	74	0.966967
363	187	0.793007
249	101	0.605525
483	18	0.209486
413	21	0.424231
337	65	0.320882
85	1	0.0289127
481	17	0.0899952
352	21	0.6222
283	5	0.0958455
475	124	0.556885
63	11	0.631019
88	29	0.61459
298	3	0.0148422
294	91	0.493006
133	61	0.560328
133	29	0.565923
62	30	0.710991
450	41	0.348692
205	88	0.683436
271	50	0.336496
447	5	0.257892
323	60	0.926519
186	0	0.0810824
308	14	0.0727839
230	190	0.834087
69	36	0.600639
109	66	0.784778
336	103	0.537827
109	15	0.362442
492	79	0.840252
362	224	0.854538
303	131	0.555047
103	58	0.765498
178	50	0.740066
213	22	0.111049
198	4	0.327642
112	19	0.691989
138	2	0.714483
124	7	0.210112
342	65	0.580763
384	280	0.764904
417	20	0.0973193
382	168	0.726149
176	11	0.415486
332	30	0.125657
303	12	0.201973
77	17	0.618019
107	54	0.805056
77	0	0.828622
430	82	0.206443
67	30	0.606735
79	11	0.942435
474	72	0.675133
388	52	0.451714
54	44	0.932227
339	71	0.323825
114	47	0.74848
169	48	0.79877
213	157	0.76534
476	228	0.622818
139	113	0.974945
334	65	0.20611
364	46	0.973578
357	9	0.308835
155	66	0.546042
466	44	0.446161
61	8	0.773782
409	143	0.405588
150	28	0.508055
471	95	0.312399
383	59	0.379323
71	1	0.34949
430	66	0.294291
84	35	0.833913
473	154	0.367194
323	3	0.316462
154	47	0.757219
151	48	0.458855
62	15	0.39773
431	112	0.840414
203	62	0.534965
355	243	0.987996
334	122	0.698931
419	170	0.593178
65	1	0.176033
92	8	0.980493
209	66	0.661938
337	73	0.630272
240	123	0.767183
169	9	0.289294
161	73	0.632713
148	23	0.217216
302	49	0.674969
442	61	0.962325
106	1	0.50056
423	182	0.581311
325	79	0.434098
247	44	0.728973
156	4	0.913137
255	14	0.411939
475	373	0.820021
130	20	0.433938
95	18	0.559485
356	84	0.380826
465	62	0.861541
258	23	0.130248
438	33	0.359099
326	49	0.782595
318	5	0.0173169
254	61	0.3576
103	2	0.0357341
341	243	0.869369
430	259	0.632331
270	24	0.925007
481	195	0.984374
125	88	0.953378
280	8	0.194577
458	29	0.984142
233	29	0.19807
146	23	0.436846
475	90	0.277319
319	140	0.564867
110	44	0.513692
180	18	0.602618
175	71	0.484855
166	28	0.875066
406	112	0.312786
126	39	0.481131
262	2	0.606857
204	3	0.257426
355	60	0.316625
173	12	0.380529
411	12	0.464321
252	33	0.143105
124	48	0.432215
207	62	0.955418
266	51	0.286495
463	19	0.108781
139	70	0.715981
248	21	0.183648
170	112	0.807924
139	25	0.469619
141	28	0.249797
257	173	0.842116
471	205	0.522778
380	93	0.245931
450	47	0.292712
236	51	0.251323
253	43	0.201882
282	78	0.538435
367	175	0.623795
475	248	0.791357
155	55	0.584805
480	200	0.702666
82	27	0.73432
269	202	0.790916
240	0	0.0757702
374	85	0.716304
189	97	0.669789
182	17	0.139415
408	4	0.0395577
194	0	0.26972
284	161	0.760447
269	102	0.783316
260	86	0.560026
337	95	0.730891
71	22	0.395518
367	1	0.933095
236	113	0.760385
445	10	0.101662
141	1	0.0357625
406	57	0.676019
345	118	0.78477
263	77	0.907516
152	22	0.328392
407	16	0.0466769
433	55	0.88688
291	165	0.883508
154	4	0.79577
282	268	0.98441
228	115	0.533103
103	45	0.438302
204	7	0.285085
339	19	0.174368
344	11	0.760042
455	26	0.234021
134	61	0.825123
489	234	0.814842
351	113	0.713105
380	50	0.251907
389	28	0.0875834
408	330	0.875477
197	5	0.775701
447	21	0.467632
246	18	0.117901
279	21	0.462798
71	4	0.27484
204	25	0.350462
378	222	0.763538
438	325	0.807364
317	44	0.781506
341	69	0.210464
125	47	0.944171
217	89	0.59043
299	130	0.556556
314	147	0.76014
132	40	0.336556
184	60	0.520521
290	7	0.0246667
288	114	0.857182
377	164	0.441845
215	28	0.585204
63	24	0.418371
278	7	0.165563
474	53	0.119235
300	43	0.199701
258	4	0.851323
198	22	0.117983
112	26	0.321049
208	6	0.045488
121	2	0.635816
198	27	0.318764
205	75	0.448997
135	3	0.810769
209	155	0.911865
78	37	0.570616
486	18	0.244647
93	27	0.480944
462	62	0.795224
351	96	0.406499
467	61	0.388935
157	57	0.791134
99	15	0.182434
257	58	0.417686
197	59	0.422538
402	244	0.80901
218	3	0.735138
251	173	0.774908
324	169	0.531637
259	31	0.925299
260	125	0.581783
404	53	0.317629
164	53	0.954833
368	129	0.442606
421	24	0.980556
210	30	0.417017
348	24	0.206593
260	12	0.599148
159	37	0.583657
185	146	0.903872
476	28	0.349603
263	207	0.969831
56	15	0.973021
119	32	0.560076
348	194	0.858238
274	88	0.551224
297	111	0.417806
392	1	0.0482655
398	26	0.0838495
126	9	0.117277
247	121	0.68643
100	40	0.754527
365	2	0.0155769
135	71	0.640774
51	9	0.262443
345	25	0.602175
424	131	0.42746
360	141	0.821341
161	43	0.321514
489	0	0.0584823
108	15	0.686898
165	38	0.286326
280	109	0.449781
257	55	0.823821
225	32	0.48381
60	34	0.76959
368	20	0.112377
492	199	0.803789
207	13	0.0657715
157	46	0.668736
449	57	0.474121
295	184	0.760675
193	76	0.572864
157	24	0.654462
81	23	0.31137
66	13	0.206676
208	2	0.0621276
471	88	0.196468
313	160	0.97479
61	32	0.8027
357	5	0.139873
221	9	0.110089
140	14	0.636051
265	21	0.559453
464	282	0.676442
448	4	0.266779
479	124	0.85576
470	1	0.944768
193	45	0.371069
223	59	0.45621
359	29	0.125309
207	7	0.194001
308	6	0.455226
488	196	0.828938
425	4	0.0962391
313	97	0.33176
179	73	0.503701
251	91	0.45223
429	66	0.513371
228	84	0.612982
163	1	0.0660483
53	20	0.682639
168	7	0.162218
160	14	0.58691
345	4	0.12103
162	3	0.135985
357	128	0.573634
380	111	0.650957
246	180	0.933555
376	179	0.69252
133	14	0.183144
186	70	0.947734
235	50	0.560146
334	13	0.100182
355	115	0.441298
76	13	0.755579
486	138	0.695882
450	44	0.713474
217	17	0.241163
279	92	0.500589
375	39	0.183181
372	90	0.29873
123	53	0.89669
245	144	0.7634
229	96	0.867909
383	96	0.751437
431	100	0.328894
87	16	0.340092
395	8	0.587721
415	20	0.17409
108	5	0.484504
439	47	0.259593
63	9	0.236215
375	263	0.7182
334	70	0.28461
110	56	0.85635
312	48	0.342404
57	47	0.94117
238	105	0.683497
386	18	0.241728
109	27	0.388739
88	42	0.479086
210	30	0.734817
444	12	0.908601
486	30	0.415762
413	2	0.147035
152	30	0.243193
336	4	0.0139601
467	37	0.143388
370	124	0.944758
117	47	0.698911
370	192	0.657466
67	45	0.924628
351	188	0.861879
249	6	0.769582
471	116	0.540504
404	26	0.483871
147	9	0.12637
224	32	0.256089
154	68	0.728872
427	181	0.627437
162	28	0.770558
246	189	0.832793
362	122	0.736787
469	58	0.264221
89	25	0.960485
344	88	0.823252
197	69	0.755665
410	116	0.497462
260	87	0.964878
228	34	0.379211
99	30	0.439089
247	151	0.676703
99	12	0.376374
484	95	0.30174
56	3	0.171513
424	193	0.854713
462	51	0.28425
90	58	0.714429
192	100	0.874573
462	138	0.683759
54	1	0.341937
328	150	0.811984
358	260	0.798113
115	43	0.623959
249	196	0.921713
445	194	0.865902
435	42	0.151801
442	43	0.706476
165	61	0.951221
324	2	0.124119
416	11	0.0505327
133	70	0.653213
111	2	0.0711252
423	1	0.703042
111	5	0.813914
418	199	0.891485
350	8	0.157198
209	16	0.546735
457	93	0.602932
300	41	0.231038
402	122	0.554953
147	36	0.300644
69	34	0.646472
188	39	0.474923
433	325	0.763621
422	149	0.384804
421	67	0.268141
308	82	0.691979
55	30	0.676649
262	48	0.655313
471	269	0.920539
245	102	0.42954
428	172	0.735573
288	4	0.353645
277	40	0.238618
356	30	0.115817
304	46	0.304191
438	304	0.708652
477	135	0.466969
120	10	0.408711
465	54	0.149729
126	5	0.406491
71	8	0.514569
284	78	0.322421
435	73	0.170595
254	15	0.820608
494	210	0.56269
255	12	0.722532
439	171	0.544254
435	210	0.670807
304	63	0.232108
214	102	0.838362
50	1	0.631655
237	8	0.51371
291	108	0.408869
208	5	0.103819
422	94	0.294698
119	4	0.116211
235	23	0.133715
477	154	0.507801
384	148	0.950579
385	60	0.19342
441	10	0.0544008
390	277	0.712518
107	26	0.362809
495	218	0.710686
193	13	0.369248
462	124	0.365514
485	298	0.745345
69	47	0.940097
386	99	0.261211
305	26	0.334256
382	80	0.589414
76	26	0.940947
201	40	0.469519
408	19	0.161195
405	139	0.645676
187	14	0.501051
221	52	0.893878
308	13	0.0479085
88	1	0.200556
462	22	0.124185
99	27	0.75091
111	5	0.178863
294	15	0.272758
416	76	0.19305
300	32	0.236458
124	44	0.460443
245	22	0.135281
258	77	0.518376
195	37	0.282616
229	6	0.275872
191	18	0.559114
188	17	0.382129
368	10	0.0279431
144	4	0.0530735
95	0	0.0490275
459	151	0.623738
305	27	0.0939156
125	0	0.0156574
279	152	0.893156
79	1	0.30678
173	57	0.950687
150	19	0.183272
140	60	0.635083
316	55	0.270283
91	23	0.82648
444	202	0.883238
196	1	0.0189232
496	49	0.188603
469	1	0.0795222
421	71	0.966481
357	294	0.92782
348	172	0.673151
242	127	0.682438
173	49	0.762244
169	31	0.866265
176	0	0.196978
316	20	0.549357
73	49	0.726149
461	3	0.0963964
96	23	0.345333
228	8	0.551793
153	52	0.588353
344	72	0.271213
464	389	0.952254
407	261	0.890183
383	304	0.845259
308	27	0.250642
355	15	0.0714448
158	22	0.665599
240	76	0.829588
385	165	0.577009
115	17	0.74577
198	12	0.603891
185	19	0.488601
370	46	0.2529
130	48	0.417993
193	104	0.901479
272	72	0.689805
89	33	0.882745
352	122	0.960222
172	16	0.262188
469	48	0.583492
285	2	0.569229
130	44	0.722533
407	149	0.61914
416	68	0.268561
59	0	0.355933
281	195	0.749101
164	58	0.381665
369	78	0.743767
480	43	0.570108
101	28	0.682083
428	15	0.503087
145	6	0.393786
103	30	0.800092
208	12	0.0654199
422	221	0.603628
327	207	0.919361
192	29	0.266869
160	57	0.918752
395	19	0.15242
394	47	0.346441
197	23	0.58746
246	2	0.165445
492	79	0.288858
177	6	0.104534
304	245	0.826694
88	68	0.867468
494	42	0.145609
100	12	0.211278
434	224	0.581872
164	17	0.620815
488	166	0.600738
485	53	0.286475
63	40	0.933231
238	61	0.478972
315	151	0.528299
266	53	0.302412
59	28	0.508328
204	2	0.176078
123	82	0.899529
360	13	0.0369404
400	348	0.881
89	9	0.118683
99	18	0.957737
325	209	0.855937
137	24	0.415145
67	5	0.92254
365	138	0.439857
240	6	0.315855
181	52	0.873873
375	65	0.749322
132	43	0.828892
290	2	0.0100908
278	65	0.317972
115	75	0.737307
328	121	0.599379
306	62	0.226338
153	1	0.175656
336	238	0.846216
390	2	0.172803
190	75	0.560297
57	3	0.150664
93	5	0.120271
321	2	0.189053
265	28	0.797533
172	58	0.833745
480	156	0.552735
386	67	0.209546
237	51	0.862116
361	43	0.526295
184	85	0.504199
68	0	0.114995
429	241	0.795375
228	26	0.966541
154	20	0.493725
379	214	0.82793
348	40	0.488725
210	69	0.4472
154	83	0.724862
81	28	0.372088
93	16	0.317828
321	168	0.621377
495	114	0.834394
64	18	0.481033
249	66	0.681854
217	6	0.207298
115	9	0.0796684
168	19	0.133277
231	89	0.844524
487	34	0.248736
411	127	0.540625
466	4	0.0763704
166	22	0.636892
277	190	0.762175
253	164	0.818809
120	10	0.660335
393	218	0.714778
375	57	0.189238
76	31	0.604254
236	43	0.443299
217	70	0.937245
430	191	0.451772
72	2	0.809693
53	36	0.711678
466	4	0.900964
281	15	0.264245
342	195	0.937453
289	14	0.238282
372	112	0.617762
107	45	0.595465
270	37	0.76019
180	13	0.295476
391	61	0.40267
174	4	0.690531
278	173	0.709282
385	50	0.792694
441	27	0.30384
323	209	0.862929
371	8	0.0221052
192	1	0.618779
258	202	0.945221
274	128	0.742001
482	288	0.610029
53	0	0.0865617
115	19	0.880613
313	42	0.438616
183	90	0.565355
229	39	0.422307
499	29	0.327927
315	66	0.5005
392	21	0.0914297
316	155	0.951257
117	59	0.586215
326	15	0.633094
91	3	0.041446
198	4	0.118744
378	188	0.927122
243	151	0.978621
349	48	0.190422
122	38	0.357459
77	1	0.062774
496	69	0.160607
190	0	0.0403467
237	4	0.251195
197	2	0.653673
455	153	0.650997
139	85	0.771325
53	23	0.691478
337	105	0.468452
260	88	0.913644
135	23	0.563156
89	43	0.561659
449	107	0.313487
478	122	0.424051
296	24	0.188866
364	96	0.88039
90	35	0.439275
441	186	0.441306
222	51	0.597795
78	2	0.0259257
148	79	0.570415
113	8	0.182536
407	86	0.243813
174	23	0.357154
372	182	0.570057
475	78	0.690656
482	203	0.624284
341	56	0.418856
375	52	0.316271
372	106	0.879161
91	30	0.49562
380	102	0.30876
422	194	0.468311
149	9	0.169548
253	176	0.926779
173	65	0.628925
263	40	0.79434
92	7	0.43686
83	70	0.947024
442	97	0.221083
332	32	0.262502
293	5	0.271424
201	11	0.183709
314	188	0.929074
298	1	0.0174308
255	29	0.784059
216	66	0.319308
245	93	0.731095
146	0	0.171773
338	111	0.841747
232	4	0.597649
157	48	0.400333
80	12	0.379115
60	0	0.635289
496	236	0.837142
474	53	0.457121
395	249	0.78769
85	4	0.455999
307	34	0.435929
391	99	0.68073
201	71	0.710651
388	37	0.208622
325	86	0.78944
231	26	0.288524
230	41	0.544467
354	297	0.847348
197	26	0.379922
292	56	0.559293
410	72	0.18732
335	171	0.819748
265	13	0.731398
350	96	0.551165
308	95	0.539586
178	3	0.159155
468	149	0.667339
425	329	0.963381
156	25	0.203933
136	19	0.336705
394	139	0.507156
301	141	0.703674
383	227	0.660992
228	45	0.393641
62	1	0.0253871
341	3	0.326463
494	19	0.156176
137	22	0.48024
180	22	0.485065
108	5	0.109271
423	189	0.890577
314	181	0.676733
420	49	0.364741
247	53	0.25093
404	46	0.234733
217	39	0.50409
401	279	0.710667
358	27	0.114445
343	59	0.357174
323	5	0.273091
370	132	0.366753
112	21	0.355593
266	225	0.943856
217	69	0.602677
90	5	0.126501
136	23	0.920468
269	3	0.0944897
118	41	0.699813
443	225	0.792844
96	30	0.355166
264	151	0.907118
139	58	0.655822
164	69	0.447027
76	47	0.639384
70	16	0.666563
372	9	0.891113
157	1	0.798779
279	52	0.554845
443	90	0.257169
378	47	0.293869
131	12	0.1618
339	167	0.725231
268	38	0.670399
75	4	0.134694
191	10	0.694699
257	5	0.0347574
206	140	0.892985
172	91	0.877605
226	166	0.801633
110	51	0.476353
357	60	0.173207
338	96	0.397454
419	114	0.436698
230	121	0.681257
415	157	0.764592
495	158	0.549299
498	109	0.639984
154	28	0.752963
268	22	0.175846
54	2	0.0651584
306	34	0.615969
454	3	0.0861182
299	71	0.591516
449	62	0.196684
314	41	0.224868
485	39	0.43168
288	59	0.81636
172	64	0.389148
94	19	0.344274
345	140	0.817594
161	63	0.915902
174	1	0.101707
321	112	0.667252
233	134	0.575509
303	109	0.559615
206	146	0.756803
301	69	0.260411
308	77	0.281419
90	4	0.0882608
357	267	0.95731
117	13	0.711322
51	5	0.254831
323	1	0.475939
361	29	0.619683
162	3	0.0323997
115	6	0.538367
272	98	0.420824
366	33	0.866305
301	197	0.744895
350	48	0.55644
171	48	0.483246
274	2	0.0306351
417	23	0.61451
54	34	0.88685
204	10	0.78462
173	6	0.644667
122	52	0.670079
480	223	0.696567
217	32	0.182418
237	23	0.455142
111	15	0.426763
139	32	0.244684
202	96	0.819058
442	86	0.305269
453	189	0.983687
115	77	0.708918
262	14	0.0795505
224	19	0.381612
379	80	0.953022
208	21	0.112497
387	13	0.108781
61	5	0.114672
413	37	0.366885
214	130	0.906392
243	36	0.285711
303	114	0.464065
481	279	0.904119
328	48	0.6655
189	37	0.293108
491	329	0.704092
284	0	0.0118063
293	18	0.958315
338	3	0.133242
91	14	0.492474
430	104	0.347237
320	93	0.296185
326	15	0.100211
295	45	0.264976
213	86	0.723198
243	3	0.166409
449	122	0.605658
382	173	0.522835
383	205	0.841878
187	9	0.386676
479	4	0.752144
293	66	0.261068
460	187	0.680748
183	63	0.544046
161	7	0.473096
331	109	0.961237
426	205	0.530211
191	29	0.231283
104	1	0.039311
334	62	0.413121
385	62	0.528624
137	42	0.858167
97	6	0.126357
64	5	0.799133
302	186	0.767848
124	25	0.896176
88	2	0.0952615
279	149	0.808426
396	1	0.15717
52	7	0.526233
139	47	0.36209
244	25	0.57146
234	94	0.661911
88	73	0.965504
103	80	0.785505
362	80	0.310361
162	111	0.74462
284	88	0.648979
64	29	0.541166
445	10	0.0545151
358	55	0.748609
63	23	0.617841
78	20	0.844777
161	29	0.246034
452	78	0.252699
499	170	0.888122
274	10	0.248782
378	25	0.277078
173	6	0.744304
444	107	0.842367
336	33	0.312317
420	317	0.970494
201	1	0.0242556
57	9	0.256157
313	206	0.77899
455	49	0.957595
474	51	0.207945
186	56	0.834357
355	144	0.438548
212	85	0.889372
437	167	0.748918
300	3	0.0992442
352	66	0.454109
121	6	0.0780119
268	5	0.176586
245	38	0.865444
465	22	0.0901974
215	72	0.389695
95	15	0.246375
327	140	0.702731
158	24	0.693075
151	4	0.444892
314	257	0.954176
181	109	0.960649
184	15	0.229475
444	28	0.866395
198	5	0.0874019
424	70	0.42393
448	16	0.170795
478	227	0.477685
181	49	0.521225
320	134	0.86267
227	8	0.706793
452	142	0.380281
487	129	0.5744
207	18	0.153203
120	5	0.324656
430	206	0.509903
364	79	0.335679
141	13	0.218628
350	177	0.537538
221	133	0.96357
303	25	0.563729
174	137	0.868596
128	36	0.912975
120	96	0.921662
467	136	0.608206
63	6	0.758811
163	35	0.241418
170	58	0.582645
365	85	0.661051
280	26	0.142953
448	35	0.984666
209	7	0.146929
107	33	0.612034
102	9	0.657418
365	120	0.688134
444	226	0.653258
153	16	0.112963
176	12	0.125805
189	179	0.969748
399	31	0.411918
449	278	0.873041
474	147	0.523422
444	91	0.429865
387	52	0.651071
457	27	0.230519
112	15	0.874133
173	24	0.386877
371	147	0.48314
122	24	0.278547
105	34	0.447859
372	3	0.0212055
163	25	0.510746
326	50	0.256354
253	182	0.807751
317	1	0.0151283
167	16	0.229422
384	35	0.501239
372	46	0.123774
149	29	0.301561
274	210	0.874693
309	6	0.189736
467	5	0.425222
403	42	0.105631
341	135	0.598798
478	344	0.845086
156	5	0.0496007
112	4	0.0696133
409	214	0.573666
490	6	0.0467282
352	255	0.954199
308	140	0.48833
114	64	0.751386
431	119	0.277909
331	93	0.585727
454	25	0.262179
272	0	0.0807824
195	29	0.224459
456	82	0.587391
236	94	0.543888
305	5	0.208328
56	8	0.968368
223	170	0.90947
58	47	0.812575
500	147	0.308928
445	24	0.0966623
183	15	0.124788
266	45	0.336109
330	64	0.821419
185	26	0.323055
243	61	0.399855
161	103	0.783339
236	93	0.954309
61	5	0.892416
230	41	0.664768
441	142	0.462952
53	7	0.14503
259	27	0.826492
357	24	0.351869
462	167	0.821387
70	11	0.815612
52	2	0.043758
326	33	0.754553
362	170	0.567302
179	114	0.939519
234	140	0.607925
431	232	0.883141
399	76	0.274285
111	35	0.427331
253	65	0.441325
414	47	0.200702
92	20	0.317427
402	3	0.0784048
92	43	0.757453
319	16	0.147219
322	23	0.648238
461	30	0.482283
162	1	0.56668
325	48	0.309874
344	11	0.221933
355	150	0.869075
426	110	0.322738
175	8	0.91706
364	87	0.828919
343	174	0.773619
255	4	0.730659
81	21	0.423834
169	2	0.0276547
452	32	0.565769
263	4	0.0417175
427	8	0.183657
146	76	0.605628
261	66	0.657048
267	50	0.311547
267	29	0.118346
260	90	0.389817
496	58	0.154323
433	35	0.210804
458	42	0.224005
285	72	0.432085
178	27	0.221056
106	8	0.205252
306	61	0.617498
73	31	0.652984
264	131	0.609373
173	119	0.758438
198	109	0.980604
136	44	0.604202
431	91	0.644717
443	366	0.873819
300	32	0.255896
379	54	0.462485
261	226	0.965441
69	4	0.180299
197	89	0.702892
472	153	0.398568
400	108	0.702942
213	53	0.521346
407	252	0.724163
266	112	0.571103
150	2	0.0775792
247	13	0.0629332
186	2	0.0120238
467	97	0.208357
139	2	0.0495205
411	65	0.39779
346	39	0.233558
269	39	0.312185
219	94	0.910015
189	1	0.857328
407	98	0.425015
301	237	0.805425
481	89	0.350965
443	300	0.840347
456	37	0.104775
243	32	0.922755
212	45	0.265587
254	161	0.742816
264	1	0.0847299
415	32	0.234308
189	70	0.885413
395	53	0.589612
411	220	0.691576
182	66	0.648221
51	11	0.4774
88	22	0.722591
114	2	0.477268
229	24	0.169249
310	35	0.125402
132	75	0.918992
378	2	0.2556
71	21	0.57755
164	76	0.827361
77	15	0.367643
456	23	0.059399
156	83	0.67272
445	194	0.443025
354	38	0.197122
113	25	0.740624
236	60	0.585075
316	6	0.130194
282	3	0.0200802
207	83	0.873844
290	142	0.853233
422	3	0.0275287
