3000
441	207	0.999767
494	332	0.999088
261	73	0.999749
86	81	0.999077
169	143	0.999989
90	61	0.999674
252	75	0.999814
191	167	0.999149
136	67	0.999671
175	51	0.999519
297	83	0.999307
389	346	0.999356
193	122	0.999442
462	333	0.999931
423	175	0.999193
251	231	0.999532
235	212	0.999551
260	206	0.999266
250	175	0.999982
463	435	0.999782
260	73	0.999307
97	45	0.999713
61	27	0.999586
323	151	0.999308
323	225	0.999287
367	244	0.999317
302	78	0.999138
283	167	0.999414
394	217	0.999112
267	183	0.999383
126	119	0.99949
52	18	0.99918
380	192	0.999384
497	282	0.999621
233	223	0.99952
222	90	0.999338
469	213	0.999319
462	419	0.999094
236	142	0.999879
199	86	0.999652
349	321	0.999533
453	227	0.999224
388	156	0.999212
240	185	0.999322
81	33	0.999898
425	297	0.999207
123	66	0.999116
390	283	0.999799
264	159	0.999916
359	287	0.999565
419	270	0.999554
490	371	0.999465
125	110	0.999919
161	111	0.999384
162	75	0.99941
210	200	0.999244
407	204	0.999679
77	29	0.999234
270	119	0.999052
212	134	0.999954
258	101	0.999414
268	265	0.999052
151	95	0.99939
94	53	0.999544
395	228	0.999436
195	177	0.999358
264	117	0.99916
211	97	0.999343
312	285	0.999727
417	355	0.999138
471	310	0.999178
458	242	0.999367
413	392	0.999414
304	163	0.999308
292	235	0.999302
333	299	0.999389
139	95	0.999292
149	107	0.999436
181	147	0.99946
246	238	0.999057
395	135	0.99923
76	53	0.999479
178	100	0.999281
164	146	0.999381
130	92	0.999254
112	102	0.999959
227	72	0.999446
270	69	0.999942
336	141	0.999166
161	60	0.999717
344	102	0.999494
58	33	0.999798
472	113	0.99925
188	174	0.999087
460	165	0.999055
126	94	0.999111
457	364	0.999614
328	179	0.999896
347	153	0.999557
308	262	0.999396
334	173	0.999834
292	144	0.999866
392	160	0.999162
211	118	0.999737
174	141	0.999536
150	65	0.999054
319	81	0.999823
340	110	0.999732
324	285	0.999831
282	103	0.999344
149	73	0.99996
414	151	0.999755
429	116	0.999695
300	88	0.999777
277	268	0.999917
53	34	0.999912
420	303	0.999301
322	110	0.999588
167	152	0.999517
109	42	0.999941
297	160	0.999883
274	185	0.999846
238	146	0.999879
276	202	0.999942
146	44	0.999228
113	99	0.999361
284	203	0.999414
334	272	0.999985
282	251	0.999079
91	31	0.999935
96	71	0.999104
433	389	0.999752
383	154	0.999113
76	59	0.999107
339	262	0.999345
242	178	0.999376
446	357	0.999104
136	37	0.999073
454	294	0.999774
339	173	0.999412
308	300	0.999672
480	233	0.999963
362	191	0.999099
362	202	0.999415
228	150	0.999437
210	199	0.999525
490	327	0.999849
332	294	0.999973
100	85	0.99917
423	244	0.999969
192	64	0.999157
209	98	0.999881
265	72	0.999287
127	46	0.999435
383	165	0.999092
142	114	0.999057
167	98	0.999673
423	185	0.999965
443	217	0.999383
423	344	0.999353
291	104	0.999099
160	43	0.999311
332	113	0.999205
236	178	0.999629
62	54	0.999916
300	206	0.999891
374	300	0.999832
465	366	0.999916
237	127	0.999964
369	261	0.999403
418	215	0.999953
185	164	0.999407
117	39	0.999422
336	136	0.999675
460	233	0.999156
380	109	0.999499
338	207	0.999334
371	134	0.999501
296	274	0.999261
488	379	0.999706
438	354	0.999963
418	266	0.999902
119	79	0.999197
410	354	0.999486
307	253	0.999207
114	78	0.999411
241	119	0.999198
129	99	0.999658
271	240	0.999923
89	41	0.99982
468	362	0.999662
129	57	0.999648
328	155	0.999154
310	234	0.999654
138	109	0.999083
368	307	0.999433
440	154	0.999281
107	89	0.999078
493	126	0.999214
250	82	0.999076
445	368	0.99968
303	133	0.999277
91	70	0.999957
98	97	0.999111
233	94	0.999227
298	158	0.999683
303	105	0.999328
324	163	0.999059
257	140	0.999441
227	128	0.99965
372	296	0.999129
431	209	0.99948
252	118	0.999931
127	40	0.999832
257	88	0.999561
194	99	0.999086
75	48	0.99981
205	164	0.999731
430	158	0.999502
227	94	0.999864
225	91	0.999101
453	214	0.999331
462	232	0.99995
185	60	0.99943
199	173	0.99908
242	240	0.9996
53	32	0.999706
443	242	0.999852
169	59	0.999224
459	453	0.999586
327	316	0.999787
327	118	0.999569
58	40	0.999092
248	132	0.999614
290	208	0.99961
70	58	0.999861
292	137	0.999365
285	77	0.999887
179	106	0.999872
253	174	0.999692
266	104	0.999971
255	88	0.999166
351	96	0.999409
206	132	0.999379
104	52	0.999132
205	204	0.999618
62	29	0.999946
292	140	0.9994
388	272	0.999383
330	89	0.999802
494	141	0.999782
218	182	0.999787
336	213	0.999496
428	149	0.999136
231	164	0.999683
375	125	0.999954
160	59	0.999515
90	67	0.999181
152	59	0.999602
257	228	0.999775
487	189	0.999176
200	143	0.999223
148	56	0.999445
386	119	0.999526
304	201	0.999477
165	96	0.999152
155	50	0.999677
85	36	0.999341
355	294	0.999972
419	185	0.999649
228	176	0.99919
217	139	0.999921
155	136	0.999636
405	360	0.999706
82	34	0.999118
91	50	0.999462
258	62	0.999216
422	196	0.999219
465	154	0.999751
475	391	0.999055
120	43	0.999828
155	43	0.999323
280	270	0.999418
338	223	0.99947
277	191	0.999915
254	245	0.999101
162	139	0.999788
203	147	0.999297
191	185	0.999577
363	120	0.999193
217	74	0.999465
281	214	0.99995
424	178	0.999865
406	356	0.999456
348	322	0.999082
353	351	0.999124
382	190	0.999125
72	71	0.999832
80	41	0.999792
224	171	0.999394
193	95	0.999756
112	50	0.999768
384	92	0.999159
263	209	0.999966
126	50	0.999513
426	243	0.999612
82	27	0.999671
306	105	0.999996
374	292	0.999615
421	379	0.999246
66	24	0.999732
176	60	0.999654
147	36	0.99912
352	128	0.999199
320	177	0.999782
500	168	0.999773
303	132	0.999827
84	67	0.999621
238	145	0.999663
483	417	0.999457
152	55	0.999054
227	132	0.999414
484	216	0.999929
288	199	0.999071
312	234	0.99966
326	173	0.999466
260	135	0.99929
214	55	0.999657
161	70	0.999236
399	309	0.99982
264	260	0.999919
91	51	0.999402
396	173	0.999167
178	95	0.999151
454	170	0.999227
413	165	0.999081
311	239	0.999084
103	48	0.999133
406	165	0.999556
227	138	0.999316
283	273	0.999239
477	165	0.999907
157	78	0.999477
190	102	0.999543
251	96	0.999847
490	342	0.999225
355	303	0.999704
91	22	0.999061
225	175	0.999371
222	81	0.999081
493	257	0.999422
442	432	0.999486
377	92	0.99976
111	59	0.999419
75	56	0.999941
460	421	0.99955
285	283	0.999447
160	149	0.99911
260	86	0.999369
57	23	0.999632
116	45	0.99931
246	76	0.999869
408	185	0.99987
423	233	0.999203
286	199	0.99966
167	62	0.999343
234	142	0.999554
143	62	0.999106
472	282	0.999235
370	241	0.999984
494	193	0.999956
57	27	0.999757
80	73	0.999536
310	78	0.999496
399	259	0.999748
293	194	0.999371
89	26	0.999053
488	411	0.999345
112	64	0.999828
222	217	0.999841
135	58	0.999495
312	187	0.999071
177	176	0.99916
381	241	0.999492
72	65	0.999084
446	289	0.999567
434	256	0.999624
156	95	0.999816
162	59	0.99963
234	165	0.999202
314	177	0.99977
421	170	0.999428
376	224	0.999125
439	352	0.999398
276	241	0.999164
474	149	0.999668
450	115	0.999577
367	276	0.99955
158	95	0.999591
244	225	0.999199
237	219	0.999622
73	37	0.99937
197	136	0.99945
182	70	0.999508
273	147	0.999543
220	65	0.999537
221	101	0.99984
236	97	0.999058
281	227	0.999224
357	300	0.999292
74	47	0.999619
466	459	0.999639
142	84	0.999926
293	273	0.999541
323	292	0.999583
219	209	0.999453
105	56	0.999636
473	360	0.999794
126	87	0.999612
251	186	0.999551
338	86	0.999055
365	156	0.999226
305	296	0.999424
362	326	0.999098
142	124	0.999683
101	43	0.999385
206	56	0.999882
461	288	0.999602
163	132	0.999203
359	241	0.999365
451	217	0.999441
319	275	0.999983
324	315	0.999239
264	71	0.999718
59	51	0.999416
389	126	0.999953
417	190	0.999366
180	66	0.99987
240	130	0.999335
193	120	0.999108
151	146	0.999389
105	80	0.999751
81	44	0.999073
52	27	0.999517
240	214	0.999735
112	63	0.999332
63	17	0.99938
465	218	0.999867
315	284	0.999689
446	128	0.99912
218	149	0.999998
78	50	0.999104
159	53	0.999379
246	118	0.999099
317	147	0.99933
256	231	0.999452
472	219	0.999518
304	264	0.999281
181	54	0.999262
97	67	0.999686
172	86	0.999253
473	141	0.999348
52	20	0.999462
269	159	0.999694
435	174	0.999302
382	362	0.999053
394	244	0.999243
416	124	0.999374
166	102	0.999275
388	275	0.999452
171	105	0.999679
428	423	0.999376
325	304	0.999957
322	303	0.999151
194	86	0.99981
340	241	0.999168
94	73	0.999758
172	125	0.999837
84	44	0.999913
82	21	0.999258
168	72	0.999756
469	361	0.999185
369	122	0.999474
447	206	0.999754
53	51	0.999108
210	132	0.999628
120	63	0.999505
476	165	0.999326
349	169	0.999848
307	224	0.999252
57	34	0.999364
301	189	0.999256
178	52	0.999826
383	212	0.999388
322	177	0.999336
122	108	0.99961
247	65	0.999104
430	258	0.999449
439	235	0.999966
338	89	0.999565
117	100	0.999928
405	189	0.999727
261	194	0.999547
285	264	0.999415
343	161	0.999328
464	179	0.99951
70	63	0.999731
182	88	0.999585
376	295	0.999476
333	218	0.99907
489	398	0.999454
419	309	0.999067
320	157	0.999629
382	364	0.999271
293	170	0.999451
252	116	0.999861
75	61	0.999424
220	156	0.999492
413	132	0.999118
357	141	0.999681
493	286	0.999169
164	156	0.999372
309	188	0.999956
270	115	0.999906
287	170	0.999739
111	80	0.999837
182	46	0.999168
350	141	0.999388
293	275	0.999243
56	16	0.999341
78	52	0.999572
70	41	0.999805
439	184	0.999478
184	120	0.999131
119	63	0.999497
256	170	0.999227
258	82	0.999648
394	148	0.999569
95	88	0.999276
246	167	0.999959
421	282	0.999997
283	255	0.999945
63	51	0.999195
200	134	0.99926
86	21	0.999362
340	231	0.999921
64	29	0.999145
422	175	0.999231
404	306	0.999954
104	62	0.999911
151	116	0.999524
251	201	0.999491
376	318	0.999147
192	165	0.999554
220	208	0.999624
494	491	0.999609
389	255	0.999447
331	230	0.99964
163	43	0.999999
365	354	0.999081
157	146	0.999559
271	224	0.999383
103	39	0.999056
321	142	0.999329
494	230	0.999553
241	237	0.999562
143	121	0.99925
248	162	0.999671
360	153	0.999207
360	189	0.999858
434	128	0.999159
76	41	0.999513
345	84	0.999522
173	113	0.999698
317	300	0.999779
232	196	0.999796
412	332	0.999935
241	93	0.999863
77	70	0.999864
429	195	0.999142
61	44	0.999821
260	237	0.999726
155	80	0.999345
420	175	0.999463
242	191	0.999677
247	219	0.999468
310	162	0.999353
276	89	0.999342
254	152	0.999085
183	63	0.999266
426	357	0.99911
392	217	0.999615
430	210	0.999327
355	192	0.999248
456	282	0.99932
69	32	0.999137
351	148	0.999384
220	112	0.999066
392	100	0.999234
183	92	0.999084
411	102	0.99955
336	220	0.999148
286	99	0.999162
428	331	0.99967
226	168	0.999218
217	203	0.999922
202	53	0.999484
413	117	0.99952
350	304	0.999116
489	253	0.999646
51	22	0.999244
285	187	0.999812
70	58	0.999054
235	136	0.999767
145	116	0.999253
139	86	0.999847
140	99	0.999404
261	184	0.99947
71	29	0.999997
240	157	0.999899
100	33	0.999487
234	168	0.999546
78	36	0.999406
350	188	0.999808
170	47	0.999133
354	242	0.999909
112	31	0.999115
192	72	0.9995
56	31	0.999319
113	103	0.999496
286	124	0.999131
211	107	0.999204
248	194	0.999677
156	99	0.999108
471	177	0.999312
434	141	0.999166
451	281	0.999649
82	40	0.999379
233	216	0.999234
298	223	0.999389
101	33	0.999367
468	382	0.999482
117	94	0.999179
387	212	0.999226
157	53	0.999159
337	84	0.999775
203	85	0.999494
472	239	0.999581
499	303	0.9996
426	137	0.999825
409	181	0.999763
300	191	0.999926
269	188	0.999365
50	48	0.999992
422	329	0.999223
310	87	0.999601
376	324	0.999143
391	247	0.999994
355	262	0.999358
214	190	0.99951
316	206	0.999109
219	158	0.999583
98	37	0.999845
437	389	0.999549
194	116	0.999449
123	106	0.999818
394	222	0.999073
443	333	0.999242
388	196	0.999225
253	224	0.999141
329	243	0.999906
251	97	0.9991
445	340	0.999879
495	369	0.999757
227	197	0.999068
391	374	0.999362
85	33	0.999147
160	116	0.999483
293	167	0.999459
469	133	0.999624
475	204	0.999952
273	66	0.999439
381	293	0.999223
189	98	0.999274
241	143	0.999533
106	41	0.999389
254	108	0.9994
426	353	0.999574
261	146	0.999957
465	213	0.999615
368	174	0.999738
192	108	0.999408
405	234	0.999558
438	287	0.999162
258	66	0.999074
489	476	0.999884
416	191	0.999161
462	126	0.999058
308	294	0.999644
141	50	0.999661
312	138	0.99976
148	78	0.999884
469	358	0.999426
438	169	0.999416
334	125	0.999104
347	345	0.999673
415	134	0.999791
212	132	0.999554
212	57	0.999379
69	28	0.999518
362	180	0.999536
113	89	0.99941
123	75	0.999986
112	53	0.999492
161	70	0.999523
356	273	0.999338
131	47	0.999498
298	107	0.999259
333	279	0.999611
237	224	0.999949
83	20	0.999505
120	54	0.999807
115	69	0.999354
500	452	0.999498
180	60	0.999934
410	252	0.999321
59	46	0.999071
194	78	0.99998
167	162	0.999408
127	30	0.999292
166	154	0.999837
412	117	0.999373
500	284	0.999414
462	161	0.999147
376	246	0.999618
163	70	0.999157
386	285	0.999972
176	155	0.999902
245	113	0.999508
498	178	0.999127
332	237	0.99976
388	305	0.999169
61	44	0.999826
216	212	0.999099
492	187	0.999648
324	243	0.99989
412	273	0.99999
283	98	0.999147
234	76	0.999379
379	116	0.999402
338	323	0.999487
483	165	0.999102
137	33	0.999172
326	108	0.999763
322	116	0.99948
491	221	0.999856
397	109	0.999681
195	98	0.999513
310	93	0.999122
257	249	0.999549
400	197	0.999101
224	142	0.999637
276	213	0.99918
243	164	0.999077
159	46	0.999405
147	89	0.999129
409	106	0.999192
149	85	0.999557
179	119	0.999554
84	52	0.999692
337	270	0.999838
453	148	0.999132
189	75	0.999186
335	118	0.999537
59	50	0.999916
369	172	0.999898
283	233	0.999106
271	171	0.999139
488	239	0.999868
472	263	0.999397
304	139	0.999055
300	235	0.999486
165	104	0.999396
274	83	0.999322
149	55	0.999873
437	402	0.999657
80	31	0.999638
462	436	0.999368
142	107	0.999206
84	66	0.999412
382	299	0.999887
316	301	0.99938
324	228	0.999858
178	162	0.999592
276	140	0.999988
224	93	0.999451
154	105	0.999085
247	130	0.999437
163	51	0.999454
446	270	0.999127
155	112	0.999437
86	78	0.999424
349	266	0.999216
77	54	0.99921
411	142	0.99958
371	227	0.999107
242	228	0.999904
216	66	0.999799
225	155	0.999591
134	124	0.999748
103	54	0.999983
141	61	0.999176
467	155	0.999484
246	144	0.999338
57	36	0.999674
443	162	0.999606
309	190	0.999454
479	401	0.999363
394	247	0.999973
352	268	0.999838
330	277	0.999091
268	67	0.999427
278	89	0.999824
225	186	0.999702
140	127	0.999651
145	108	0.999691
110	55	0.999525
261	149	0.999768
147	123	0.999701
256	89	0.9995
476	248	0.999071
323	175	0.999689
165	120	0.999357
493	431	0.999349
69	59	0.999541
152	60	0.999834
285	233	0.999227
411	165	0.999149
272	79	0.999832
366	95	0.99981
428	290	0.999359
236	211	0.999209
86	37	0.999056
339	235	0.999763
140	124	0.999818
194	136	0.999792
116	114	0.999767
193	155	0.999452
178	55	0.999167
249	156	0.999218
462	368	0.999099
83	37	0.999952
304	104	0.999446
400	255	0.999325
201	151	0.999944
388	229	0.999495
204	166	0.999407
163	132	0.999525
152	130	0.999756
226	217	0.999434
299	240	0.999286
204	178	0.999687
243	211	0.999731
374	233	0.999338
219	95	0.999214
347	274	0.999578
54	36	0.999455
423	330	0.999859
92	84	0.999833
285	82	0.999644
279	175	0.99984
433	195	0.999353
356	100	0.999569
379	91	0.999206
489	214	0.999395
96	71	0.999606
249	234	0.999633
307	278	0.999355
95	46	0.999607
449	280	0.99987
388	293	0.999672
375	267	0.999392
244	190	0.999621
186	125	0.999052
471	210	0.999838
255	249	0.999393
202	122	0.999949
57	47	0.999131
119	85	0.999742
145	47	0.999908
421	184	0.99975
497	404	0.99963
77	30	0.999169
366	219	0.999415
399	247	0.999355
335	308	0.999652
326	99	0.999782
305	243	0.999749
212	55	0.999114
380	247	0.999441
343	162	0.99917
161	137	0.99983
413	244	0.999514
71	36	0.999201
58	46	0.999534
454	376	0.999647
236	175	0.999168
262	223	0.99978
440	122	0.999749
305	248	0.999909
389	115	0.999255
434	153	0.999798
273	272	0.999418
78	60	0.999666
279	261	0.999597
235	153	0.999574
157	69	0.999147
432	425	0.999902
424	275	0.999452
378	220	0.99952
335	163	0.999831
421	120	0.999485
186	62	0.999521
485	182	0.999212
241	75	0.999276
450	128	0.999397
281	258	0.999423
332	81	0.99941
382	351	0.999285
256	178	0.999825
190	102	0.999171
485	275	0.99942
421	113	0.999395
363	151	0.999103
293	181	0.999161
286	77	0.999082
381	193	0.999183
145	114	0.999658
480	457	0.999811
133	92	0.999731
273	259	0.999552
435	284	0.999283
52	24	0.999717
484	287	0.999722
371	208	0.999682
395	339	0.999098
286	282	0.999437
482	300	0.999232
251	206	0.99982
318	146	0.999527
191	102	0.999579
407	258	0.999606
59	37	0.999401
337	216	0.99991
443	126	0.999146
87	55	0.99912
55	14	0.999957
132	71	0.999791
63	19	0.999176
144	52	0.999769
116	113	0.999191
319	273	0.999514
104	91	0.999772
256	164	0.999416
465	424	0.999915
208	180	0.999198
141	48	0.999995
326	297	0.999218
279	205	0.999105
178	79	0.999483
54	25	0.999655
182	79	0.999575
203	108	0.999163
90	34	0.999085
217	188	0.999363
71	19	0.999947
236	216	0.999113
478	396	0.99984
190	100	0.999547
331	242	0.999961
411	193	0.99975
127	64	0.999412
150	142	0.999309
436	413	0.999505
349	183	0.9999
384	302	0.999845
288	247	0.999267
487	410	0.999932
282	217	0.999845
333	330	0.999508
171	110	0.999113
291	211	0.999854
274	263	0.999096
340	328	0.999239
196	63	0.999741
53	20	0.999345
477	288	0.999676
414	300	0.999428
432	153	0.999424
133	94	0.999853
486	157	0.999585
223	187	0.999938
396	183	0.999418
190	116	0.999869
79	78	0.999289
298	88	0.999121
211	187	0.999396
100	48	0.999607
128	45	0.99926
446	436	0.999178
328	145	0.999987
59	58	0.999107
407	372	0.999979
442	306	0.999069
211	210	0.999518
301	210	0.999879
278	74	0.999953
439	138	0.99911
197	131	0.999133
273	185	0.999732
216	174	0.999543
144	34	0.999413
355	243	0.999973
59	40	0.999117
235	163	0.999695
189	113	0.999462
389	327	0.999064
204	134	0.999625
487	275	0.999544
224	55	0.999399
307	249	0.999691
157	57	0.999691
258	167	0.99907
360	343	0.999651
431	315	0.999818
344	193	0.99976
475	185	0.999998
312	126	0.999854
150	76	0.999452
216	154	0.999578
91	33	0.999445
165	45	0.999768
256	242	0.99922
330	196	0.99958
415	223	0.999462
428	270	0.999884
227	125	0.999678
289	125	0.999151
371	135	0.999196
175	91	0.999411
221	76	0.999239
454	447	0.999325
285	82	0.99932
426	335	0.999305
357	274	0.99934
217	82	0.999695
494	392	0.999556
90	88	0.999611
376	342	0.999271
63	26	0.999104
323	230	0.999746
421	140	0.999581
445	277	0.999783
494	461	0.999615
138	72	0.999424
345	223	0.999206
289	147	0.999249
183	73	0.999207
330	272	0.999829
363	335	0.999723
464	370	0.999491
394	148	0.999101
449	292	0.999631
412	121	0.999972
278	242	0.999525
222	189	0.999812
120	94	0.999906
462	171	0.999588
207	174	0.999633
417	269	0.999891
423	312	0.999427
413	300	0.999694
212	189	0.999721
351	291	0.99936
204	99	0.999398
267	89	0.999185
57	36	0.999414
224	110	0.999174
113	83	0.999824
223	113	0.999103
313	198	0.999523
388	118	0.999148
200	177	0.999789
405	222	0.999104
419	381	0.999432
422	189	0.999657
387	341	0.999763
412	108	0.999869
155	53	0.999799
365	242	0.99918
486	432	0.999552
332	256	0.99912
174	72	0.999329
205	135	0.999459
367	96	0.999949
474	219	0.999268
159	109	0.999952
365	312	0.999561
331	281	0.99934
159	149	0.999474
268	101	0.999326
420	384	0.999414
389	318	0.999462
176	75	0.999756
132	94	0.999316
312	114	0.999058
50	42	0.999844
289	183	0.999582
179	138	0.99948
442	176	0.999336
483	164	0.99918
278	174	0.999486
64	25	0.999422
101	30	0.999517
333	207	0.999229
223	151	0.999909
92	63	0.999878
79	44	0.999913
427	119	0.999984
240	208	0.999253
79	60	0.9998
136	55	0.999589
215	197	0.999153
173	144	0.999766
250	133	0.999521
405	322	0.999082
112	74	0.999107
90	70	0.99992
143	57	0.999759
431	271	0.999736
207	181	0.999217
287	96	0.999894
279	120	0.999118
266	192	0.999523
282	242	0.999838
141	140	0.999401
132	92	0.9998
59	53	0.99949
218	210	0.999983
388	200	0.999316
193	164	0.999551
450	304	0.999099
433	400	0.999181
415	211	0.999242
478	206	0.999116
389	317	0.999904
259	72	0.999505
499	458	0.999315
194	99	0.999077
237	70	0.999729
151	66	0.999617
201	70	0.999873
284	172	0.999632
106	71	0.99919
213	126	0.99918
142	68	0.999687
287	198	0.999498
268	234	0.999914
461	112	0.99956
250	235	0.999339
389	321	0.999957
266	155	0.999565
183	122	0.999751
434	334	0.999291
427	121	0.999132
463	225	0.999638
481	319	0.999668
320	303	0.999734
448	331	0.999646
250	191	0.999272
226	150	0.999373
253	99	0.999143
160	91	0.999145
318	172	0.999308
253	147	0.999505
432	423	0.999449
313	235	0.999722
286	146	0.999227
466	123	0.999963
141	102	0.999714
177	74	0.999922
133	35	0.999459
341	257	0.999549
453	374	0.999135
411	236	0.999544
293	207	0.999306
151	58	0.999793
493	167	0.999128
412	376	0.999054
172	166	0.999299
393	297	0.999441
385	273	0.999788
481	151	0.999171
83	20	0.999484
113	107	0.999606
443	430	0.999593
88	38	0.999672
392	306	0.999575
411	199	0.999433
184	74	0.999308
455	291	0.99929
265	92	0.999146
445	316	0.999822
453	381	0.999308
322	291	0.999113
128	50	0.999602
131	84	0.999872
465	190	0.999223
321	139	0.999667
163	90	0.999464
117	99	0.999202
171	81	0.999374
170	156	0.99978
364	228	0.999264
78	43	0.999373
382	93	0.999272
401	357	0.999387
459	282	0.999928
455	423	0.999675
348	251	0.999711
224	214	0.999987
429	330	0.9992
164	74	0.999618
475	134	0.999679
459	129	0.999893
111	64	0.99939
463	129	0.99982
332	228	0.999759
321	232	0.999683
53	15	0.99933
170	127	0.99965
225	113	0.999883
153	129	0.999868
410	171	0.999884
453	119	0.99923
361	95	0.999459
493	163	0.999574
236	114	0.999818
467	330	0.999713
232	157	0.999072
350	199	0.99924
483	179	0.99946
150	91	0.999103
310	287	0.99918
491	371	0.999162
91	46	0.999509
164	155	0.999271
186	147	0.999731
313	121	0.999417
346	192	0.999954
98	31	0.999577
377	230	0.999861
181	122	0.9995
99	81	0.999277
282	68	0.999081
271	126	0.999827
386	322	0.999185
428	248	0.999421
389	339	0.999503
332	270	0.999699
358	186	0.999163
139	132	0.999919
381	141	0.999665
477	247	0.999318
134	113	0.999819
356	291	0.999892
476	397	0.999403
437	280	0.99938
83	44	0.99965
366	258	0.999601
55	37	0.999946
375	319	0.999664
482	190	0.999853
227	143	0.999086
273	133	0.999208
293	100	0.999451
57	28	0.999851
483	201	0.999493
442	262	0.999482
264	133	0.999279
119	54	0.999755
57	34	0.999942
329	132	0.999193
384	240	0.999526
445	262	0.999972
324	320	0.999511
407	141	0.999437
403	229	0.999734
68	46	0.999891
107	92	0.99983
198	189	0.999706
469	357	0.999397
201	89	0.999322
156	102	0.999292
62	46	0.99983
55	38	0.99969
368	137	0.999531
74	28	0.999683
215	64	0.999987
336	314	0.999691
138	129	0.999507
363	189	0.999348
270	129	0.99951
198	168	0.999673
294	169	0.99986
422	126	0.999768
223	133	0.999417
268	80	0.999694
70	35	0.99961
153	100	0.999479
146	70	0.999295
392	114	0.999474
400	201	0.999473
64	39	0.999181
472	144	0.99946
364	201	0.999401
100	76	0.999613
53	25	0.999962
288	188	0.999638
430	112	0.999071
158	70	0.999963
442	220	0.999746
276	255	0.999074
326	268	0.999882
128	72	0.999068
251	172	0.999251
129	38	0.999097
124	117	0.999773
305	91	0.999631
341	326	0.999881
67	38	0.999313
73	48	0.999676
451	196	0.999095
202	185	0.999279
247	178	0.999954
85	83	0.999657
388	122	0.999964
81	27	0.999406
101	90	0.999584
448	287	0.999871
421	116	0.999418
85	40	0.999068
70	56	0.999967
85	63	0.999471
350	316	0.999393
207	176	0.999411
159	47	0.99906
271	105	0.999776
167	104	0.999472
466	144	0.999845
417	267	0.999998
275	165	0.999796
197	112	0.999959
412	409	0.999888
96	37	0.999107
299	154	0.999876
267	244	0.999148
105	32	0.999668
293	281	0.999973
493	211	0.999349
491	395	0.999535
281	226	0.999763
184	61	0.999793
166	156	0.999428
163	59	0.999597
191	49	0.999457
266	154	0.999905
293	88	0.999848
182	171	0.999551
361	103	0.999299
272	231	0.999569
500	436	0.999611
236	218	0.999196
227	136	0.999289
150	71	0.999589
436	118	0.999129
459	458	0.999881
294	225	0.999593
266	124	0.999554
158	110	0.999569
304	75	0.999702
194	124	0.999395
110	36	0.999357
181	179	0.999743
269	82	0.999476
160	151	0.999566
184	130	0.999349
473	118	0.999844
145	37	0.99945
273	174	0.999242
496	398	0.99945
50	42	0.999971
477	303	0.999517
142	99	0.999274
108	56	0.999691
60	34	0.999679
60	32	0.999611
186	157	0.999559
472	215	0.999779
441	317	0.999702
51	28	0.999384
342	339	0.999768
166	156	0.999597
218	83	0.999466
183	126	0.999113
434	318	0.999859
142	129	0.999387
476	183	0.999507
407	112	0.999145
299	78	0.99914
117	28	0.99981
317	158	0.999359
302	84	0.999962
83	52	0.999231
280	152	0.999685
368	164	0.999884
231	175	0.999781
483	319	0.999789
371	351	0.999765
288	114	0.999179
432	296	0.999237
63	18	0.999288
415	328	0.999479
133	53	0.999136
484	116	0.999674
347	110	0.999597
253	146	0.999135
267	123	0.999793
391	192	0.999286
137	52	0.999775
69	67	0.999765
268	163	0.999191
259	88	0.999133
221	99	0.99942
57	49	0.99991
285	118	0.999989
207	171	0.999559
234	63	0.999142
435	224	0.999603
200	77	0.999421
272	159	0.999671
213	100	0.999757
267	214	0.999613
187	68	0.999244
381	181	0.999417
70	22	0.999687
423	186	0.999509
346	287	0.999512
299	265	0.999125
268	172	0.999485
472	222	0.9995
156	155	0.999217
259	65	0.999549
221	164	0.999691
421	201	0.999457
227	106	0.999915
313	235	0.999457
137	136	0.999436
472	332	0.999319
442	313	0.999632
179	96	0.999921
369	250	0.999176
91	43	0.999166
107	88	0.999421
156	97	0.999159
392	143	0.999375
60	39	0.999589
246	122	0.999919
131	81	0.999483
228	84	0.999244
218	84	0.999172
399	321	0.999322
453	245	0.999996
466	438	0.99921
280	221	0.999128
448	138	0.999822
90	58	0.999332
377	182	0.99939
215	56	0.999594
179	72	0.999882
418	344	0.999449
467	449	0.999591
376	262	0.99946
174	127	0.999828
94	81	0.99931
405	396	0.999529
379	369	0.999915
335	174	0.999889
74	35	0.999755
350	178	0.999525
421	310	0.9991
88	75	0.999878
306	160	0.999606
304	75	0.999216
373	338	0.999913
272	233	0.999715
97	50	0.999774
404	374	0.999893
417	292	0.999972
83	22	0.999422
368	367	0.999821
66	46	0.999088
204	182	0.999561
195	56	0.999351
480	176	0.999837
371	323	0.999252
275	198	0.999997
127	49	0.999326
184	80	0.999732
90	24	0.999899
299	237	0.999431
446	290	0.999614
431	135	0.999357
117	76	0.999166
426	417	0.999275
97	96	0.999997
144	97	0.999756
344	261	0.999815
431	393	0.999584
228	61	0.999352
236	72	0.999225
382	273	0.999101
302	129	0.999575
165	135	0.999352
396	275	0.99957
132	78	0.999125
58	35	0.999655
383	231	0.999358
292	234	0.999264
426	180	0.999167
447	371	0.999413
292	103	0.999469
274	194	0.999825
442	124	0.999581
152	123	0.999203
415	248	0.999269
389	373	0.999186
92	76	0.999251
248	245	0.999789
473	325	0.999234
213	107	0.999266
325	248	0.999522
342	328	0.999657
389	256	0.999874
268	126	0.999994
275	66	0.999915
228	209	0.999556
112	38	0.999843
160	110	0.99929
383	315	0.999315
182	65	0.999369
128	102	0.999326
190	177	0.999749
171	113	0.999824
318	146	0.999851
80	79	0.99929
223	191	0.999483
454	448	0.999799
348	226	0.999166
265	107	0.999535
202	104	0.999733
410	248	0.99985
379	268	0.999661
449	245	0.999768
124	105	0.999836
465	434	0.999566
322	106	0.999922
101	36	0.999809
156	115	0.999279
218	170	0.999425
133	58	0.999278
227	216	0.999455
439	199	0.99942
238	95	0.999557
198	193	0.999363
153	59	0.999912
361	146	0.999382
491	482	0.999483
137	41	0.999648
261	228	0.999053
401	145	0.999662
254	96	0.999513
349	320	0.999271
409	371	0.999104
133	56	0.999958
123	46	0.999379
353	273	0.999872
413	387	0.999291
386	362	0.999568
426	121	0.99993
132	88	0.999284
147	104	0.999421
417	157	0.999316
481	394	0.999894
319	112	0.999405
129	54	0.999294
80	50	0.999819
387	249	0.999089
188	180	0.999778
277	266	0.999096
162	71	0.999982
196	70	0.999757
374	169	0.999536
448	198	0.999694
479	337	0.999166
344	239	0.99987
143	139	0.999442
415	135	0.9994
267	227	0.999851
234	137	0.999559
458	183	0.999437
130	103	0.999222
326	161	0.999304
448	314	0.999782
258	126	0.99976
438	260	0.999591
265	252	0.999713
194	187	0.999442
498	378	0.999356
178	100	0.99957
81	69	0.999745
260	236	0.999758
144	87	0.999434
130	117	0.999285
253	110	0.999394
216	67	0.999785
337	169	0.999096
379	162	0.999124
270	152	0.999508
380	281	0.999239
60	47	0.999581
151	150	0.999382
263	117	0.999885
117	67	0.99929
118	37	0.999859
143	106	0.999847
284	92	0.999345
231	193	0.999647
193	157	0.999924
156	142	0.999916
72	32	0.999109
294	286	0.999514
421	119	0.999557
200	109	0.999784
310	118	0.999835
433	249	0.999185
115	51	0.999778
263	88	0.999923
293	284	0.999828
186	156	0.999914
229	228	0.999498
278	89	0.999203
426	121	0.999935
407	138	0.999878
144	94	0.999839
460	197	0.99969
194	175	0.999591
173	114	0.999676
485	343	0.999381
351	302	0.999968
141	90	0.999603
311	263	0.999975
492	337	0.99939
322	98	0.999974
100	95	0.999216
70	40	0.999258
157	43	0.999524
201	65	0.999229
488	194	0.999327
355	219	0.999734
386	341	0.999052
358	140	0.999426
112	50	0.999341
397	341	0.999718
120	119	0.999595
463	167	0.999954
303	99	0.999338
55	39	0.999382
449	340	0.999272
341	87	0.999412
159	132	0.999721
278	151	0.999585
315	255	0.999746
411	155	0.999502
254	111	0.999679
214	114	0.999252
413	169	0.999234
246	242	0.999821
384	262	0.99982
202	140	0.999298
376	201	0.99925
332	209	0.999532
402	374	0.999169
339	286	0.999084
157	51	0.999996
290	160	0.999601
496	122	0.999978
226	157	0.999164
356	355	0.999576
76	23	0.999189
306	82	0.999754
372	213	0.999743
323	296	0.999804
126	85	0.999693
416	130	0.99968
348	167	0.999402
411	151	0.99941
337	104	0.999974
479	471	0.999702
482	436	0.999894
321	104	0.999642
60	41	0.999202
247	169	0.999805
259	247	0.999209
175	152	0.999448
408	136	0.999696
316	112	0.999761
370	236	0.999198
240	212	0.999916
397	357	0.999994
332	312	0.999674
362	320	0.999541
246	148	0.999939
75	46	0.9991
81	29	0.999677
206	114	0.999231
219	172	0.999343
216	110	0.999553
180	163	0.999859
74	30	0.99969
303	258	0.999534
235	93	0.999508
246	226	0.999208
86	56	0.99962
213	67	0.999408
81	37	0.999731
351	115	0.999712
272	103	0.999096
311	177	0.999562
242	111	0.999655
68	21	0.999167
199	58	0.999888
71	18	0.999701
175	93	0.999287
179	62	0.999598
192	84	0.999514
180	175	0.999609
408	290	0.999894
193	95	0.999983
119	83	0.999328
439	374	0.999336
242	164	0.99931
322	220	0.999427
98	47	0.999094
59	22	0.999807
140	98	0.999103
130	68	0.999529
152	87	0.99928
96	57	0.999976
226	118	0.9993
258	236	0.999676
341	171	0.999273
76	62	0.999522
449	345	0.999621
95	59	0.999322
229	56	0.999934
142	36	0.999506
271	205	0.999234
184	146	0.999244
243	137	0.999793
390	340	0.999592
321	281	0.999523
239	181	0.999935
80	26	0.999112
374	353	0.999696
73	34	0.999668
494	461	0.999835
142	43	0.999116
191	117	0.999205
179	168	0.999796
418	138	0.999541
492	405	0.999135
347	284	0.999448
302	71	0.999621
229	108	0.999137
416	396	0.999461
239	108	0.999127
213	147	0.999814
173	79	0.999316
373	160	0.999228
459	187	0.999211
382	323	0.999678
157	127	0.999109
356	296	0.999649
261	122	0.999453
278	72	0.999326
421	300	0.999408
101	26	0.999663
414	135	0.999418
73	67	0.999133
472	319	0.999421
110	108	0.999092
196	155	0.99947
122	33	0.999977
428	294	0.999698
452	141	0.999481
305	267	0.999262
76	69	0.999858
139	111	0.999846
295	144	0.999718
143	98	0.999961
243	98	0.999218
70	63	0.999255
108	65	0.999441
466	347	0.999567
122	37	0.999877
441	341	0.999405
373	271	0.99958
218	161	0.999308
93	72	0.999345
413	164	0.99941
100	78	0.999655
409	337	0.999535
231	77	0.999964
177	95	0.999983
103	84	0.999904
494	213	0.999263
153	60	0.99959
474	332	0.99972
394	347	0.999821
314	238	0.999534
314	205	0.999958
480	312	0.999683
296	79	0.999269
330	126	0.999533
76	51	0.999566
214	180	0.999698
94	63	0.999164
220	95	0.999111
298	244	0.999931
241	172	0.999357
460	455	0.999453
169	103	0.999239
256	78	0.999412
266	156	0.99994
269	142	0.999082
50	49	0.999935
478	445	0.999477
149	81	0.999295
284	260	0.999786
289	121	0.999204
98	32	0.999938
239	119	0.999612
128	97	0.999847
160	115	0.999935
451	393	0.999731
500	136	0.999068
467	347	0.999358
470	185	0.999405
475	189	0.999114
448	112	0.999391
473	418	0.999747
479	317	0.999649
166	46	0.999235
102	68	0.999539
347	149	0.99912
82	62	0.999288
51	12	0.999534
447	424	0.999992
153	73	0.999972
434	351	0.999726
324	147	0.999683
159	72	0.999298
469	393	0.999862
90	33	0.999443
336	202	0.999849
374	255	0.999792
303	217	0.999103
65	55	0.999886
137	122	0.999611
256	192	0.999611
72	55	0.999719
404	283	0.999162
261	213	0.999591
258	170	0.99995
232	161	0.999185
277	246	0.99915
199	150	0.999738
463	418	0.999735
329	328	0.999444
99	39	0.999683
408	98	0.999734
440	243	0.999936
290	145	0.999264
338	106	0.99922
272	199	0.99946
207	66	0.999177
385	213	0.999456
327	228	0.999513
331	114	0.999775
456	125	0.999649
484	380	0.999635
251	102	0.999893
56	18	0.999533
179	102	0.99975
348	140	0.999266
247	136	0.999772
168	167	0.999805
491	176	0.999922
425	373	0.999291
114	112	0.999286
432	346	0.999922
137	105	0.9996
152	91	0.999067
305	159	0.999555
67	39	0.999499
223	87	0.99985
122	101	0.999997
216	207	0.999915
148	129	0.999581
480	228	0.99934
346	270	0.999301
338	256	0.999517
424	344	0.999262
136	65	0.999247
290	150	0.999058
345	159	0.99944
200	72	0.999583
228	128	0.99986
82	27	0.999951
130	35	0.999844
453	302	0.999893
427	268	0.999779
180	126	0.999433
159	60	0.99994
312	286	0.99947
383	197	0.999301
251	103	0.999089
337	132	0.999746
309	243	0.999695
445	365	0.999359
484	449	0.999676
376	272	0.999878
469	437	0.999125
407	355	0.999844
66	36	0.999793
113	43	0.999521
435	329	0.99912
329	100	0.999672
335	323	0.99924
498	232	0.999437
215	131	0.99933
331	172	0.999955
304	75	0.999668
343	176	0.999916
66	22	0.999293
209	122	0.999144
158	66	0.999888
407	371	0.999344
484	462	0.999107
373	155	0.999935
219	90	0.999859
307	221	0.999443
180	167	0.999142
454	383	0.999116
124	92	0.999191
295	182	0.99996
324	253	0.999328
50	26	0.999262
113	61	0.999484
459	345	0.99993
477	455	0.999059
454	256	0.999483
76	62	0.999235
425	293	0.999237
461	212	0.999215
380	191	0.999528
254	93	0.999861
356	204	0.999797
449	271	0.999951
191	125	0.999234
117	73	0.999455
429	380	0.999209
100	71	0.999652
367	362	0.999776
229	169	0.99922
159	139	0.999316
474	122	0.999089
470	223	0.999841
452	408	0.999384
108	49	0.999198
214	187	0.999862
243	70	0.999881
446	409	0.999759
211	89	0.999439
489	188	0.999634
77	26	0.99955
330	276	0.999097
151	58	0.999866
498	225	0.999114
337	139	0.999158
162	42	0.999783
306	136	0.999558
180	75	0.999261
243	106	0.9995
80	33	0.999787
274	89	0.999227
108	45	0.999519
99	85	0.999221
419	337	0.999917
205	132	0.999564
319	91	0.999088
287	233	0.999676
303	261	0.999278
206	125	0.999066
120	45	0.999294
222	170	0.999545
59	24	0.999761
393	324	0.99964
402	344	0.999871
102	96	0.999818
108	106	0.999276
132	60	0.9998
304	130	0.999212
236	210	0.999165
211	56	0.999578
107	74	0.999608
251	213	0.999959
235	112	0.99975
143	39	0.999968
219	158	0.999609
476	203	0.999715
471	264	0.999558
84	57	0.999842
79	48	0.999807
357	138	0.999674
272	120	0.999471
144	50	0.999352
144	109	0.999639
113	32	0.999308
298	182	0.999231
115	39	0.999645
362	187	0.99998
299	212	0.999431
160	156	0.999529
336	324	0.999476
258	164	0.999236
78	76	0.99952
341	141	0.999218
53	47	0.999767
79	59	0.999658
52	29	0.999106
165	111	0.999557
486	223	0.999411
323	221	0.999087
451	310	0.999084
410	405	0.999714
341	97	0.999428
423	372	0.99951
157	108	0.999847
354	343	0.999412
149	91	0.999388
416	336	0.99908
481	442	0.999871
357	149	0.999406
54	49	0.999059
335	206	0.999811
308	104	0.999591
203	101	0.999953
331	180	0.999636
229	216	0.999668
139	122	0.999428
220	101	0.999963
226	186	0.999929
458	127	0.999239
137	86	0.999698
275	160	0.999714
202	170	0.999123
219	125	0.999406
350	304	0.99948
173	83	0.999677
360	340	0.999084
345	241	0.999568
489	393	0.999244
393	255	0.999997
142	61	0.999462
52	47	0.999826
457	261	0.999121
192	61	0.999879
143	66	0.999062
184	124	0.99944
324	265	0.999935
426	230	0.99993
237	101	0.999488
62	55	0.999144
325	161	0.999809
385	291	0.999188
373	228	0.999946
181	169	0.999182
145	61	0.999874
142	72	0.999317
209	71	0.999172
76	54	0.999854
240	187	0.999296
70	26	0.999579
481	230	0.999344
414	231	0.999941
423	320	0.99929
373	196	0.999147
264	243	0.999121
414	279	0.999651
362	102	0.999304
442	115	0.999853
252	127	0.999965
157	141	0.99931
242	236	0.999197
65	44	0.999631
129	126	0.999151
117	98	0.999493
207	178	0.99964
108	67	0.999606
251	84	0.999953
431	136	0.999941
371	263	0.999128
392	358	0.999662
439	275	0.999201
375	179	0.999463
113	109	0.999064
463	295	0.999675
326	225	0.99999
327	275	0.999101
462	145	0.999206
462	262	0.999843
395	387	0.99963
341	115	0.999421
90	88	0.999976
408	342	0.999842
103	64	0.999759
378	250	0.999744
390	251	0.999375
111	40	0.999707
130	42	0.999544
354	181	0.999071
132	70	0.999851
172	42	0.999533
153	63	0.999223
86	57	0.999997
291	154	0.999335
415	118	0.999348
442	253	0.99935
272	244	0.999086
385	275	0.999919
91	83	0.999278
305	286	0.99934
247	167	0.999076
446	121	0.999052
319	226	0.999654
425	419	0.999725
385	377	0.999071
423	188	0.999965
424	417	0.999987
203	100	0.999253
274	254	0.999584
435	282	0.999443
430	418	0.999916
185	80	0.999814
253	90	0.999755
435	185	0.99907
90	87	0.999267
455	312	0.999847
388	352	0.999947
314	311	0.999753
335	234	0.9997
53	36	0.999407
135	83	0.999362
473	344	0.999673
398	231	0.999492
114	41	0.999259
494	250	0.999276
104	64	0.999938
358	275	0.999213
61	32	0.999633
228	130	0.999072
435	315	0.999892
111	32	0.999348
201	76	0.999737
371	154	0.999456
450	250	0.999445
427	296	0.999851
202	142	0.999471
170	123	0.99967
113	78	0.999235
215	190	0.999991
292	144	0.999623
269	139	0.999082
266	114	0.999386
430	255	0.999224
393	297	0.999867
191	58	0.999437
221	218	0.99944
302	215	0.99941
263	195	0.99998
312	210	0.99922
448	317	0.999362
157	85	0.999837
164	128	0.999308
496	359	0.999865
150	110	0.999783
320	82	0.999482
91	77	0.999452
341	110	0.999684
428	353	0.999639
386	244	0.999893
51	26	0.999983
143	105	0.999695
387	281	0.999681
238	113	0.999058
258	81	0.999897
173	92	0.999364
222	120	0.999904
329	87	0.999078
472	362	0.999195
359	175	0.999464
378	281	0.999345
444	252	0.999582
280	195	0.999503
291	183	0.999343
194	192	0.999259
385	184	0.999214
402	341	0.999585
67	52	0.999274
305	138	0.999825
381	334	0.999278
488	307	0.999725
457	231	0.999486
307	112	0.999146
209	126	0.999168
407	314	0.999974
318	133	0.999811
279	88	0.999814
463	345	0.999893
124	56	0.999563
469	396	0.999915
262	156	0.999695
447	273	0.999619
455	306	0.99945
342	262	0.999853
459	261	0.999669
426	271	0.999694
215	59	0.999567
440	231	0.999653
226	76	0.999543
100	72	0.999768
254	91	0.999553
419	335	0.999369
415	182	0.999601
100	33	0.999764
100	33	0.999411
385	138	0.99947
234	94	0.999518
241	186	0.999549
322	109	0.999943
128	101	0.999298
434	221	0.999278
451	230	0.9992
424	122	0.999112
494	380	0.999594
124	83	0.99912
360	293	0.999979
449	345	0.999759
187	76	0.999873
127	60	0.999379
423	227	0.999332
374	145	0.999173
123	49	0.999807
331	161	0.999672
455	293	0.999125
155	105	0.99956
145	51	0.999174
398	135	0.999787
58	33	0.999189
456	406	0.999383
486	322	0.999356
175	73	0.999449
79	60	0.999834
115	73	0.999369
159	142	0.999378
427	393	0.999754
274	113	0.999241
425	314	0.999064
81	53	0.999492
222	202	0.999663
498	119	0.999866
58	19	0.999573
327	234	0.999339
441	282	0.999439
238	122	0.999359
284	153	0.999447
375	88	0.999454
148	96	0.999373
498	248	0.999358
475	347	0.99909
477	253	0.999477
376	176	0.999277
168	132	0.999305
257	212	0.999055
95	50	0.999751
299	286	0.999624
62	19	0.999329
452	117	0.999568
278	179	0.999376
386	124	0.999666
95	84	0.999338
362	258	0.999508
120	92	0.999217
205	186	0.999342
410	232	0.999183
375	337	0.999147
359	163	0.999102
74	69	0.999213
455	417	0.999431
271	230	0.999056
196	185	0.999186
403	336	0.999654
478	234	0.999557
165	122	0.999345
304	278	0.999296
389	275	0.999135
282	164	0.999746
83	70	0.999074
275	267	0.999247
333	228	0.99921
232	186	0.999305
62	52	0.999721
314	130	0.999586
366	283	0.999539
181	132	0.999326
339	218	0.999073
340	165	0.999858
445	209	0.999125
173	41	0.99929
139	137	0.999742
141	131	0.999231
411	179	0.999692
166	83	0.999881
475	464	0.999753
433	261	0.999966
50	49	0.999056
407	157	0.999391
222	112	0.999142
124	49	0.999791
339	224	0.999257
254	94	0.999929
237	148	0.999503
281	84	0.999906
83	69	0.999104
176	117	0.999194
300	214	0.999337
63	59	0.999261
196	183	0.999675
460	110	0.999811
365	357	0.999655
162	67	0.999642
404	356	0.999499
282	77	0.999603
158	44	0.999644
143	48	0.99975
177	112	0.999118
324	204	0.999895
181	109	0.99914
339	158	0.999998
464	336	0.999339
228	197	0.999418
287	201	0.999624
178	90	0.999103
140	86	0.999357
396	349	0.99912
324	159	0.999215
202	142	0.999946
185	90	0.99973
345	311	0.999642
322	229	0.999684
79	54	0.999291
229	136	0.999168
450	191	0.999323
160	150	0.999192
391	233	0.999778
200	119	0.999894
132	58	0.999254
414	170	0.999963
108	78	0.999656
430	106	0.99926
221	115	0.999089
255	214	0.99945
366	106	0.999872
208	197	0.999288
167	141	0.999865
99	96	0.999318
451	277	0.999381
144	63	0.999586
417	240	0.999287
85	75	0.999178
241	175	0.999843
369	205	0.999418
221	118	0.999148
451	446	0.999987
66	47	0.999255
67	49	0.99951
486	192	0.999148
240	214	0.999221
240	152	0.999807
452	239	0.999707
151	75	0.999731
457	208	0.999318
167	154	0.999411
273	112	0.999564
204	54	0.999114
86	39	0.99906
85	62	0.999563
65	54	0.999604
116	57	0.999284
306	250	0.99945
390	362	0.999054
305	159	0.999054
220	191	0.99997
101	53	0.999455
315	91	0.999396
134	72	0.99994
304	262	0.999333
102	73	0.999071
175	160	0.999451
424	408	0.999855
182	170	0.999113
289	99	0.999677
147	145	0.999805
331	227	0.999658
399	259	0.999356
246	182	0.999991
59	46	0.999779
99	92	0.999643
467	227	0.999102
339	184	0.999162
75	21	0.999711
167	68	0.999067
115	51	0.9998
290	90	0.999989
215	119	0.999892
476	444	0.999905
296	180	0.999715
157	69	0.999191
182	148	0.999989
428	142	0.999303
348	262	0.999892
305	157	0.999776
140	95	0.999481
168	150	0.999577
450	149	0.999477
302	150	0.999978
235	221	0.999534
123	53	0.999848
446	229	0.999329
366	341	0.999168
387	352	0.999115
445	284	0.999796
338	176	0.999219
175	54	0.999203
425	398	0.99914
255	215	0.999151
182	98	0.99909
393	145	0.999691
79	58	0.999063
188	176	0.999657
75	60	0.999383
91	79	0.999632
103	87	0.99962
438	168	0.999865
139	55	0.999883
490	292	0.999192
439	175	0.999847
344	169	0.999307
490	438	0.999921
69	58	0.999978
452	288	0.999835
342	229	0.999903
90	55	0.999742
423	211	0.999632
133	104	0.999935
260	182	0.999918
465	233	0.999717
143	126	0.999884
492	360	0.999618
452	252	0.999801
63	18	0.999715
329	311	0.999499
186	92	0.999582
273	117	0.999235
378	129	0.999332
99	25	0.99927
367	104	0.999768
153	140	0.999952
390	215	0.999764
252	114	0.999414
344	285	0.999503
183	143	0.999786
95	53	0.999856
241	180	0.999205
237	120	0.999092
52	43	0.999935
293	290	0.999126
310	119	0.99991
433	425	0.999329
377	201	0.999833
58	55	0.999713
230	112	0.999988
127	65	0.999565
425	123	0.999111
413	110	0.999129
225	216	0.999294
141	129	0.999774
60	53	0.999153
411	150	0.999781
242	79	0.999692
208	186	0.999177
363	91	0.999384
164	139	0.999725
203	194	0.99941
286	71	0.999402
118	105	0.999922
126	60	0.999288
88	85	0.999919
341	321	0.999418
229	181	0.999748
140	128	0.999127
446	175	0.999929
146	102	0.999892
267	151	0.999398
79	35	0.999611
484	258	0.999682
270	74	0.99961
218	188	0.999735
227	153	0.999233
96	89	0.999092
283	76	0.999177
228	159	0.999385
229	206	0.999334
121	90	0.999064
437	359	0.999076
386	218	0.999521
423	135	0.999714
423	185	0.999278
79	43	0.999991
192	164	0.999952
380	209	0.999552
450	315	0.999108
314	301	0.999132
429	167	0.999913
209	174	0.999341
102	50	0.999447
66	44	0.99951
421	221	0.99989
252	223	0.999572
310	126	0.999209
231	63	0.99949
287	91	0.999945
489	439	0.999852
220	170	0.999571
52	30	0.999419
237	139	0.999676
307	237	0.999496
339	312	0.999958
55	32	0.999327
98	80	0.999853
229	214	0.999186
476	334	0.999181
271	206	0.999687
231	208	0.999472
478	406	0.999803
298	173	0.999681
499	484	0.999844
395	246	0.999156
299	238	0.999972
416	161	0.999163
326	101	0.999692
375	306	0.999993
186	54	0.999285
391	175	0.999109
376	333	0.999246
79	39	0.999716
283	77	0.999179
352	219	0.99926
414	105	0.99965
78	76	0.999136
358	193	0.999146
197	68	0.999963
345	328	0.999168
280	68	0.999336
169	67	0.999273
269	65	0.999279
384	244	0.999493
124	68	0.999531
122	36	0.999937
442	174	0.999506
106	59	0.999142
294	280	0.999527
350	200	0.999551
489	175	0.999626
452	247	0.999272
233	200	0.999965
456	388	0.999818
84	27	0.999182
86	25	0.999572
352	157	0.999972
102	97	0.999226
322	142	0.999224
446	143	0.999399
80	67	0.999803
131	110	0.999227
62	28	0.999958
319	191	0.999791
165	65	0.999956
71	38	0.999535
194	96	0.999925
479	166	0.999389
201	85	0.999259
151	97	0.999714
370	256	0.999937
472	372	0.999898
430	104	0.999695
90	48	0.99964
149	124	0.999141
241	82	0.999147
149	50	0.999057
302	299	0.999933
394	99	0.999851
316	296	0.999071
244	189	0.999289
256	102	0.999121
191	139	0.999613
174	139	0.999341
71	69	0.99907
188	144	0.999935
87	48	0.999741
346	124	0.999326
344	255	0.999065
217	202	0.999727
98	82	0.999217
371	87	0.999803
434	168	0.999925
351	316	0.999823
260	204	0.999636
344	287	0.999525
481	186	0.999885
200	64	0.999511
151	94	0.999143
324	139	0.999699
155	135	0.99949
227	195	0.999789
123	39	0.999247
70	68	0.999797
297	136	0.999077
417	320	0.999773
482	226	0.999639
239	74	0.999676
379	99	0.999124
450	424	0.999809
308	216	0.99919
177	104	0.99949
431	235	0.999345
383	195	0.999695
200	162	0.999613
442	376	0.999828
346	306	0.999868
186	115	0.999389
279	116	0.999569
267	240	0.999398
352	286	0.999098
440	133	0.999459
422	241	0.999628
187	141	0.99979
476	219	0.999232
403	297	0.999536
212	68	0.999284
351	92	0.999801
186	109	0.999628
407	194	0.999193
189	47	0.999198
198	99	0.999242
395	260	0.99981
199	82	0.999223
139	101	0.999882
304	74	0.999984
389	306	0.999494
344	164	0.999856
381	142	0.999312
267	118	0.999547
364	119	0.999453
409	287	0.999411
424	194	0.9997
267	257	0.999863
335	119	0.999637
390	364	0.999987
89	72	0.999137
428	290	0.999299
122	93	0.999696
430	230	0.999067
289	142	0.999251
310	289	0.999853
248	179	0.999512
122	105	0.999207
445	408	0.999251
129	80	0.99997
103	42	0.999685
342	274	0.999731
387	116	0.999568
198	133	0.999996
328	205	0.999696
330	233	0.999083
371	169	0.999089
326	144	0.999678
173	64	0.999158
234	169	0.999086
453	407	0.999279
380	325	0.999336
230	162	0.999881
278	99	0.9996
343	140	0.999152
164	76	0.999972
147	35	0.999198
499	329	0.999862
174	96	0.999686
378	284	0.99908
477	301	0.999333
435	374	0.999694
143	109	0.999915
252	208	0.999077
193	137	0.99946
474	164	0.999374
92	73	0.999136
129	75	0.999909
86	28	0.999269
81	32	0.999667
128	108	0.999361
254	122	0.999565
300	135	0.999372
325	259	0.99999
93	53	0.999898
250	104	0.999662
452	282	0.999673
390	331	0.999858
458	261	0.999434
450	333	0.999558
334	195	0.999769
395	378	0.999349
103	98	0.999984
174	154	0.999146
463	425	0.999053
111	107	0.999703
133	131	0.999323
169	129	0.99927
196	141	0.999347
297	226	0.999138
399	178	0.999461
424	126	0.999853
85	70	0.999996
229	163	0.999553
74	72	0.999325
417	318	0.999635
218	76	0.999437
422	351	0.999214
128	40	0.999445
446	306	0.999058
57	14	0.999597
424	369	0.999348
418	318	0.999673
321	196	0.999183
139	113	0.999713
358	187	0.999768
257	138	0.999142
458	265	0.999166
139	104	0.999188
436	375	0.999792
429	220	0.999815
90	58	0.999266
255	238	0.99997
356	335	0.99965
455	233	0.999473
462	191	0.999984
58	40	0.999551
421	285	0.999965
82	79	0.999582
420	166	0.999897
490	319	0.999544
120	105	0.999194
261	139	0.999363
494	332	0.999129
229	86	0.999568
385	334	0.999926
395	330	0.999515
88	70	0.999101
177	172	0.999439
50	49	0.999381
117	51	0.999782
133	50	0.999088
379	127	0.999272
476	113	0.999783
434	380	0.999324
106	83	0.99922
72	32	0.999176
322	273	0.999779
259	69	0.999405
133	44	0.999805
129	34	0.999901
68	18	0.999477
186	169	0.999559
345	198	0.999883
293	209	0.999961
348	238	0.999769
73	28	0.999124
125	102	0.999814
241	173	0.999249
70	38	0.99955
390	95	0.999798
301	298	0.999169
464	380	0.99932
306	212	0.999694
126	102	0.999798
258	142	0.999855
164	110	0.999565
99	59	0.999555
133	50	0.999601
291	191	0.999953
121	87	0.99983
433	120	0.999993
193	161	0.999067
341	219	0.999706
442	232	0.999357
53	42	0.999389
140	134	0.999893
390	229	0.999923
306	299	0.999084
372	112	0.999373
318	130	0.999929
324	292	0.999149
494	252	0.99968
145	124	0.999347
273	190	0.999574
156	149	0.999776
237	206	0.999794
65	41	0.999773
265	181	0.999405
100	79	0.99931
235	75	0.999125
371	199	0.999767
447	180	0.999414
447	105	0.999073
324	250	0.99917
74	45	0.999593
105	59	0.999764
364	278	0.9996
175	69	0.999216
348	337	0.999614
367	306	0.999317
462	257	0.99919
487	243	0.99944
409	317	0.999991
289	98	0.999406
309	256	0.999254
480	473	0.999916
350	343	0.999067
466	343	0.999585
470	178	0.999278
348	83	0.999526
71	62	0.999965
470	344	0.999539
372	304	0.999318
140	36	0.999356
193	121	0.999555
158	89	0.999477
164	69	0.999097
387	354	0.999327
132	105	0.999712
174	102	0.999612
87	83	0.999962
378	95	0.999832
377	255	0.999787
73	33	0.999533
437	364	0.99973
74	72	0.999196
384	235	0.999867
177	68	0.99996
360	333	0.999732
303	217	0.999619
445	407	0.999258
486	130	0.999543
310	233	0.999775
407	301	0.999732
80	72	0.99948
339	300	0.999169
479	472	0.999725
66	21	0.999498
269	115	0.999136
452	141	0.999353
97	46	0.999908
307	260	0.999614
150	87	0.999269
322	234	0.99923
323	195	0.999061
121	66	0.999446
500	182	0.999804
165	76	0.999785
321	171	0.999225
340	176	0.999924
402	397	0.999475
61	49	0.999676
474	239	0.99959
367	206	0.999703
252	163	0.999758
96	28	0.999841
360	151	0.999544
148	122	0.999077
482	240	0.999066
263	76	0.999373
385	353	0.999238
181	130	0.999474
446	425	0.999967
81	67	0.999536
211	153	0.999697
76	54	0.999937
209	177	0.999982
203	58	0.999963
93	61	0.999617
468	405	0.999852
247	65	0.999145
285	163	0.999304
409	111	0.999477
135	76	0.999153
266	131	0.999154
106	63	0.999481
119	53	0.999374
91	37	0.999721
331	142	0.999222
61	15	0.999411
314	283	0.999407
349	268	0.99907
280	159	0.99935
433	384	0.999604
237	193	0.999095
424	259	0.999216
390	193	0.999502
172	120	0.999728
327	187	0.999356
250	123	0.999894
97	56	0.999157
67	65	0.999861
126	78	0.999463
133	36	0.999994
76	22	0.999224
92	30	0.999104
305	72	0.999912
158	89	0.999367
66	58	0.999734
283	130	0.999361
427	386	0.999826
58	24	0.999143
172	72	0.999883
111	82	0.999537
356	112	0.999211
476	314	0.999935
310	232	0.999181
176	159	0.999326
349	285	0.999211
243	131	0.999141
420	404	0.999348
354	192	0.999976
148	130	0.999214
131	116	0.999981
54	44	0.999372
191	96	0.999839
471	304	0.999144
378	195	0.999692
399	190	0.999748
447	180	0.999126
371	328	0.999466
263	175	0.999254
152	65	0.999887
60	55	0.999325
149	113	0.999862
171	54	0.999785
71	32	0.999464
266	257	0.999215
