5500
285	174	0.999844
389	386	0.999767
449	425	0.999507
409	367	0.99963
415	110	0.999789
169	120	0.999932
430	181	0.999528
307	162	0.99968
190	137	0.999754
343	253	0.9997
347	322	0.999774
99	60	0.999876
207	145	0.999992
133	103	0.999974
243	125	0.999764
320	72	0.999624
90	23	0.999447
236	164	0.999632
193	142	0.99966
316	144	0.999641
154	73	0.999574
341	327	0.999787
465	155	0.999999
485	105	0.999822
345	91	0.999744
470	382	0.99996
430	276	0.999467
236	86	0.999481
131	86	0.999682
458	361	0.999985
124	69	0.999445
269	142	0.999639
90	51	0.999724
155	92	0.999766
142	89	0.999992
325	284	0.999669
456	449	0.999507
114	103	0.999534
448	193	0.999681
156	109	0.99954
477	143	0.999906
122	81	0.999708
307	286	0.999607
497	401	0.999599
357	297	0.999685
124	107	0.99959
331	273	0.999504
236	72	0.999569
312	116	0.999728
251	202	0.999877
204	105	0.999905
298	288	0.999668
481	300	0.999897
286	77	0.999795
465	127	0.999915
366	335	0.999829
105	41	0.999582
466	144	0.999756
173	149	0.999763
404	396	0.999609
378	354	0.999894
402	293	0.999569
279	110	0.999615
100	75	0.999825
399	106	0.999567
453	213	0.999581
331	256	0.999537
396	378	0.999447
292	221	0.99967
149	135	0.999971
279	75	0.99986
445	275	0.999603
103	85	0.999516
173	160	0.99965
498	268	0.999768
255	115	0.999538
363	328	0.999725
306	190	0.999893
329	259	0.999629
371	82	0.999684
127	80	0.999706
78	49	0.999603
282	259	0.999637
378	259	0.999667
118	29	0.999885
338	156	0.999973
88	48	0.999918
268	63	0.99983
193	168	0.999645
404	343	0.999862
345	285	0.999935
67	54	0.999936
394	115	0.999767
332	330	0.999916
54	17	0.999755
336	100	0.999527
322	89	0.999845
472	310	0.999534
291	131	0.999568
209	57	0.999932
158	119	0.999591
339	129	0.999725
225	109	0.99992
368	357	0.999959
347	173	0.999659
207	127	0.999782
352	309	0.999489
156	52	0.999453
434	216	0.999834
338	243	0.999552
327	111	0.999518
441	107	0.999581
127	106	0.999984
125	45	0.999457
358	132	0.999956
383	123	0.999844
122	67	0.999548
413	155	0.999767
375	305	0.999961
117	78	0.99953
66	25	0.999552
293	100	0.999969
191	65	0.999948
177	77	0.999506
70	62	0.999528
130	33	0.99988
141	57	0.999619
351	235	0.999518
250	232	0.999977
263	140	0.99977
100	84	0.999568
136	89	0.999862
74	45	0.999945
456	336	0.999502
330	132	0.999839
144	54	0.999516
425	331	0.999691
396	376	0.999709
113	83	0.999647
453	225	0.999569
409	187	0.999656
443	231	0.999556
263	202	0.999866
294	129	0.99981
69	66	0.99965
330	137	0.999756
130	99	0.999628
388	251	0.99955
356	108	0.999627
172	150	0.999616
285	117	0.999471
256	244	0.999928
492	296	0.999466
398	156	0.999987
186	123	0.999497
477	297	0.999946
335	288	0.999796
486	149	0.999685
252	67	0.999944
300	89	0.999615
140	128	0.999657
310	208	0.99963
350	221	0.999816
355	342	0.999676
138	99	0.999823
133	98	0.999863
389	340	0.999684
390	299	0.999476
98	24	0.999896
350	159	0.999623
51	30	0.999948
108	64	0.999456
95	89	0.999828
193	100	0.99955
298	111	0.999637
87	80	0.99979
433	347	0.99949
447	216	0.999822
55	40	0.999672
125	39	0.999706
316	105	0.999858
312	228	0.999729
249	246	0.999469
244	178	0.999931
418	301	0.999628
440	297	0.999791
194	57	0.999839
136	122	0.999635
265	189	0.999556
419	166	0.999504
400	260	0.999623
179	138	0.99986
65	40	0.999608
493	395	0.999559
214	192	0.999711
152	145	0.999787
79	60	0.999759
308	128	0.999826
105	101	0.999822
395	277	0.999472
233	143	0.99982
486	441	0.999455
428	105	0.999543
467	398	0.999567
358	173	0.999806
60	14	0.999588
138	88	0.999484
262	234	0.999793
482	175	0.999959
76	57	0.999603
396	321	0.999807
332	114	0.999573
367	121	0.999692
196	54	0.999544
67	44	0.999859
450	319	0.999639
296	71	0.999532
334	319	0.999957
265	145	0.99964
83	40	0.999966
451	344	0.99968
246	196	0.999564
330	295	0.999962
435	187	0.999495
179	106	0.999912
356	279	0.99983
71	66	0.999606
372	116	0.999849
152	98	0.999766
52	47	0.999657
91	67	0.999848
340	212	0.999989
467	211	0.999777
395	247	0.999486
395	360	0.999826
369	305	0.99966
478	274	0.999844
87	58	0.999946
438	428	0.999925
62	24	0.999703
116	66	0.999852
486	341	0.99947
182	74	0.999529
51	30	0.999859
290	120	0.999574
179	47	0.999662
256	157	0.999793
88	69	0.999986
355	168	0.999777
270	162	0.999622
249	222	0.999815
63	59	0.999803
141	83	0.999809
193	133	0.999589
445	114	0.999842
333	309	0.999728
406	114	0.999672
315	179	0.999981
265	124	0.999594
154	143	0.999858
182	159	0.999617
445	203	0.999599
401	291	0.999785
290	89	0.999786
87	20	0.999666
215	81	0.999791
70	36	0.999547
309	269	0.999456
348	219	0.999973
261	131	0.99982
222	50	0.999659
385	213	0.999972
497	233	0.999597
260	232	0.999822
135	98	0.999927
445	432	0.999837
398	352	0.999708
129	121	0.999784
369	177	0.999908
131	33	0.999492
404	92	0.999852
416	129	0.999914
118	30	0.999456
196	120	0.999538
137	58	0.999942
60	59	0.999822
58	42	0.999946
423	338	0.999704
129	41	0.999825
147	72	0.999961
139	51	0.999604
439	355	0.999606
407	266	0.99974
223	175	0.999705
441	136	0.999451
112	102	0.99951
147	45	0.999578
210	156	0.999807
379	203	0.999864
483	482	0.999991
497	191	0.999795
334	219	0.999525
402	227	0.999849
422	162	0.999991
74	48	0.999508
264	168	0.999458
102	38	0.999475
130	120	0.999447
376	323	0.999807
107	29	0.999931
384	264	0.999642
144	67	0.999886
302	280	0.999644
374	90	0.999651
397	204	0.999522
104	40	0.99957
166	71	0.999468
446	160	0.999877
61	20	0.999701
304	260	0.999582
93	84	0.999976
378	247	0.999591
110	71	0.999993
176	140	0.99971
432	381	0.999781
464	344	0.999753
225	218	0.999809
290	238	0.999525
392	170	0.9996
443	322	0.999983
56	53	0.999701
333	210	0.999773
180	86	0.999826
451	267	0.999461
50	24	0.999614
441	173	0.999774
211	143	0.999632
307	138	0.999846
187	52	0.999747
213	127	0.999881
485	266	0.999753
245	163	0.999584
208	160	0.999607
214	88	0.999446
53	46	0.999869
229	92	0.999477
282	79	0.999649
274	144	0.999891
351	213	0.999952
119	72	0.99958
396	347	0.999835
305	282	0.999792
407	115	0.99999
231	125	0.999895
495	283	0.999667
275	268	0.999604
173	85	0.999482
304	273	0.999483
218	206	0.99983
457	204	0.999961
354	275	0.999579
500	237	0.999596
219	209	0.999522
206	78	0.999784
298	127	0.999576
320	194	0.999956
110	92	0.999548
209	89	0.999493
67	24	0.999799
163	113	0.999592
297	92	0.999759
437	385	0.999882
77	23	0.999513
139	60	0.999985
175	70	0.999449
434	298	0.999506
228	129	0.999778
484	463	0.99952
104	43	0.999984
374	241	0.999952
329	316	0.999574
120	52	0.999603
121	108	0.999482
209	128	0.999925
436	239	0.999476
53	15	0.999452
219	180	0.999763
223	150	0.999996
220	78	0.999624
399	164	0.999593
412	297	0.999829
224	111	0.999957
74	32	0.999808
384	354	0.999642
297	181	0.99961
386	305	0.999739
164	112	0.999693
384	167	0.999496
305	261	0.999743
401	200	0.999539
317	103	0.999552
313	181	0.999936
492	256	0.999583
481	117	0.999876
317	234	0.999628
409	282	0.999791
222	80	0.999749
367	161	0.999559
216	116	0.999584
189	176	0.999873
379	316	0.999776
456	321	0.99957
269	239	0.999782
159	53	0.999683
469	326	0.999474
66	51	0.999918
185	152	0.999562
304	296	0.999738
315	309	0.999855
339	194	0.999937
352	298	0.999955
106	67	0.99964
235	63	0.999837
494	340	0.999967
420	227	0.999607
259	111	0.999645
84	62	0.99996
325	305	0.999505
379	264	0.999691
159	66	0.999506
401	207	0.9997
248	127	0.999511
379	289	0.999641
274	137	0.99951
385	238	0.999572
466	374	0.999927
235	164	0.99989
210	194	0.999586
421	345	0.999636
428	258	0.99997
372	212	0.999586
107	87	0.999569
238	191	0.999958
91	86	0.999464
211	172	0.999455
286	144	0.999915
416	394	0.999755
472	114	0.999801
282	275	0.999868
282	210	0.999848
260	57	0.99967
164	74	0.999662
420	227	0.999521
395	150	0.999647
214	126	0.999569
248	222	0.999839
488	278	0.999802
358	80	0.999478
441	275	0.999624
362	275	0.99969
177	135	0.999792
161	77	0.999771
208	58	0.999611
176	94	0.999551
134	122	0.999947
454	185	0.999935
244	130	0.999883
219	59	0.999989
270	233	0.999651
416	285	0.999672
266	81	0.999486
237	88	0.999884
415	399	0.999829
315	291	0.999604
458	371	0.999527
178	88	0.999453
138	116	0.999837
129	125	0.999991
422	263	0.999916
356	142	0.999476
349	199	0.9996
114	35	0.999817
308	66	0.999953
450	199	0.999764
445	155	0.99969
435	201	0.999564
202	156	0.999516
475	131	0.999692
95	32	0.999616
490	371	0.999586
297	104	0.99993
148	142	0.999468
143	122	0.999729
93	61	0.999459
442	175	0.999822
172	105	0.999853
110	88	0.999667
488	362	0.999841
95	83	0.99959
257	113	0.999698
353	300	0.999809
228	144	0.999954
453	434	0.999745
400	380	0.999541
390	165	0.999943
478	315	0.999953
149	49	0.999866
321	289	0.999761
441	378	0.999535
393	307	0.999632
454	222	0.999918
355	325	0.99972
109	25	0.999487
287	107	0.999875
288	181	0.999768
176	117	0.999821
313	151	0.999518
222	137	0.999471
298	98	0.999858
188	121	0.999622
65	53	0.999578
370	172	0.999484
181	68	0.999772
125	68	0.999541
268	187	0.999948
260	165	0.999486
468	261	0.999963
171	96	0.999795
379	155	0.999693
66	40	0.999936
165	96	0.99958
75	47	0.999982
194	138	0.999815
101	96	0.999964
105	79	0.999857
83	61	0.999705
190	180	0.999747
308	263	0.999468
262	254	0.999893
431	410	0.999447
233	118	0.999709
190	125	0.999475
385	121	0.999604
455	307	0.99988
180	164	0.999628
192	165	0.999914
192	78	0.99947
396	160	0.9997
315	288	0.999635
50	16	0.999843
317	120	0.999644
405	248	0.999656
113	51	0.999888
169	96	0.999791
480	341	0.999856
176	104	0.9995
470	114	0.999859
369	82	0.999652
447	340	0.999664
153	115	0.999744
401	198	0.999772
478	132	0.999804
470	277	0.999942
228	127	0.999688
291	93	0.999809
69	29	0.999894
271	225	0.99976
236	53	0.99992
465	218	0.999551
422	211	0.999912
274	261	0.99966
485	284	0.999861
417	238	0.999704
439	164	0.999791
261	129	0.999772
491	449	0.999896
246	149	0.999563
76	62	0.999944
393	382	0.999495
177	80	0.999461
375	272	0.999814
297	185	0.999609
425	379	0.999533
377	313	0.999936
187	171	0.999554
159	84	0.9998
353	335	0.999781
384	305	0.999502
217	51	0.999598
77	60	0.999751
447	308	0.99951
359	107	0.999809
60	22	0.999678
106	29	0.999901
343	288	0.999648
322	293	0.999904
254	220	0.999609
145	60	0.999804
252	67	0.999559
151	125	0.999898
228	116	0.999713
480	118	0.999659
441	269	0.999455
281	260	0.999687
390	93	0.999583
100	86	0.999988
412	138	0.999852
253	166	0.999956
277	245	0.999446
291	191	0.999555
334	161	0.999762
90	55	0.999795
295	80	0.999888
378	216	0.999833
310	170	0.999761
234	68	0.999646
415	288	0.999819
416	201	0.999905
378	211	0.999974
378	133	0.999759
123	74	0.999923
433	374	0.999925
143	39	0.999774
367	343	0.999688
176	123	0.999833
220	179	0.999486
266	190	0.999764
406	232	0.999817
466	277	0.999626
365	185	0.999626
439	170	0.999561
480	192	0.999859
437	326	0.999585
213	207	0.999644
326	136	0.999784
391	242	0.999642
269	222	0.999979
439	349	0.999896
150	96	0.999741
149	61	0.999871
245	93	0.999528
334	257	0.999553
355	87	0.999458
51	13	0.999882
243	53	0.999979
166	160	0.999535
374	365	0.999686
119	93	0.999704
459	197	0.999978
76	29	0.999696
388	103	0.999867
217	179	0.999776
122	81	0.999448
332	124	0.999917
102	99	0.999789
259	249	0.999903
428	310	0.999821
202	84	0.999493
350	265	0.999823
388	151	0.999963
418	356	0.999519
357	179	0.999969
257	202	0.999557
408	114	0.999604
477	202	0.99988
51	24	0.999605
350	106	0.999935
207	59	0.999956
396	282	0.999901
219	58	0.999837
495	297	0.999573
467	132	0.999548
139	130	0.99948
239	118	0.999532
121	119	0.999957
255	207	0.999971
466	268	0.999594
174	142	0.999598
158	153	0.999775
65	49	0.999726
57	39	0.999968
140	101	0.999509
383	140	0.999967
496	273	0.999528
429	138	0.999787
131	113	0.999544
470	306	0.999617
330	243	0.999891
94	81	0.999968
414	325	0.999837
399	309	0.999758
475	429	0.999813
489	123	0.999462
439	334	0.999636
430	218	0.99945
171	81	0.999607
398	360	0.999676
447	309	0.9998
420	341	0.999893
84	80	0.999517
58	56	0.999847
436	273	0.999467
359	134	0.999909
320	164	0.999784
314	71	0.999804
324	232	0.999754
242	64	0.999557
392	390	0.999928
209	62	0.999809
495	224	0.999734
457	431	0.99981
364	112	0.999617
140	122	0.999997
262	67	0.999976
246	131	0.999638
340	297	0.999519
237	177	0.999476
409	206	0.999811
150	99	0.999572
422	328	0.999741
175	123	0.999603
67	55	0.999972
380	280	0.99974
408	278	0.999942
138	87	0.999883
57	54	0.999999
84	76	0.999616
90	86	0.999973
382	216	0.999589
298	279	0.999805
174	167	0.99952
102	25	0.999576
155	49	0.99948
500	337	0.99946
61	44	0.999769
413	132	0.999548
468	369	0.999972
485	300	0.999713
173	70	0.999678
395	205	0.999475
142	120	0.99962
128	57	0.999726
383	145	0.999749
371	118	0.999675
393	221	0.999648
333	88	0.999873
145	56	0.999526
257	246	0.999557
203	110	0.999518
426	102	0.9997
221	211	0.999728
67	25	0.999473
203	182	0.999719
156	144	0.999721
224	206	0.999925
108	67	0.999586
50	15	0.999692
282	254	0.999604
445	431	0.999483
355	344	0.999736
140	57	0.999823
328	235	0.999734
496	281	0.999494
64	20	0.999885
135	96	0.999714
433	203	0.999471
100	89	0.99972
113	73	0.999692
112	80	0.999606
295	194	0.999951
221	189	0.999807
227	226	0.999532
171	91	0.999933
438	115	0.999607
446	407	0.999571
344	107	0.99993
156	103	0.999827
224	134	0.999528
373	304	0.999766
174	42	0.999471
138	132	0.999713
116	84	0.999873
90	29	0.999921
241	134	0.999967
493	357	0.999615
241	194	0.999519
248	114	0.999733
266	243	0.999573
331	267	0.999695
396	102	0.999897
79	76	0.999854
418	248	0.99985
137	122	0.999474
447	320	0.999778
107	57	0.999938
313	95	0.999561
299	211	0.999582
73	32	0.999945
251	167	0.999544
475	257	0.99969
477	336	0.999513
210	189	0.999618
332	79	0.999499
489	442	0.999986
259	100	0.999852
374	102	0.999643
206	58	0.999922
154	66	0.999688
428	150	0.999911
481	335	0.999888
442	99	0.999574
227	77	0.999663
497	359	0.999604
179	66	0.999516
124	114	0.9996
243	161	0.999712
284	196	0.999491
485	390	0.999933
141	128	0.999463
141	35	0.999977
126	56	0.999731
52	20	0.999676
84	37	0.99959
447	124	0.999501
438	276	0.999668
182	81	0.999582
179	160	0.999753
191	99	0.999452
323	113	0.999728
415	166	0.999507
491	184	0.99967
66	43	0.99948
142	107	0.999772
98	43	0.999564
66	52	0.999864
468	323	0.999573
488	346	0.999885
95	32	0.999919
341	137	0.999824
198	102	0.999643
268	85	0.999734
101	51	0.99964
108	66	0.999771
311	221	0.999749
172	166	0.999933
259	218	0.999982
344	179	0.9999
156	98	0.999923
117	40	0.999582
137	115	0.999875
186	52	0.999856
444	349	0.999769
463	325	0.999964
105	79	0.999936
92	33	0.999544
375	201	0.999461
218	217	0.999891
388	372	0.999462
116	60	0.999879
436	190	0.999751
332	320	0.999836
279	188	0.999898
166	47	0.999547
174	74	0.999956
164	78	0.999633
272	67	0.999561
439	350	0.999548
175	66	0.999843
232	128	0.999838
483	405	0.999524
222	180	0.999839
297	207	0.999659
497	221	0.999498
194	99	0.999552
272	149	0.999703
387	239	0.999997
417	365	0.999954
108	35	0.999868
375	138	0.999655
263	129	0.999462
56	29	0.999871
463	130	0.999997
63	43	0.999759
294	170	0.999979
318	274	0.999461
266	190	0.99949
235	139	0.999643
168	113	0.999576
318	248	0.999675
294	141	0.999607
202	137	0.999593
390	163	0.99983
225	55	0.999573
350	274	0.999618
334	296	0.999649
455	133	0.999725
102	63	0.999451
282	149	0.999931
118	33	0.999888
56	31	0.999616
340	243	0.999673
62	55	0.999448
288	161	0.999507
262	233	0.999665
420	235	0.999533
455	252	0.999614
222	169	0.999471
163	128	0.99962
488	191	0.999507
486	389	0.999988
265	186	0.999548
252	249	0.999501
264	148	0.999851
369	248	0.999915
187	178	0.999834
480	318	0.999579
185	56	0.999752
92	32	0.999937
335	114	0.999883
135	129	0.999899
369	238	0.99965
120	75	0.999504
359	191	0.999759
116	104	0.999679
438	170	0.999599
487	347	0.99994
318	255	0.999907
130	74	0.999736
93	56	0.999838
429	337	0.999524
345	280	0.999501
369	212	0.999549
205	87	0.999688
95	82	0.999956
476	252	0.999675
225	69	0.999767
289	238	0.999736
148	41	0.999954
200	192	0.9999
179	74	0.999949
260	129	0.999827
105	67	0.999473
369	176	0.999505
494	272	0.999539
161	130	0.999705
297	195	0.999755
268	110	0.999784
241	71	0.999848
100	63	0.999806
251	179	0.999596
265	182	0.999905
94	24	0.999659
309	101	0.999761
431	258	0.99953
239	89	0.999651
449	191	0.999851
402	223	0.999533
83	59	0.999553
196	135	0.999951
183	50	0.999562
252	142	0.999757
402	89	0.999608
153	119	0.999588
204	138	0.999968
496	298	0.999732
59	19	0.999844
323	149	0.999653
475	373	0.999978
321	188	0.999899
299	252	0.999677
487	143	0.999865
257	105	0.999838
411	274	0.999533
233	114	0.999882
206	52	0.999674
130	104	0.999945
81	55	0.99963
153	108	0.999808
250	188	0.99961
217	192	0.999858
371	287	0.999706
238	132	0.999736
190	48	0.999604
497	176	0.999665
351	302	0.999728
337	254	0.999759
320	183	0.999986
296	149	0.999884
50	37	0.999959
84	71	0.999592
500	345	0.999815
74	18	0.999744
317	188	0.99972
440	281	0.999633
100	89	0.999666
143	128	0.99951
283	138	0.999783
470	248	0.999644
157	37	0.999614
470	176	0.999714
186	80	0.999976
154	52	0.99951
55	12	0.999634
77	69	0.999482
458	128	0.999662
341	108	0.999785
190	181	0.999992
233	178	0.99999
351	233	0.999861
433	411	0.999606
272	74	0.999837
441	208	0.999505
131	34	0.999969
262	172	0.999624
161	159	0.999513
438	140	0.999796
441	192	0.999825
68	64	0.999701
302	79	0.999996
491	469	0.999616
122	57	0.999581
159	95	0.999763
328	106	0.999831
368	103	0.999744
424	415	0.999517
206	135	0.999635
123	113	0.999695
353	301	0.999659
423	208	0.999495
175	60	0.999647
282	180	0.999588
228	175	0.999589
105	75	0.999841
267	114	0.999846
167	98	0.999888
318	81	0.999613
195	53	0.999609
352	232	0.99973
146	143	0.999485
136	95	0.999896
74	46	0.999551
94	91	0.999461
153	125	0.999556
139	62	0.999967
114	97	0.999487
196	163	0.999837
446	323	0.999764
402	372	0.999735
59	21	0.999871
167	150	0.999828
57	33	0.999637
323	136	0.999754
349	208	0.999721
51	36	0.999877
52	21	0.999767
78	76	0.999447
322	143	0.999453
464	420	0.999809
240	112	0.999822
51	35	0.999699
112	103	0.999655
450	189	0.99995
364	102	0.999607
491	417	0.999855
137	32	0.999839
132	50	0.999472
259	239	0.999884
425	162	0.999455
107	62	0.99969
83	77	0.999473
416	301	0.999822
184	96	0.999528
292	282	0.999834
216	105	0.999889
138	135	0.999755
319	256	0.999665
352	144	0.999481
298	279	0.999649
416	315	0.999783
146	59	0.999704
150	144	0.999714
390	264	0.999879
130	51	0.999767
445	409	0.999663
443	229	0.999503
151	63	0.999719
253	201	0.999766
374	367	0.99945
113	93	0.999473
486	308	0.999784
218	203	0.999546
374	109	0.999757
491	374	0.999641
262	170	0.999765
362	197	0.999725
380	150	0.999977
153	86	0.999695
287	172	0.99961
399	221	0.999827
368	206	0.99988
347	121	0.999634
270	228	0.999727
274	90	0.999932
172	49	0.999574
79	54	0.999445
183	156	0.99951
436	418	0.999639
371	310	0.999861
62	16	0.999571
152	88	0.999776
52	46	0.999649
275	76	0.999919
401	258	0.999953
270	200	0.999989
61	29	0.999526
329	270	0.999503
312	236	0.999807
74	52	0.999954
315	259	0.999758
140	34	0.999714
494	437	0.999919
84	72	0.999712
274	178	0.999802
176	102	0.999686
55	41	0.999821
306	284	0.999705
162	73	0.999553
250	72	0.999895
333	154	0.999578
402	178	0.999832
205	142	0.999914
58	50	0.999673
299	137	0.999628
231	205	0.999458
221	155	0.999767
257	215	0.999775
166	134	0.999533
191	62	0.999498
482	235	0.999851
169	45	0.999975
225	72	0.999995
226	217	0.999699
132	105	0.999741
360	299	0.999608
144	57	0.999847
381	367	0.999566
467	266	0.999877
59	25	0.999666
100	47	0.999649
404	139	0.999665
145	90	0.999655
175	130	0.999625
254	142	0.999807
87	55	0.999675
400	386	0.999875
319	95	0.99984
122	37	0.999956
318	69	0.999507
490	234	0.999893
337	119	0.999704
461	411	0.999705
59	51	0.999536
212	168	0.99987
178	130	0.999567
124	44	0.999483
500	220	0.999633
300	295	0.99978
395	186	0.999852
206	149	0.99987
409	246	0.999876
179	108	0.999453
216	187	0.999553
253	238	0.999694
73	19	0.999651
236	234	0.999519
498	133	0.999709
342	182	0.99978
146	33	0.999591
344	323	0.999651
170	106	0.999891
479	157	0.999573
131	126	0.999994
488	278	0.999816
295	105	0.999648
416	282	0.999655
315	217	0.999959
326	70	0.999663
449	100	0.9998
120	39	0.999563
455	436	0.999473
191	146	0.99973
410	235	0.999856
193	108	0.99947
264	137	0.999724
207	173	0.999448
276	203	0.999747
225	159	0.999902
418	276	0.999868
380	155	0.999577
360	229	0.999555
86	42	0.99956
473	367	0.999613
400	128	0.999797
192	141	0.999953
57	22	0.999886
179	78	0.999481
129	67	0.999639
368	291	0.999801
204	201	0.99971
440	215	0.999771
406	281	0.999964
375	232	0.99962
63	61	0.999771
191	104	0.999548
386	346	0.999553
89	66	0.999898
108	26	0.999549
245	134	0.999575
445	426	0.999571
453	161	0.999627
455	130	0.999461
480	287	0.999804
153	82	0.9997
321	207	0.999692
148	57	0.99983
227	192	0.999771
492	143	0.999638
52	28	0.9997
498	208	0.999984
489	483	0.999496
286	276	0.999774
336	154	0.999795
481	402	0.999982
383	146	0.99974
401	334	0.999993
474	129	0.999657
127	106	0.999555
206	75	0.999873
385	229	0.999591
299	223	0.99953
331	267	0.999977
275	106	0.999537
71	22	0.999968
409	387	0.999936
304	70	0.999835
64	36	0.999629
465	274	0.999771
280	184	0.999886
56	33	0.999912
197	100	0.999906
451	437	0.999697
96	55	0.999527
405	237	0.999918
365	235	0.999927
412	335	0.999614
401	127	0.999593
455	162	0.999721
146	37	0.999721
241	176	0.999698
290	114	0.999622
89	60	0.999924
223	59	0.999673
428	276	0.999728
259	116	0.999892
177	132	0.999873
97	70	0.999765
469	162	0.999491
276	69	0.999916
143	96	0.999811
196	80	0.999817
124	113	0.999689
278	160	0.999771
483	272	0.999741
456	225	0.999509
138	94	0.999836
215	135	0.999783
483	189	0.999456
238	91	0.999888
220	59	0.999951
157	148	0.999864
82	58	0.999462
211	57	0.999808
65	60	0.999723
356	142	0.999658
149	140	0.9997
142	69	0.999668
452	348	0.999645
90	38	0.999486
233	214	0.999579
228	151	0.999776
356	291	0.999938
281	89	0.999513
140	132	0.999456
172	64	0.999696
100	49	0.999666
270	95	0.999938
370	283	0.999619
95	87	0.99951
113	37	0.999586
237	53	0.999581
231	68	0.999992
441	392	0.99961
449	164	0.999762
495	309	0.999904
214	212	0.999502
246	198	0.999562
86	80	0.999964
186	72	0.999647
381	295	0.999724
302	128	0.999735
181	76	0.999468
71	38	0.999543
162	137	0.999559
486	432	0.999986
345	330	0.999733
77	32	0.999791
342	135	0.999905
243	104	0.999821
256	162	0.999603
466	246	0.999701
136	49	0.999598
70	54	0.999971
410	222	0.99978
60	16	0.999866
414	301	0.9996
119	57	0.999907
72	43	0.999982
494	438	0.999527
176	130	0.999924
474	459	0.999902
492	256	0.999658
112	40	0.999982
273	86	0.999608
340	114	0.999892
247	101	0.999992
342	300	0.999891
438	174	0.999809
378	193	0.999826
438	377	0.999692
237	193	0.999928
243	73	0.999688
296	96	0.999745
186	50	0.999909
364	348	0.99969
265	187	0.999811
445	423	0.999911
445	418	0.999552
270	176	0.99949
408	107	0.999789
462	307	0.999678
278	171	0.99989
286	146	0.999769
120	85	0.999738
153	107	0.999958
475	418	0.999981
500	117	0.999516
150	85	0.999742
186	83	0.999485
308	83	0.999548
238	147	0.999762
222	152	0.999567
436	322	0.999463
301	273	0.999599
394	103	0.999946
290	116	0.999845
407	200	0.999504
150	84	0.999787
338	97	0.999745
326	108	0.99979
194	119	0.999928
285	152	0.999515
204	197	0.999583
319	313	0.999596
375	94	0.999816
146	48	0.99969
274	92	0.999539
244	210	0.999698
464	278	0.999938
278	63	0.999454
432	426	0.999689
434	314	0.999904
496	330	0.999604
380	274	0.999458
413	388	0.99979
246	109	0.999828
81	77	0.99969
216	163	0.99947
239	97	0.999771
136	57	0.99947
473	271	0.999466
104	96	0.999974
474	106	0.999972
142	34	0.99992
338	77	0.99964
283	258	0.999983
421	220	0.999533
318	197	0.99967
58	52	0.999701
84	31	0.999499
355	84	0.99967
226	113	0.999769
188	159	0.999735
241	76	0.999628
482	381	0.999525
61	50	0.999647
458	382	0.999567
145	94	0.99968
298	257	0.999686
71	53	0.999741
294	144	0.999816
404	324	0.999539
121	78	0.999954
102	84	0.999591
248	113	0.999642
290	256	0.999563
130	49	0.999988
178	53	0.999738
130	94	0.999453
181	103	0.999937
388	182	0.999653
234	144	0.999536
360	230	0.999781
430	179	0.999909
356	149	0.999814
488	229	0.999573
314	128	0.999637
169	165	0.999828
350	169	0.99985
253	79	0.999586
418	120	0.999968
432	110	0.999673
284	68	0.999816
58	36	0.999892
409	292	0.999454
266	262	0.999632
193	145	0.999732
435	347	0.999448
241	70	0.999803
138	90	0.999599
164	87	0.999606
365	273	0.999864
268	233	0.999474
402	307	0.999957
480	246	0.999781
259	165	0.999728
446	144	0.999794
299	130	0.999466
166	45	0.999995
176	149	0.999956
366	217	0.999543
253	147	0.999945
253	222	0.999797
485	116	0.999895
182	77	0.999824
164	75	0.999531
73	47	0.999992
260	74	0.999779
57	15	0.999674
141	127	0.999834
130	67	0.999994
324	299	0.999889
79	73	0.999929
248	60	0.999766
291	116	0.999976
326	155	0.999734
431	422	0.999501
70	45	0.99964
275	223	0.999486
391	301	0.999711
172	37	0.999736
168	60	0.999477
435	155	0.999952
328	289	0.999648
346	239	0.999969
391	231	0.999827
318	283	0.999909
83	21	0.999629
460	196	0.999725
436	209	0.999997
63	24	0.999744
347	202	0.999695
461	246	0.99973
195	91	0.999666
365	194	0.999936
315	260	0.999934
196	130	0.999769
206	83	0.999785
369	243	0.999855
280	87	0.999748
71	35	0.999507
140	38	0.999683
392	218	0.999555
198	170	0.999751
171	115	0.999845
175	116	0.999912
266	264	0.999718
357	81	0.999998
270	67	0.999571
370	257	0.999691
103	30	0.999958
202	83	0.999835
445	423	0.999446
361	343	0.999657
212	169	0.99973
281	111	0.999688
228	227	0.999734
151	144	0.99984
258	68	0.999826
207	152	0.99987
460	113	0.999853
279	100	0.999568
297	235	0.999989
86	67	0.999908
138	81	0.999598
173	130	0.999581
265	212	0.999921
83	39	0.999945
419	389	0.999769
486	291	0.999699
467	357	0.999564
227	58	0.99946
120	56	0.999642
302	156	0.999946
148	118	0.999708
296	252	0.999662
455	107	0.999949
236	153	0.99949
312	227	0.999695
224	189	0.999473
283	201	0.999951
296	86	0.999861
282	186	0.999541
461	310	0.999898
301	157	0.999547
355	130	0.999853
265	80	0.999564
487	441	0.999888
435	116	0.999746
293	204	0.999999
110	41	0.999464
71	58	0.999863
349	241	0.999698
465	390	0.999462
482	343	0.999647
324	168	0.999721
298	218	0.999474
244	213	0.99987
284	179	0.999704
388	361	0.999483
280	96	0.999728
464	211	0.999642
103	23	0.999937
243	142	0.999971
202	51	0.999815
226	120	0.999834
53	51	0.999716
255	86	0.999746
298	178	0.999674
51	47	0.999651
290	205	0.999757
102	77	0.999483
454	443	0.999553
58	16	0.999917
427	187	0.999745
280	151	0.999846
264	253	0.999591
183	78	0.999637
271	164	0.999885
109	27	0.999992
383	149	0.999885
357	178	0.999996
53	14	0.999653
124	60	0.999767
138	127	0.99979
147	35	0.99963
266	174	0.999898
412	234	0.999922
418	262	0.999528
267	243	0.999821
137	44	0.999845
372	319	0.99998
448	173	0.999739
161	69	0.999508
455	171	0.999991
67	48	0.999615
144	108	0.999907
198	108	0.999842
230	84	0.999671
249	238	0.999583
482	419	0.999566
88	69	0.999534
419	406	0.99999
407	330	0.999832
261	183	0.999979
250	218	0.999658
224	153	0.999887
452	350	0.999846
214	158	0.999871
397	195	0.999906
131	30	0.999623
134	87	0.999465
316	276	0.999446
214	180	0.99972
320	174	0.999994
179	72	0.999928
489	219	0.999551
197	186	0.999958
152	125	0.999681
53	15	0.999714
480	452	0.999835
447	406	0.999487
253	213	0.999457
89	58	0.999811
371	257	0.999917
74	73	0.999799
167	106	0.999491
127	110	0.999625
177	165	0.999799
211	83	0.999471
166	140	0.999937
215	103	0.99949
140	116	0.999518
314	293	0.999674
53	15	0.999829
351	331	0.999777
168	146	0.999972
206	63	0.999744
358	328	0.999776
122	48	0.999644
56	51	0.999477
269	196	0.999528
488	225	0.999988
62	40	0.999446
498	244	0.999539
183	139	0.999954
277	163	0.99959
200	77	0.9998
224	216	0.999831
206	60	0.999981
460	420	0.999796
183	53	0.999639
459	445	0.999691
474	346	0.999731
305	98	0.999692
384	308	0.999874
209	188	0.999822
150	43	0.999607
304	271	0.999491
56	15	0.999931
255	250	0.999527
149	119	0.999881
259	220	0.999967
419	311	0.999958
419	255	0.999776
222	168	0.999896
95	87	0.999691
182	91	0.999611
425	236	0.999455
301	285	0.999457
77	29	0.999828
257	166	0.999881
482	261	0.999524
77	58	0.999673
421	292	0.999852
61	51	0.99971
168	152	0.999998
363	243	0.999903
299	172	0.999609
371	257	0.999578
154	121	0.999654
453	141	0.99992
294	240	0.999665
235	114	0.999751
423	350	0.999716
122	112	0.999544
340	306	0.999589
367	129	0.999674
483	458	0.999829
308	200	0.999499
211	198	0.999572
198	162	0.999943
358	140	0.999737
304	115	0.999492
385	321	0.999821
51	41	0.999594
232	74	0.999697
65	62	0.999561
111	76	0.999543
379	132	0.999991
452	221	0.999806
409	369	0.999856
226	114	0.99963
137	86	0.999963
447	129	0.999688
449	97	0.999679
102	76	0.999701
337	79	0.999548
451	392	0.99971
369	301	0.999973
317	290	0.999988
108	93	0.999633
342	137	0.999573
205	164	0.999508
287	116	0.999896
444	289	0.999684
375	242	0.999591
137	87	0.999745
311	94	0.999903
54	30	0.999808
118	66	0.99951
394	202	0.999524
439	393	0.999791
447	215	0.999476
82	57	0.999992
361	175	0.999926
128	89	0.999878
311	104	0.999781
206	170	0.999516
348	203	0.999677
82	20	0.999652
136	84	0.999523
295	277	0.999846
180	65	0.999856
463	379	0.999625
241	214	0.999948
467	253	0.999652
311	139	0.999987
280	66	0.999518
196	119	0.999579
130	98	0.999991
137	125	0.999872
67	18	0.99999
382	131	0.999837
286	173	0.999882
61	22	0.999653
200	139	0.999781
401	390	0.999699
114	64	0.999451
462	425	0.999563
482	331	0.999754
222	136	0.999958
498	119	0.999498
406	265	0.999566
317	150	0.999817
446	330	0.999863
445	121	0.99971
225	50	0.999611
359	114	0.999523
159	66	0.99993
208	176	0.999697
259	83	0.999826
220	134	0.999569
165	105	0.999511
81	69	0.999819
471	387	0.999598
453	347	0.99992
325	151	0.999697
163	145	0.9998
65	23	0.999451
434	430	0.999478
457	195	0.999541
188	187	0.999638
168	98	0.999446
287	260	0.999996
110	76	0.999986
139	104	0.999683
227	157	0.999654
154	85	0.999749
258	138	0.999496
135	105	0.999935
136	30	0.999863
223	191	0.999966
55	22	0.999756
158	101	0.999479
321	291	0.999609
132	83	0.999649
80	79	0.99996
110	55	0.999987
419	155	0.99965
287	248	0.999897
240	141	0.999777
393	212	0.999881
195	46	0.999689
407	357	0.999466
327	118	0.999757
235	180	0.999723
242	212	0.999968
382	267	0.999691
314	263	0.999824
60	52	0.999924
104	30	0.999945
473	244	0.999619
175	155	0.999726
292	246	0.999839
54	30	0.999941
145	89	0.9997
407	182	0.999629
348	266	0.999816
414	291	0.99947
105	29	0.999451
172	81	0.999468
430	168	0.999992
473	124	0.999979
396	94	0.999675
463	407	0.999741
436	315	0.999937
418	154	0.999792
328	234	0.999525
231	61	0.999989
317	89	0.999971
255	63	0.9999
454	431	0.999744
376	131	0.999579
70	35	0.999579
429	386	0.999604
483	250	0.999923
97	89	0.999608
337	149	0.999877
252	131	0.999556
241	185	0.99965
482	468	0.999617
289	156	0.999667
284	145	0.999546
499	194	0.999461
80	40	0.999495
274	239	0.99992
204	61	0.999888
318	301	0.99947
398	311	0.999892
230	53	0.999861
436	245	0.999897
211	65	0.999507
366	99	0.999859
317	302	0.999453
64	46	0.99947
268	65	0.999949
396	234	0.999763
396	369	0.999595
417	354	0.999802
331	163	0.999719
327	77	0.999586
299	199	0.99982
297	138	0.999538
198	154	0.999608
111	73	0.999948
480	350	0.999755
132	111	0.999815
110	44	0.999827
268	220	0.999525
398	153	0.999651
86	62	0.99948
442	391	0.999655
414	172	0.999913
284	205	0.999769
477	405	0.999841
118	73	0.999745
143	93	0.999733
369	268	0.999841
232	105	0.999875
495	381	0.999972
233	125	0.999845
192	48	0.999753
373	237	0.999591
283	261	0.999475
57	16	0.999586
432	113	0.999949
440	342	0.999562
251	187	0.999923
251	177	0.999714
167	55	0.999623
82	56	0.999642
395	104	0.999513
276	137	0.999821
168	106	0.999676
300	169	0.999878
132	103	0.999714
486	398	0.999529
284	154	0.999989
199	141	0.99971
368	158	0.999552
178	41	0.99983
471	300	0.999538
273	156	0.999861
74	42	0.999467
406	369	0.999501
400	170	0.999699
196	109	0.9998
300	268	0.999848
61	38	0.999947
338	271	0.999635
166	137	0.99951
387	342	0.999607
338	239	0.999798
80	78	0.999458
134	47	0.999797
144	46	0.999881
69	24	0.999534
396	252	0.999528
143	87	0.999449
256	201	0.999497
330	86	0.999932
219	200	0.999494
454	193	0.999962
142	32	0.999809
318	277	0.999948
191	160	0.999498
387	206	0.999842
231	217	0.999674
299	90	0.999457
191	91	0.999878
163	124	0.999921
255	100	0.999656
379	289	0.999712
458	210	0.99991
127	96	0.999898
274	245	0.99964
55	42	0.999708
121	56	0.999548
437	421	0.99994
180	107	0.999593
133	56	0.999974
319	88	0.999572
387	260	0.999628
236	199	0.999762
266	264	0.999955
490	196	0.999882
449	289	0.999639
344	341	0.999519
119	47	0.9995
426	313	0.999612
156	129	0.999977
159	36	0.999956
247	149	0.999541
203	172	0.999882
441	212	0.99965
471	232	0.9996
300	272	0.999744
417	389	0.999979
233	163	0.999605
363	109	0.999866
176	100	0.99982
449	413	0.999995
60	23	0.999796
180	143	0.99983
276	81	0.99951
237	125	0.999516
264	121	0.99991
273	65	0.999898
288	275	0.99962
486	449	0.999769
387	361	0.999491
349	293	0.999981
415	90	0.99983
418	132	0.999951
407	166	0.999546
60	56	0.999667
162	136	0.999506
388	144	0.999991
238	189	0.999796
456	103	0.999777
441	242	0.999949
314	254	0.999539
76	39	0.999625
366	204	0.999739
208	77	0.999853
174	171	0.999706
411	322	0.999622
169	100	0.999831
246	62	0.999816
347	92	0.999863
380	155	0.999738
402	121	0.999629
430	101	0.99987
242	101	0.99949
494	296	0.9999
64	62	0.999843
492	364	0.999705
188	56	0.999531
103	43	0.999622
113	41	0.99946
361	174	0.999748
454	118	0.99961
299	155	0.999899
257	185	0.999511
410	354	0.999849
460	118	0.999984
222	154	0.999863
320	110	0.999612
290	92	0.999601
295	94	0.99953
466	366	0.999524
100	24	0.999602
335	330	0.999538
74	23	0.999541
340	219	0.999767
95	49	0.999559
277	115	0.999583
179	74	0.999772
388	137	0.999508
200	142	0.999634
123	88	0.999547
487	163	0.999447
212	183	0.999824
318	244	0.999957
221	130	0.999446
68	54	0.999466
415	236	0.999877
133	62	0.999482
395	384	0.999598
131	97	0.999507
58	39	0.999835
272	189	0.999736
178	88	0.999962
411	193	0.999667
386	358	0.999874
386	177	0.999831
497	418	0.999533
253	113	0.999715
147	110	0.999932
223	180	0.999571
58	31	0.999516
242	228	0.999575
375	323	0.999513
240	149	0.999997
140	100	0.999745
99	31	0.999923
111	37	0.999578
432	189	0.999962
58	57	0.999548
286	158	0.999518
260	166	0.99979
195	130	0.999931
142	51	0.999851
57	53	0.999663
445	100	0.999463
454	424	0.999605
61	42	0.999687
92	84	0.999671
273	263	0.999446
255	252	0.999892
372	358	0.999565
335	179	0.999669
316	99	0.999823
373	359	0.999885
292	225	0.999561
287	134	0.999707
494	335	0.99988
283	119	0.99961
427	411	0.999608
359	301	0.999878
404	310	0.999662
163	151	0.999779
107	93	0.999719
484	415	0.99984
144	93	0.999544
290	63	0.999887
407	270	0.999985
280	183	0.999669
444	396	0.999575
77	68	0.999698
183	132	0.999728
251	249	0.999491
412	144	0.999599
493	227	0.999645
164	85	0.999494
495	169	0.999907
444	416	0.999799
443	267	0.999681
65	25	0.99968
345	287	0.99993
350	151	0.99965
300	277	0.999685
218	74	0.999543
98	80	0.999739
216	169	0.999722
96	92	0.999445
86	40	0.999452
119	115	0.999608
105	57	0.999626
383	327	0.999672
364	352	0.999699
421	115	0.999533
448	101	0.999581
480	370	0.99985
366	281	0.999773
294	165	0.999712
395	183	0.999619
355	145	0.999845
228	176	0.999838
159	72	0.999535
99	81	0.999684
210	80	0.999634
314	119	0.999852
256	61	0.999622
325	320	0.999653
109	34	0.999765
153	121	0.99958
398	233	0.999543
216	196	0.999467
249	164	0.999987
448	120	0.999497
423	292	0.999657
269	105	0.999515
263	194	0.999564
212	55	0.999829
490	241	0.999586
391	242	0.999755
358	212	0.999487
180	132	0.999647
479	375	0.999951
259	197	0.999565
252	167	0.999713
204	71	0.999643
116	108	0.999528
463	192	0.999448
433	403	0.999771
228	169	0.999448
109	88	0.999534
105	25	0.999619
186	87	0.999988
379	277	0.999962
265	86	0.999645
309	261	0.999568
56	49	0.999461
268	230	0.999761
418	182	0.999756
320	191	0.999959
153	106	0.999726
237	145	0.999993
314	251	0.999662
247	232	0.999951
435	410	0.999805
394	172	0.999548
342	295	0.999738
85	45	0.999686
377	105	0.999624
376	338	0.999533
155	92	0.999771
347	175	0.999762
387	310	0.999714
333	257	0.999786
279	63	0.999645
345	207	0.999946
468	336	0.999797
184	110	0.999648
64	59	0.99985
287	121	0.99969
162	134	0.99984
454	428	0.999456
226	154	0.999591
74	51	0.99985
421	171	0.999505
207	64	0.9998
233	213	0.999738
476	354	0.999691
157	67	0.999545
461	247	0.999683
410	315	0.999828
197	50	0.999834
443	265	0.99945
68	50	0.999562
213	165	0.999994
99	93	0.999954
257	231	0.999803
219	96	0.999916
75	28	0.999951
299	190	0.999479
342	308	0.99994
271	217	0.999753
150	41	0.999965
240	191	0.999503
106	60	0.999947
449	240	0.999823
396	299	0.999747
476	194	0.999581
228	98	0.999756
65	30	0.999786
190	156	0.999637
248	226	0.999997
164	140	0.999471
265	251	0.999985
160	83	0.99974
431	416	0.999956
474	467	0.999482
337	166	0.999535
92	65	0.999933
110	42	0.999877
418	310	0.999493
156	142	0.99948
297	146	0.999534
363	170	0.99976
243	228	0.999872
338	242	0.999547
459	295	0.999713
125	91	0.999897
357	228	0.99979
388	163	0.999695
207	134	0.999466
185	110	0.999531
363	200	0.999663
324	114	0.999824
165	107	0.999915
59	53	0.999882
398	126	0.999657
248	142	0.999811
130	51	0.999801
230	170	0.999911
141	54	0.999447
110	100	0.999493
205	74	0.9999
382	347	0.99961
495	307	0.9996
369	186	0.999812
292	120	0.999515
489	482	0.99968
121	110	0.999781
62	23	0.999645
330	301	0.999952
492	152	0.999822
98	46	0.99963
472	103	0.999691
296	292	0.999473
313	190	0.999445
200	99	0.999666
198	103	0.999948
378	289	0.999449
235	58	0.999639
106	86	0.999734
177	43	0.999806
419	352	0.999839
105	23	0.999567
433	309	0.999566
371	284	0.999791
200	116	0.999935
353	149	0.999446
195	155	0.999516
439	180	0.999533
309	193	0.999695
184	172	0.999483
219	89	0.999514
493	130	0.999998
295	188	0.999649
152	50	0.999708
483	133	0.999991
67	38	0.999935
68	29	0.999539
164	36	0.999581
233	109	0.999787
283	170	0.999739
183	157	0.999824
54	17	0.999603
225	186	0.99962
312	218	0.999532
366	244	0.999706
436	389	0.999574
372	366	0.999523
89	21	0.999456
365	322	0.999728
363	275	0.999455
437	325	0.999627
382	200	0.999743
210	201	0.999856
143	84	0.999585
306	282	0.999457
169	155	0.999676
288	71	0.999754
193	88	0.999882
370	321	0.999696
492	251	0.999941
157	124	0.999454
193	181	0.999707
346	135	0.999574
185	46	0.999517
477	168	0.999859
157	78	0.999612
401	370	0.99965
346	175	0.99981
228	174	0.999652
210	128	0.999861
310	306	0.999827
189	157	0.999605
154	102	0.999562
455	384	0.999967
273	112	0.999784
246	118	0.999765
402	372	0.999874
297	183	0.999451
160	125	0.999853
202	81	0.999948
338	178	0.999464
220	132	0.999986
119	67	0.999673
333	155	0.99951
366	316	0.999607
485	246	0.999959
237	56	0.999561
215	65	0.999599
435	301	0.999662
101	81	0.999499
303	234	0.999675
434	113	0.999902
226	181	0.999896
420	237	0.999749
203	87	0.99993
141	110	0.999965
63	25	0.999464
150	58	0.999695
371	345	0.999483
269	144	0.999533
90	63	0.999997
115	57	0.999815
477	428	0.999999
339	331	0.999929
400	267	0.999658
229	83	0.999525
213	64	0.999708
88	49	0.999625
227	134	0.999799
99	24	0.999874
58	37	0.99978
221	176	0.999629
199	91	0.999719
67	15	0.999985
88	64	0.999685
99	95	0.999648
352	322	0.999461
231	216	0.999591
224	162	0.999986
93	89	0.999587
241	59	0.999704
437	404	0.999873
363	87	0.999599
344	270	0.999448
160	36	0.999481
151	90	0.999536
59	17	0.99984
324	299	0.999905
449	234	0.999982
217	55	0.999786
407	271	0.999815
366	140	0.999466
172	45	0.999961
354	293	0.999522
244	86	0.999708
437	390	0.99966
92	23	0.999624
450	280	0.999999
353	268	0.999536
227	191	0.999488
389	225	0.999646
172	56	0.99969
229	198	0.999758
220	124	0.999889
145	36	0.999513
366	285	0.999726
280	155	0.999819
224	68	0.99986
315	207	0.999953
487	251	0.99956
52	30	0.999736
484	423	0.999878
126	55	0.999954
457	120	0.999595
223	63	0.999451
345	238	0.99988
153	124	0.999521
116	76	0.999917
220	141	0.999453
160	111	0.9999
67	60	0.999972
432	124	0.999466
176	103	0.999638
228	155	0.999961
253	247	0.999781
95	84	0.999965
252	119	0.999512
374	187	0.999751
328	93	0.999607
292	104	0.999634
429	197	0.999744
278	185	0.999519
224	102	0.999924
193	148	0.999688
490	279	0.999797
487	290	0.999949
78	31	0.999637
448	349	0.9995
199	89	0.999959
398	388	0.999956
264	74	0.999695
354	249	0.999532
73	68	0.999769
153	75	0.999967
345	336	0.999493
204	74	0.999954
487	342	0.999451
432	293	0.999998
96	50	0.999588
416	317	0.999993
276	173	0.999704
272	166	0.999584
258	108	0.999491
299	222	0.999869
406	388	0.999584
139	46	0.999787
159	50	0.999577
137	44	0.999968
251	169	0.999607
398	135	0.999612
496	125	0.999686
454	256	0.999748
51	42	0.999924
322	89	0.999521
178	162	0.999544
280	194	0.999739
499	355	0.999966
53	43	0.999736
65	60	0.999911
273	145	0.999766
196	90	0.99986
470	392	0.99981
201	168	0.999858
450	374	0.999958
314	145	0.999776
68	54	0.999896
412	211	0.999924
142	112	0.999723
392	110	0.999975
171	48	0.9997
369	177	0.999741
464	120	0.999983
207	87	0.999959
188	59	0.999654
217	122	0.999808
378	118	0.999881
331	230	0.999769
67	56	0.999605
217	216	0.999629
316	137	0.999824
116	28	0.9996
152	151	0.999978
124	42	0.999701
263	261	0.99988
261	71	0.999865
220	82	0.999506
272	146	0.999489
237	96	0.999613
451	300	0.999468
265	101	0.999961
388	364	0.99976
490	278	0.999558
345	156	0.99993
465	447	0.999619
114	45	0.999695
280	217	0.999807
255	95	0.999997
238	210	0.999579
91	55	0.999938
248	161	0.999972
328	95	0.999978
497	439	0.999655
92	57	0.999695
271	211	0.999962
311	213	0.999465
253	194	0.999627
81	30	0.999708
96	39	0.99984
352	190	0.999749
351	327	0.999868
374	265	0.999478
311	144	0.99987
190	109	0.99993
499	273	0.999848
254	120	0.999981
325	95	0.999461
352	121	0.999981
122	100	0.999827
463	307	0.99964
261	82	0.999737
315	207	0.999935
167	56	0.999588
212	88	0.999879
407	181	0.999863
279	144	0.999599
411	314	0.999519
404	303	0.999473
407	198	0.999583
309	158	0.999651
78	26	0.999986
377	138	0.999519
304	98	0.999922
404	209	0.999485
159	154	0.99994
443	172	0.999697
144	31	0.999684
195	61	0.999519
457	214	0.999674
99	34	0.999574
326	191	0.999528
207	120	0.999518
413	333	0.999771
329	238	0.999673
202	94	0.999489
156	72	0.999526
296	250	0.999967
414	135	0.999705
357	347	0.99975
432	210	0.999811
67	63	0.999888
189	97	0.999647
421	144	0.999574
415	237	0.99972
431	233	0.999855
74	53	0.999753
139	64	0.999733
376	249	0.999761
339	242	0.99992
467	395	0.99997
380	250	0.999569
250	184	0.999533
255	55	0.999689
470	401	0.999535
360	296	0.999736
136	81	0.999598
318	242	0.999878
105	66	0.999564
298	165	0.999556
113	67	0.999655
295	200	0.999689
310	104	0.999713
365	81	0.999914
437	293	0.999615
178	54	0.999466
111	91	0.999615
356	78	0.999488
108	98	0.999468
64	18	0.999969
282	193	0.999955
388	94	0.999563
226	210	0.999896
383	220	0.999932
90	31	0.99955
260	69	0.999676
104	101	0.999843
338	256	0.999964
141	120	0.999668
380	219	0.999488
360	273	0.999473
169	78	0.99986
156	142	0.999858
322	117	0.999472
240	129	0.999468
383	268	0.999642
134	90	0.999462
65	22	0.99969
72	45	0.999759
426	296	0.999726
476	271	0.99989
312	293	0.999448
285	118	0.999584
360	176	0.999451
278	263	0.999558
165	128	0.999964
330	120	0.999674
452	231	0.999998
278	239	0.999902
218	159	0.999889
466	230	0.999591
174	128	0.999835
355	111	0.999702
327	153	0.999845
391	96	0.999936
100	83	0.999724
327	114	0.99982
240	76	0.99983
68	35	0.999612
298	77	0.999905
221	219	0.999868
374	365	0.999994
297	253	0.999521
194	161	0.999686
183	53	0.999998
176	46	0.999793
303	290	0.999937
250	214	0.999482
310	230	0.999683
473	303	0.999558
136	112	0.999535
348	141	0.999502
323	169	0.999531
311	300	0.999942
329	104	0.999525
378	139	0.999692
477	174	0.999566
81	79	0.999999
477	276	0.999966
151	150	0.999792
484	125	0.999747
334	122	0.999682
487	472	0.999782
388	97	0.999484
246	207	0.999936
263	87	0.999599
274	182	0.999975
88	25	0.999477
64	47	0.999518
67	51	0.999855
106	23	0.999958
244	203	0.999795
369	346	0.999576
406	299	0.999519
162	153	0.999845
143	141	0.999523
356	262	0.99985
214	48	0.999918
406	209	0.999453
184	144	0.999567
167	67	0.999481
397	349	0.999997
288	140	0.999593
408	353	0.999952
468	222	0.999635
136	71	0.999748
261	64	0.999845
117	116	0.999888
285	213	0.999786
312	306	0.99959
283	162	0.999878
467	283	0.999853
374	122	0.999619
110	25	0.999954
276	143	0.999991
158	128	0.999608
107	60	0.999567
376	216	0.999592
166	101	0.999905
177	43	0.999482
400	151	0.999696
254	166	0.999456
194	68	0.999941
269	81	0.999941
413	312	0.999511
375	257	0.999631
96	27	0.999962
330	148	0.999566
83	37	0.999943
130	43	0.999805
102	84	0.999872
85	50	0.999888
480	463	0.999501
391	378	0.999803
176	158	0.999527
90	74	0.999978
368	85	0.999855
217	142	0.999809
319	218	0.999785
322	178	0.999502
341	81	0.999681
261	119	0.999777
499	432	0.999664
317	81	0.999603
330	134	0.999676
166	58	0.99967
470	261	0.999498
203	129	0.999575
126	70	0.999568
368	329	0.999822
61	47	0.999923
351	94	0.999622
235	66	0.999925
323	181	0.999816
309	86	0.999488
430	295	0.999714
156	48	0.999615
266	130	0.999608
174	106	0.999565
188	132	0.999709
247	61	0.999929
276	267	0.999493
320	252	0.999825
259	209	0.99973
480	446	0.99951
398	257	0.999725
197	152	0.999888
306	269	0.999923
414	110	0.999837
489	105	0.999886
488	237	0.999895
481	319	0.999677
320	185	0.999684
404	106	0.999608
258	131	0.999524
487	177	0.999448
350	267	0.999666
487	480	0.999538
272	107	0.999482
193	47	0.99969
499	374	0.999997
272	138	0.999519
244	140	0.999873
275	158	0.999485
366	145	0.999694
494	431	0.999711
332	241	0.9998
54	40	0.999527
138	35	0.99972
208	130	0.999738
96	39	0.999903
150	50	0.999715
367	348	0.999802
484	481	0.999744
65	19	0.99977
174	120	0.999792
127	51	0.999587
288	271	0.999864
126	79	0.999882
265	98	0.999716
381	102	0.99998
362	321	0.999802
143	111	0.999582
239	84	0.99955
200	51	0.999963
456	171	0.999533
352	262	0.999486
80	57	0.999698
446	346	0.999551
391	284	0.99982
427	372	0.999795
51	42	0.999814
258	161	0.999744
259	229	0.999861
288	155	0.999506
408	376	0.999842
492	354	0.999799
469	304	0.999448
466	382	0.9997
168	121	0.99994
109	87	0.999665
359	223	0.999995
421	328	0.999784
494	231	0.999786
496	293	0.999953
458	443	0.999669
422	277	0.999774
114	97	0.999675
460	129	0.999905
75	43	0.999674
293	186	0.99997
207	174	0.999564
339	233	0.999997
364	265	0.999603
479	184	0.999659
499	294	0.999771
256	242	0.999672
243	152	0.99983
228	178	0.999906
193	81	0.999507
239	89	0.999717
236	61	0.999827
91	58	0.999675
423	109	0.999449
352	237	0.999845
112	101	0.999511
120	60	0.999524
491	417	0.99975
438	300	0.999917
375	167	0.999744
191	88	0.999837
495	184	0.999967
174	113	0.999751
353	230	0.999936
333	213	0.999501
350	250	0.999653
407	216	0.999633
110	47	0.999847
481	391	0.999719
188	113	0.999787
317	144	0.999696
147	75	0.999723
473	175	0.99996
160	68	0.999914
104	29	0.999505
227	151	0.999824
253	227	0.999998
361	219	0.999817
119	105	0.999739
360	113	0.999784
451	318	0.999703
317	254	0.999976
216	127	0.999751
70	50	0.999577
381	147	0.999533
330	147	0.999983
104	85	0.999606
106	84	0.999966
494	457	0.999446
257	86	0.999561
223	217	0.999495
398	179	0.999744
92	20	0.999989
282	275	0.999524
416	119	0.999576
413	363	0.999591
121	88	0.99974
161	89	0.999921
217	102	0.999831
341	127	0.999574
299	187	0.999568
319	146	0.999859
176	121	0.999952
442	152	0.999771
74	72	0.999724
412	306	0.999777
269	247	0.999904
123	53	0.999749
68	42	0.999534
151	79	0.999587
374	246	0.999702
458	193	0.999559
352	102	0.999518
455	434	0.99982
306	82	0.99968
437	375	0.999816
293	168	0.999829
283	137	0.999912
98	28	0.999817
263	186	0.999887
445	411	0.99993
125	110	0.99974
207	202	0.99967
196	98	0.999765
368	169	0.999624
383	129	0.999905
484	108	0.999925
353	271	0.99979
282	274	0.999483
249	137	0.999871
91	76	0.999501
475	176	0.999891
359	292	0.99981
97	50	0.999633
252	151	0.999459
167	100	0.99961
193	78	0.999624
288	171	0.999718
51	44	0.999782
130	28	0.999899
433	213	0.999858
122	61	0.999536
172	81	0.999754
228	186	0.999695
301	106	0.999669
470	459	0.999681
348	193	0.999515
76	24	0.999859
144	101	0.999898
381	370	0.999902
235	127	0.999655
366	293	0.999885
407	215	0.999931
172	73	0.999558
242	189	0.999843
451	146	0.999784
141	53	0.999748
315	169	0.999613
340	158	0.999652
175	171	0.999965
66	62	0.999549
426	197	0.999496
241	52	0.999468
228	187	0.999609
273	214	0.999699
107	30	0.999977
147	109	0.999842
323	104	0.999638
423	321	0.999869
53	38	0.999602
170	90	0.999985
408	292	0.999607
447	264	0.999556
464	310	0.999724
432	304	0.999612
351	91	0.999994
224	186	0.999731
210	160	0.999599
138	58	0.999521
396	203	0.999824
368	347	0.999824
434	95	0.999494
303	107	0.999553
256	251	0.999906
74	58	0.999863
64	56	0.999882
461	212	0.999633
466	114	0.999579
97	61	0.999542
179	129	0.999691
405	160	0.999791
353	205	0.999906
426	287	0.999589
399	103	0.999455
389	230	0.999923
192	167	0.999549
372	153	0.999627
286	274	0.999615
272	251	0.999599
376	375	0.999476
127	58	0.999862
324	165	0.999993
465	440	0.999751
294	170	0.999625
219	65	0.99994
220	86	0.999826
130	81	0.999537
219	64	0.999923
185	167	0.999667
354	306	0.999997
169	47	0.999495
65	58	0.999634
63	23	0.999757
55	27	0.999865
90	66	0.999563
221	196	0.999797
328	117	0.99992
388	114	0.999583
130	30	0.999543
268	261	0.999603
236	196	0.999767
428	256	0.999879
471	389	0.999805
246	206	0.999969
336	117	0.99946
442	418	0.999648
168	90	0.999608
225	204	0.999921
440	294	0.999819
60	48	0.999527
135	43	0.999767
82	48	0.99968
141	65	0.999991
191	71	0.999819
171	69	0.999567
173	96	0.999473
438	129	0.999716
197	191	0.99984
103	52	0.999498
228	57	0.999531
249	108	0.999811
120	86	0.999944
360	233	0.999863
297	87	0.999926
241	210	0.999927
97	59	0.999532
398	101	0.99975
324	126	0.999992
73	53	0.999885
136	74	0.999759
411	378	0.999567
186	163	0.999735
491	210	0.99979
388	338	0.999799
296	169	0.99996
264	226	0.999719
81	36	0.999902
445	320	0.999754
376	105	0.999806
332	237	0.999614
205	128	0.999541
229	67	0.999839
413	381	0.999763
379	189	0.999819
251	161	0.999806
388	218	0.999511
339	279	0.999902
415	206	0.999624
394	237	0.999515
217	129	0.999784
83	47	0.999481
174	89	0.999694
218	136	0.999579
400	225	0.999799
146	126	0.999726
161	110	0.999786
146	74	0.999562
312	88	0.999593
190	189	0.999771
414	241	0.999478
280	61	0.999614
67	64	0.999886
193	153	0.99967
70	45	0.999684
76	48	0.999519
216	82	0.999724
139	54	0.999751
440	151	0.999544
330	303	0.999582
490	368	0.999613
303	192	0.999527
471	355	0.99996
199	189	0.999455
326	313	0.999457
316	299	0.999551
400	363	0.999796
346	244	0.999719
113	71	0.999517
344	271	0.99961
293	187	0.999737
385	99	0.999822
487	277	0.999975
386	272	0.999539
439	232	0.999846
86	31	0.999849
496	436	0.99964
96	48	0.999731
216	131	0.999524
346	149	0.999538
251	187	0.999888
97	76	0.999598
72	67	0.999986
368	219	0.999963
284	175	0.99991
209	75	0.999688
179	97	0.999653
390	121	0.999982
129	77	0.999612
329	289	0.99976
231	112	0.999717
176	55	0.999714
446	269	0.999717
200	176	0.999828
140	31	0.999978
376	119	0.999468
385	227	0.999986
415	176	0.999688
259	59	0.999502
247	227	0.999465
80	67	0.99976
109	59	0.999828
277	100	0.999917
277	180	0.999848
68	18	0.999519
74	23	0.999861
277	212	0.9997
144	83	0.999497
215	78	0.999698
206	103	0.999824
191	77	0.999987
411	323	0.999491
297	231	0.999824
333	325	0.999668
193	127	0.999579
129	120	0.999908
237	129	0.999519
273	128	0.999939
125	117	0.999665
54	47	0.999588
145	91	0.999928
328	97	0.999461
448	371	0.999612
319	304	0.999883
53	26	0.99962
162	155	0.999657
370	189	0.999499
425	342	0.99945
175	63	0.999841
416	228	0.999552
52	22	0.999607
151	117	0.999512
431	177	0.999896
171	92	0.999716
212	141	0.999674
66	57	0.999983
406	381	0.99949
110	49	0.999709
219	137	0.999745
275	174	0.999496
172	53	0.999912
344	228	0.999847
67	58	0.999937
93	77	0.999992
311	300	0.999546
189	152	0.999618
446	132	0.999523
196	87	0.99966
318	137	0.999661
280	199	0.999541
54	12	0.999944
288	66	0.999774
172	42	0.999861
374	200	0.999951
224	66	0.999587
94	36	0.999653
303	237	0.999886
438	319	0.999792
232	136	0.999711
82	68	0.99978
364	306	0.999785
405	164	0.999661
259	94	0.999574
483	452	0.999748
109	91	0.999623
302	297	0.999843
321	280	0.999484
91	38	0.999571
173	126	0.999578
417	205	0.999855
302	84	0.999642
303	144	0.999967
372	239	0.999744
72	66	0.999564
100	67	0.99987
143	41	0.999786
297	276	0.999926
147	81	0.99981
419	365	0.999857
217	193	0.999972
119	35	0.999817
188	59	0.999764
145	73	0.9998
473	471	0.999576
445	275	0.999947
222	102	0.999676
301	188	0.999521
491	322	0.999686
276	69	0.999502
187	179	0.999981
440	110	0.99998
492	115	0.999533
384	209	0.999514
139	58	0.999958
429	293	0.999835
93	45	0.999518
385	150	0.999632
487	174	0.999856
169	118	0.999977
413	320	0.999771
425	385	0.999846
140	43	0.999628
356	337	0.999706
321	313	0.999729
396	196	0.999874
83	45	0.999529
216	151	0.999802
267	212	0.99964
221	55	0.999658
368	120	0.999645
317	100	0.999536
110	28	0.999806
385	105	0.999601
453	174	0.999695
404	307	0.999803
280	211	0.999463
420	363	0.99951
234	183	0.999858
490	137	0.999861
373	249	0.999886
356	200	0.999965
437	260	0.999529
127	35	0.99956
74	46	0.999469
120	114	0.999593
479	474	0.999844
212	92	0.999928
167	119	0.999599
428	168	0.999634
448	279	0.999989
195	80	0.999492
344	244	0.999893
127	112	0.999507
256	140	0.99951
65	33	0.999543
126	50	0.999774
180	127	0.999949
99	60	0.99983
74	28	0.999448
467	125	0.999943
280	231	0.999989
395	325	0.999579
153	133	0.999607
181	143	0.999735
337	199	0.999778
281	206	0.999685
352	191	0.999624
337	141	0.999839
172	61	0.999998
239	131	0.999648
120	42	0.999771
115	43	0.999633
446	277	0.9998
343	183	0.999809
235	161	0.999935
107	66	0.999792
133	56	0.999477
332	140	0.999654
106	26	0.999799
82	62	0.99953
206	136	0.99985
85	57	0.99958
52	41	0.999844
341	266	0.999491
380	238	0.999737
458	231	0.999897
389	108	0.999858
210	180	0.999814
459	418	0.999902
278	88	0.999963
413	306	0.99959
344	115	0.999723
52	41	0.99968
155	39	0.999939
448	398	0.999477
136	46	0.999453
499	163	0.999447
250	113	0.999783
296	144	0.999446
64	36	0.999661
101	40	0.999815
90	71	0.999824
207	48	0.99991
431	356	0.999904
257	205	0.999675
357	87	0.999688
414	352	0.999931
152	52	0.99955
140	139	0.999699
212	201	0.999638
98	46	0.999648
472	438	0.999647
114	102	0.999703
438	166	0.999681
488	284	0.999778
164	89	0.999638
179	89	0.999781
245	201	0.999678
264	106	0.999829
433	154	0.999931
462	218	0.999698
189	127	0.999991
154	102	0.999559
186	42	0.999672
152	123	0.999712
59	21	0.99985
470	140	0.999848
317	86	0.99991
463	424	0.999458
335	161	0.999936
373	177	0.999885
281	97	0.9995
143	87	0.999948
494	181	0.999453
364	127	0.999643
214	100	0.999462
76	23	0.999824
341	145	0.999744
199	154	0.999604
353	254	0.999914
136	67	0.999624
229	137	0.999756
488	315	0.999546
153	51	0.999556
463	429	0.999481
377	86	0.999766
69	31	0.999882
231	98	0.999658
295	264	0.999716
78	70	0.999645
128	66	0.999537
260	233	0.999985
472	293	0.999782
158	101	0.999617
310	156	0.999752
280	186	0.999465
245	122	0.999652
466	375	0.999478
379	178	0.999795
84	20	0.999817
380	377	0.999804
400	216	0.999993
120	75	0.999708
286	220	0.999585
123	102	0.999573
168	36	0.999629
307	289	0.999553
61	54	0.999967
161	115	0.999583
352	333	0.999561
319	269	0.999556
232	169	0.999663
169	107	0.999609
363	155	0.99976
92	28	0.999787
471	262	0.999966
77	67	0.99987
54	51	0.99968
424	335	0.999672
131	52	0.999628
88	69	0.999789
421	95	0.999895
98	58	0.999956
324	95	0.999785
228	69	0.999742
231	227	0.999482
479	471	0.999512
459	383	0.999708
184	155	0.999715
452	289	0.999812
100	75	0.999946
484	363	0.999565
103	81	0.999537
233	82	0.999627
449	388	0.999632
306	160	0.99986
268	194	0.999558
387	203	0.99991
73	19	0.99974
120	105	0.999466
338	202	0.999626
153	80	0.999805
404	290	0.999744
258	179	0.999745
227	68	0.999484
493	114	0.999637
181	44	0.999671
129	62	0.999791
127	46	0.99946
109	74	0.999743
54	21	0.999834
196	176	0.999542
348	330	0.999512
323	227	0.99982
349	150	0.999614
497	435	0.999678
437	109	0.999467
313	225	0.999484
404	127	0.999641
408	311	0.999647
347	95	0.999794
275	128	0.99975
176	159	0.99963
351	134	0.999762
434	197	0.999986
91	23	0.999807
379	318	0.999507
172	67	0.999471
465	445	0.99989
352	120	0.999719
68	26	0.999693
280	104	0.999513
347	131	0.999941
460	311	0.999585
388	381	0.999902
227	207	0.99964
165	117	0.999918
378	127	0.99973
412	96	0.999873
319	205	0.999484
105	89	0.999748
101	44	0.999567
235	107	0.999904
378	98	0.999592
140	33	0.999471
243	206	0.999492
384	282	0.999958
399	208	0.999921
104	27	0.999539
488	142	0.999961
434	121	0.999901
172	76	0.999613
393	216	0.999788
301	104	0.999613
370	355	0.999913
251	102	0.999706
261	110	0.999498
395	304	0.999997
279	270	0.999963
172	44	0.999933
278	217	0.999598
147	118	0.999674
114	91	0.999667
79	23	0.999873
265	222	0.999665
306	208	0.999537
333	81	0.999998
224	154	0.999865
58	54	0.999735
217	210	0.999698
287	177	0.999936
299	250	0.999589
394	185	0.999795
97	37	0.999583
340	261	0.999561
170	74	0.999487
324	132	0.999945
216	52	0.999734
350	308	0.999672
480	336	0.999658
279	110	0.999872
249	192	0.999655
332	267	0.999771
451	192	0.999672
71	52	0.999566
476	468	0.999907
147	73	0.999977
318	153	0.999795
446	135	0.999849
323	85	0.999714
160	68	0.999754
300	72	0.999481
469	404	0.999662
278	178	0.999989
219	86	0.999894
218	104	0.999699
422	175	0.999859
371	336	0.999638
447	103	0.999663
471	317	0.99976
434	430	0.999445
416	337	0.999662
479	295	0.99972
456	376	0.999512
332	295	0.999655
456	195	0.999794
463	281	0.999476
74	30	0.999475
138	48	0.999867
195	42	0.999545
155	95	0.999564
281	205	0.999928
403	298	0.999457
342	111	0.999465
229	130	0.999845
172	133	0.999942
405	302	0.999541
450	162	0.999882
417	154	0.999883
422	225	0.999587
246	201	0.999894
254	249	0.999485
328	282	0.999785
210	63	0.999607
78	74	0.999905
63	31	0.999896
360	327	0.999906
307	233	0.999483
307	179	0.999785
281	192	0.999503
353	272	0.999607
347	332	0.999845
373	365	0.99976
195	86	0.999458
186	88	0.999461
420	187	0.999978
268	183	0.999719
51	23	0.999693
194	152	0.999756
200	164	0.999987
424	387	0.999695
448	345	0.999776
337	314	0.999826
306	210	0.999955
482	256	0.999481
178	74	0.999529
297	214	0.999735
131	66	0.999767
70	30	0.999845
219	196	0.999921
404	178	0.999876
130	61	0.999816
362	175	0.999453
59	39	0.999811
316	99	0.99995
271	192	0.999816
338	336	0.999475
345	159	0.999541
119	91	0.99952
245	71	0.999691
351	180	0.999864
369	260	0.999599
213	112	0.999603
180	45	0.999778
200	84	0.999647
296	89	0.999795
206	121	0.999639
314	68	0.999945
192	173	0.999712
80	55	0.99973
326	107	0.99993
377	236	0.999942
241	68	0.999993
247	110	0.999764
384	302	0.999897
263	164	0.999951
50	21	0.999653
410	328	0.999573
107	83	0.999467
188	59	0.999827
415	328	0.999524
485	184	0.999478
496	129	0.999664
128	79	0.999799
92	30	0.99973
458	338	0.999772
385	128	0.99978
252	81	0.999785
106	93	0.999461
456	149	0.999585
139	105	0.999969
412	328	0.99946
259	126	0.999959
372	260	0.999888
215	128	0.99951
280	200	0.999582
101	26	0.99999
492	225	0.999933
133	99	0.999827
327	280	0.999922
389	315	0.999572
484	380	0.999708
368	158	0.999532
165	138	0.999715
244	157	0.999554
454	252	0.999637
212	116	0.999728
180	63	0.999708
421	333	0.999747
74	68	0.999735
359	312	0.999746
121	117	0.999752
437	308	0.9997
400	384	0.999639
473	438	0.999853
230	139	0.999792
401	375	0.999851
67	57	0.999572
195	163	0.999453
414	198	0.999592
446	239	0.999825
276	136	0.99992
223	63	0.999668
499	301	0.999945
295	89	0.99976
113	62	0.999943
187	186	0.999733
213	151	0.999881
475	229	0.999465
235	155	0.99996
166	137	0.999522
395	192	0.999485
156	47	0.999541
496	316	0.999663
204	186	0.999551
395	138	0.999955
383	375	0.999855
328	218	0.999566
62	46	0.999639
462	301	0.99949
446	409	0.999817
65	48	0.999801
236	148	0.999969
348	307	0.999825
449	161	0.99967
218	127	0.999975
295	128	0.999712
363	205	0.999786
135	96	0.999733
175	56	0.999973
450	438	0.999829
443	382	0.999643
190	129	0.999865
156	150	0.999551
481	391	0.999949
339	148	0.999921
436	285	0.999924
297	272	0.999623
490	447	0.999557
490	315	0.999911
331	155	0.99958
422	142	0.999624
462	330	0.999551
345	224	0.999683
318	195	0.999585
55	38	0.99953
76	19	0.999487
286	172	0.999746
81	38	0.999716
70	29	0.999915
344	159	0.999457
167	57	0.999484
239	105	0.999642
243	152	0.999817
268	240	0.999568
101	97	0.999567
251	151	0.999579
261	228	0.999561
254	76	0.999659
208	141	0.999582
77	45	0.999835
456	253	0.999828
167	95	0.999803
455	116	0.999951
397	300	0.999981
241	100	0.999639
319	289	0.999713
299	82	0.999508
94	86	0.999455
255	127	0.999591
238	183	0.999797
114	40	0.999873
269	209	0.999512
240	220	0.999598
272	86	0.999973
244	174	0.999873
217	209	0.999777
351	81	0.999602
430	287	0.999799
111	37	0.999797
343	199	0.999881
73	60	0.999761
213	179	0.999903
474	263	0.999672
394	343	0.999684
353	247	0.999789
240	88	0.999968
279	221	0.999835
323	314	0.999531
424	162	0.999817
303	131	0.99949
298	94	0.999954
379	181	0.999748
230	186	0.999505
473	246	0.999896
281	186	0.999857
125	98	0.999902
295	182	0.999628
231	55	0.99997
241	228	0.999593
334	225	0.999452
365	148	0.999746
198	124	0.999938
328	194	0.999679
458	368	0.999704
387	170	0.999766
488	257	0.999679
384	149	0.999932
318	290	0.999667
62	60	0.999755
268	64	0.99968
315	87	0.999498
396	117	0.999955
184	83	0.999562
213	71	0.999664
79	70	0.999974
268	68	0.999491
383	150	0.999876
467	202	0.999749
212	125	0.999761
208	174	0.999491
346	310	0.999931
169	67	0.999821
51	44	0.999772
312	186	0.999811
404	303	0.999791
459	178	0.999797
466	107	0.999806
127	32	0.999868
206	134	0.999639
199	90	0.999754
126	115	0.999495
361	100	0.999917
419	106	0.999477
226	58	0.999463
111	44	0.999995
342	199	0.999453
485	281	0.999946
324	139	0.999957
392	147	0.999627
191	169	0.999839
443	309	0.999762
103	77	0.999817
194	116	0.999589
386	356	0.999691
314	150	0.999759
124	122	0.999557
162	115	0.999972
144	131	0.999872
465	422	0.999658
169	150	0.999626
415	195	0.999493
277	110	0.999466
288	221	0.999927
235	70	0.999842
435	226	0.999855
200	135	0.999782
106	84	0.999757
290	102	0.999584
220	110	0.99989
324	73	0.999768
190	82	0.999881
317	256	0.999778
141	102	0.999748
307	99	0.999543
427	328	0.999663
313	220	0.999834
378	228	0.999481
472	258	0.999771
53	12	0.999649
408	381	0.999999
111	83	0.999678
145	119	0.999886
215	139	0.999617
486	443	0.999924
145	67	0.999827
207	132	0.999458
51	40	0.999534
374	157	0.999678
493	422	0.999618
382	167	0.999733
477	409	0.999524
250	165	0.999807
177	65	0.999691
465	229	0.999598
415	371	0.999658
401	274	0.999692
318	265	0.999627
129	67	0.999923
493	457	0.999571
201	169	0.999744
144	128	0.999895
136	80	0.99952
354	172	0.999523
330	267	0.999949
464	262	0.999519
94	66	0.999509
221	100	0.999574
179	153	0.999595
259	188	0.999779
144	58	0.999566
413	123	0.99945
423	232	0.999746
168	54	0.999984
217	168	0.999517
341	256	0.999776
175	80	0.99987
239	233	0.999986
420	404	0.999757
131	36	0.999586
299	77	0.999672
392	109	0.999903
215	81	0.999844
351	285	0.999967
296	182	0.999918
251	189	0.999887
197	64	0.999675
164	99	0.99994
441	278	0.999668
282	226	0.999663
119	115	0.999716
136	86	0.999567
168	84	0.999476
396	146	0.999591
244	232	0.999545
346	118	0.999603
183	113	0.999471
368	134	0.999804
72	24	0.999599
118	54	0.999698
73	37	0.999482
379	343	0.999634
230	188	0.999518
315	111	0.999517
475	395	0.99986
103	52	0.999999
381	122	0.999981
141	100	0.999475
69	41	0.999657
162	70	0.999553
230	170	0.999952
339	145	0.999588
484	399	0.999536
196	111	0.9995
87	60	0.999536
299	137	0.999534
165	92	0.999982
206	135	0.999921
365	341	0.999924
221	77	0.999804
412	108	0.999847
75	56	0.999485
412	214	0.999637
492	369	0.999806
331	239	0.999797
112	39	0.999716
410	268	0.999908
480	149	0.99961
298	202	0.99958
239	231	0.999699
218	167	0.9995
411	173	0.99949
402	356	0.999998
63	61	0.999886
468	385	0.999702
336	209	0.999837
339	314	0.99979
354	279	0.99973
149	46	0.999514
176	86	0.999533
478	154	0.999949
331	219	0.999636
266	130	0.999688
180	139	0.999574
500	137	0.999862
381	97	0.999654
178	172	0.999854
342	209	0.999959
324	76	0.999938
344	261	0.999764
206	111	0.999511
405	109	0.999799
178	114	0.999838
378	196	0.999595
228	165	0.99998
161	60	0.999488
72	27	0.999767
466	267	0.999844
377	371	0.999942
204	130	0.999467
296	278	0.999946
93	63	0.999982
438	343	0.999509
280	277	0.999507
257	182	0.999597
495	111	0.99951
353	165	0.99953
320	207	0.999784
134	60	0.999784
220	217	0.999521
194	99	0.99976
327	248	0.999752
231	196	0.99953
348	298	0.999582
348	317	0.999587
73	41	0.999873
129	79	0.999621
252	181	0.999537
383	348	0.999497
438	107	0.999513
337	271	0.999701
311	170	0.999627
438	354	0.99984
479	194	0.999525
264	193	0.999775
495	487	0.999632
330	307	0.999878
204	69	0.999728
91	33	0.999881
385	149	0.999598
242	208	0.999552
319	182	0.999948
351	246	0.999573
86	79	0.999714
73	66	0.99971
470	261	0.999493
169	168	0.999891
266	59	0.999494
413	300	0.999567
203	67	0.999831
480	197	0.999788
292	103	0.999969
365	223	0.999597
327	179	0.999598
268	225	0.999749
257	165	0.999453
351	163	0.999777
253	91	0.999818
103	54	0.999563
478	386	0.999963
213	84	0.999463
342	100	0.999723
481	197	0.999706
409	368	0.999485
438	180	0.999895
420	274	0.999751
301	257	0.999668
209	208	0.999467
269	236	0.999689
55	32	0.999598
475	267	0.999515
257	171	0.999976
60	24	0.99989
475	198	0.999661
215	74	0.999978
78	53	0.999808
288	104	0.999896
88	27	0.999897
470	128	0.999585
67	66	0.99966
460	265	0.999633
459	335	0.999908
492	238	0.99986
366	182	0.999766
114	88	0.999772
470	250	0.999932
258	168	0.999488
358	298	0.999827
220	175	0.999802
152	43	0.999738
141	38	0.99977
109	62	0.999672
113	104	0.999675
172	69	0.999535
143	70	0.9996
50	35	0.999869
418	385	0.999676
233	230	0.999881
412	197	0.999723
316	107	0.999953
202	152	0.999995
256	58	0.99964
291	186	0.999978
63	39	0.999903
129	85	0.999523
383	118	0.999529
62	56	0.999952
118	77	0.999584
393	97	0.99994
297	244	0.999693
50	22	0.999597
229	83	0.999681
374	252	0.999824
60	26	0.999903
215	204	0.999814
147	127	0.999777
68	31	0.999447
453	447	0.999624
396	113	0.999554
326	195	0.999793
229	80	0.999597
446	226	0.999721
362	264	0.999512
324	148	0.999742
287	150	0.999735
58	42	0.999996
250	231	0.9996
215	181	0.999871
466	446	0.999603
116	80	0.99985
249	242	0.999576
332	125	0.999872
191	155	0.999576
363	92	0.999831
257	83	0.999478
278	234	0.999947
446	188	0.999908
497	363	0.999749
175	85	0.999951
239	169	0.999576
161	80	0.999662
451	131	0.999779
357	134	0.999485
376	87	0.999981
478	392	0.999859
491	232	0.999876
58	28	0.999486
291	220	0.999787
470	307	0.999841
183	74	0.999716
275	172	0.999907
72	24	0.99966
399	328	0.999887
331	239	0.99988
346	223	0.999755
462	457	0.999883
439	402	0.999909
167	161	0.999503
235	143	0.999561
212	71	0.999567
80	51	0.999562
106	42	0.99948
246	72	0.999979
113	26	0.999813
390	155	0.999807
373	205	0.999589
104	48	0.999951
499	129	0.999498
66	49	0.999958
126	46	0.999905
95	60	0.999846
225	60	0.999732
344	227	0.99951
470	345	0.999447
277	180	0.999944
383	123	0.999682
134	88	0.999872
429	423	0.99959
68	56	0.999857
466	354	0.999708
138	50	0.99953
324	221	0.999756
92	35	0.999756
228	148	0.999631
407	400	0.999529
72	17	0.999615
322	107	0.999933
355	191	0.999787
115	94	0.999782
427	237	0.999829
144	97	0.999783
112	80	0.999607
262	221	0.999582
82	51	0.999683
211	149	0.999658
238	115	0.999962
454	261	0.999903
202	49	0.99948
155	39	0.999699
298	175	0.999795
132	119	0.999892
452	330	0.99996
177	175	0.999888
425	417	0.999735
87	54	0.999688
160	111	0.999617
304	124	0.999614
222	208	0.999503
56	38	0.999922
66	26	0.999558
197	76	0.999829
112	32	0.999867
73	54	0.999723
349	206	0.999851
221	70	0.999971
101	60	0.999595
397	160	0.99972
218	138	0.999883
61	44	0.999554
75	28	0.99976
302	91	0.999988
485	405	0.999652
419	153	0.999814
139	39	0.999846
432	188	0.999897
273	171	0.999945
63	14	0.999457
138	106	0.999855
83	49	0.999632
325	89	0.999839
57	53	0.999805
55	28	0.999773
294	252	0.999882
168	59	0.999927
116	101	0.999762
255	121	0.999936
276	124	0.99964
310	185	0.999743
494	262	0.999834
103	47	0.999461
216	164	0.999607
346	94	0.999617
232	140	0.99968
433	410	0.99981
257	115	0.999987
424	416	0.999817
110	49	0.999465
366	146	0.999566
340	175	0.999593
411	177	0.999801
493	372	0.999787
476	274	0.999814
259	70	0.999699
281	198	0.999559
258	107	0.999708
102	50	0.999566
377	196	0.99945
82	51	0.999496
99	91	0.999981
276	116	0.999777
475	468	0.999508
345	296	0.999505
131	42	0.999588
223	218	0.999612
180	139	0.999451
172	119	0.999883
94	26	0.999979
236	53	0.999834
340	201	0.999842
152	130	0.999962
232	139	0.999453
342	282	0.999539
411	367	0.999576
397	149	0.999953
196	60	0.999548
335	157	0.999857
300	95	0.999983
199	184	0.999568
215	175	0.999477
130	34	0.999776
72	71	0.999593
114	79	0.999888
141	111	0.999854
227	74	0.999799
420	409	0.999563
444	403	0.999981
99	39	0.999572
409	113	0.999794
171	125	0.999669
330	87	0.99984
64	25	0.999467
291	164	0.999525
403	289	0.99981
134	73	0.999924
159	89	0.999556
482	388	0.999842
118	103	0.999992
146	121	0.999452
475	349	0.999979
138	101	0.999879
354	331	0.999512
162	91	0.999542
408	116	0.99965
410	90	0.999888
176	159	0.999981
455	438	0.999552
334	237	0.999454
304	118	0.99989
458	172	0.999618
124	55	0.999781
341	133	0.999976
231	116	0.999483
476	398	0.999624
59	46	0.999889
91	26	0.999968
206	180	0.999518
479	456	0.999959
169	54	0.999775
444	216	0.999805
381	229	0.999736
426	129	0.999725
235	110	0.999959
408	224	0.999481
226	83	0.999576
63	61	0.999933
191	96	0.999714
348	283	0.999933
464	302	0.999664
214	120	0.999948
409	354	0.999912
143	127	0.999451
125	119	0.999583
243	166	0.999448
425	101	0.999526
394	284	0.999602
82	40	0.99985
125	92	0.999586
134	31	0.999455
322	185	0.99999
285	69	0.999958
309	280	0.999775
398	193	0.999808
270	120	0.999886
297	179	0.999615
483	335	0.999535
461	408	0.999946
393	125	0.999597
467	273	0.999593
443	401	0.99988
408	403	0.999865
193	122	0.999929
400	156	0.999847
253	241	0.999947
462	266	0.999457
172	86	0.999625
454	200	0.999954
463	370	0.999509
225	154	0.999706
204	117	0.999968
278	211	0.999844
207	62	0.999956
268	128	0.999495
293	72	0.999773
327	250	0.999515
147	86	0.999787
92	63	0.999975
468	115	0.999761
340	210	0.999905
117	91	0.999974
218	53	0.999664
345	143	0.99945
308	190	0.999549
496	167	0.999781
106	96	0.9998
104	82	0.999825
194	124	0.999583
294	116	0.999868
330	178	0.999811
372	103	0.999689
269	225	0.99978
156	142	0.999554
423	258	0.999562
401	293	0.999566
391	294	0.999779
310	198	0.999912
318	309	0.999455
347	230	0.999579
240	127	0.999927
99	22	0.999562
102	31	0.99986
435	356	0.999988
387	139	0.999543
343	203	0.999703
57	16	0.999827
437	158	0.999567
434	333	0.999733
387	239	0.999515
342	218	0.999724
387	229	0.999549
469	420	0.999609
145	48	0.999644
212	80	0.999466
285	281	0.999454
222	171	0.99954
319	87	0.999958
450	410	0.999822
371	274	0.9999
52	28	0.99981
499	416	0.999723
367	333	0.999795
476	252	0.999782
307	227	0.999622
237	151	0.999684
499	135	0.999667
340	187	0.999665
69	19	0.999483
481	438	0.999925
415	298	0.999632
188	171	0.999501
472	125	0.999452
463	339	0.999704
383	298	0.999855
90	45	0.999597
238	158	0.999859
357	166	0.99951
265	57	0.999644
487	153	0.999597
450	273	0.999679
197	55	0.999943
69	21	0.999509
175	99	0.999899
402	330	0.999699
396	334	0.999809
498	117	0.999703
343	83	0.999991
370	127	0.999925
218	47	0.999576
298	278	0.999467
281	139	0.999638
280	238	0.999701
120	42	0.999807
217	197	0.99997
110	60	0.999896
480	312	0.999929
146	80	0.999617
106	41	0.999665
443	164	0.999777
455	417	0.99985
90	61	0.999986
52	17	0.999519
464	367	0.999995
115	71	0.999466
133	49	0.99987
301	237	0.999781
269	207	0.999734
457	210	0.999957
206	143	0.999736
238	147	0.999743
356	154	0.999701
308	227	0.999746
425	246	0.999524
321	160	0.999648
304	200	0.999905
221	215	0.999563
215	213	0.999797
79	72	0.999683
247	54	0.999544
124	117	0.999561
222	106	0.999693
323	87	0.999827
102	39	0.999693
390	383	0.999557
80	79	0.999477
141	76	0.999711
493	389	0.99976
442	218	0.999485
465	195	0.999669
143	40	0.999564
489	480	0.999959
416	159	0.999572
340	327	0.999846
154	73	0.999833
458	296	0.999799
202	183	0.999649
382	186	0.999519
485	136	0.999819
246	188	0.999477
259	173	0.999613
120	104	0.999834
108	61	0.999791
434	324	0.999618
107	63	0.999841
116	88	0.999744
118	76	0.999988
168	118	0.999524
425	92	0.999613
260	228	0.999922
324	211	0.99945
348	103	0.999477
310	157	0.999786
443	309	0.999749
209	196	0.999615
171	168	0.999667
395	277	0.999734
81	38	0.99949
304	276	0.999542
98	30	0.999819
412	146	0.999906
184	116	0.99945
185	99	0.999501
79	55	0.999855
244	149	0.999632
145	137	0.999981
402	156	0.999767
113	58	0.999605
354	258	0.999986
187	87	0.999638
195	159	0.99956
299	161	0.99965
259	73	0.999875
495	154	0.999828
267	70	0.999733
398	330	0.999637
468	318	0.999699
499	282	0.999679
419	96	0.999991
51	44	0.999693
133	34	0.999537
259	208	0.99971
444	161	0.999761
107	29	0.999532
432	139	0.999896
106	93	0.99989
366	208	0.999811
455	301	0.999541
274	90	0.99966
293	254	0.999533
301	296	0.999455
235	124	0.999733
287	141	0.999619
226	139	0.999998
211	67	0.999903
125	87	0.999475
169	83	0.999852
200	192	0.999839
277	243	0.999459
251	158	0.999749
315	279	0.999625
59	37	0.999826
292	279	0.999728
68	27	0.999992
173	104	0.999934
294	146	0.999803
170	167	0.99957
348	265	0.999462
295	67	0.999449
194	51	0.999663
111	73	0.999981
440	363	0.999919
146	127	0.999945
94	37	0.999803
203	74	0.999887
135	62	0.999829
92	80	0.999633
88	52	0.999711
188	168	0.999972
468	399	0.999864
228	212	0.999852
262	84	0.999882
238	235	0.999957
467	235	0.999787
474	465	0.999466
212	73	0.999586
93	72	0.999795
338	242	0.99959
457	294	0.999633
340	129	0.999447
270	173	0.999925
101	54	0.999937
76	28	0.99991
206	57	0.999805
400	120	0.999469
311	140	0.999765
302	258	0.999957
490	399	0.999896
437	345	0.999761
76	31	0.999588
340	99	0.999888
106	25	0.9995
67	45	0.999609
369	359	0.999495
231	185	0.999552
121	82	0.999779
473	245	0.999986
293	168	0.999705
118	85	0.999453
435	171	0.999942
201	112	0.999475
281	280	0.999825
255	111	0.999868
177	119	0.999541
228	169	0.999574
244	85	0.999956
146	60	0.999835
261	117	0.999897
477	375	0.999457
448	239	0.999817
326	215	0.999486
241	132	0.999991
495	471	0.999746
433	400	0.999524
378	299	0.999741
470	260	0.999813
148	125	0.999958
258	235	0.999667
486	116	0.999506
453	439	0.99946
64	14	0.999933
471	251	0.999982
394	191	0.999735
480	149	0.999656
478	152	0.999612
495	395	0.999496
381	329	0.99949
304	182	0.9998
127	43	0.999819
67	27	0.999992
268	81	0.999741
346	159	0.999734
244	71	0.999533
127	32	0.99946
423	309	0.999831
72	64	0.999781
243	143	0.999501
83	63	0.999562
314	196	0.999542
451	102	0.999696
410	390	0.999617
124	58	0.999867
392	274	0.999498
409	336	0.999878
300	80	0.999908
439	154	0.999846
246	214	0.999989
114	76	0.999624
425	92	0.999599
361	93	0.999954
91	69	0.999625
302	243	0.999458
445	194	0.999998
102	89	0.999564
152	145	0.999884
478	409	0.999633
184	88	0.999652
256	185	0.999745
144	40	0.999579
378	219	0.99962
299	80	0.99963
153	52	0.999828
167	62	0.999464
251	213	0.999497
219	182	0.999787
418	289	0.999521
445	144	0.999997
489	340	0.999473
55	12	0.999952
472	377	0.999646
195	97	0.99984
404	297	0.999713
228	77	0.999745
345	256	0.99945
455	167	0.999916
431	151	0.999451
314	238	0.999602
149	73	0.999964
223	193	0.99989
349	112	0.999602
236	165	0.999667
230	187	0.999476
400	311	0.999807
168	47	0.999707
157	76	0.999446
384	298	0.999692
229	127	0.999772
88	21	0.999451
109	92	0.999729
104	50	0.999767
404	262	0.999776
238	175	0.999738
117	76	0.999777
217	109	0.999953
496	461	0.99974
331	237	0.999627
292	246	0.999869
339	165	0.999757
438	295	0.999481
145	53	0.999643
161	80	0.999446
356	231	0.999661
434	113	0.999611
355	115	0.999838
391	278	0.999659
430	229	0.999971
194	157	0.999829
167	44	0.999528
171	52	0.999714
323	135	0.999954
118	84	0.999523
158	79	0.999466
493	303	0.999783
300	108	0.999927
417	399	0.999535
339	310	0.99969
125	55	0.999735
93	77	0.999981
264	198	0.999886
397	220	0.999476
368	117	0.999803
148	75	0.999546
229	212	0.99958
316	123	0.999582
119	69	0.999998
364	299	0.999923
331	287	0.999654
496	239	0.999575
491	158	0.999992
231	112	0.999893
463	460	0.999807
143	106	0.999754
169	49	0.99965
158	106	0.999929
99	68	0.999486
449	250	0.999734
313	267	0.999905
331	218	0.999616
333	200	0.999709
157	99	0.999913
306	105	0.999924
109	67	0.999875
496	270	0.999841
457	356	0.99971
352	188	0.999653
159	42	0.999834
164	104	0.999922
94	60	0.999772
398	129	0.999812
394	94	0.999603
113	88	0.999723
293	123	0.999769
363	152	0.999911
229	79	0.999726
311	156	0.999498
78	38	0.999694
141	115	0.999713
312	179	0.999926
449	358	0.99965
374	311	0.999582
205	54	0.999624
462	422	0.999783
467	150	0.999652
442	282	0.999468
253	154	0.999462
169	86	0.999668
112	34	0.999893
123	79	0.999731
66	42	0.999905
405	156	0.999642
374	367	0.999746
492	224	0.999617
287	138	0.999797
463	255	0.999615
452	116	0.999986
156	149	0.999711
100	96	0.999698
424	389	0.999552
186	181	0.999639
184	167	0.999586
57	18	0.999617
110	93	0.999669
198	141	0.99946
321	246	0.999561
243	228	0.999673
456	112	0.99969
395	137	0.999515
69	53	0.999589
366	290	0.999888
68	29	0.999908
136	47	0.999484
236	51	0.999473
279	110	0.999573
180	74	0.999571
102	24	0.999672
389	383	0.99982
101	51	0.999879
326	280	0.999797
149	56	0.999723
204	54	0.999727
96	31	0.999663
268	253	0.999835
71	20	0.999742
455	385	0.999945
319	261	0.99991
500	497	0.999924
480	163	0.999546
311	250	0.999481
125	106	0.999791
253	75	0.999834
199	89	0.999497
446	117	0.99951
379	266	0.999745
362	336	0.999581
75	64	0.999548
53	20	0.999521
83	64	0.999507
85	64	0.999824
98	60	0.999936
372	275	0.999492
354	188	0.999449
131	128	0.99951
61	15	0.999563
104	67	0.999617
404	213	0.999842
427	95	0.999655
245	224	0.999683
241	229	0.999977
166	68	0.999701
402	374	0.999557
292	151	0.99952
378	158	0.999551
422	257	0.999759
295	114	0.999725
56	32	0.999931
339	313	0.999668
436	155	0.999819
93	71	0.999956
275	232	0.999869
205	128	0.999771
463	220	0.999746
495	136	0.999827
260	185	0.999911
304	118	0.999782
496	230	0.999494
357	234	0.999742
476	309	0.999937
450	264	0.999472
180	111	0.999918
144	45	0.999824
308	306	0.999791
177	75	0.99959
296	168	0.999672
389	303	0.999547
226	67	0.999968
473	182	0.999791
312	217	0.999554
438	420	0.999958
495	141	0.999881
486	126	0.999832
455	440	0.999983
305	226	0.999766
459	356	0.999851
455	376	0.999866
99	24	0.999824
472	268	0.999653
362	219	0.999592
429	119	0.999997
243	106	0.999491
425	359	0.999606
479	206	0.999482
245	152	0.999744
212	84	0.999614
70	64	0.999652
70	64	0.999627
79	74	0.999584
387	172	0.999907
153	141	0.999602
270	71	0.999476
157	61	0.999472
382	171	0.999982
493	293	0.99977
257	256	0.999597
317	162	0.99966
197	97	0.999474
268	113	0.999699
290	112	0.999445
442	404	0.999953
449	416	0.999952
457	444	0.999617
227	189	0.999589
373	80	0.999861
329	114	0.999526
178	40	0.999477
438	106	0.999764
476	217	0.99948
464	220	0.999931
435	418	0.999663
425	101	0.999824
358	329	0.99951
93	64	0.999583
341	142	0.999966
327	102	0.999852
387	267	0.999657
59	56	0.999815
241	150	0.999457
426	393	0.99955
179	169	0.99987
211	142	0.999582
237	202	0.999919
184	139	0.99982
110	54	0.999668
93	46	0.999618
249	140	0.999689
68	30	0.999903
76	64	0.999977
93	76	0.999526
407	211	0.999564
89	71	0.999488
70	61	0.999549
331	90	0.999938
279	130	0.999501
143	129	0.999797
243	145	0.999916
288	221	0.999769
311	277	0.99984
202	136	0.999472
140	117	0.999642
79	24	0.99973
315	311	0.999857
174	169	0.999705
315	245	0.999706
269	230	0.999805
329	309	0.999792
460	129	0.999455
271	139	0.999932
220	102	0.999481
344	140	0.99986
305	133	0.999959
84	26	0.999919
364	268	0.999564
435	187	0.999647
455	312	0.999721
106	38	0.999996
496	289	0.999979
467	137	0.999851
91	28	0.999921
337	279	0.999832
219	66	0.999809
116	41	0.999694
308	124	0.999918
430	357	0.999542
401	122	0.999978
493	129	0.999643
370	224	0.999723
54	40	0.999671
432	166	0.999885
162	72	0.999585
154	87	0.999831
196	191	0.999659
343	298	0.999749
372	110	0.999586
406	103	0.999787
470	215	0.999623
202	199	0.999789
128	66	0.999706
456	184	0.999491
316	247	0.999676
147	91	0.999638
207	132	0.999904
246	143	0.999474
335	125	0.999986
392	319	0.999736
453	167	0.999958
418	368	0.99991
163	118	0.999575
490	393	0.999765
240	54	0.999816
202	75	0.99947
330	299	0.999761
449	146	0.999452
442	113	0.999829
394	87	0.99984
152	115	0.999665
366	327	0.999785
179	71	0.999533
250	212	0.999445
486	225	0.999993
115	104	0.99973
333	159	0.999724
344	170	0.999505
282	265	0.999922
341	227	0.99965
406	221	0.9996
471	108	0.999967
59	22	0.999699
84	80	0.999716
114	55	0.999921
92	34	0.999698
296	148	0.999464
249	93	0.999824
487	464	0.999672
469	448	0.99949
128	127	0.999457
496	479	0.999592
346	84	0.99957
336	228	0.999758
102	82	0.999482
338	184	0.999764
304	300	0.999562
85	83	0.999705
486	296	0.999593
87	24	0.999584
139	134	0.99966
417	161	0.999658
246	158	0.999595
125	110	0.999771
309	289	0.999716
59	18	0.999773
72	19	0.999973
428	317	0.99963
288	228	0.999496
81	59	0.999838
239	203	0.999459
153	84	0.999909
230	122	0.999831
72	46	0.999581
370	271	0.999767
147	98	0.999971
495	395	0.999847
424	141	0.999789
364	195	0.999817
260	111	0.999578
224	129	0.999754
271	136	0.999577
143	104	0.999685
151	149	0.999744
437	188	0.99959
218	58	0.9996
56	48	0.999557
341	327	0.999781
255	198	0.999512
362	192	0.999703
321	195	0.999523
303	131	0.99966
232	108	0.999456
151	115	0.999751
159	149	0.999551
432	344	0.999671
288	156	0.999601
360	214	0.999726
444	259	0.999982
158	120	0.999619
397	206	0.999948
448	335	0.999819
256	214	0.999543
480	190	0.999923
128	54	0.999858
479	331	0.9999
124	108	0.999491
91	36	0.999457
418	381	0.999662
367	237	0.99986
484	378	0.999569
346	200	0.999693
439	215	0.999582
432	162	0.999547
358	345	0.999536
319	250	0.999977
426	303	0.999891
243	74	0.999901
407	316	0.999456
290	279	0.999529
456	372	0.99996
59	23	0.999846
263	103	0.999977
66	26	0.999707
135	107	0.999925
490	388	0.999781
428	303	0.999566
459	109	0.999903
107	68	0.999644
401	353	0.999855
489	161	0.999888
496	223	0.999506
486	276	0.999918
234	181	0.999679
154	47	0.999807
69	48	0.999872
397	242	0.999898
168	114	0.999523
438	394	0.999851
202	80	0.999553
453	352	0.999864
431	226	0.999559
401	158	0.999522
338	292	0.99973
304	68	0.999503
85	47	0.999635
206	74	0.999786
489	169	0.999822
139	93	0.999458
361	87	0.99978
420	156	0.999512
416	202	0.999812
189	130	0.999925
239	140	0.999579
294	205	0.99997
500	166	0.999908
308	298	0.999651
101	71	0.999772
477	186	0.99959
431	270	0.999819
412	331	0.99985
381	246	0.999704
252	165	0.999907
496	141	0.999668
225	83	0.999594
261	159	0.999715
472	299	0.999524
275	249	0.999588
211	115	0.999564
317	315	0.999693
355	333	0.999842
102	96	0.999723
78	73	0.999692
54	51	0.999828
138	38	0.999529
374	343	0.999705
432	128	0.999471
236	89	0.999471
50	40	0.999916
269	144	0.999948
102	76	0.999628
451	437	0.999603
381	185	0.999823
240	235	0.999548
284	124	0.999673
397	304	0.99947
264	239	0.999472
467	284	0.999662
96	76	0.999831
120	75	0.999519
102	101	0.999767
142	113	0.999819
120	76	0.999473
131	40	0.99948
267	235	0.999549
325	243	0.999635
170	140	0.999877
57	29	0.999602
309	154	0.999519
443	360	0.999861
165	46	0.999462
352	312	0.99973
68	45	0.999757
422	157	0.99966
66	52	0.999492
87	57	0.999868
219	145	0.999835
427	358	0.99947
429	318	0.999458
147	124	0.99967
276	258	0.999772
160	105	0.999912
117	71	0.999727
256	55	0.999491
78	42	0.999675
131	94	0.999865
148	126	0.99998
112	54	0.999597
387	149	0.999472
497	263	0.999497
474	439	0.999663
294	152	0.99992
193	136	0.999861
445	330	0.999714
313	246	0.999895
290	143	0.999772
261	70	0.999779
473	141	0.999766
257	55	0.999654
344	112	0.999914
97	40	0.999458
336	146	0.999537
70	51	0.999766
111	45	0.999992
335	220	0.999921
96	71	0.999799
159	73	0.999506
442	421	0.999924
99	44	0.999502
199	60	0.99955
490	198	0.999941
459	251	0.999837
446	304	0.999937
74	41	0.999867
362	205	0.999557
436	275	0.999533
99	38	0.999495
186	172	0.999805
408	201	0.999485
287	284	0.999836
478	169	0.999543
62	48	0.999802
64	15	0.999471
241	150	0.999908
211	63	0.999465
100	45	0.999981
385	192	0.999998
192	170	0.999908
435	113	0.999546
57	22	0.999488
378	337	0.999962
238	97	0.999653
226	142	0.999775
484	337	0.999824
497	300	0.99971
206	161	0.99946
138	136	0.999476
280	68	0.999837
79	29	0.999541
72	71	0.999542
157	129	0.999937
262	206	0.999448
325	224	0.999508
347	185	0.999695
327	251	0.999776
231	210	0.999588
236	78	0.999991
341	325	0.999462
383	175	0.999493
232	123	0.999923
118	111	0.999523
126	41	0.999881
199	157	0.999836
331	267	0.999572
107	92	0.999955
310	262	0.999541
441	439	0.999855
58	46	0.999763
157	112	0.999732
93	49	0.999789
322	203	0.999856
374	247	0.999531
419	274	0.999677
266	163	0.999505
345	216	0.999864
400	255	0.999908
248	185	0.999837
59	41	0.999704
55	25	0.999618
305	276	0.99994
472	359	0.999554
78	54	0.99979
168	74	0.999547
296	290	0.999774
449	328	0.99945
156	66	0.99995
153	116	0.999862
497	310	0.999545
313	181	0.999724
464	371	0.999657
268	190	0.999867
123	90	0.999519
263	197	0.999966
61	49	0.99972
449	113	0.999983
265	138	0.999727
448	381	0.9995
70	59	0.999851
312	246	0.999927
275	61	0.999796
415	117	0.999533
344	147	0.999681
354	256	0.999683
91	47	0.999543
150	49	0.999849
210	89	0.999884
449	428	0.999721
119	108	0.999519
76	66	0.999688
54	45	0.999649
390	190	0.999882
227	187	0.999713
103	72	0.999598
230	133	0.999923
488	298	0.999866
500	267	0.99949
256	213	0.999826
207	200	0.999775
283	268	0.999537
110	65	0.999811
64	45	0.999582
341	89	0.99967
471	441	0.999789
181	131	0.99973
459	303	0.999867
137	75	0.999748
58	18	0.999956
491	154	0.999489
279	191	0.999832
358	230	0.999742
290	253	0.999994
76	70	0.999834
369	314	0.999714
373	197	0.999574
338	305	0.999892
298	128	0.999806
105	40	0.999905
304	78	0.999569
491	138	0.999767
433	170	0.999675
259	93	0.999764
375	106	0.999916
93	58	0.999811
308	218	0.999815
267	145	0.999529
481	294	0.999458
279	269	0.999996
94	35	0.99975
342	286	0.999745
371	191	0.999723
457	345	0.99947
189	60	0.999465
335	332	0.999902
167	72	0.999725
408	90	0.999521
141	110	0.999895
401	347	0.999802
475	436	0.999925
119	63	0.999958
60	43	0.999482
271	155	0.999512
184	115	0.999846
184	112	0.999532
215	194	0.99972
341	122	0.999551
155	79	0.999946
336	273	0.999713
186	41	0.999486
480	247	0.999908
423	363	0.999952
332	255	0.999731
102	40	0.999502
471	427	0.99949
139	61	0.999802
408	321	0.999738
141	120	0.999741
69	15	0.999657
169	38	0.999502
74	62	0.999755
209	193	0.999926
388	146	0.999593
120	63	0.999872
339	278	0.9996
370	316	0.999531
386	176	0.99951
218	174	0.99952
202	59	0.999991
82	53	0.999684
152	104	0.999937
300	266	0.99981
124	109	0.99972
71	64	0.999954
412	275	0.999463
447	446	0.999917
494	132	0.999815
371	81	0.999728
295	230	0.999553
221	70	0.999652
117	106	0.999878
425	417	0.999575
479	193	0.999674
458	176	0.999477
415	108	0.999996
469	201	0.999569
187	138	0.999872
448	304	0.999628
331	150	0.999646
394	133	0.999889
316	145	0.999556
187	49	0.999515
113	53	0.999984
246	187	0.999857
402	293	0.999973
266	109	0.999587
289	248	0.999869
333	196	0.999899
263	153	0.999816
212	211	0.999784
274	183	0.999537
155	50	0.999801
386	252	0.999721
356	207	0.999732
221	181	0.999535
429	273	0.999921
275	102	0.999446
218	129	0.999562
401	158	0.999751
61	59	0.99962
445	374	0.999809
159	41	0.999754
416	235	0.999657
262	152	0.999478
475	183	0.99997
455	177	0.999829
461	122	0.999645
58	19	0.999742
260	65	0.999569
432	213	0.999957
485	346	0.999898
276	153	0.9996
263	260	0.999834
438	180	0.999914
460	117	0.999984
211	70	0.999744
223	95	0.999556
458	259	0.999518
186	157	0.999786
210	180	0.999631
431	278	0.999905
245	156	0.999502
300	191	0.999765
448	299	0.999856
107	65	0.999952
476	228	0.999658
475	432	0.999878
93	61	0.99983
496	250	0.999761
314	270	0.999566
69	42	0.9996
398	197	0.999956
473	224	0.999494
231	113	0.999633
282	200	0.999536
148	134	0.99946
271	146	0.999587
304	211	0.999816
277	116	0.999557
85	30	0.999713
412	231	0.999919
294	143	0.999773
155	116	0.999705
361	191	0.999641
112	27	0.999807
386	358	0.999963
237	183	0.99965
429	413	0.99993
348	221	0.999886
165	39	0.999806
116	87	0.999625
423	171	0.999664
495	364	0.999686
417	410	0.999465
187	70	0.99949
266	69	0.999526
305	230	0.99971
436	280	0.99963
276	163	0.999719
455	215	0.999698
373	90	0.999652
322	128	0.999941
323	107	0.999766
459	146	0.99974
246	101	0.999748
292	126	0.999749
127	83	0.999568
148	146	0.999582
52	12	0.999694
234	98	0.999683
64	30	0.999963
395	328	0.999467
310	284	0.999743
63	53	0.999456
204	136	0.99994
89	72	0.999688
146	139	0.999743
442	187	0.999936
180	39	0.999573
150	83	0.999559
76	52	0.999791
487	134	0.999696
194	163	0.999843
56	23	0.999663
460	416	0.999508
424	418	0.999974
185	103	0.999638
388	280	0.999607
310	87	0.999897
251	221	0.999568
82	70	0.99971
416	342	0.999917
133	108	0.999964
297	189	0.999842
316	121	0.999488
206	90	0.999574
219	85	0.999746
397	163	0.999875
424	107	0.999644
71	62	0.999956
231	156	0.999593
54	30	0.999465
411	212	0.999963
443	203	0.999978
222	66	0.999549
335	76	0.999977
147	83	0.999834
408	305	0.999945
239	201	0.999632
485	237	0.999764
106	95	0.999888
324	152	0.999567
456	166	0.999918
304	216	0.999451
497	408	0.99994
257	242	0.999767
234	163	0.999779
400	307	0.999729
188	48	0.999516
428	208	0.999689
410	168	0.999948
448	386	0.999967
328	259	0.999804
56	36	0.999889
352	139	0.999506
314	166	0.999665
473	405	0.999468
362	97	0.999942
495	318	0.999458
277	157	0.999566
490	416	0.99945
232	99	0.999955
151	127	0.99966
497	174	0.999608
370	100	0.999595
477	433	0.99962
445	137	0.99971
338	292	0.999964
260	215	0.999658
316	125	0.9995
154	47	0.999701
220	165	0.999799
231	129	0.999492
407	255	0.999749
175	50	0.999727
432	354	0.999679
83	44	0.999772
461	318	0.999506
350	278	0.999744
89	26	0.999942
60	57	0.999512
351	161	0.999922
205	203	0.999858
222	56	0.999533
134	54	0.999933
403	217	0.999993
111	106	0.999743
102	68	0.999943
302	232	0.999622
262	238	0.999962
84	52	0.999637
463	283	0.999595
328	318	0.99953
277	131	0.999914
277	175	0.999946
325	132	0.999785
355	165	0.999608
79	29	0.999935
387	91	0.999873
324	190	0.99955
295	96	0.999876
349	294	0.999744
176	150	0.999459
317	110	0.999896
301	236	0.999957
354	338	0.999546
472	404	0.999478
346	327	0.999642
444	316	0.999619
446	280	0.999965
467	193	0.999452
51	37	0.999797
460	223	0.999797
58	38	0.999887
451	198	0.999933
379	247	0.999915
129	34	0.999624
251	106	0.999835
81	54	0.999884
391	223	0.99947
86	36	0.999806
222	146	0.999472
438	236	0.999992
50	44	0.99993
296	134	0.999623
234	192	0.999463
175	51	0.999699
74	65	0.999718
156	97	0.999854
219	48	0.999697
257	120	0.999612
310	237	0.999625
212	125	0.999814
308	144	0.999886
420	243	0.99984
127	101	0.999463
318	174	0.999988
228	143	0.999966
315	100	0.999888
208	60	0.999593
248	204	0.999551
241	111	0.999518
357	350	0.999568
136	128	0.999574
109	26	0.999513
403	228	0.999536
145	130	0.999497
430	422	0.999907
69	34	0.999489
132	69	0.999678
254	240	0.999831
78	72	0.999607
482	396	0.99972
88	87	0.999598
261	127	0.999711
319	170	0.999527
500	282	0.999603
94	24	0.999916
459	310	0.999954
71	29	0.999543
353	180	0.999714
125	43	0.999811
329	160	0.999566
414	241	0.999637
439	123	0.999543
315	172	0.999852
202	85	0.999516
253	158	0.999616
454	198	0.999556
359	110	0.999958
264	80	0.999447
441	172	0.999921
444	334	0.999973
463	284	0.999758
349	220	0.999473
190	175	0.999524
212	68	0.999787
391	195	0.999687
155	39	0.999936
151	130	0.999501
185	145	0.999825
487	235	0.999984
52	30	0.999758
343	92	0.999587
120	63	0.999743
465	158	0.999845
395	266	0.999544
291	145	0.999809
415	311	0.99967
186	121	0.999507
471	466	0.999824
304	74	0.999846
74	40	0.99983
183	128	0.999896
216	201	0.999917
286	144	0.999659
434	236	0.999841
71	18	0.999554
260	87	0.9998
420	262	0.999829
74	65	0.999684
228	130	0.999817
277	254	0.999972
445	155	0.999851
293	264	0.999807
419	144	0.999994
56	39	0.999483
219	187	0.999605
231	87	0.999702
378	275	0.999736
370	145	0.999904
157	109	0.999445
450	425	0.999481
475	142	0.999613
225	181	0.999565
194	183	0.999502
